295.000,86.000,75.000,119.000
295.437,87.070,74.503,121.777
296.763,87.381,73.763,122.110
294.485,88.176,74.517,121.661
294.387,86.872,72.807,122.362
290.324,88.489,75.638,124.424
290.002,89.402,74.336,124.153
289.422,90.426,73.572,123.262
288.851,88.779,72.807,123.506
287.996,87.420,72.616,123.182
283.731,87.203,73.563,125.322
279.296,89.197,72.609,125.188
271.649,85.098,72.425,125.550
266.967,85.576,73.763,122.683
272.210,86.880,72.426,123.696
275.812,86.920,73.184,123.047
277.427,88.184,75.278,123.752
280.412,87.528,75.696,123.708
286.816,88.241,74.727,123.834
291.053,84.098,74.342,124.802
295.012,85.674,77.432,123.196
295.391,86.832,79.804,122.249
296.465,85.159,78.051,121.435
297.252,84.420,76.868,123.107
300.763,86.664,76.283,122.326
300.960,86.457,76.277,121.192
299.039,84.266,75.883,121.528
299.231,83.977,78.579,121.913
300.086,83.163,74.909,123.738
302.976,82.083,75.501,122.423
302.978,79.352,75.883,124.802
305.021,74.835,74.527,124.667
309.072,75.957,74.149,123.582
310.893,74.138,75.872,125.304
315.186,77.328,75.110,122.640
315.090,77.754,75.686,122.941
312.769,75.116,77.239,125.127
312.757,72.243,77.657,123.778
311.086,70.041,79.426,124.643
309.386,70.443,80.834,124.835
304.556,69.514,80.641,125.286
299.517,69.459,82.858,124.186
296.466,69.809,82.256,124.298
294.238,70.367,83.472,123.992
289.145,67.821,84.698,124.808
291.098,67.570,84.090,127.784
303.871,97.000,87.194,122.694
306.876,97.251,84.912,126.540
306.150,96.372,87.194,124.355
304.063,92.839,86.988,123.911
303.022,91.530,85.739,124.862
305.300,93.902,84.912,123.227
307.556,95.010,87.169,123.677
306.606,94.625,88.652,123.822
303.658,92.664,87.614,122.281
300.754,90.693,87.816,121.033
298.177,86.956,90.286,121.896
302.139,86.973,89.295,123.122
299.513,84.662,91.816,122.281
300.030,84.292,90.357,120.688
298.787,85.669,91.170,120.862
303.192,86.850,89.295,121.441
303.198,88.744,89.283,120.573
299.975,90.346,90.733,120.284
299.548,97.166,90.124,119.399
297.899,98.321,90.723,122.486
295.762,100.033,89.298,122.019
293.362,102.075,91.379,123.372
293.554,103.805,90.570,119.272
292.015,106.421,89.693,121.117
289.926,108.153,91.160,120.573
289.493,109.190,89.295,121.441
293.254,109.624,87.405,122.034
296.364,110.787,86.776,121.156
296.987,110.712,86.353,121.511
297.502,112.193,86.143,122.651
294.819,112.719,85.327,121.807
293.600,113.412,84.294,120.624
292.498,114.104,86.095,123.484
295.258,114.898,84.501,124.169
297.308,114.631,84.092,123.062
297.005,116.100,85.513,122.772
297.510,119.647,85.733,122.651
298.022,120.319,85.942,121.511
298.436,121.331,84.705,122.352
297.111,124.951,82.865,122.053
296.611,126.505,84.672,123.178
298.845,125.895,83.887,125.217
300.588,127.382,84.092,124.292
302.737,128.557,83.682,123.989
304.574,127.484,83.682,123.482
308.952,129.162,82.866,122.772
310.976,129.110,85.691,121.261
313.817,129.530,83.274,123.074
313.718,128.463,84.687,122.574
316.058,127.703,83.274,122.461
316.062,127.495,84.478,123.686
318.199,127.138,83.478,122.761
317.797,126.928,83.269,121.561
316.289,126.422,83.060,123.380
318.311,128.344,82.459,123.789
319.831,128.648,82.661,121.561
318.233,128.446,82.647,122.366
318.027,128.343,84.269,123.380
317.708,127.986,82.865,122.461
319.627,127.929,82.253,120.960
321.632,126.733,81.437,122.554
320.730,126.180,82.841,121.061
322.833,125.727,81.845,122.767
324.438,125.126,81.845,121.363
322.646,124.131,82.235,120.758
322.247,122.833,82.634,120.758
321.943,121.382,81.241,121.061
323.837,121.538,81.227,123.132
323.126,119.914,81.043,122.567
322.131,120.519,82.036,122.155
321.424,120.614,81.444,120.360
323.220,120.420,81.029,121.543
321.234,119.825,80.631,121.940
317.461,120.420,81.029,123.132
316.755,121.156,80.840,124.062
317.857,121.201,81.845,123.169
315.744,121.651,81.647,124.682
314.531,123.564,82.053,124.292
313.520,123.261,80.840,122.271
309.740,123.870,82.427,121.252
305.931,123.666,82.241,121.861
304.123,122.611,82.647,121.363
306.129,122.310,81.845,122.767
305.327,122.711,81.444,122.968
302.118,123.212,83.650,122.166
297.344,124.528,84.282,123.789
289.767,126.065,87.774,123.580
287.344,127.151,87.614,122.451
286.724,127.756,88.854,122.071
286.510,128.505,89.283,123.911
286.081,128.332,89.718,124.468
285.445,129.412,90.779,123.789
284.274,129.863,93.972,124.375
283.173,130.967,94.441,123.683
284.039,133.458,95.957,123.467
285.125,133.684,95.532,124.540
283.703,134.307,95.969,124.826
282.389,133.397,98.161,124.454
281.607,134.903,97.287,124.767
276.642,133.530,100.378,125.307
275.170,133.517,99.279,125.109
273.494,134.939,99.508,123.381
273.273,133.994,100.838,124.604
272.031,134.752,99.728,124.211
271.695,135.725,99.954,124.496
271.359,136.703,100.625,123.657
271.359,135.473,100.625,125.223
271.021,136.404,101.301,124.262
271.134,136.991,101.076,124.211
271.134,135.756,101.974,125.783
271.021,136.418,104.472,125.367
271.706,137.928,105.393,124.867
269.984,137.447,106.082,124.681
268.369,138.213,108.850,124.993
270.230,138.335,110.968,125.219
270.227,137.900,112.392,125.143
270.107,137.978,113.582,124.987
268.913,137.715,115.492,125.514
269.996,138.986,116.943,126.347
273.653,139.305,115.720,124.978
277.261,141.273,114.532,123.936
276.543,141.677,115.492,122.412
276.425,142.163,115.250,124.774
277.622,140.918,114.297,123.662
281.908,141.314,113.583,122.155
285.573,140.293,113.337,123.254
284.743,139.689,114.523,122.568
284.385,138.137,113.343,123.302
283.558,137.557,114.523,122.568
286.282,136.479,113.817,122.827
285.693,135.662,113.340,122.568
286.403,134.847,112.864,122.309
285.701,134.166,113.797,121.791
286.758,133.094,114.746,122.050
286.512,134.602,114.765,121.879
289.357,133.179,113.817,121.642
290.895,132.033,114.275,122.050
290.534,130.827,114.523,122.568
290.176,130.935,114.765,121.642
290.061,131.418,114.523,123.988
291.008,131.848,113.821,122.412
290.421,132.007,114.523,124.698
291.372,131.336,114.059,124.123
294.824,131.962,113.107,124.060
293.758,131.630,114.765,122.827
292.686,130.550,112.869,124.987
291.258,130.419,113.821,123.346
290.549,131.626,114.765,122.827
290.190,130.546,113.582,123.087
288.773,131.042,113.813,124.698
287.695,130.634,114.060,123.605
290.073,131.131,114.057,123.799
289.238,130.405,113.821,126.679
287.678,131.665,116.460,123.438
289.000,131.433,114.777,125.103
288.039,130.353,114.777,124.862
286.481,130.962,114.538,122.925
286.009,129.931,115.007,123.087
285.650,130.754,113.821,123.346
284.941,131.250,114.765,123.539
284.339,129.308,114.060,124.559
283.385,130.024,115.492,124.321
284.222,130.233,114.777,123.182
283.033,130.389,114.535,124.060
282.317,131.571,117.639,121.696
282.909,131.795,114.538,121.727
282.680,132.321,116.653,120.675
282.552,133.017,114.295,120.235
279.872,131.430,116.370,121.532
278.289,133.142,115.726,121.679
278.410,134.339,117.146,120.235
279.242,133.864,117.146,121.186
276.967,133.609,116.923,121.696
276.606,135.155,116.451,120.277
277.212,134.829,116.899,120.930
274.941,134.573,118.107,121.441
272.764,135.744,117.659,120.780
271.700,135.764,117.401,121.219
272.294,138.267,117.886,120.994
272.414,137.071,118.603,122.668
273.002,138.484,116.944,121.535
271.580,137.687,117.401,122.412
270.011,139.344,118.139,120.780
268.105,138.041,118.603,122.668
268.692,139.453,119.119,121.535
269.660,139.458,118.872,122.248
264.583,138.969,119.844,123.227
265.305,140.164,120.106,121.324
266.644,140.904,119.119,121.535
264.718,140.186,121.766,122.971
263.094,140.146,120.110,122.806
263.342,140.526,120.588,121.804
263.951,142.471,120.340,120.825
259.608,144.170,122.743,120.327
258.856,143.915,123.029,121.324
255.546,145.134,125.981,121.822
255.265,145.751,125.303,122.325
254.644,146.619,125.303,122.325
256.257,147.487,123.070,122.325
256.141,148.964,124.285,121.092
255.649,146.876,124.040,121.829
251.954,147.982,127.246,121.339
252.050,148.115,125.808,120.576
252.065,148.473,124.545,121.585
249.476,149.337,126.518,121.585
246.352,149.714,128.539,122.572
243.941,151.113,127.323,122.793
243.693,151.607,126.566,119.799
241.127,151.577,127.504,121.585
238.229,151.711,129.056,119.321
236.872,149.713,128.042,120.334
237.494,149.464,125.555,120.334
235.049,149.823,126.753,121.339
232.043,150.823,124.809,121.826
228.465,151.685,125.539,119.608
223.934,151.802,122.075,121.092
218.219,151.930,125.465,119.131
215.994,151.931,124.032,120.845
213.053,152.789,122.561,120.845
209.286,153.281,122.298,120.836
205.876,154.499,123.273,120.106
205.388,154.133,120.836,121.324
203.938,153.897,122.524,121.553
202.821,155.231,121.333,120.599
201.747,154.758,122.271,121.303
199.411,154.867,120.840,121.573
197.962,153.785,122.524,122.524
196.591,152.413,121.829,120.601
198.548,153.756,119.612,119.612
200.127,152.459,119.331,121.008
198.434,153.771,121.513,120.551
194.896,153.876,121.311,120.825
195.866,154.119,120.340,121.796
194.168,153.148,122.524,122.524
192.796,153.496,121.829,122.320
190.109,155.213,120.354,120.599
184.219,154.026,119.837,121.766
179.491,156.800,118.639,119.850
175.099,159.457,119.787,121.457
170.963,158.572,120.810,122.019
169.372,160.503,120.588,121.075
165.504,162.205,121.061,120.576
164.294,163.657,122.271,120.576
164.406,164.867,121.804,121.075
163.312,165.110,120.588,122.290
156.991,163.530,118.643,123.020
151.666,163.783,121.545,121.787
147.879,164.258,121.811,121.324
145.443,162.797,124.247,123.029
141.451,161.167,122.821,121.336
137.547,159.456,122.800,121.333
133.633,157.744,122.800,121.333
128.007,158.967,124.513,120.599
125.173,157.615,124.285,120.846
122.226,157.124,124.285,122.320
118.386,158.233,124.056,121.832
112.977,158.110,125.277,122.569
107.629,159.101,126.295,122.325
107.250,159.726,125.808,122.818
103.638,160.598,126.555,122.818
100.265,159.102,126.809,123.065
95.136,159.854,125.813,123.312
92.391,159.603,128.058,122.067
94.766,159.734,124.310,123.558
94.642,159.979,125.551,122.821
95.013,160.974,125.804,122.572
96.753,161.844,124.561,122.572
98.118,160.976,122.821,123.317
99.599,160.732,122.818,123.558
101.079,160.116,121.585,123.312
102.307,159.265,122.071,123.787
103.535,158.397,121.339,123.554
103.904,157.668,121.581,123.787
104.271,156.928,119.618,124.040
104.758,153.767,118.155,124.014
106.820,151.965,117.671,124.465
108.640,149.417,117.671,123.252
108.883,146.664,118.872,124.659
107.170,144.921,119.862,124.978
107.536,141.962,120.845,124.522
110.238,136.923,119.127,123.548
110.723,132.081,119.859,122.290
109.754,124.807,119.370,123.979
109.508,121.750,118.644,123.760
109.873,118.850,119.612,122.038
108.907,115.223,121.303,122.997
107.179,112.386,122.800,125.491
105.181,110.987,123.318,124.064
107.410,109.874,122.574,125.050
108.402,110.120,123.566,124.310
109.891,109.996,123.566,124.310
108.402,108.880,125.303,124.558
107.272,108.377,126.313,123.062
109.770,109.249,124.313,122.316
111.134,107.391,123.809,124.797
110.508,105.516,126.057,124.313
109.627,106.770,126.566,123.558
109.001,106.394,126.566,122.556
111.625,105.765,126.310,122.067
113.618,104.891,124.561,121.826
113.010,103.655,125.778,123.805
112.117,101.776,127.564,121.811
114.491,102.022,125.062,123.065
113.623,101.896,126.798,123.815
115.245,102.780,125.814,123.805
114.370,102.401,127.564,122.561
114.243,101.527,126.566,122.556
116.118,102.146,125.062,123.065
116.244,102.020,125.804,123.815
116.365,101.896,126.563,121.061
119.352,102.132,128.032,122.325
123.218,102.393,128.571,121.303
125.973,103.014,128.314,122.561
126.093,103.271,128.074,123.805
125.838,104.663,127.324,123.542
128.476,105.411,128.576,121.545
131.862,105.281,128.320,121.303
134.492,105.152,125.313,123.312
133.621,105.025,127.054,121.822
133.621,105.399,127.054,122.818
132.115,106.028,127.564,123.312
131.860,105.404,126.818,122.800
131.488,106.024,126.313,123.312
127.861,105.649,129.315,122.311
128.226,105.538,128.584,122.029
130.741,106.282,129.330,123.052
130.986,107.178,127.576,123.787
127.591,104.907,130.091,120.780
126.590,106.031,130.083,122.047
129.485,105.667,130.103,119.998
128.253,104.885,130.065,119.810
127.503,104.010,129.565,121.061
125.368,103.638,130.826,121.303
123.464,103.023,130.349,122.029
121.693,103.407,131.366,121.513
120.297,104.426,131.626,123.020
118.124,104.825,131.642,122.476
117.873,106.089,130.875,122.743
118.635,107.604,129.350,123.263
121.041,107.726,130.360,122.513
118.636,107.473,130.866,122.513
116.351,108.874,131.125,119.712
120.137,107.706,125.814,123.052
119.517,107.449,127.054,117.338
114.060,107.408,130.139,119.865
110.596,108.561,128.814,121.311
109.089,107.062,128.571,121.052
109.592,106.807,126.313,123.312
105.965,107.683,127.064,124.562
102.179,107.437,126.819,125.559
101.169,107.565,127.576,125.808
98.254,108.837,125.545,125.038
92.218,109.077,122.549,125.061
85.507,107.592,123.318,123.814
81.545,108.088,122.326,124.555
82.657,106.607,123.068,125.539
83.654,105.103,124.064,124.313
79.303,103.860,125.058,125.555
77.795,101.847,124.558,125.312
79.294,100.721,123.312,126.313
75.167,101.847,121.561,124.562
73.058,101.239,122.325,124.545
74.170,100.989,121.832,125.539
76.399,103.586,120.593,127.526
73.296,105.690,122.075,125.058
71.189,108.047,121.583,126.783
71.565,109.780,122.572,128.539
71.706,111.646,124.052,126.568
67.184,112.651,124.056,126.316
68.310,113.654,123.558,126.065
72.560,113.655,123.312,125.563
73.679,114.653,124.064,125.310
70.059,113.654,128.058,126.061
71.450,114.809,126.295,125.531
72.574,114.039,126.315,124.298
71.695,115.165,128.074,123.805
68.919,114.540,129.845,125.559
68.656,113.924,129.092,122.701
68.910,114.764,128.584,123.542
69.793,115.905,131.366,123.787
71.313,115.681,129.348,122.446
71.695,116.393,132.114,123.542
72.439,117.974,130.625,121.917
73.332,118.302,132.376,123.029
74.335,117.699,132.415,121.423
72.691,118.691,132.654,120.964
71.300,118.303,132.393,121.994
73.585,118.189,133.425,121.203
75.367,118.953,131.897,121.203
76.768,118.045,133.651,121.248
75.475,116.673,133.177,121.186
74.078,116.664,136.480,121.966
76.367,117.387,133.970,122.590
77.912,117.604,134.473,120.615
80.091,115.916,135.218,121.186
82.260,114.148,134.473,119.589
81.644,112.190,136.212,120.710
85.337,112.237,134.473,120.872
84.454,110.677,135.218,118.889
87.261,109.132,133.163,119.948
89.295,109.621,133.651,120.488
91.318,108.112,133.925,120.710
94.369,108.630,134.698,119.929
96.788,108.757,135.716,119.929
96.394,109.927,137.017,120.401
99.334,112.274,135.764,119.822
103.053,112.624,135.227,119.889
102.548,113.124,137.769,120.930
105.482,115.397,136.298,119.228
108.573,115.567,135.983,119.655
112.402,117.878,135.483,119.123
115.214,117.602,135.716,119.929
117.887,120.050,136.250,119.123
117.892,120.167,137.769,120.930
120.826,122.440,135.522,119.228
120.602,122.726,137.499,120.693
123.528,124.994,136.292,120.288
126.234,127.397,135.500,119.589
125.865,127.746,136.748,120.930
128.544,128.184,134.998,120.828
130.857,128.525,133.949,120.401
135.317,129.006,133.163,119.694
140.510,132.012,133.134,117.724
145.423,131.476,131.328,115.288
150.418,131.163,130.710,116.160
153.870,131.286,130.464,117.393
155.831,131.673,130.017,116.866
157.823,132.033,129.493,117.631
159.553,132.774,129.493,116.395
161.538,132.640,129.953,119.862
162.732,131.791,127.564,116.558
165.239,133.190,130.605,117.911
167.143,133.221,131.274,112.130
170.784,134.584,129.584,115.483
173.069,135.212,130.650,114.962
178.708,137.428,127.969,112.250
183.623,135.924,123.662,114.297
187.591,138.305,121.917,113.583
188.467,138.548,120.165,113.332
193.183,139.146,120.313,114.472
196.206,141.130,121.321,113.327
199.027,140.659,121.086,113.797
202.436,140.424,120.380,115.208
206.666,138.762,120.420,116.170
208.545,136.382,118.796,119.745
209.120,135.279,119.799,121.712
214.542,134.394,119.608,122.271
219.869,133.789,121.787,123.240
222.550,132.775,120.846,125.268
224.523,132.520,120.106,125.778
227.968,132.647,119.370,128.969
232.458,130.749,118.594,128.539
236.152,132.002,122.079,129.493
240.576,133.590,120.780,127.071
245.138,133.854,119.100,130.017
248.635,135.336,119.580,127.054
251.587,135.846,119.855,129.493
255.349,136.938,119.820,127.309
262.267,137.448,120.345,129.755
270.414,138.544,120.060,127.314
273.490,139.057,120.098,126.288
276.816,139.312,119.612,127.751
279.668,140.043,120.098,126.288
279.788,140.298,121.585,127.751
281.419,140.519,121.567,127.309
286.150,143.637,119.580,127.552
288.986,144.268,120.098,126.288
290.585,146.743,120.106,127.011
290.465,148.095,122.079,128.764
290.481,151.454,120.289,128.576
289.341,152.215,121.324,127.054
289.587,155.326,122.572,128.042
297.132,157.570,121.294,129.330
301.389,158.326,120.300,127.819
305.598,161.073,119.340,128.042
306.581,161.950,120.593,129.755
307.479,165.174,122.055,129.072
308.871,165.545,120.277,128.329
308.594,166.311,120.334,130.279
311.118,167.541,119.548,127.819
312.205,169.297,104.745,128.764
309.447,169.942,114.447,127.241
316.414,169.050,116.220,107.763
317.375,168.472,117.435,116.987
319.080,169.953,116.839,124.816
318.665,173.526,119.366,126.387
318.540,174.943,121.339,130.199
319.574,175.878,121.787,131.852
326.191,180.173,118.951,128.335
328.713,181.196,120.098,126.288
332.038,179.478,119.612,127.751
333.158,181.200,125.298,128.764
333.932,183.708,124.767,126.804
327.233,185.843,129.845,127.576
326.460,187.028,130.103,127.011
328.908,187.929,134.482,128.299
344.575,188.138,118.672,129.724
340.512,192.584,126.798,128.042
341.916,191.547,125.778,128.839
342.809,193.206,127.054,127.819
348.932,194.354,126.033,128.839
353.269,193.716,123.737,128.839
353.627,196.626,124.791,128.082
361.854,196.120,117.451,127.829
360.893,200.348,118.881,125.759
360.769,196.064,118.639,129.670
358.927,200.483,118.842,127.296
362.971,201.369,116.908,127.492
361.982,202.737,116.196,126.714
365.377,205.313,113.295,126.180
365.235,210.176,112.382,121.248
367.694,206.789,112.136,126.854
368.764,212.110,109.756,122.429
370.255,214.135,108.166,121.629
372.675,216.397,107.000,120.318
373.939,215.917,104.927,118.553
376.090,218.173,102.191,119.185
376.330,218.729,102.153,118.515
376.666,219.966,101.922,118.688
374.140,220.541,104.552,118.859
371.531,220.400,107.540,120.480
380.590,221.786,98.545,120.216
379.698,223.659,99.240,118.869
376.439,223.469,101.841,119.032
373.751,224.082,104.790,119.571
378.186,224.030,99.954,120.124
374.798,225.456,103.436,119.687
382.786,224.167,95.492,121.150
384.392,225.666,94.652,119.016
384.519,225.218,95.035,119.060
383.022,224.652,94.832,119.340
384.834,224.226,93.554,119.340
382.941,224.223,96.281,118.711
379.054,223.200,100.202,120.114
375.790,223.084,102.777,121.225
383.350,223.992,94.811,120.750
382.582,223.989,96.348,120.114
381.166,223.245,98.102,120.956
381.143,225.488,98.149,119.088
378.881,225.681,100.073,119.784
379.618,225.537,98.599,120.948
382.135,226.112,97.500,120.891
384.317,226.933,95.530,120.338
383.795,226.583,94.427,120.395
382.947,228.252,95.482,120.261
384.763,227.863,94.213,120.395
386.157,227.823,93.133,119.833
387.440,228.067,90.779,120.827
385.668,227.695,92.645,121.361
384.154,228.421,95.673,121.398
383.367,229.906,95.088,120.588
382.624,229.681,96.573,121.468
378.153,230.927,99.870,120.061
378.676,232.322,99.483,119.907
379.230,230.628,99.030,121.765
382.962,229.439,95.308,122.601
384.262,231.389,95.091,120.867
383.521,231.304,94.427,122.541
384.595,231.773,94.652,122.034
385.888,232.130,92.281,121.751
386.637,233.191,91.418,121.113
387.277,232.883,90.350,121.730
391.271,232.397,88.454,122.071
388.675,234.747,90.941,120.284
386.984,235.781,91.597,121.152
385.284,234.080,92.886,122.230
387.297,234.958,91.851,120.901
385.724,235.877,92.886,120.541
390.594,234.637,87.600,121.749
387.796,234.416,91.126,120.949
386.085,235.641,92.446,119.970
388.398,233.349,90.775,122.230
388.610,234.933,89.931,120.541
384.136,233.665,94.289,121.825
382.994,234.058,95.929,121.468
384.711,233.850,94.223,122.317
385.790,234.348,92.281,121.751
384.207,235.410,94.811,120.052
384.192,235.199,94.841,120.901
382.253,235.130,95.930,121.468
382.242,234.921,96.600,122.317
383.973,232.974,95.530,122.949
382.889,233.223,95.528,122.883
381.804,233.441,95.962,122.883
380.823,235.257,97.924,122.514
382.788,234.584,96.409,124.299
380.597,234.945,97.504,122.920
382.460,236.369,96.189,122.263
384.093,238.013,93.140,120.061
389.188,238.371,89.086,119.769
389.411,239.852,88.847,119.706
391.275,239.790,86.980,119.623
392.207,239.244,86.547,119.488
391.910,239.943,86.734,119.311
392.928,240.147,85.513,118.496
396.171,240.931,82.858,118.138
396.395,242.551,82.013,116.086
396.717,243.871,82.151,114.620
397.316,243.775,81.731,115.007
400.333,244.990,78.998,113.741
400.672,245.783,78.319,113.107
402.867,245.003,76.946,113.911
404.572,246.619,74.850,112.369
406.013,246.073,73.804,113.093
403.733,244.945,75.434,113.334
402.951,243.308,76.628,115.128
402.142,242.375,77.858,116.430
400.283,241.315,78.525,117.216
402.087,241.526,77.031,117.563
403.246,239.888,76.619,118.360
404.199,238.649,75.095,118.741
404.684,238.455,74.503,119.319
402.982,236.470,76.394,117.617
401.639,236.158,76.798,119.190
400.186,235.401,78.746,118.981
401.516,233.750,78.027,118.593
399.314,231.994,78.964,118.062
400.852,229.655,78.988,118.675
398.809,228.628,79.580,119.758
396.741,229.045,82.151,118.923
395.423,226.898,83.202,120.246
394.095,225.036,84.252,119.959
399.127,223.728,79.834,120.960
402.778,226.065,76.868,118.259
406.050,228.248,72.998,117.333
406.359,230.494,72.938,115.068
409.047,230.931,70.132,113.827
409.191,231.073,70.382,113.364
409.280,228.297,70.561,114.796
405.915,229.893,73.500,114.133
404.478,230.229,74.171,114.745
405.285,230.038,73.852,114.202
402.815,231.175,77.185,115.426
400.941,231.403,79.059,115.348
397.474,232.131,82.362,115.995
396.797,232.427,82.151,115.598
393.976,232.672,85.258,115.303
394.105,231.737,84.603,116.181
388.147,231.836,90.363,116.776
383.367,230.599,94.577,119.044
382.819,228.465,95.673,120.760
381.181,228.185,97.874,120.675
377.239,227.157,101.841,121.861
373.943,226.955,104.416,122.488
372.444,226.107,106.282,120.785
371.759,226.315,107.425,122.641
369.553,226.195,110.225,120.120
367.934,225.603,111.157,122.687
365.920,227.247,112.844,121.273
366.856,227.481,111.908,120.102
366.406,227.646,112.344,119.076
367.685,227.427,110.712,120.672
366.759,228.701,112.102,122.062
370.133,229.329,109.099,120.102
373.132,230.269,104.705,122.118
374.497,230.822,103.562,121.465
378.211,231.583,100.177,121.291
378.662,231.781,99.275,121.777
378.775,232.360,100.590,121.501
379.207,233.940,99.725,121.000
385.928,235.670,92.666,121.281
385.701,236.356,92.271,121.398
386.446,237.241,90.994,121.113
386.980,235.816,92.236,121.651
387.707,235.131,90.994,122.809
387.920,236.863,90.144,122.308
387.923,235.888,90.350,121.940
388.135,237.609,90.135,121.441
388.347,237.544,89.920,120.313
388.666,239.500,89.491,119.947
388.777,240.929,89.270,117.504
391.161,240.201,88.399,117.729
391.575,241.368,87.161,115.805
391.919,240.951,86.473,117.845
391.906,240.254,86.701,117.017
393.727,243.524,84.874,114.912
395.356,242.541,83.400,115.690
394.787,242.389,83.947,115.207
392.413,241.848,86.132,116.485
393.755,241.917,84.854,116.148
395.167,243.845,83.821,115.080
396.578,243.388,82.178,115.010
397.580,244.460,81.342,114.034
398.473,244.513,80.714,114.120
401.180,244.905,78.375,113.529
401.414,244.185,77.907,113.457
401.140,244.712,78.078,113.534
403.403,244.146,75.626,113.911
406.231,246.204,73.321,111.470
407.578,246.887,70.806,111.009
410.305,247.162,69.260,111.348
410.598,248.072,68.322,110.407
412.031,249.135,66.849,109.153
413.291,247.937,65.697,109.837
412.973,248.939,66.503,109.025
414.837,249.375,64.140,109.345
416.910,248.410,62.341,109.935
416.857,250.729,62.115,108.120
415.918,248.509,62.515,109.771
414.790,249.252,64.274,109.615
414.150,249.264,65.049,109.255
414.887,247.755,63.238,110.919
415.578,249.932,63.200,109.423
416.526,250.337,61.636,108.279
417.245,250.168,61.507,108.945
416.003,250.165,62.515,107.966
415.002,249.507,63.858,108.789
416.188,249.432,62.823,109.440
417.871,250.009,60.620,108.784
419.079,249.774,59.342,108.929
419.111,248.988,59.600,110.018
417.305,249.214,61.753,109.891
417.807,249.352,61.081,109.945
418.156,249.849,60.710,88.276
419.783,250.748,59.802,108.464
419.953,250.689,59.785,108.421
418.337,248.508,61.562,110.521
418.743,248.961,61.081,109.120
421.147,249.212,58.562,109.927
422.808,250.220,56.364,108.552
166.000,134.000,55.000,90.000
165.991,133.011,57.416,95.082
165.677,132.280,58.341,95.952
165.433,132.982,57.329,93.197
165.368,131.797,57.750,94.100
161.039,130.738,58.587,93.562
161.212,129.084,56.755,93.899
162.620,128.251,58.336,94.100
166.234,128.500,57.350,93.750
167.847,129.635,58.535,94.862
167.798,128.305,58.932,93.036
165.469,130.993,57.350,91.670
162.992,129.372,58.229,90.546
160.954,129.372,58.229,91.711
157.089,129.057,58.190,91.315
153.318,128.701,57.991,91.004
146.939,128.347,57.065,94.622
143.997,127.713,58.829,97.216
143.703,126.907,57.902,98.221
140.324,129.033,60.430,101.372
139.752,130.239,57.805,104.143
138.161,130.659,59.431,105.793
136.697,131.695,60.768,104.993
135.705,131.045,58.909,106.613
129.480,132.655,59.309,104.662
125.305,130.765,59.122,105.439
123.882,131.950,60.386,104.332
126.714,132.257,58.859,102.606
128.295,130.974,58.653,104.548
126.834,132.041,60.004,103.672
125.853,132.343,58.173,102.593
121.753,133.085,59.860,103.747
120.857,133.424,60.228,102.593
121.977,133.350,60.195,102.269
121.287,133.277,60.004,101.944
116.529,134.614,61.692,100.054
113.653,133.270,63.032,101.166
115.073,131.666,61.791,79.720
113.638,131.885,51.168,102.195
112.528,131.482,62.526,99.955
112.710,129.763,62.480,100.222
110.014,131.666,63.432,95.148
111.236,127.588,61.298,97.703
108.699,128.210,62.031,95.993
109.417,125.814,60.903,97.693
106.789,127.669,63.686,95.838
103.872,127.988,65.763,95.513
105.574,127.384,64.904,95.448
107.140,127.204,66.971,94.547
106.476,125.966,67.981,95.748
104.111,126.173,66.410,92.747
101.973,124.795,66.444,94.247
101.259,127.199,65.335,91.659
100.740,125.885,63.892,93.047
99.606,126.808,63.686,94.910
98.156,128.368,64.098,95.525
96.697,128.531,64.510,97.548
97.931,128.945,65.064,111.992
101.036,129.167,63.302,112.916
99.449,130.340,64.781,114.300
98.013,129.156,65.928,115.978
93.508,130.067,67.584,115.558
94.715,127.990,65.523,115.816
95.353,128.982,66.692,115.228
94.284,127.247,64.616,119.575
88.909,126.637,65.857,119.212
92.358,128.349,64.642,117.209
94.650,127.942,64.597,117.323
92.904,126.720,66.518,118.196
93.487,127.924,65.708,117.209
96.053,127.011,65.153,118.331
94.293,128.772,67.090,118.683
97.120,129.893,63.935,116.083
92.154,131.672,69.035,116.323
93.627,131.287,66.448,118.529
92.221,132.658,67.661,117.209
93.191,133.042,66.078,113.226
96.459,133.228,64.042,114.237
94.850,138.185,63.144,109.472
93.938,138.615,65.467,110.112
95.376,138.223,64.972,110.385
96.658,138.131,62.746,111.926
92.062,141.147,64.880,109.255
93.482,140.816,64.399,111.266
92.613,141.164,66.647,111.926
92.011,144.509,66.119,111.987
88.137,144.239,69.035,111.836
90.254,142.753,67.266,114.457
93.686,146.603,64.967,86.038
92.403,143.999,68.134,112.406
92.055,142.960,69.182,110.971
94.338,143.838,67.075,108.689
94.342,142.409,67.408,110.350
91.112,141.321,69.035,111.836
87.947,139.834,72.548,109.527
89.218,139.056,68.221,108.404
89.599,137.158,70.555,109.103
90.462,134.468,69.182,109.216
90.932,136.153,71.376,106.541
89.258,132.508,71.930,108.593
85.378,132.970,72.783,106.253
87.256,134.150,69.379,104.068
88.609,134.479,69.735,102.051
87.292,132.242,72.368,103.311
84.532,132.318,75.639,99.871
85.097,130.376,77.121,100.448
91.165,128.506,78.052,101.362
95.285,125.048,80.140,103.826
99.567,124.740,77.601,103.164
100.043,125.102,79.337,104.230
97.830,125.139,80.848,105.977
97.053,124.306,80.918,105.602
97.902,123.430,79.220,108.464
101.136,122.912,78.877,106.530
101.286,121.467,78.577,105.932
99.491,118.926,79.792,106.451
99.885,117.696,79.005,105.956
100.206,113.733,78.363,108.024
103.208,111.629,75.683,107.617
102.403,110.538,77.293,108.354
105.249,108.903,75.089,110.155
111.473,108.625,73.018,106.159
113.371,108.022,75.050,102.951
114.270,105.967,74.309,105.653
116.617,104.806,72.811,103.534
115.768,103.651,74.509,104.452
115.233,104.666,75.580,112.663
116.745,103.434,75.518,114.202
113.749,103.963,75.368,108.492
115.940,104.787,73.885,109.198
114.343,100.677,74.197,114.177
113.046,101.649,74.944,110.755
114.731,97.502,74.497,113.572
115.897,98.324,75.110,110.455
114.377,96.036,75.228,111.563
116.007,97.658,74.905,110.339
114.492,97.471,75.022,109.255
113.143,96.895,74.815,108.954
116.505,99.580,74.428,107.568
118.618,98.921,73.427,109.603
116.899,95.176,76.505,111.705
115.542,98.832,76.258,106.983
112.926,99.446,76.601,106.481
112.473,97.635,77.145,108.654
111.757,98.353,75.640,107.952
109.375,99.451,78.593,106.481
109.490,99.229,77.997,107.658
110.301,98.898,77.476,105.382
110.286,98.167,77.507,107.025
109.964,97.815,78.149,107.911
109.643,97.464,78.791,105.669
108.504,98.807,79.245,107.729
108.516,98.069,78.849,106.243
106.633,99.418,80.230,106.116
105.102,100.280,78.294,106.983
104.960,99.612,78.577,105.382
106.738,100.953,81.395,105.249
105.677,98.828,81.104,106.530
105.475,99.615,80.206,107.562
105.754,99.429,79.276,109.051
104.637,99.057,80.206,106.817
102.982,100.128,81.104,104.118
104.138,100.273,78.423,106.405
105.267,101.844,77.265,105.827
106.232,101.335,76.420,109.198
108.557,101.922,74.701,108.207
105.927,103.800,75.638,107.694
108.252,104.225,73.885,108.835
109.995,105.664,73.273,107.933
111.726,104.245,73.016,108.100
113.329,105.758,72.660,107.388
111.762,105.617,72.960,108.024
113.337,105.490,72.660,106.853
115.056,105.234,72.048,108.072
113.290,104.351,72.754,107.189
114.958,104.111,69.773,106.253
116.018,104.771,70.415,108.212
113.756,105.650,72.136,107.154
113.198,105.696,71.492,105.653
114.823,104.382,71.028,105.671
116.314,104.447,70.823,107.624
117.408,105.032,68.984,107.154
118.172,104.402,70.211,107.210
117.067,106.651,70.679,106.367
116.301,105.849,70.476,105.367
117.712,104.168,67.999,105.450
118.473,103.474,69.191,107.517
119.143,102.710,70.619,105.756
120.528,102.970,70.619,105.929
121.913,102.104,68.196,107.141
122.478,99.901,69.803,110.350
122.866,101.545,69.379,107.766
123.631,102.810,68.196,105.929
124.392,98.285,69.395,109.875
124.947,99.996,71.261,107.154
127.661,98.420,70.035,109.080
128.362,97.808,68.984,109.080
129.005,99.577,70.650,108.145
132.113,96.571,69.685,111.006
134.556,98.543,70.083,109.703
136.587,96.153,70.586,111.323
137.250,99.425,72.279,109.750
138.386,100.009,70.364,109.297
139.153,101.279,71.640,109.918
138.389,102.251,71.746,111.171
139.161,99.453,73.069,116.229
139.515,105.512,72.729,108.909
137.769,105.828,75.866,111.484
139.620,103.581,72.532,109.351
140.882,107.894,72.864,108.047
142.507,104.023,72.811,112.591
140.052,105.115,77.721,111.134
146.905,105.785,74.623,109.981
148.625,105.572,77.176,108.954
147.924,104.237,78.210,110.155
147.205,106.836,76.670,109.795
146.252,107.574,78.210,110.706
153.263,110.308,74.824,107.851
155.377,109.486,76.538,110.215
157.564,108.629,75.110,110.455
156.044,109.993,75.228,110.103
157.870,109.536,74.497,109.555
155.460,110.892,75.515,110.646
155.135,112.203,76.898,108.207
157.796,112.442,74.862,110.103
159.537,113.777,74.657,109.801
158.006,113.473,74.815,105.867
155.343,112.268,75.332,106.853
154.577,115.050,76.505,108.652
157.042,113.869,74.497,109.555
156.623,115.224,76.420,110.646
156.542,114.584,77.319,110.455
156.702,116.134,77.739,110.685
155.748,117.510,79.276,110.911
158.519,117.478,76.742,111.164
157.281,116.792,78.849,111.056
157.686,116.979,78.789,110.868
158.165,119.653,78.579,110.011
157.631,118.086,79.276,111.656
156.910,118.279,77.701,111.459
156.949,115.231,78.369,109.717
157.530,115.340,77.949,111.541
161.425,116.065,75.010,112.143
165.149,117.977,79.128,108.503
168.337,117.479,75.722,109.685
167.124,118.457,75.228,107.911
169.342,117.513,73.681,108.354
171.081,117.247,73.069,104.409
171.197,117.801,73.537,105.228
173.452,116.884,71.844,105.653
172.012,116.636,71.930,104.752
173.856,116.089,71.028,104.452
175.543,115.849,73.349,105.278
177.704,116.542,71.844,105.829
176.265,116.382,71.930,104.752
178.109,115.836,71.028,104.452
179.968,115.596,70.588,105.278
181.608,115.768,70.588,105.278
183.075,115.941,70.415,105.278
181.349,116.114,71.106,105.278
179.754,115.982,73.948,105.888
182.019,115.091,72.252,106.253
183.730,113.610,71.640,106.582
182.081,109.822,74.587,110.655
183.867,113.800,74.111,107.070
188.062,109.115,72.686,111.083
189.107,111.529,73.477,108.234
187.627,111.355,73.579,107.154
186.306,110.793,75.866,106.853
189.024,110.946,73.500,106.729
190.966,110.323,72.456,110.105
192.093,110.932,73.069,107.454
190.623,110.672,75.653,108.329
192.858,109.633,74.089,108.954
194.605,108.103,73.477,109.315
192.911,108.165,76.505,107.754
195.474,108.325,74.293,107.616
194.295,107.689,73.785,109.245
195.890,107.564,73.477,108.054
194.410,105.336,76.079,109.118
196.662,106.943,71.941,106.998
198.217,105.132,71.640,108.864
199.328,105.730,72.252,108.024
200.922,105.907,72.429,108.024
202.427,106.084,72.606,108.024
200.726,106.109,73.167,110.105
202.012,106.414,73.477,109.675
200.211,106.504,74.197,109.855
201.997,108.010,73.704,108.835
203.649,106.575,73.273,109.011
205.184,106.637,73.069,109.245
203.393,106.816,73.785,111.035
204.694,107.131,71.547,108.954
202.570,106.533,72.960,111.035
200.404,107.151,74.403,111.966
201.903,107.474,74.518,111.503
203.374,107.718,74.497,111.381
204.835,107.900,71.941,113.207
205.590,109.604,73.500,111.966
206.930,110.384,73.907,112.586
208.279,111.169,74.315,111.746
209.648,109.526,71.941,113.207
210.223,109.243,73.681,115.036
210.883,109.353,72.729,116.847
211.068,111.660,72.729,115.555
211.449,109.587,74.905,116.397
208.863,108.851,77.083,119.179
209.946,110.043,75.494,117.179
212.992,108.848,72.043,115.608
213.310,108.612,74.884,114.432
214.562,109.408,75.907,116.181
215.649,108.249,74.109,119.816
215.739,108.373,76.946,119.380
213.104,108.321,79.144,118.523
211.139,107.218,79.968,117.817
209.479,105.607,80.174,120.067
213.392,104.498,77.853,119.335
219.106,103.340,76.273,119.913
219.881,100.837,86.026,119.173
223.087,100.508,80.022,120.033
224.565,98.203,77.460,120.515
221.865,98.252,79.762,119.449
223.409,98.514,86.650,119.315
220.923,99.127,80.830,115.849
219.801,99.793,85.985,119.758
219.330,99.757,83.678,116.580
220.361,99.608,91.126,119.058
221.282,100.311,85.945,115.775
225.035,101.770,88.644,115.658
222.644,102.324,86.927,117.393
218.091,101.253,88.132,116.293
218.800,99.633,86.308,119.737
218.383,99.439,86.734,116.867
218.608,101.021,85.882,116.525
218.621,98.301,87.662,120.360
218.453,98.856,87.587,116.988
216.661,98.596,88.537,118.724
214.669,99.978,86.970,118.838
214.583,97.503,86.734,118.700
218.142,96.938,86.318,120.033
221.297,96.744,90.417,117.155
222.400,97.200,87.800,119.128
222.408,96.259,87.374,117.729
220.397,95.208,88.755,120.033
224.280,94.277,84.294,118.590
227.208,92.742,88.644,116.658
222.055,91.008,87.345,116.867
219.129,90.688,86.713,118.724
219.022,91.150,86.521,119.018
218.819,90.744,86.521,116.580
219.044,92.324,85.669,116.236
222.659,91.412,88.644,118.259
220.833,91.062,86.758,116.703
216.433,92.563,87.696,116.525
214.696,92.071,88.537,118.724
218.872,91.808,90.876,116.988
223.816,92.040,84.294,119.417
222.927,92.424,87.881,118.850
223.083,91.491,84.296,117.442
222.623,89.686,84.816,119.460
221.889,89.943,83.060,119.146
220.812,88.990,87.007,119.460
224.311,91.163,80.416,120.012
222.447,90.027,83.751,119.335
221.501,91.666,85.243,119.260
220.873,92.686,86.095,120.452
223.916,92.702,83.274,120.624
222.625,93.837,87.662,118.555
222.778,95.558,84.090,117.971
219.913,95.661,87.225,117.963
220.062,95.744,86.521,119.018
219.859,96.353,86.521,119.018
219.656,95.947,86.521,116.580
219.881,94.912,85.669,118.850
223.306,94.718,89.329,119.442
227.378,96.035,84.498,119.706
224.267,94.602,85.277,120.960
223.334,93.187,83.884,118.700
222.455,93.507,88.644,118.259
222.885,94.798,84.502,115.063
222.850,95.026,84.177,117.769
222.224,95.028,85.030,119.959
221.490,95.388,78.011,116.006
219.708,94.116,81.194,120.647
221.477,94.217,78.051,118.859
217.056,90.698,76.659,120.106
217.735,91.009,75.686,118.523
218.417,90.548,74.700,117.738
215.515,90.168,77.495,119.816
210.816,89.250,72.218,114.699
207.850,89.084,75.228,111.563
204.156,89.053,75.456,112.358
205.704,87.824,72.729,112.048
199.150,87.529,74.066,109.922
195.551,87.590,71.694,110.160
193.287,86.572,73.373,110.949
191.327,85.883,74.403,114.314
189.026,84.894,76.052,112.786
187.335,84.866,74.237,111.356
185.486,85.189,75.022,111.440
183.815,83.967,75.434,113.334
181.922,80.294,76.258,115.128
179.906,84.956,75.038,113.307
177.922,84.201,76.052,112.048
177.819,88.029,72.556,109.205
175.879,86.018,71.436,111.618
173.272,85.414,73.785,113.543
170.876,85.089,73.437,115.112
168.198,82.631,73.637,118.187
168.533,84.848,73.528,115.998
171.240,86.579,73.297,113.277
168.814,83.692,73.037,115.398
165.937,89.477,73.637,111.376
163.895,85.966,72.636,114.765
164.327,87.689,72.138,114.798
161.321,85.564,73.037,115.398
158.444,87.299,73.637,114.137
155.974,88.555,73.437,113.827
159.003,89.809,72.504,113.517
159.664,87.369,71.547,112.949
156.898,85.134,69.515,114.177
153.437,84.002,68.935,115.904
152.803,87.511,68.412,114.259
152.300,86.910,69.773,114.753
152.085,85.904,68.412,114.975
145.445,85.497,69.260,112.591
142.178,84.062,68.356,112.274
136.849,82.958,69.708,113.254
133.592,81.528,68.742,114.333
133.156,80.800,65.353,112.591
129.006,80.996,66.425,110.996
128.490,80.394,67.802,115.986
127.583,79.427,67.839,116.143
123.392,79.442,66.605,114.867
119.226,79.797,67.584,112.931
118.700,83.036,66.883,116.258
114.352,79.183,70.635,118.844
115.889,81.508,70.132,118.417
115.167,79.000,69.750,120.510
114.058,79.404,70.132,118.967
107.929,81.947,70.490,111.137
101.085,81.574,68.549,108.507
95.665,83.362,69.380,107.521
93.314,78.619,71.312,118.737
92.790,77.811,70.514,116.662
89.187,76.943,72.636,114.765
86.323,78.666,70.673,114.615
81.027,77.101,71.694,114.133
76.672,72.959,69.177,116.622
72.721,72.561,72.036,116.698
69.451,71.059,70.866,117.866
63.688,74.332,68.476,113.517
60.137,69.108,68.163,116.019
56.107,66.923,71.236,117.539
55.741,69.881,70.132,115.112
49.386,68.728,68.254,112.016
43.243,66.606,66.358,114.507
37.664,64.850,68.787,115.402
34.911,62.188,70.364,116.797
34.501,56.848,69.368,119.668
30.111,57.157,68.289,115.398
26.144,54.662,68.742,116.470
22.190,53.439,66.980,117.125
17.676,51.977,68.549,117.209
16.751,49.880,68.603,116.015
10.870,48.596,70.900,116.976
4.324,47.559,69.202,118.319
0.000,47.683,65.907,117.347
0.554,44.549,58.637,118.507
0.000,44.488,54.768,115.956
0.000,40.071,52.917,117.929
1.008,45.605,45.211,108.442
0.278,44.582,44.280,109.645
0.000,43.018,36.933,110.400
0.410,41.357,31.376,109.751
0.000,41.803,33.966,108.507
0.694,37.221,25.042,112.930
0.002,36.573,24.294,111.881
0.000,72.858,26.159,77.787
139.000,74.000,154.000,114.000
134.074,73.997,158.549,115.333
129.722,73.476,158.051,115.561
128.911,72.258,158.322,116.373
125.494,72.043,159.722,115.989
124.927,71.421,159.220,116.416
124.109,70.194,159.492,117.234
124.501,69.979,158.709,115.201
121.582,69.393,159.134,115.561
118.572,68.772,159.722,114.359
118.595,67.765,158.322,115.561
117.771,62.371,158.614,115.233
117.241,62.612,158.322,114.749
120.224,61.098,158.569,116.158
119.376,58.059,155.647,117.075
121.022,58.517,154.517,115.348
119.328,57.579,154.960,115.350
121.336,57.713,152.819,114.280
121.002,57.957,153.487,115.909
122.413,56.608,152.800,115.936
121.490,56.183,154.381,115.452
121.066,56.368,153.622,117.224
122.122,57.224,153.390,114.707
123.909,55.606,151.942,115.816
122.847,56.403,153.801,114.488
122.714,55.739,153.801,115.285
122.291,54.189,154.381,116.252
123.868,54.666,153.373,115.566
126.163,55.123,153.314,114.919
127.912,53.612,153.536,115.285
127.356,52.062,154.381,116.252
125.447,52.539,155.250,115.566
127.458,52.673,153.373,115.029
125.635,52.969,155.422,114.703
124.394,52.780,154.960,114.815
126.542,52.754,154.403,115.135
128.412,52.887,154.403,117.004
129.718,51.642,153.676,116.804
130.942,52.395,154.981,117.443
132.255,53.037,154.247,115.888
128.018,55.849,155.763,115.350
126.652,55.767,155.539,115.781
126.518,56.708,155.808,116.856
128.244,57.057,156.138,115.348
130.558,54.288,155.271,117.393
134.039,55.610,154.262,117.726
134.992,54.503,154.247,117.239
136.220,52.567,153.676,117.612
135.008,53.509,155.829,115.459
137.168,50.796,153.659,117.393
138.102,49.744,153.676,116.804
135.840,48.621,153.909,116.906
133.547,46.631,153.122,117.930
130.713,45.849,154.214,117.343
131.784,43.852,153.962,117.830
132.727,43.717,152.613,117.291
127.521,42.033,155.250,117.711
122.873,40.807,156.157,117.997
124.350,39.503,152.388,117.890
118.879,38.005,155.002,117.930
112.754,38.784,154.803,116.644
108.339,38.165,155.291,117.074
103.863,37.542,155.868,117.509
103.167,38.003,154.005,116.859
100.923,35.990,155.539,118.468
99.918,36.822,154.289,118.976
94.638,38.829,156.174,117.944
92.592,39.400,154.832,118.976
93.407,40.486,153.746,117.075
88.615,39.387,155.539,119.542
89.360,40.434,153.230,119.634
85.990,41.956,154.547,119.028
83.131,43.069,154.289,118.976
80.291,41.552,154.005,119.571
74.716,41.849,155.647,118.162
73.765,40.627,154.289,120.063
74.026,40.133,154.312,119.415
72.408,41.439,154.289,118.162
71.069,39.626,153.721,119.350
69.300,41.007,153.192,117.944
70.000,39.424,152.330,118.150
70.410,38.056,152.047,119.542
68.094,37.858,152.626,120.210
65.778,38.855,153.192,118.757
66.196,38.264,152.896,119.400
66.325,38.965,153.180,119.350
66.595,37.747,151.826,119.350
66.472,36.755,153.962,118.909
66.992,35.204,153.463,119.571
65.094,35.882,153.192,119.571
65.230,34.661,151.836,119.571
65.111,35.397,152.613,119.179
67.401,35.016,150.735,120.210
66.731,35.262,150.995,119.987
67.001,36.476,149.378,118.909
68.495,35.825,147.458,119.676
69.304,35.783,148.502,119.228
70.497,35.404,147.182,119.452
69.180,35.363,147.957,119.003
68.250,35.894,148.754,118.738
67.578,35.383,149.301,119.228
69.033,32.755,150.396,119.943
68.336,32.171,150.715,118.688
68.221,31.298,150.143,118.026
70.234,28.185,150.381,119.185
71.956,30.129,151.228,117.979
68.618,28.901,153.622,118.026
69.392,27.246,152.613,118.909
71.819,26.842,152.074,118.100
74.250,25.449,152.853,118.468
76.796,24.015,152.074,118.909
76.938,24.799,152.330,117.881
73.856,23.296,154.196,118.468
76.800,21.637,152.638,118.268
79.376,20.216,151.792,117.612
79.799,18.804,152.819,116.956
80.736,17.065,152.819,117.491
81.532,15.480,153.373,117.175
84.612,11.476,151.510,119.542
84.330,10.579,152.613,117.830
84.882,9.051,150.704,117.393
81.577,8.555,153.048,116.785
82.628,8.336,152.819,117.491
83.424,6.752,153.373,118.247
84.073,7.904,152.613,116.213
85.189,6.018,152.514,117.585
87.978,7.162,150.960,116.638
88.549,5.713,151.676,117.144
86.918,7.653,151.999,116.737
87.727,6.029,152.248,116.519
90.794,4.296,150.381,117.052
93.201,5.711,151.411,116.347
91.873,4.118,152.473,117.144
90.496,5.148,153.622,117.224
93.701,6.004,151.241,117.662
93.990,4.730,151.198,116.737
91.079,4.017,152.494,118.429
91.430,2.676,152.330,117.612
94.127,1.956,150.960,117.443
94.416,0.685,152.248,119.452
96.523,2.332,149.115,118.319
96.031,1.612,149.035,118.429
95.498,0.946,149.035,116.300
99.626,0.000,148.161,117.886
103.050,2.047,148.988,117.497
102.776,1.141,147.679,118.779
101.848,0.876,147.149,118.779
100.796,0.723,147.400,118.555
103.840,0.459,147.400,118.555
105.030,0.988,147.665,118.291
104.237,0.591,148.194,119.085
105.413,2.382,146.905,119.494
106.220,2.474,146.618,117.984
107.294,2.149,148.425,118.107
106.739,1.548,146.088,119.310
103.039,1.661,147.930,118.555
102.237,1.283,146.883,119.310
103.032,3.405,145.558,119.045
105.421,3.610,146.843,118.634
104.358,3.497,147.122,118.331
103.433,3.233,146.593,118.859
104.358,4.025,147.386,119.916
106.993,6.765,146.639,118.961
105.687,6.703,147.400,119.085
104.619,6.591,147.149,118.779
103.567,6.438,148.194,118.555
104.881,5.949,148.223,119.003
106.072,5.570,146.905,119.228
104.757,5.529,147.149,118.779
103.705,8.023,148.194,118.291
103.035,7.514,147.679,118.779
98.660,7.249,149.535,118.779
98.096,6.533,149.595,119.676
97.280,7.650,153.105,118.515
99.952,8.936,151.804,118.100
100.241,7.656,150.155,118.247
97.994,7.587,151.448,118.652
97.963,9.156,150.704,117.662
100.258,9.595,150.381,118.385
100.117,8.682,151.198,119.676
99.679,11.358,151.265,117.830
101.980,11.661,150.678,118.294
101.846,13.267,152.819,117.759
100.351,12.509,154.196,117.662
101.412,13.369,153.962,118.100
102.215,14.340,154.247,118.319
105.185,15.313,152.368,118.538
105.473,15.642,153.676,117.074
106.556,16.422,152.047,117.662
106.965,15.727,150.423,118.515
106.704,17.444,151.481,117.224
107.113,15.950,152.533,117.806
107.625,17.097,153.390,117.662
108.424,16.180,152.330,117.881
106.685,16.558,152.584,116.587
107.646,17.418,152.533,117.004
110.581,15.703,152.551,117.491
111.242,14.923,153.373,117.443
112.174,14.813,153.390,116.856
111.110,15.592,152.300,117.443
111.788,14.096,152.819,118.026
112.301,15.245,152.330,117.881
112.711,13.743,150.435,117.393
109.420,13.358,151.696,118.429
109.513,12.130,150.435,117.393
111.810,10.947,149.833,117.365
113.943,12.518,149.551,116.347
116.346,11.262,148.706,118.331
115.791,10.660,150.348,119.003
115.352,12.513,148.814,117.443
115.132,11.692,148.194,116.174
115.168,10.687,147.336,116.871
116.875,7.930,146.548,118.972
117.640,7.873,147.665,118.555
121.212,8.292,146.883,117.984
120.309,7.966,147.634,118.107
119.500,7.478,145.812,118.555
118.203,7.551,146.564,117.883
120.177,7.288,146.038,117.094
122.158,6.855,145.483,115.076
121.825,3.497,144.335,116.349
120.777,3.255,144.095,116.314
119.750,3.108,143.817,116.090
120.794,0.375,142.763,116.125
119.383,0.359,144.552,115.642
118.585,0.000,143.817,113.633
120.314,0.000,142.919,112.396
120.251,0.000,142.031,112.757
116.447,0.000,144.060,111.416
116.954,0.671,142.031,111.596
116.870,0.497,142.703,110.683
119.276,1.739,143.427,111.722
121.496,0.534,142.792,113.625
118.905,0.000,143.637,116.536
117.649,0.000,143.817,116.054
118.693,0.000,142.763,118.029
121.140,0.485,142.811,116.538
121.681,0.563,142.763,116.383
120.271,0.675,143.262,117.965
119.325,0.000,142.551,117.667
119.462,0.417,142.537,116.314
120.003,0.495,141.713,113.835
119.055,0.121,141.827,115.601
119.652,0.180,141.659,115.483
120.303,0.293,141.639,114.745
119.176,0.262,142.106,113.532
118.424,0.000,141.318,113.810
119.453,0.000,140.278,114.083
120.098,0.000,140.256,113.600
118.985,0.000,140.713,115.410
119.437,0.301,140.065,114.297
117.946,0.384,142.031,115.147
116.734,0.328,142.151,115.258
115.581,0.328,141.127,115.258
114.058,0.441,141.873,116.822
116.723,0.885,141.438,115.933
117.126,1.110,141.659,117.279
115.163,0.000,140.680,117.571
114.913,0.819,140.923,118.767
116.705,1.898,140.707,119.459
117.737,3.211,140.200,118.651
115.819,2.392,141.455,120.030
116.825,3.653,139.966,120.381
120.475,3.233,138.910,120.961
123.724,6.076,139.941,120.209
124.373,7.763,140.200,119.689
123.334,9.191,140.979,119.689
122.548,10.507,141.251,119.920
121.761,11.825,139.958,120.151
122.938,13.484,140.979,120.987
124.096,15.110,142.066,120.612
125.139,16.437,141.551,120.842
125.926,17.879,141.551,120.842
128.547,20.107,141.027,121.367
132.217,21.811,139.716,120.842
133.140,23.703,140.470,119.920
133.921,23.833,140.470,120.180
135.222,26.174,141.251,120.440
136.647,30.251,141.011,119.076
138.351,31.372,140.979,119.689
139.385,32.687,140.470,121.221
138.071,35.327,142.838,120.903
142.391,36.574,138.670,121.304
145.521,40.367,138.383,121.766
145.778,42.721,140.470,123.562
148.787,45.184,138.143,120.480
151.908,45.164,137.849,121.297
151.645,47.508,138.893,119.459
152.171,47.868,139.906,120.288
155.919,47.518,138.383,120.728
155.923,49.578,140.448,120.754
154.734,51.313,141.522,120.151
161.257,50.545,139.705,121.426
162.043,52.616,141.522,120.151
161.254,53.937,141.794,119.337
158.653,54.964,139.958,120.151
157.494,54.026,143.316,121.247
158.628,53.899,145.537,122.029
158.202,55.610,146.656,119.409
153.316,56.455,149.535,120.370
152.329,57.003,149.629,120.080
153.538,56.601,149.898,120.348
154.744,58.911,150.177,120.303
156.090,61.198,148.562,119.496
157.313,61.754,148.781,121.052
163.202,62.643,143.451,119.542
163.104,66.056,147.580,121.891
168.392,67.364,143.182,119.542
168.159,71.564,143.910,121.105
172.633,75.220,141.049,119.349
172.019,79.074,142.537,120.728
173.164,80.346,141.821,118.184
177.997,81.134,141.226,120.754
179.277,82.644,143.635,119.565
184.124,83.335,141.558,120.023
185.704,84.592,144.666,120.381
188.042,85.353,143.688,118.331
186.247,85.764,144.927,119.337
184.367,88.752,145.261,117.843
185.173,88.694,146.269,117.959
186.210,91.100,148.406,117.620
185.787,93.014,149.782,118.291
187.620,94.833,150.381,116.785
195.074,96.912,151.676,117.941
197.581,100.750,152.551,117.224
202.398,104.229,149.072,115.350
204.973,107.802,149.437,116.083
207.457,109.163,150.007,115.471
210.225,110.217,152.643,115.998
213.489,110.890,150.381,115.985
218.023,111.987,151.370,115.909
221.061,112.938,151.126,116.128
222.652,113.999,150.595,116.128
225.440,115.167,150.576,115.909
228.219,117.019,149.253,115.115
230.884,118.899,152.064,114.770
236.259,121.770,151.370,115.115
238.112,122.431,150.311,115.909
239.575,124.390,150.027,115.426
241.035,125.422,149.743,115.998
243.534,127.425,150.555,115.426
246.440,128.349,150.555,116.218
249.071,130.250,149.270,115.863
250.153,130.446,148.425,116.525
250.812,132.028,148.425,115.471
253.200,131.570,149.153,116.648
255.404,133.106,148.706,115.690
257.796,133.698,148.124,115.820
258.724,132.628,148.890,115.600
261.208,133.962,147.861,115.033
263.589,134.291,148.583,115.420
263.960,134.594,147.056,115.862
263.708,135.751,149.391,115.118
266.442,136.844,147.861,115.033
266.734,138.218,150.672,114.897
267.726,138.986,149.216,115.471
268.921,138.306,149.459,115.252
269.588,139.466,147.336,115.033
269.758,139.904,148.820,114.417
270.529,139.141,149.106,115.420
271.808,140.386,149.175,115.033
272.474,138.922,148.366,115.076
271.570,139.686,149.391,114.333
272.485,138.771,149.391,114.594
273.260,139.710,149.677,114.027
274.319,138.641,149.391,114.594
277.190,139.580,151.774,114.813
278.451,142.473,149.782,113.527
279.703,143.093,149.106,114.375
277.075,144.030,149.130,113.809
275.912,144.792,149.889,114.375
279.032,145.621,149.153,114.813
279.688,147.456,149.677,114.027
282.839,148.219,148.868,115.118
283.352,149.420,149.677,114.813
284.129,151.149,149.963,114.245
287.286,151.913,149.153,114.813
290.038,152.961,147.580,115.338
292.279,153.965,147.017,114.114
292.571,155.202,146.951,114.237
292.831,156.500,145.652,114.237
292.865,158.121,146.101,113.577
293.123,159.411,146.101,113.577
293.381,160.702,147.392,113.577
294.002,159.964,145.372,115.313
293.614,159.316,144.335,114.276
293.271,159.371,144.249,114.936
296.475,158.761,145.327,115.642
295.923,158.944,144.614,115.535
295.933,158.407,144.335,116.090
297.099,158.148,143.040,116.090
296.601,158.114,143.004,116.158
296.084,158.888,143.004,115.384
295.076,158.726,142.449,115.708
295.847,158.726,141.164,115.708
296.250,158.952,141.383,115.258
296.899,159.064,142.640,116.822
297.355,159.284,141.212,116.383
299.441,159.734,140.119,117.279
299.185,160.632,140.119,115.483
299.476,161.082,140.809,114.582
302.404,161.082,141.064,115.601
304.684,161.366,139.573,116.822
304.428,162.261,140.340,115.033
304.830,162.486,140.809,114.582
307.249,162.486,140.300,116.365
309.525,160.991,140.614,116.794
313.109,163.186,139.606,115.739
317.982,164.529,140.045,116.619
320.130,165.210,140.614,117.051
322.298,165.881,139.621,115.708
322.341,166.444,140.809,116.365
324.739,166.885,139.606,115.483
324.911,165.415,139.516,116.390
324.764,166.206,139.300,114.807
327.335,166.656,140.232,115.679
332.394,167.092,137.514,115.828
331.931,165.639,139.702,115.703
334.306,166.199,139.790,114.582
336.483,164.395,138.480,116.161
336.092,165.297,139.516,114.357
336.493,165.522,139.979,115.679
338.364,163.917,139.300,116.338
338.109,164.683,140.065,116.593
342.828,165.350,136.772,114.745
344.164,163.206,135.836,116.020
343.137,162.588,135.123,115.245
342.164,163.932,137.319,115.308
343.506,162.336,135.896,115.978
344.269,161.696,134.871,117.006
342.760,161.570,136.633,117.006
343.491,161.095,135.676,115.932
342.521,159.293,137.479,116.271
340.638,160.475,138.713,117.957
339.816,159.776,139.846,117.307
344.299,158.635,135.701,117.023
347.730,157.021,130.860,116.461
350.143,157.177,128.010,117.631
349.058,156.306,129.689,116.671
351.014,154.712,127.751,117.146
349.441,154.456,129.915,116.678
349.044,153.606,130.217,116.406
351.263,152.619,127.751,117.393
352.633,152.486,126.974,117.904
350.672,153.344,127.954,119.375
349.028,152.859,128.764,115.393
351.159,153.186,128.652,118.399
353.458,154.806,125.045,119.361
353.601,155.043,124.757,117.174
351.818,155.521,125.903,118.639
352.391,157.355,126.714,118.642
350.167,158.954,128.215,116.916
348.826,160.299,129.915,118.394
347.401,160.324,131.771,116.853
349.888,162.810,128.787,118.097
352.253,161.807,127.021,117.384
350.450,163.502,127.693,118.153
348.581,165.232,130.445,118.877
350.150,168.505,129.306,118.572
351.531,169.482,126.543,116.866
352.679,170.664,126.196,118.157
350.952,170.299,127.204,117.174
349.240,170.910,129.650,119.131
347.549,169.939,130.043,116.590
346.722,168.304,132.190,114.926
346.835,165.717,130.975,117.384
346.073,166.596,132.995,117.611
343.899,166.504,134.586,117.042
342.247,164.635,135.123,116.503
341.000,163.872,137.115,116.522
338.176,163.154,140.232,117.704
335.781,162.095,142.449,117.251
336.142,162.529,141.988,115.866
336.682,162.608,142.192,116.736
334.986,162.897,142.229,115.642
333.731,162.977,142.942,117.279
334.201,161.239,143.040,118.163
336.132,163.764,142.304,117.023
336.420,164.084,141.988,116.383
335.535,164.309,142.726,117.736
337.577,167.357,140.719,116.055
337.758,168.524,140.614,117.307
337.612,169.323,140.392,116.736
335.439,169.950,142.172,117.279
334.367,170.398,142.763,115.866
335.159,170.365,142.469,115.418
336.077,170.332,141.915,115.483
334.665,170.332,142.942,117.279
335.135,173.259,142.262,115.831
337.613,173.320,141.678,115.708
339.932,173.433,138.323,114.969
341.642,174.077,136.166,115.450
342.674,173.290,135.357,115.016
343.569,174.519,135.568,116.558
347.189,176.183,131.852,115.999
349.971,178.467,128.269,115.393
347.353,181.349,130.825,115.720
345.190,183.719,134.656,114.926
342.265,185.129,137.268,116.092
343.953,184.313,136.047,115.198
348.067,185.521,131.933,114.536
346.596,184.950,133.404,114.940
350.026,189.073,129.974,115.378
349.565,189.158,129.915,114.472
352.272,189.514,126.455,114.493
354.014,188.168,125.986,115.497
350.803,189.136,127.817,115.012
355.027,188.412,124.950,114.517
355.200,188.162,123.404,114.059
353.934,188.163,125.463,114.295
352.687,187.802,126.998,114.059
354.700,189.374,124.900,113.568
354.393,189.605,123.605,114.060
353.227,188.893,125.463,115.007
351.713,187.926,128.287,112.610
349.926,190.092,130.074,114.295
352.712,189.382,126.455,114.493
354.454,190.448,124.900,114.291
353.538,191.879,124.342,113.343
357.254,195.086,120.948,112.869
360.136,194.630,117.293,113.313
362.621,195.125,115.096,115.096
364.129,197.325,114.846,114.155
365.878,196.895,112.953,114.786
368.291,197.031,111.092,114.285
369.013,196.643,110.987,113.934
368.003,195.531,111.997,114.357
367.122,196.509,112.878,113.987
147.000,149.000,85.000,105.000
151.681,149.688,87.551,114.970
152.421,147.848,93.311,114.225
150.111,148.971,89.872,113.632
149.462,150.882,88.942,114.875
151.792,151.186,90.563,112.444
153.824,152.032,91.552,111.762
154.015,153.008,91.981,111.431
151.988,151.590,91.373,113.659
149.303,150.863,92.050,114.501
149.067,151.778,90.260,113.698
148.499,149.728,92.208,113.534
148.455,151.733,93.117,111.986
148.978,153.097,92.889,115.191
151.103,154.567,91.747,113.907
148.485,155.460,92.276,113.145
147.565,154.335,90.843,114.782
146.951,158.324,89.820,113.963
143.844,159.793,91.373,112.039
142.933,160.300,89.955,112.039
142.663,159.609,91.903,111.611
142.916,158.140,89.162,113.940
142.024,158.117,88.722,113.379
143.350,158.096,89.088,112.817
140.233,157.794,87.479,112.817
139.175,158.057,87.405,115.080
139.842,158.887,86.071,112.817
144.148,161.153,87.536,112.631
143.716,162.916,86.807,113.487
144.512,163.513,88.798,111.695
146.197,163.073,88.423,111.976
147.694,165.768,85.429,112.375
148.444,166.656,90.401,113.345
147.046,167.815,89.550,112.039
147.288,168.870,90.471,114.342
148.952,170.254,91.621,112.592
151.192,170.763,90.196,112.592
154.252,170.067,91.956,112.166
156.660,170.363,87.142,112.592
158.922,172.242,90.363,113.202
160.747,171.710,91.171,113.659
162.654,172.615,91.846,112.868
162.654,173.126,89.601,112.868
164.312,172.709,91.728,113.098
166.498,173.334,91.846,112.868
168.743,173.844,92.866,112.868
169.028,175.516,91.886,111.986
169.274,174.234,92.208,113.940
171.486,175.006,90.860,112.191
173.666,174.109,93.169,112.166
174.215,174.131,92.889,111.917
174.737,175.595,91.438,111.440
177.206,177.354,93.775,110.347
180.523,176.740,94.471,112.592
181.273,176.427,93.798,112.186
179.444,176.185,92.727,112.465
180.385,177.788,95.958,111.713
181.654,178.214,91.138,112.106
180.625,177.134,92.994,112.444
180.974,177.158,93.117,112.191
180.473,177.192,92.685,111.917
179.872,177.227,93.683,112.868
179.310,175.540,94.601,113.563
177.408,176.891,93.629,112.106
178.075,176.746,95.578,108.294
180.054,176.532,96.711,109.945
179.444,176.341,96.277,110.739
178.499,176.414,98.581,111.008
178.113,179.307,99.143,108.995
174.618,178.240,97.601,108.422
174.572,179.895,99.754,107.998
176.585,178.331,99.890,111.544
176.380,177.604,101.148,110.247
172.994,178.767,99.243,110.881
172.821,180.631,101.691,106.943
172.226,181.618,101.834,108.734
169.439,182.281,101.933,110.357
170.018,181.119,103.539,110.343
171.044,184.262,103.628,109.623
170.952,184.604,104.667,108.726
166.252,186.419,102.318,110.008
165.748,185.083,104.177,110.343
166.974,185.529,103.870,109.235
167.003,185.677,104.667,108.726
162.304,185.570,102.745,108.726
157.601,188.513,104.533,108.342
157.443,189.194,105.062,107.619
158.189,189.514,104.422,110.815
157.361,190.804,106.295,108.882
152.941,190.265,100.258,109.744
151.384,191.560,103.582,110.095
148.577,189.870,110.693,109.623
145.021,192.396,102.584,108.320
144.381,192.724,99.008,107.453
141.201,191.701,98.756,110.326
137.258,193.542,99.952,106.434
138.269,194.075,106.607,108.260
139.301,193.353,97.874,109.490
137.168,191.214,98.612,109.615
133.407,190.458,94.271,108.422
128.880,190.575,96.843,110.620
128.099,190.455,101.933,111.276
127.159,189.059,94.201,111.289
121.959,189.942,99.270,110.755
120.538,191.743,95.598,106.943
120.320,191.120,98.059,110.620
116.156,194.070,94.498,108.474
109.715,192.795,93.804,110.013
107.142,192.014,93.046,111.370
107.742,191.775,93.275,111.644
108.958,191.536,94.322,111.099
108.945,192.323,92.911,110.755
109.703,192.051,90.989,112.315
111.841,191.075,93.399,112.444
112.393,192.535,91.886,111.986
111.622,191.253,92.005,112.721
108.028,191.690,92.866,111.644
110.783,189.955,92.458,113.277
113.121,190.395,92.911,112.191
111.086,191.862,92.276,111.713
107.137,190.913,93.657,111.574
106.907,190.639,92.685,111.917
107.939,189.041,92.050,109.399
106.303,188.639,92.506,111.209
102.593,188.593,93.021,110.284
97.313,186.461,92.005,108.862
95.773,184.323,92.276,111.333
92.557,184.340,92.817,110.284
89.126,182.348,93.197,108.594
86.735,182.818,92.132,110.074
87.441,182.616,95.156,111.485
87.615,183.329,91.510,111.296
87.897,185.016,91.754,110.347
87.406,186.363,91.325,110.074
86.816,187.706,91.099,109.801
86.227,189.046,92.076,109.528
87.620,188.708,94.316,111.209
89.246,189.550,92.501,110.755
89.911,190.833,92.589,110.620
89.607,190.631,92.994,110.823
90.294,188.627,92.435,109.131
91.264,189.498,91.300,109.801
90.775,187.829,92.076,112.537
90.890,188.174,91.438,111.644
90.011,189.901,89.955,110.620
85.764,189.383,91.646,111.656
83.570,188.078,91.373,111.633
83.784,188.519,91.754,110.549
81.881,186.942,90.519,111.082
78.273,185.773,91.501,111.611
78.438,186.065,88.537,112.039
78.396,187.394,90.019,110.379
78.496,187.893,87.624,110.379
77.961,187.501,88.300,110.572
77.538,186.923,86.965,111.134
76.674,186.908,89.483,110.572
78.808,187.641,88.201,110.102
78.449,190.328,88.524,113.224
75.169,191.976,87.261,110.932
70.904,191.860,86.920,110.572
66.591,189.740,89.452,112.258
62.571,189.299,88.465,112.537
58.179,189.139,91.046,111.056
54.713,187.816,88.906,113.098
50.299,189.263,88.685,111.209
47.455,188.721,89.794,111.695
46.214,188.000,89.067,110.531
42.487,187.260,90.760,110.223
41.729,185.802,92.076,110.531
40.273,185.692,90.743,111.762
39.277,187.745,92.535,110.074
36.434,187.407,94.179,110.549
33.805,188.052,93.094,109.667
31.120,188.791,92.589,109.405
28.425,189.666,95.156,110.074
25.548,189.941,93.937,109.935
22.430,191.361,93.657,110.352
19.173,192.176,96.711,111.167
17.080,192.744,97.989,112.937
14.898,193.402,98.142,112.463
12.792,195.929,99.406,112.463
10.440,195.662,97.339,110.247
8.038,193.902,98.612,112.729
8.790,193.057,100.697,110.830
7.084,190.492,97.339,111.728
6.195,189.061,99.534,113.544
6.948,188.934,97.816,111.028
4.539,187.290,97.835,113.272
1.525,186.083,97.109,111.464
0.640,184.658,98.461,115.358
1.809,183.809,100.822,112.784
3.090,185.731,98.046,114.066
1.844,184.647,98.841,115.174
0.640,185.628,98.259,116.202
1.596,186.563,98.489,114.761
0.760,187.044,100.160,114.225
1.596,186.990,99.560,114.761
1.060,187.204,99.346,114.761
0.000,187.418,98.479,114.761
1.291,186.408,100.586,115.717
0.798,186.997,98.978,117.563
1.663,188.078,99.410,115.834
0.817,188.561,99.810,117.449
0.000,189.318,97.184,116.370
0.000,189.112,97.393,115.717
0.860,188.716,96.523,115.445
0.000,188.459,97.580,114.902
0.000,189.277,97.362,115.810
0.845,188.928,96.523,115.445
0.000,192.056,101.373,113.632
0.000,189.933,101.237,113.577
0.186,191.997,100.865,112.454
0.421,187.987,100.395,114.493
0.186,187.933,103.441,115.030
0.533,189.703,101.435,111.272
0.000,188.998,98.662,115.658
1.157,189.660,101.059,114.761
0.000,187.965,102.354,113.841
0.392,187.616,104.164,112.160
0.000,188.461,102.077,110.254
0.000,186.822,103.552,110.768
0.000,188.340,100.921,113.742
0.028,187.911,103.441,115.030
0.812,187.494,105.588,113.458
0.363,186.159,103.420,113.718
0.000,187.655,101.791,110.508
0.508,186.569,102.901,113.532
0.622,185.500,102.239,112.853
0.000,184.923,97.775,114.867
0.000,186.149,93.854,115.386
0.000,188.979,91.151,116.610
0.000,189.022,89.375,115.904
0.000,189.417,91.427,112.460
0.016,188.372,92.208,113.940
0.000,189.144,96.780,113.422
1.116,188.286,95.388,114.087
0.000,188.035,96.695,113.544
1.074,187.239,99.170,114.087
239.000,230.000,137.000,113.000
239.240,227.956,137.517,114.099
233.916,228.753,136.863,114.513
229.667,229.619,136.591,112.781
231.579,230.069,135.749,113.621
231.331,231.686,137.241,113.870
229.275,232.230,134.586,113.784
226.738,231.425,136.441,113.164
226.698,231.954,135.275,113.103
226.486,230.809,136.688,115.145
228.282,231.879,134.854,114.764
229.193,231.215,134.278,114.099
230.083,232.437,134.483,115.626
227.680,232.087,135.297,116.076
225.264,233.621,134.101,115.769
222.669,231.596,135.297,115.826
226.408,230.612,132.831,115.037
224.975,229.196,135.945,116.383
222.604,228.642,136.652,117.239
221.437,226.898,134.169,117.176
217.704,225.216,134.854,116.773
216.323,224.588,136.361,115.518
220.339,221.957,134.117,116.754
218.726,220.685,136.090,116.040
219.586,220.076,133.362,118.013
219.217,220.068,131.088,116.271
217.049,218.894,130.728,117.631
219.014,219.283,130.279,118.345
217.771,219.283,129.782,116.853
218.539,220.246,131.450,116.899
219.752,222.868,131.258,115.626
217.806,222.724,130.464,117.393
216.789,221.127,129.521,117.859
215.929,220.626,130.745,117.869
217.903,220.388,130.279,117.848
219.771,221.003,130.017,116.866
221.763,219.385,126.033,117.384
218.027,218.877,128.876,116.695
215.164,219.994,128.706,118.636
216.373,220.625,125.050,116.136
214.385,221.912,126.126,117.186
210.696,223.254,127.658,118.157
209.302,224.986,126.753,116.662
210.556,224.848,124.247,117.182
211.066,225.450,126.126,116.220
207.651,224.603,124.950,117.429
205.346,224.360,125.435,117.429
207.040,223.996,123.020,117.671
208.028,223.033,122.007,116.702
209.013,223.279,120.994,117.886
208.535,222.920,120.755,116.929
208.192,223.522,120.250,117.393
207.597,223.164,120.250,116.440
204.885,223.765,118.796,116.899
204.073,224.838,119.240,116.406
203.483,224.484,119.240,117.587
203.586,224.472,119.982,118.085
203.684,222.666,119.548,117.162
202.993,222.442,120.930,118.085
200.091,221.227,120.994,117.886
195.070,219.911,121.712,116.690
196.032,218.125,120.741,116.446
197.949,213.854,122.374,117.621
195.024,211.434,124.142,116.938
189.099,210.105,123.213,116.702
184.912,208.907,125.823,116.218
188.988,204.549,125.419,116.944
192.740,201.152,126.406,118.157
191.118,198.830,127.204,118.153
187.420,200.185,129.934,119.127
188.860,197.966,127.054,117.836
189.881,196.094,128.444,119.865
188.217,193.621,129.285,118.097
189.716,192.497,129.755,118.612
186.470,191.387,131.522,119.091
183.560,190.783,131.328,119.298
179.299,188.277,132.581,118.546
174.772,186.526,133.599,117.527
172.763,185.019,131.590,119.536
169.750,183.764,132.845,120.289
168.588,182.398,132.132,117.957
166.119,177.595,132.316,118.809
168.240,174.721,133.850,118.782
170.746,173.481,134.650,123.787
172.120,172.528,131.901,120.521
164.809,171.400,137.681,121.008
164.596,169.058,138.625,120.521
162.907,166.350,137.080,120.754
162.660,166.184,139.120,121.343
162.765,164.424,140.470,120.440
163.933,163.918,140.740,121.193
167.587,161.723,138.141,121.135
165.656,161.913,139.153,122.827
163.546,162.367,138.403,121.658
161.472,162.586,137.609,120.961
159.412,160.219,141.470,121.039
158.323,161.759,138.667,122.153
156.244,162.891,137.873,120.411
152.388,162.952,138.615,120.030
150.968,164.888,141.197,118.997
152.246,163.893,140.200,120.728
150.933,165.615,139.958,120.151
152.110,167.274,139.421,119.689
152.767,166.858,139.660,117.935
152.144,167.972,139.621,119.822
150.953,172.170,137.080,118.163
147.546,171.807,137.003,118.634
140.785,171.679,139.045,118.634
142.169,173.142,139.621,117.508
146.539,174.155,138.323,117.279
148.091,173.350,138.789,116.338
152.556,174.228,138.517,116.365
153.963,175.231,138.499,116.136
153.582,176.121,139.516,115.374
153.709,174.596,140.278,116.390
153.669,175.162,139.078,114.745
152.585,173.557,140.232,115.426
152.933,171.432,140.554,116.619
155.204,172.000,140.889,114.969
157.529,170.040,140.575,116.338
157.638,170.581,140.614,115.258
155.999,170.806,140.575,116.593
153.918,169.308,141.402,117.023
154.029,169.853,141.438,115.418
156.361,167.372,141.127,116.538
158.405,167.900,141.402,115.483
158.927,168.012,141.383,115.258
159.576,168.125,141.362,116.822
161.471,168.569,140.408,115.418
159.729,168.874,141.341,114.807
160.494,166.323,141.086,115.063
161.132,166.451,141.086,114.297
160.011,164.388,142.311,115.882
160.713,164.475,141.935,115.194
159.452,162.394,142.663,116.794
159.920,162.599,141.988,115.866
158.403,160.621,142.449,117.251
158.763,159.762,144.315,115.349
160.057,159.245,144.315,115.866
161.213,158.874,143.299,116.090
160.844,158.840,144.036,115.642
159.929,159.245,145.091,117.418
156.601,159.087,146.252,117.211
155.806,158.713,145.221,115.600
157.278,158.096,146.172,116.314
158.814,157.498,144.405,115.159
154.869,156.999,146.359,115.642
151.162,156.960,146.996,116.502
150.739,158.852,146.007,114.813
150.668,157.955,144.335,116.090
146.392,158.473,146.926,115.313
147.140,157.488,145.432,116.762
148.306,159.726,144.405,114.375
147.857,160.493,144.530,116.191
146.907,160.172,144.614,116.314
148.075,160.691,144.873,116.055
149.373,163.677,143.316,116.314
148.097,166.228,143.281,116.642
146.663,171.169,144.335,115.831
145.756,173.371,144.335,116.867
144.567,173.276,143.332,116.538
145.369,173.353,141.212,116.383
143.605,173.803,142.942,117.279
142.002,174.139,142.780,116.608
140.459,174.252,142.505,116.383
138.919,175.139,142.229,117.191
137.100,177.353,142.505,117.418
135.278,177.757,142.780,116.608
133.734,177.870,142.505,115.866
132.477,177.949,142.449,118.536
132.426,181.289,142.811,117.319
132.830,182.422,143.299,117.645
133.204,182.715,143.852,118.099
131.491,183.010,144.666,116.986
130.326,182.862,144.389,117.284
129.023,183.644,145.171,118.326
127.547,184.502,145.498,117.396
128.609,184.334,144.682,116.426
127.593,184.017,145.933,117.059
126.780,186.296,145.728,119.304
125.158,188.631,147.122,116.746
126.758,187.912,147.861,117.659
128.317,189.953,147.386,116.218
128.089,189.869,146.793,117.173
124.009,189.364,148.912,117.659
125.819,191.190,147.944,116.128
125.729,190.162,148.649,116.871
125.568,191.809,147.914,116.218
125.463,192.401,147.336,116.083
127.308,192.250,147.580,116.648
129.136,192.270,145.235,117.396
130.067,192.886,145.990,116.949
129.282,192.494,146.513,117.211
130.578,192.795,145.235,116.871
131.646,195.087,147.017,116.725
133.330,196.043,144.959,116.386
132.453,195.707,145.673,116.538
135.567,195.222,143.883,116.986
136.370,195.298,144.873,116.833
137.394,195.073,143.868,117.284
135.972,195.186,145.673,116.538
137.258,194.701,144.144,117.509
139.742,194.813,143.607,117.023
140.407,194.908,144.873,116.574
141.568,194.666,143.852,116.798
142.356,194.648,143.575,116.314
143.279,194.614,143.022,119.228
144.935,195.361,144.159,117.472
145.601,193.370,143.868,119.108
147.546,195.780,143.124,117.959
149.653,196.230,143.332,118.879
149.632,194.710,143.635,119.565
151.327,195.400,143.397,117.921
151.613,195.719,144.129,118.066
152.128,195.997,142.577,117.509
152.415,194.375,143.299,118.681
154.342,194.961,143.883,119.337
156.161,195.537,143.397,118.184
156.447,193.903,144.129,119.108
156.550,194.365,143.397,118.184
158.660,194.815,142.304,117.284
160.758,195.265,142.505,118.194
158.654,195.833,143.332,116.538
159.456,193.841,141.988,117.935
161.262,194.505,142.780,116.608
161.788,194.617,142.763,118.194
164.235,193.104,141.511,117.839
166.453,193.832,143.281,118.194
168.506,195.068,142.044,118.326
168.389,195.815,142.537,116.574
166.865,196.023,142.229,116.158
167.389,194.074,142.211,117.736
169.307,194.638,141.485,118.422
169.048,192.954,141.744,117.904
168.918,193.602,140.707,116.608
168.956,194.165,140.119,117.279
168.699,193.010,140.889,117.536
168.553,193.811,140.665,118.767
167.885,192.818,140.707,118.422
166.081,193.837,141.729,116.383
168.292,194.175,140.392,118.536
167.624,195.251,141.988,116.383
169.831,195.476,140.665,117.736
169.573,194.317,142.211,117.736
169.677,195.659,141.485,117.645
169.555,196.289,142.763,116.383
170.209,196.402,142.487,117.965
168.237,196.968,143.835,116.574
169.153,197.728,143.040,117.645
169.535,198.134,142.537,116.574
170.076,199.116,142.487,117.191
172.782,199.520,141.988,116.125
173.323,199.728,141.164,115.451
171.818,199.937,141.618,116.822
172.036,200.897,139.892,115.418
172.215,201.824,139.790,116.874
171.931,202.632,139.078,115.258
171.976,201.166,138.480,117.176
173.097,200.309,138.279,116.338
174.385,202.062,137.737,116.390
173.759,203.191,138.480,115.907
175.281,200.274,138.227,116.668
177.051,201.430,137.991,114.357
178.862,201.993,136.381,115.999
177.970,203.264,137.661,116.230
177.444,202.401,137.448,117.704
179.965,201.924,137.244,116.619
182.644,203.168,136.705,118.190
183.011,204.972,137.244,117.383
182.002,204.452,134.433,117.407
180.273,204.527,136.633,117.006
181.005,206.076,136.435,116.691
182.277,205.560,136.418,118.482
183.009,207.510,135.971,117.383
183.410,207.223,136.435,118.716
184.019,207.136,136.238,118.634
184.662,209.162,135.971,118.656
187.717,209.162,134.952,119.420
187.850,209.661,136.466,118.169
188.739,209.534,137.229,118.169
191.020,209.174,136.493,118.634
191.658,211.087,137.004,117.614
190.529,210.174,137.991,118.677
188.065,209.323,136.772,119.612
188.065,209.451,138.053,119.100
188.572,209.206,138.323,119.332
194.480,211.018,136.278,118.536
199.980,208.412,136.226,118.911
200.484,210.464,138.534,117.614
201.499,209.709,137.783,118.867
200.211,211.514,139.846,117.051
201.748,209.849,138.821,117.563
202.773,207.928,139.846,118.075
203.909,206.938,139.635,117.736
203.410,205.499,139.349,117.792
200.716,204.087,139.862,117.536
205.207,202.548,138.323,116.766
204.600,201.602,142.082,116.619
206.854,201.946,140.665,115.675
209.446,199.711,140.340,117.078
214.175,200.508,139.606,115.226
214.347,201.705,140.532,116.390
214.434,202.271,140.614,117.051
214.288,202.943,140.392,115.708
213.304,203.393,141.341,116.593
213.521,201.779,141.164,117.508
213.375,200.388,142.745,117.707
213.609,200.825,141.758,116.574
211.837,199.085,142.726,117.736
210.764,199.536,142.277,116.833
209.110,197.809,140.680,117.707
205.511,196.635,139.635,117.736
205.012,195.195,140.889,117.792
204.729,193.947,142.487,117.965
204.834,194.513,140.979,116.833
202.813,192.248,141.678,118.279
200.578,191.010,142.780,118.681
202.380,189.624,142.044,118.066
200.965,190.240,144.614,116.833
199.915,190.127,143.332,118.099
200.168,190.535,142.304,117.284
200.456,188.916,143.022,118.452
205.506,189.501,140.480,116.762
205.430,190.140,141.915,117.279
207.851,190.588,141.988,117.418
210.308,189.037,143.281,117.935
208.591,189.475,143.332,118.879
208.570,190.048,142.850,118.780
213.407,190.684,140.749,117.509
214.995,189.410,141.954,119.024
212.615,190.393,143.332,117.059
211.066,191.285,144.614,118.910
216.402,192.436,141.558,117.396
218.260,193.829,142.229,119.514
217.825,192.743,142.577,119.076
217.564,195.093,142.577,117.770
222.647,195.561,141.239,118.651
224.597,194.510,140.967,118.163
226.026,195.400,141.212,116.383
226.316,193.797,141.915,118.562
224.837,194.661,142.277,116.314
227.189,192.791,141.954,117.479
232.215,191.270,140.694,117.935
233.642,192.158,140.938,118.997
234.790,193.240,140.719,116.833
236.630,193.916,141.402,116.509
244.077,194.316,139.107,116.736
248.573,193.240,140.575,117.869
253.165,194.208,138.862,117.736
254.210,195.447,139.846,117.051
258.820,194.295,139.334,117.307
260.101,193.270,139.846,117.307
259.708,194.182,139.349,117.279
261.508,193.144,139.334,116.794
267.013,191.980,138.039,117.078
271.102,193.227,138.517,117.383
270.319,194.403,138.806,117.844
268.262,193.135,140.358,117.819
267.851,191.502,139.892,118.509
271.974,190.612,137.841,117.707
274.562,190.021,138.789,119.655
273.229,189.704,140.164,118.223
274.524,190.849,139.635,118.767
275.421,190.089,139.906,120.030
277.091,189.610,138.902,118.651
280.975,191.081,137.307,118.536
279.586,190.788,138.806,119.889
279.935,192.542,138.625,118.194
281.241,190.048,138.579,119.076
283.677,189.160,137.564,118.022
284.850,188.726,138.534,119.655
283.527,188.526,138.347,119.797
287.005,187.109,137.574,118.767
287.918,186.815,139.078,119.100
284.806,184.534,138.347,119.282
281.469,183.493,140.135,118.536
282.616,182.100,139.132,118.223
286.614,181.301,138.592,117.765
288.036,180.506,139.334,119.100
288.783,181.976,139.132,118.997
289.561,183.509,138.862,118.767
290.853,182.981,139.621,119.565
294.713,184.572,137.849,119.228
293.322,186.445,139.349,118.306
292.543,185.687,139.621,119.565
293.817,187.277,139.660,118.194
300.393,188.520,137.564,118.536
301.434,188.227,138.806,118.867
305.269,187.235,137.307,118.279
305.803,188.971,138.279,118.889
309.503,186.825,137.040,119.076
315.138,187.569,136.761,119.123
315.777,187.569,138.806,118.867
316.527,189.148,137.821,117.508
317.318,187.947,137.514,117.359
318.090,189.335,137.244,118.656
318.970,189.102,138.039,118.867
319.983,188.741,137.809,118.562
320.502,190.394,138.053,118.075
319.486,190.637,138.806,118.100
320.370,189.892,139.093,119.332
319.188,189.414,140.164,118.223
