665.000,26.000,111.000,171.000
666.377,30.868,108.798,174.243
666.751,42.465,106.948,178.338
666.004,55.834,105.676,178.985
667.022,64.014,103.089,178.889
665.500,67.191,103.684,179.610
667.084,67.954,102.699,181.636
665.075,72.029,104.256,180.600
666.670,72.797,101.616,181.261
666.410,73.244,104.851,180.910
665.086,73.841,105.018,181.921
663.374,72.958,107.336,181.198
662.610,70.882,109.702,182.836
664.136,72.953,109.486,180.963
663.579,73.996,111.164,180.570
665.836,74.367,109.486,179.545
670.345,78.825,109.730,180.452
674.796,87.375,106.179,179.687
680.304,99.207,106.229,181.198
682.333,113.733,106.058,179.632
687.780,121.940,106.229,179.538
689.993,125.675,105.676,182.305
688.594,128.657,109.309,181.069
694.806,98.649,108.150,180.250
698.826,71.605,109.339,183.723
704.709,63.341,108.918,186.920
714.608,55.970,105.688,187.953
724.566,48.093,107.496,191.009
728.926,48.266,106.243,186.069
727.127,39.628,110.685,190.671
732.393,38.303,107.724,188.662
730.269,36.087,112.543,186.810
731.993,34.905,111.996,188.304
734.512,36.923,111.027,186.013
728.470,37.020,115.058,185.818
728.640,25.747,115.303,182.904
725.837,20.705,114.514,185.432
725.931,16.594,111.409,183.154
725.552,13.172,109.307,182.559
708.004,12.147,112.973,181.777
685.813,12.585,107.392,183.198
671.192,10.846,108.801,184.147
669.999,10.452,104.380,184.084
668.050,10.318,105.780,181.853
666.523,9.068,106.058,188.794
663.958,9.296,104.380,188.906
661.044,5.631,107.396,192.019
658.364,6.143,109.880,188.407
656.828,3.530,110.071,189.887
658.569,0.000,110.644,187.105
659.720,0.000,107.766,186.623
660.184,0.681,109.679,184.408
661.511,0.092,113.857,184.733
663.798,0.000,116.258,184.302
667.988,0.000,111.982,184.785
674.418,0.475,111.224,190.751
685.700,15.939,111.117,192.778
696.700,21.160,111.689,189.080
704.214,25.736,110.635,191.283
709.455,31.413,112.382,187.207
713.621,30.266,109.573,188.629
716.829,33.815,108.630,183.836
722.444,33.429,109.293,186.873
727.874,36.158,110.451,186.279
731.701,35.689,112.847,186.356
734.646,34.117,111.027,186.594
738.581,31.750,113.241,188.734
740.184,28.959,112.961,189.635
739.501,28.210,115.207,190.252
742.521,47.691,118.066,190.448
742.725,51.670,122.461,188.194
747.992,54.825,116.186,192.528
747.353,57.898,118.062,191.776
747.359,57.719,118.653,191.231
747.562,54.996,118.850,193.660
747.472,56.176,119.639,191.604
747.873,53.151,115.804,192.501
733.082,53.973,117.267,192.054
718.657,55.295,117.855,191.815
713.138,55.135,116.244,196.651
708.309,54.797,119.245,196.421
699.854,42.305,117.142,195.032
693.658,16.642,116.823,197.934
686.874,5.629,119.728,203.203
681.810,16.706,118.619,201.029
680.525,14.581,118.097,195.386
679.960,13.120,116.186,195.266
678.929,12.414,118.850,193.660
675.195,10.254,119.639,194.944
666.242,8.083,118.593,196.229
661.963,6.555,120.427,196.229
658.185,4.374,121.216,197.514
658.100,2.184,118.288,196.631
657.642,0.856,120.122,196.229
661.095,0.829,117.524,195.360
660.341,0.000,119.639,182.925
662.411,0.249,116.386,173.839
659.691,0.637,117.273,158.830
656.872,0.296,119.907,120.180
657.873,0.713,118.385,87.586
656.243,0.215,116.542,89.805
656.676,0.611,113.012,81.221
661.892,0.497,110.071,81.449
666.305,0.079,106.742,81.336
669.856,0.629,97.215,79.675
668.666,0.735,99.066,74.697
665.732,0.000,100.618,77.605
664.686,0.374,100.763,73.492
663.637,0.000,97.856,71.292
661.619,0.789,98.874,64.855
661.116,0.000,97.472,73.040
650.165,0.000,100.436,72.704
647.176,0.082,99.230,73.909
644.629,0.000,94.544,62.431
635.354,0.000,95.836,50.475
630.655,0.255,99.374,42.429
629.226,0.659,101.451,33.167
623.537,0.341,102.921,29.023
620.111,0.611,103.639,33.086
608.918,0.107,106.861,49.140
603.740,0.015,105.613,60.640
593.759,0.306,110.319,77.560
588.415,0.855,112.284,100.220
584.602,1.002,117.146,126.501
559.856,0.000,141.301,142.942
569.593,0.026,145.168,166.516
578.390,0.205,147.488,195.095
581.483,0.000,148.436,201.352
592.005,3.055,149.201,213.243
596.598,15.739,149.658,209.307
597.758,23.347,149.463,205.423
603.757,24.363,149.037,205.496
609.544,28.220,146.933,202.690
615.604,64.579,152.787,218.811
629.014,98.551,153.431,214.217
638.904,127.938,156.531,210.282
646.349,156.085,153.989,205.561
649.971,172.314,149.595,199.104
650.795,187.867,147.948,204.293
656.526,197.748,142.751,202.289
655.106,202.964,145.593,200.020
660.935,206.623,140.085,204.319
664.598,208.875,138.854,203.540
663.998,208.298,136.687,205.368
666.887,150.868,137.288,213.820
668.612,74.182,134.866,208.305
670.255,15.871,136.953,212.142
671.862,7.309,130.327,213.573
671.863,24.873,131.328,213.867
675.764,47.554,132.924,221.205
680.798,90.895,129.376,219.973
687.407,128.620,129.665,211.718
687.233,140.949,130.676,200.658
683.200,133.656,133.555,201.305
685.658,132.906,133.891,198.539
698.377,130.583,129.032,196.325
708.084,131.873,127.782,194.382
710.422,133.105,128.473,195.708
721.927,138.837,120.710,194.725
729.451,140.675,118.561,198.421
732.216,108.424,117.333,201.800
737.880,75.277,114.017,210.469
741.542,50.557,111.036,213.387
744.057,21.970,107.238,211.394
743.680,24.201,110.103,215.982
745.643,22.311,110.498,212.972
754.205,20.372,111.804,211.015
755.037,20.354,112.294,212.589
759.781,22.604,112.714,211.804
762.877,27.558,114.572,208.707
763.187,29.107,114.572,207.778
763.589,29.120,118.097,203.733
764.234,26.606,116.185,204.722
765.534,25.259,116.054,201.243
766.005,20.870,116.338,201.755
769.283,19.939,115.608,198.711
772.733,18.482,118.728,198.892
775.489,20.402,117.524,196.898
776.976,17.706,121.861,194.368
777.508,0.000,121.413,183.609
779.582,0.000,122.053,162.404
780.230,0.000,120.192,175.719
786.755,0.000,125.484,174.039
793.821,0.000,123.494,174.679
797.915,0.566,125.012,185.019
800.710,0.461,124.298,191.017
798.659,0.000,125.314,205.233
798.368,6.590,122.683,207.791
797.057,17.144,125.946,204.582
797.306,21.651,126.413,201.681
805.531,25.315,123.389,200.427
814.909,27.514,124.487,199.810
820.650,31.459,123.422,197.917
823.487,17.368,117.121,197.289
824.773,0.000,117.596,176.334
821.801,0.419,118.921,159.909
807.533,0.017,125.091,176.452
797.750,0.000,116.678,176.348
794.640,0.882,116.580,179.752
790.839,0.000,119.540,182.444
780.541,0.000,120.920,194.107
775.377,0.000,115.608,199.476
765.659,0.000,117.099,205.583
754.311,8.352,116.185,210.314
745.388,16.117,117.121,210.128
738.604,23.479,116.552,207.030
732.159,23.690,118.239,207.230
724.156,9.056,121.072,202.622
714.119,0.000,124.522,206.346
704.119,7.467,120.114,202.974
688.201,5.152,122.561,199.475
673.384,3.740,121.192,200.107
650.768,15.906,122.169,213.796
639.029,69.077,121.049,212.322
623.438,114.859,121.399,203.295
614.284,132.493,120.199,201.381
607.689,149.972,120.299,203.823
606.362,163.432,119.817,202.936
605.088,167.819,119.244,201.341
603.919,170.170,118.479,203.462
602.172,170.465,118.861,202.251
600.715,154.473,122.398,203.790
599.947,140.338,120.772,204.238
598.660,111.245,120.199,208.932
596.597,104.072,121.155,203.299
599.369,108.018,120.008,207.030
578.880,125.043,127.526,208.650
567.511,134.635,123.805,197.958
567.937,138.262,123.581,194.467
569.149,147.891,122.088,199.441
568.913,164.132,119.435,189.470
569.604,173.943,118.653,191.532
569.710,177.855,115.422,189.449
569.375,180.477,113.129,190.423
568.287,182.444,112.364,191.784
566.816,186.856,112.364,193.843
556.478,190.058,113.824,189.215
547.207,188.773,113.247,198.255
539.598,169.941,115.858,198.699
534.367,137.203,115.388,201.625
528.485,124.618,112.480,203.870
525.308,141.064,111.560,202.808
522.363,142.487,114.738,199.964
522.740,143.641,113.379,206.143
523.097,156.398,113.277,196.856
521.102,157.303,114.275,201.627
521.059,163.525,117.403,196.178
520.147,162.461,116.186,197.395
537.617,162.331,117.623,196.745
553.473,164.128,118.205,194.977
574.861,171.892,114.969,203.174
597.750,195.410,112.358,196.550
608.687,188.615,118.762,196.151
608.465,196.523,116.454,196.535
610.912,198.691,115.804,194.017
613.587,169.937,111.056,189.995
612.050,148.767,114.711,195.650
617.780,158.048,115.258,204.702
622.492,162.873,113.832,194.745
634.089,161.260,113.595,193.201
639.863,159.373,113.913,192.228
645.882,158.943,113.721,191.608
648.344,159.252,117.077,190.988
653.245,159.758,117.163,191.177
653.095,157.660,118.062,192.375
653.002,158.224,115.231,192.453
652.479,157.254,117.173,192.902
652.341,153.724,114.738,195.146
653.376,154.510,113.867,191.476
652.658,114.545,112.642,194.241
650.934,95.279,116.682,196.050
649.955,70.125,115.613,197.934
648.344,42.072,115.804,196.442
647.024,33.634,115.422,207.578
644.255,34.451,118.169,200.980
650.251,32.468,118.523,204.021
655.908,44.098,115.313,206.628
658.225,53.429,116.551,205.279
658.286,59.766,115.811,202.514
656.087,59.214,117.142,204.538
656.349,60.373,117.859,205.013
661.760,59.575,119.484,203.807
667.725,59.553,120.060,202.914
673.978,77.530,115.683,204.477
676.660,83.933,116.174,199.068
678.691,86.892,120.642,202.594
681.391,91.424,119.626,202.925
683.768,91.124,119.244,202.589
682.403,93.782,118.861,199.140
686.674,83.649,120.488,203.998
689.113,83.233,120.008,201.689
691.773,78.737,119.053,203.823
695.423,77.013,117.683,207.896
696.644,76.993,119.626,208.562
699.864,78.207,119.192,205.187
700.587,81.529,119.000,205.431
701.213,84.974,120.878,205.431
702.308,87.626,121.844,203.915
701.677,86.679,124.054,202.652
703.984,84.448,122.616,203.937
703.227,83.186,124.763,201.078
703.446,83.186,124.960,200.761
703.763,80.173,121.155,203.616
684.103,82.864,122.087,204.527
677.381,81.897,126.663,205.511
673.495,84.149,127.326,202.622
664.785,59.691,123.839,206.185
645.064,49.767,124.222,211.946
637.590,56.891,125.513,212.006
626.847,50.848,125.765,215.271
619.181,51.013,127.251,213.952
612.044,50.192,132.266,214.602
612.092,51.285,128.798,215.114
611.524,50.229,126.936,213.893
610.280,52.514,130.085,213.287
612.593,50.382,124.791,215.882
616.158,56.108,123.906,213.632
619.818,60.340,122.775,212.984
625.535,64.231,124.286,212.322
633.701,67.966,123.562,213.957
639.468,71.710,125.055,212.332
649.157,71.547,122.637,211.680
654.978,72.199,123.902,212.957
657.099,72.674,124.212,211.031
658.263,72.513,125.127,214.271
671.021,63.983,124.840,212.654
677.341,62.024,125.899,211.354
684.104,53.695,126.092,217.231
690.104,52.197,131.008,219.231
693.201,51.244,132.276,220.121
692.371,49.920,132.568,221.744
695.512,48.918,131.092,222.718
696.730,48.729,132.078,219.674
698.628,47.345,131.692,219.031
700.522,45.965,136.068,220.770
703.288,46.990,131.926,219.067
705.205,45.465,131.499,218.710
707.096,44.088,131.113,215.690
706.666,33.089,132.647,209.408
703.587,17.340,135.469,213.547
698.417,11.010,136.268,208.150
694.397,0.000,138.913,208.818
692.891,0.693,138.515,198.902
691.065,0.827,141.503,191.992
687.529,0.000,139.660,194.552
681.421,0.000,141.311,199.297
666.354,0.479,148.250,207.752
655.143,3.567,145.738,227.211
644.250,17.387,146.401,230.891
634.609,38.946,146.169,231.220
628.902,56.250,147.274,230.851
630.179,70.520,141.029,229.633
630.098,83.765,141.911,226.913
630.654,95.933,137.207,235.263
624.444,121.846,141.714,230.914
624.314,138.066,138.353,227.450
623.876,151.631,135.678,223.762
623.374,157.515,137.378,222.454
617.126,158.437,140.070,220.960
613.908,159.390,142.984,220.814
611.419,157.759,144.405,209.139
607.371,125.496,150.063,210.645
604.400,102.238,151.376,217.625
602.260,97.945,152.746,220.755
599.949,99.856,156.633,220.978
598.511,88.849,156.528,221.748
593.927,82.170,161.963,223.539
590.285,78.057,160.100,226.046
584.679,72.686,161.032,224.607
583.728,69.260,162.174,225.749
578.597,62.962,167.455,223.784
575.093,48.465,169.422,225.250
576.088,42.167,166.649,225.329
573.234,34.880,166.147,224.376
569.301,29.513,166.665,222.735
570.096,12.831,164.305,210.588
570.630,0.000,160.628,184.836
567.067,0.257,157.744,152.911
556.948,0.000,168.335,143.300
558.037,0.000,162.423,137.615
548.155,1.386,171.699,130.947
567.372,0.000,150.375,141.297
562.511,0.000,154.545,172.315
560.405,0.000,158.105,199.836
560.386,0.000,155.294,218.882
556.074,5.331,155.058,237.016
558.399,30.602,157.314,238.656
565.628,55.599,157.995,234.081
573.750,69.793,159.084,239.205
576.716,82.345,168.390,226.213
584.335,82.150,166.045,228.947
590.879,81.516,159.980,223.972
587.827,69.886,164.189,225.618
587.490,65.596,164.862,224.567
594.424,64.248,157.929,224.953
599.459,62.059,153.893,226.313
603.163,64.978,147.233,220.849
599.487,68.854,148.806,223.210
606.788,87.465,144.414,224.280
601.917,103.437,148.394,216.468
605.813,110.524,141.320,222.740
606.858,117.116,144.912,225.183
608.425,119.757,138.162,226.774
591.319,120.711,139.034,230.895
578.340,123.174,135.939,228.837
581.325,125.636,139.858,226.033
581.443,126.456,136.060,229.379
584.397,107.810,130.860,223.170
582.761,90.396,130.709,228.228
568.611,97.006,128.245,231.946
569.222,98.382,127.714,229.885
574.053,93.558,126.974,229.925
564.316,94.919,132.078,224.122
563.143,94.617,131.320,225.760
561.248,98.926,127.529,223.692
559.069,109.659,128.842,222.853
557.352,120.013,129.224,219.104
563.971,127.066,120.706,219.834
570.181,133.589,123.290,216.898
575.468,133.254,117.304,214.620
575.671,123.983,117.534,202.031
577.645,87.956,117.906,198.156
580.266,38.856,121.237,202.979
579.624,0.860,128.490,189.751
605.100,0.688,126.001,187.594
607.800,0.958,132.599,193.207
607.402,0.081,134.677,201.375
618.038,0.550,136.152,227.798
622.985,20.285,137.896,251.106
625.222,50.802,140.503,243.737
627.267,59.983,141.602,239.833
630.138,59.545,141.029,237.016
633.275,48.791,139.882,231.062
636.943,28.534,137.589,234.837
635.142,22.411,141.911,230.155
635.570,9.815,142.141,224.966
639.302,0.000,143.272,213.275
638.102,0.184,142.171,195.398
636.114,0.452,130.464,184.851
610.489,1.087,144.376,187.004
608.615,0.000,147.466,192.022
616.600,0.930,151.389,218.148
610.466,1.263,158.929,233.484
607.392,12.325,158.905,237.972
605.892,21.558,158.013,237.798
601.825,24.775,165.371,241.069
602.173,32.594,161.479,246.215
604.669,49.116,157.285,243.512
606.930,66.289,159.420,238.934
610.064,78.705,153.934,237.933
612.309,81.182,150.594,237.579
613.383,80.684,149.204,234.787
617.544,71.434,149.875,221.815
620.905,26.043,143.882,221.666
622.741,0.000,146.648,203.404
616.561,0.000,147.948,210.935
609.189,1.133,151.374,201.596
604.451,0.525,149.661,198.965
597.357,0.000,150.368,215.462
591.500,9.042,150.195,244.202
591.394,37.906,146.570,231.366
585.781,41.509,151.898,233.377
583.275,46.927,153.139,233.103
581.937,48.509,152.788,237.125
583.618,51.189,147.902,236.338
579.738,66.831,149.675,239.106
580.731,82.623,148.825,230.243
582.489,83.203,146.050,231.678
578.932,84.536,149.483,230.851
576.259,72.302,148.874,228.894
573.801,66.232,150.092,227.356
571.953,62.720,150.092,226.617
570.209,63.797,149.889,226.310
573.260,98.053,150.792,229.322
575.707,127.111,152.596,224.428
572.679,129.973,158.653,222.782
571.394,140.789,166.873,226.390
567.262,150.068,170.856,224.176
564.558,151.698,177.830,226.400
575.142,154.832,177.552,226.158
585.684,157.982,180.139,230.289
584.020,164.270,178.167,226.683
590.250,146.494,168.924,223.222
591.531,117.786,166.361,217.280
589.057,77.576,167.123,224.227
617.953,63.302,162.444,223.312
633.610,61.363,162.768,230.239
634.354,67.153,162.831,224.087
640.763,68.216,156.138,224.257
645.393,71.685,150.624,227.060
641.485,90.818,148.074,227.664
639.780,110.890,148.544,221.713
638.510,119.330,147.452,224.083
637.579,131.585,146.765,226.521
636.099,137.117,147.169,231.526
640.182,140.496,147.874,235.859
643.772,140.557,144.436,238.731
647.600,136.523,147.188,233.419
659.577,94.364,141.050,225.310
660.095,54.147,145.729,242.167
654.713,52.593,142.951,237.751
647.183,59.236,147.674,237.386
640.837,53.533,144.629,235.304
636.361,46.401,145.459,237.755
627.582,49.528,145.525,233.361
564.853,61.360,140.659,247.723
521.582,82.831,143.496,232.433
517.268,77.641,148.467,236.962
511.104,81.913,150.275,232.926
506.059,81.849,149.875,227.435
501.884,75.049,147.874,233.641
490.218,78.725,149.619,233.361
474.100,77.536,156.784,238.731
469.633,79.195,154.877,221.862
459.101,39.054,166.662,243.869
456.040,47.144,161.481,256.754
412.838,60.549,169.197,243.807
410.402,64.509,162.681,264.357
402.888,115.306,166.083,247.049
406.818,159.313,159.441,245.044
408.982,204.674,155.905,253.247
397.452,262.893,163.454,237.426
390.485,270.443,166.745,232.971
385.051,275.624,164.589,232.082
383.629,281.347,161.173,226.111
382.427,286.625,162.813,224.346
381.937,277.485,163.027,218.517
400.754,248.132,174.492,218.682
432.842,225.248,163.911,215.940
423.262,214.562,171.393,230.157
435.782,220.670,172.601,243.789
458.013,230.032,168.800,231.227
451.402,234.059,174.899,236.627
448.452,237.541,177.541,235.364
449.653,239.827,178.822,238.157
458.076,245.687,180.571,235.528
462.518,247.068,182.829,231.528
462.534,246.731,188.150,229.320
463.075,247.487,193.720,229.471
462.826,246.536,198.861,230.527
501.808,252.478,195.922,224.646
540.519,252.605,200.020,225.233
557.613,245.311,198.999,215.583
551.362,230.764,200.718,226.016
568.610,216.761,197.763,206.287
580.992,176.412,196.846,215.844
579.128,149.792,205.528,231.528
583.630,159.434,206.131,232.334
580.209,152.023,208.154,235.324
575.253,156.663,210.530,236.237
570.624,152.380,205.493,243.911
564.452,154.659,208.872,241.593
554.209,155.379,210.921,236.555
520.583,151.118,217.798,238.370
504.475,153.965,218.989,235.870
501.984,150.354,218.964,239.450
489.119,153.230,220.408,233.239
483.623,145.528,216.881,233.669
471.720,142.020,220.855,233.025
471.770,142.704,219.846,228.022
513.563,87.735,209.769,225.009
512.690,55.747,214.562,230.665
532.707,52.205,194.562,243.092
516.832,57.548,212.821,235.888
522.280,55.682,206.413,234.234
531.279,62.304,195.017,232.876
545.579,61.823,175.806,258.588
549.846,120.283,174.099,244.933
541.743,147.597,177.067,239.123
549.484,150.916,168.180,246.499
553.664,175.094,163.897,247.884
556.487,191.247,165.518,242.625
570.239,170.134,158.474,236.708
573.489,136.124,158.954,235.330
577.463,101.622,166.493,235.027
592.564,76.108,166.007,236.134
590.781,73.731,168.780,245.643
600.154,109.304,159.004,245.030
595.084,142.899,160.450,246.603
597.262,169.438,154.501,242.105
591.653,193.693,159.524,241.222
594.446,223.983,154.722,242.294
595.820,238.902,152.751,235.718
597.678,241.183,152.836,231.536
593.485,250.725,155.196,232.040
583.639,255.730,154.357,226.973
587.379,255.311,152.872,224.812
584.381,236.689,148.474,225.310
583.185,217.152,153.065,225.203
586.867,189.627,151.648,227.472
589.840,179.964,146.444,233.419
594.948,180.065,147.334,233.587
598.738,181.264,146.444,235.649
599.384,181.850,146.269,234.849
599.766,178.268,144.020,234.218
602.652,179.556,141.926,232.008
606.790,177.163,138.735,233.163
608.443,184.250,139.030,231.596
607.559,194.090,141.517,227.720
616.452,196.089,138.836,228.037
616.060,193.994,143.184,225.105
621.470,193.247,142.433,223.002
616.358,193.821,146.952,223.637
618.650,192.690,140.914,205.198
612.457,161.405,144.104,220.414
593.555,176.379,144.098,225.421
562.450,176.918,137.419,223.622
552.145,174.246,131.340,231.776
557.757,176.303,129.195,232.201
554.406,177.308,124.456,230.884
530.018,172.167,134.509,235.731
506.320,173.756,132.328,231.484
493.582,173.073,131.153,233.550
473.944,175.528,131.854,231.446
465.041,175.159,130.778,232.883
455.599,163.270,131.827,225.890
457.909,117.551,132.047,220.539
461.065,70.994,135.985,229.261
465.750,60.069,138.995,230.244
473.640,58.425,138.257,226.369
477.600,51.898,135.296,227.736
480.540,49.009,134.340,227.886
487.480,48.795,134.467,227.264
494.483,52.122,129.565,223.412
500.671,60.264,130.817,230.634
506.279,82.752,133.507,227.379
513.061,95.326,129.010,226.638
529.319,102.230,128.656,229.597
545.119,112.400,133.539,228.530
575.872,120.364,130.079,233.932
576.664,127.340,129.195,229.757
588.795,129.692,135.653,227.814
606.964,114.351,130.305,227.506
617.314,115.740,133.733,227.484
621.678,111.461,137.226,224.868
625.583,109.249,139.967,237.030
627.006,139.146,140.767,234.126
634.836,167.834,139.654,229.120
650.220,186.760,140.764,226.369
650.855,204.445,140.568,231.061
659.102,221.149,133.452,219.294
662.776,229.707,130.900,220.338
661.553,232.042,129.945,221.451
660.290,229.997,131.452,220.106
674.234,211.618,129.795,227.227
682.083,201.166,129.908,229.229
683.433,185.462,127.899,230.218
685.865,176.505,129.564,235.072
690.503,175.851,129.380,234.982
697.230,179.511,131.988,248.962
700.757,226.271,130.019,239.337
700.782,228.684,130.675,235.216
726.437,231.809,129.233,236.692
726.621,235.998,133.767,232.866
730.286,237.296,133.148,234.862
733.462,243.161,133.525,231.632
734.015,248.042,135.940,230.323
735.400,247.742,136.712,227.382
734.533,246.297,134.913,226.739
736.157,243.409,135.168,229.365
738.849,214.552,134.722,219.012
749.077,174.343,133.883,222.679
752.415,170.919,136.886,235.058
754.769,182.490,137.207,225.924
744.020,184.359,142.481,228.887
737.861,184.873,144.672,230.391
734.135,184.147,144.079,228.918
734.893,183.318,148.382,232.756
736.136,197.718,146.641,240.804
735.724,208.273,143.704,233.613
731.306,205.541,144.473,232.844
731.574,215.479,140.264,234.263
712.364,233.099,143.457,232.073
716.898,251.632,139.500,233.717
712.142,261.794,143.949,227.497
713.129,265.440,142.699,224.552
722.786,248.233,138.450,220.588
731.781,232.114,135.168,222.011
741.817,235.304,136.936,223.604
750.055,228.747,135.168,216.058
750.915,221.122,134.473,220.016
756.456,216.699,134.767,223.348
761.695,219.013,130.884,221.497
766.068,218.540,128.621,226.878
773.578,218.378,130.025,230.965
776.446,218.599,130.884,231.218
779.565,220.704,129.173,234.669
778.601,222.278,130.404,228.382
776.397,175.040,126.862,223.305
773.743,112.713,128.798,227.926
760.929,82.887,138.641,230.954
680.172,93.776,139.332,238.189
641.163,112.948,127.639,235.949
645.182,115.495,128.639,227.726
648.164,111.822,133.985,231.303
639.683,116.380,131.901,230.650
620.784,130.445,136.876,233.598
582.485,146.237,132.526,225.653
545.589,146.211,134.315,222.243
520.318,142.403,135.700,220.858
539.287,139.817,136.936,222.564
560.899,142.350,129.030,219.246
539.563,110.909,136.014,207.724
535.523,93.234,134.667,221.191
559.994,67.980,122.022,221.231
564.389,59.767,121.791,219.553
561.062,52.895,125.168,222.484
563.830,53.194,121.971,224.226
560.238,84.834,121.538,227.842
555.706,93.141,127.270,221.556
553.452,98.026,128.416,222.879
566.183,102.785,133.097,221.490
580.493,119.364,125.784,227.167
587.166,140.152,128.017,214.716
591.717,137.231,130.541,215.244
591.197,113.607,128.225,214.156
590.634,71.767,130.345,210.608
600.750,59.993,126.033,221.884
608.212,95.635,127.174,229.247
608.931,153.541,126.418,232.336
605.222,196.270,130.748,226.150
603.483,225.711,131.130,222.679
610.194,253.904,122.497,224.464
610.324,269.807,122.901,220.226
609.798,276.076,123.295,220.546
607.063,269.801,123.482,220.880
606.639,263.516,123.669,223.530
593.511,269.667,128.269,225.554
574.862,271.386,125.367,223.139
581.908,251.234,126.693,216.853
580.482,187.931,121.905,213.251
555.284,138.388,141.648,213.924
512.441,103.440,131.799,216.527
500.561,78.803,128.166,223.868
489.349,71.010,130.580,223.174
493.480,81.804,128.810,230.286
486.193,102.507,127.873,223.003
484.187,103.765,128.842,217.105
483.013,106.898,127.843,217.534
477.428,114.078,131.662,217.877
472.711,119.909,133.633,216.729
472.756,124.709,134.224,213.600
473.391,128.402,133.633,212.659
478.077,132.080,128.989,211.718
477.663,129.980,130.479,214.926
482.908,101.030,126.358,219.200
486.450,61.038,125.604,220.889
491.861,62.707,128.128,224.891
493.426,60.344,129.754,222.144
494.351,56.439,131.306,222.471
493.280,54.074,130.367,221.727
501.913,66.143,128.773,230.634
509.001,102.070,131.166,229.195
514.870,115.987,128.454,216.636
519.281,111.357,125.981,211.862
518.148,117.830,128.902,213.311
517.494,123.507,126.887,211.922
503.163,122.486,126.671,210.681
510.227,121.172,125.631,212.329
508.918,130.823,124.976,210.366
510.370,135.036,121.424,217.848
515.068,134.538,125.055,214.612
518.854,129.283,123.718,218.885
521.703,129.277,124.284,221.205
537.009,129.601,122.901,221.223
548.275,130.597,120.840,219.890
552.509,134.050,116.945,236.831
553.677,163.510,119.274,223.555
557.042,151.947,117.125,223.453
552.068,157.996,123.830,218.485
557.367,157.956,121.791,219.224
559.700,155.351,123.341,217.891
560.988,157.315,121.421,216.588
561.961,121.459,124.021,202.265
565.614,58.621,121.155,210.910
571.124,38.253,123.582,215.148
576.729,39.334,125.439,206.125
570.505,32.218,124.354,211.982
572.853,42.286,120.310,217.209
572.159,48.289,121.050,212.322
577.444,47.825,118.829,215.499
588.119,67.714,112.231,230.555
590.756,114.049,117.267,234.533
594.249,156.578,116.922,227.534
594.238,183.126,119.232,220.498
594.116,182.015,120.125,210.706
628.686,162.135,123.002,206.173
666.288,122.143,121.409,206.173
664.927,100.783,129.197,210.894
688.523,115.628,124.991,218.570
724.526,148.745,127.499,212.939
741.722,184.559,129.095,217.579
757.262,211.781,123.861,206.771
760.191,222.175,126.982,204.581
741.403,236.057,122.611,202.631
722.216,237.940,122.475,201.390
721.781,232.281,120.199,202.639
720.600,227.923,123.187,206.666
719.540,234.079,125.946,212.254
722.223,240.597,125.168,209.050
721.271,242.362,123.830,207.464
724.092,241.396,118.829,186.273
725.070,161.904,117.471,188.132
732.609,83.631,119.357,209.545
739.723,69.023,120.330,207.728
747.323,69.657,120.330,221.344
737.582,116.303,123.152,216.904
735.034,142.964,124.976,216.909
732.908,177.244,121.317,225.820
728.559,229.128,126.696,223.543
719.754,274.814,134.867,206.684
710.329,286.595,139.014,203.508
698.025,283.645,144.431,198.634
687.822,282.907,145.504,200.449
666.819,282.191,148.502,202.223
666.775,282.622,148.590,203.444
642.189,229.755,205.423,206.119
753.969,133.307,139.326,205.279
737.271,116.396,153.417,212.684
730.793,120.744,154.799,212.307
756.984,108.500,174.327,210.645
829.951,105.622,169.208,211.414
856.995,137.106,151.097,220.776
832.346,220.433,154.684,219.775
818.869,274.205,163.918,206.743
848.843,283.562,168.489,203.145
888.976,267.627,163.843,204.618
910.028,276.432,162.807,211.943
911.784,299.778,159.296,197.631
911.517,259.719,155.923,191.441
890.473,219.394,154.393,187.280
870.238,174.381,151.939,189.072
853.275,146.477,160.088,198.075
793.144,163.478,165.855,210.440
776.164,184.506,164.268,194.951
718.250,222.524,141.839,228.876
711.984,270.597,144.272,205.948
716.466,276.233,141.521,200.890
697.069,274.027,144.185,193.484
638.306,285.429,148.258,219.207
616.000,302.931,128.941,206.234
573.979,304.456,130.012,207.105
539.071,298.892,134.095,200.814
522.309,280.651,130.151,207.059
532.826,255.015,131.794,199.499
552.946,227.172,133.112,201.940
545.665,181.781,132.578,194.929
529.803,141.361,137.563,206.183
522.721,138.244,138.576,203.987
519.962,145.298,134.667,210.418
515.142,165.877,134.867,206.010
517.177,174.788,136.136,196.196
517.195,171.138,132.828,196.625
520.172,171.058,132.701,195.492
519.409,170.715,131.001,194.887
522.158,168.588,131.266,197.219
520.781,169.261,130.797,196.518
523.232,167.639,126.537,197.835
524.436,166.176,124.763,197.278
529.013,128.157,120.008,198.861
533.678,90.323,121.498,192.603
538.095,43.651,121.849,197.775
543.412,12.374,122.088,196.645
551.109,1.211,119.720,201.291
525.849,0.583,123.952,187.947
509.884,0.000,121.039,192.977
523.868,3.418,118.481,195.326
514.562,5.115,120.947,194.368
515.140,2.167,120.711,197.193
483.368,18.219,112.223,202.187
462.558,20.975,114.627,191.247
453.126,11.881,110.946,192.525
428.414,10.985,110.620,194.902
420.777,12.544,110.011,201.785
430.464,31.744,109.123,200.952
439.935,23.350,108.573,196.678
437.155,6.679,111.498,201.633
455.686,7.846,111.356,192.096
472.082,6.569,111.689,204.323
475.870,58.491,111.981,201.263
480.149,91.476,111.241,205.945
489.690,120.783,119.139,196.139
511.297,144.457,108.072,199.306
511.210,177.927,108.834,201.491
520.536,204.510,108.573,194.008
530.645,206.764,110.736,191.826
549.849,207.600,114.617,189.570
583.545,209.414,110.975,191.846
594.627,210.097,111.308,189.603
601.951,175.630,110.635,181.384
617.275,117.126,110.337,184.651
625.027,66.630,112.829,188.524
632.945,39.067,111.015,196.030
639.375,47.206,107.616,197.788
644.687,75.108,106.341,205.379
648.697,120.049,102.171,205.527
647.846,145.343,103.872,194.687
647.408,149.894,108.733,195.265
648.112,158.866,111.409,197.444
645.872,173.792,116.779,198.792
638.959,187.135,117.789,192.246
638.828,176.952,110.823,195.447
636.489,158.879,112.555,190.637
635.310,156.873,111.982,189.959
641.052,124.769,108.094,179.378
655.811,104.952,110.341,180.280
660.389,68.186,111.078,191.631
671.522,49.188,113.061,193.401
686.295,41.348,114.905,195.754
701.427,62.687,112.856,197.799
708.196,88.893,113.677,196.242
709.991,98.765,114.275,189.661
716.449,100.192,121.689,183.565
743.490,103.726,115.472,184.874
735.380,107.199,118.229,190.805
737.973,111.204,120.861,191.815
738.594,112.209,120.230,193.772
738.801,112.203,120.427,179.113
741.656,104.102,115.600,172.370
744.340,41.618,115.600,169.020
747.233,0.000,114.857,176.273
751.055,0.312,118.904,172.226
724.801,0.719,121.537,198.930
709.025,14.928,115.439,197.273
724.141,21.710,123.882,197.002
724.802,22.975,119.435,196.036
724.722,27.770,116.835,199.938
728.338,41.404,115.420,196.550
668.102,66.378,122.169,197.883
653.576,82.241,116.995,191.361
666.526,72.145,115.965,186.382
687.972,67.513,111.377,193.289
699.026,81.349,111.879,194.101
671.734,62.997,110.385,181.221
629.809,52.809,115.522,190.271
645.672,35.919,121.831,193.147
663.279,36.968,119.176,197.500
636.250,51.558,125.012,194.735
613.087,53.878,124.750,193.847
608.768,71.329,122.481,195.720
594.641,86.378,124.993,198.499
586.114,108.923,121.528,196.339
575.773,119.911,120.570,194.767
567.061,130.818,121.741,188.898
562.950,132.957,121.461,188.264
558.913,135.083,118.942,187.644
551.075,135.870,115.173,187.567
545.714,109.935,110.011,185.313
536.338,64.098,113.599,184.276
531.153,40.668,119.334,189.138
514.154,37.225,121.463,193.017
490.862,47.258,114.995,200.858
488.746,66.478,116.186,196.482
491.151,79.372,115.613,198.237
489.540,108.765,115.804,204.627
487.044,126.644,117.715,191.672
459.915,142.207,117.254,196.625
462.578,154.748,112.536,191.616
461.193,154.664,115.894,188.842
455.765,148.988,118.459,190.719
456.270,150.689,118.352,190.628
456.519,139.273,114.848,183.096
477.903,124.154,114.224,187.466
490.456,115.579,116.966,187.321
507.112,119.058,117.176,189.262
534.991,123.052,113.893,184.852
555.897,120.728,114.224,186.594
562.760,118.785,117.151,184.636
576.549,148.049,112.261,182.092
585.179,183.011,120.180,187.710
593.557,194.488,111.241,184.299
599.875,193.191,106.058,185.745
630.413,203.127,109.083,182.460
649.907,204.760,113.904,185.413
644.554,205.756,119.952,185.751
649.486,185.852,114.275,181.285
660.521,148.558,103.156,171.734
699.300,109.907,112.253,172.245
700.813,79.837,109.784,186.967
706.316,74.830,115.145,186.356
706.432,85.341,111.982,188.200
705.457,87.888,111.027,185.432
699.521,76.945,114.857,183.772
703.379,73.917,111.218,184.004
682.454,72.474,112.364,181.159
626.950,93.642,115.685,184.811
601.096,97.083,104.767,186.708
598.572,105.275,107.013,186.013
603.464,106.140,109.100,186.543
614.597,110.577,108.830,188.239
619.709,115.550,106.058,188.898
612.039,77.538,106.082,181.247
605.665,55.163,107.169,190.183
606.599,60.119,109.307,189.713
608.142,53.084,106.798,190.217
600.413,53.359,106.830,190.238
592.701,67.927,110.258,188.810
585.953,78.480,111.610,195.751
583.713,100.838,108.982,190.127
573.372,116.950,114.393,188.158
567.728,115.300,117.459,182.648
569.001,111.058,115.500,188.200
568.902,113.367,116.288,185.058
569.491,116.627,115.697,184.117
570.079,116.660,115.106,184.344
573.969,84.007,111.409,171.488
595.370,46.924,116.188,181.475
603.473,63.547,107.539,191.535
609.494,85.965,113.619,188.119
608.945,108.912,115.303,193.147
611.645,123.655,114.084,187.552
632.336,137.109,115.207,193.770
634.896,169.976,110.685,186.071
638.751,201.455,108.442,189.557
610.848,215.260,118.016,188.079
601.282,227.606,108.228,189.027
590.902,237.560,107.205,184.312
567.334,244.097,106.460,183.630
572.380,241.224,108.134,170.045
606.346,174.946,100.505,168.957
563.898,145.833,111.503,171.824
517.939,130.035,113.073,179.032
513.455,141.422,103.507,186.198
530.719,160.258,103.190,181.903
535.076,161.677,101.616,177.965
547.936,161.307,102.809,179.244
546.372,162.376,99.690,176.292
525.293,163.925,101.206,179.037
523.317,151.791,100.843,181.464
543.101,130.273,99.507,181.119
552.022,128.691,102.350,181.865
549.935,125.938,104.065,184.913
554.214,126.218,95.508,160.753
553.335,58.465,91.310,164.258
555.603,0.000,103.932,153.340
571.949,0.000,103.577,133.006
583.297,0.200,100.160,130.490
565.101,0.835,102.414,132.428
562.691,0.000,103.038,132.088
557.441,0.164,103.025,133.395
563.204,0.700,105.343,131.620
575.263,0.000,104.128,157.888
557.011,0.929,102.395,180.410
542.079,25.005,104.500,184.236
543.152,46.197,102.911,176.340
556.589,46.466,131.851,175.263
616.726,22.290,141.359,172.129
668.676,0.000,98.017,140.819
647.620,1.050,105.098,115.913
668.992,0.000,87.339,126.666
692.022,0.362,99.195,136.262
704.321,0.889,102.338,141.269
718.916,0.540,101.301,138.116
723.328,0.000,104.806,142.157
720.691,0.000,98.094,192.411
707.832,37.326,105.928,178.289
706.869,46.681,105.103,175.538
706.354,66.416,106.949,179.066
712.161,92.207,102.541,187.069
712.438,115.071,105.867,174.043
712.131,107.291,107.025,170.587
719.094,72.423,100.135,163.464
737.402,12.260,103.220,160.336
748.821,0.000,105.885,168.686
764.028,4.588,105.983,179.582
771.180,35.286,109.075,186.117
770.115,88.139,112.061,190.475
760.300,122.506,120.278,180.270
757.384,133.971,117.859,181.208
762.467,142.048,116.473,181.733
758.398,150.812,119.952,180.801
760.525,165.950,116.288,177.974
741.735,161.002,119.868,177.497
734.475,144.286,117.443,179.670
736.423,131.346,114.420,176.725
732.720,107.845,113.857,168.224
735.329,62.533,109.193,170.440
731.474,30.850,112.532,170.984
733.601,21.112,113.554,177.411
741.506,23.438,109.679,178.157
748.161,29.876,108.134,177.609
748.088,56.211,112.999,175.745
744.210,72.138,112.856,177.185
745.425,83.150,107.877,176.114
745.241,97.478,108.798,178.385
744.929,107.953,109.981,175.858
745.306,113.683,109.784,176.657
740.462,117.154,111.656,175.020
741.383,120.902,110.375,177.329
736.620,124.404,112.056,173.687
738.118,122.601,109.898,171.419
761.977,86.150,105.103,171.411
765.100,66.282,110.946,173.806
769.395,71.134,110.143,178.843
772.737,79.025,111.894,175.713
773.678,79.602,110.572,175.961
769.229,79.096,115.006,176.695
770.745,80.608,109.116,174.242
771.180,80.746,108.798,176.176
771.260,94.838,109.193,175.152
758.512,95.115,106.421,176.814
738.394,102.504,101.890,176.592
707.675,109.135,99.126,175.150
689.884,118.791,100.370,176.440
688.076,124.088,104.787,180.244
686.542,130.569,105.103,179.390
688.468,130.569,101.801,181.591
681.132,123.123,101.779,181.515
678.955,121.898,103.684,179.882
683.731,119.350,101.246,180.874
681.482,114.076,103.303,181.390
685.982,112.113,105.269,181.205
691.035,112.531,102.356,179.538
692.232,113.747,103.765,183.083
689.991,125.208,108.798,177.833
689.777,127.468,106.440,180.001
696.992,133.218,105.313,178.200
707.980,138.980,104.446,176.270
710.222,141.007,103.765,177.107
715.383,141.007,104.308,176.292
717.556,144.674,103.765,172.217
725.011,132.561,97.419,170.215
729.322,126.033,99.122,177.851
733.108,132.191,95.276,175.382
730.216,128.409,101.838,179.318
728.361,129.841,103.112,179.973
726.753,133.401,107.146,178.849
732.658,130.816,102.541,179.586
735.306,135.044,106.753,180.095
734.265,150.961,106.058,179.355
733.171,150.618,108.798,179.214
727.728,157.731,111.856,179.808
722.849,163.813,113.657,180.146
718.336,173.053,114.657,176.859
720.062,174.799,116.053,173.937
737.954,131.117,112.434,172.778
739.459,98.034,109.981,169.438
744.101,93.547,111.370,177.317
744.866,113.767,110.685,171.238
746.183,109.528,108.601,171.447
773.443,108.667,103.246,174.534
778.861,112.389,103.693,177.030
772.685,118.478,111.708,174.340
780.440,120.638,100.111,175.334
773.758,121.872,102.341,178.699
771.884,121.371,99.594,177.266
769.518,121.648,101.663,177.245
767.698,121.083,102.618,178.910
760.984,124.589,104.658,176.780
774.871,124.099,105.783,179.940
780.267,90.083,102.171,173.415
774.293,62.672,104.787,175.178
760.800,43.704,106.285,179.492
754.742,51.842,106.782,177.878
749.040,50.760,106.589,177.281
748.408,51.632,105.103,176.638
742.508,59.376,105.431,177.266
732.287,68.654,106.718,174.580
696.603,78.919,103.246,172.076
665.148,89.626,100.442,181.918
635.261,104.266,99.594,181.055
597.320,116.744,105.232,176.283
577.142,122.004,100.330,175.305
575.243,131.295,101.472,184.349
567.313,146.163,99.512,183.398
564.025,161.543,99.594,177.266
561.660,163.417,99.800,175.648
562.775,158.709,101.281,176.313
564.171,159.617,102.236,176.638
562.538,164.235,106.039,177.360
561.729,175.468,102.989,173.021
560.865,184.510,102.045,170.431
560.118,202.372,104.068,174.063
559.304,215.523,103.000,172.297
553.744,226.481,106.653,172.512
544.595,232.604,105.938,171.131
544.715,232.695,103.000,172.297
539.156,234.321,104.787,174.911
538.407,235.827,101.676,173.527
516.591,172.491,115.236,177.777
533.792,102.579,101.758,179.439
538.122,90.269,100.135,180.514
511.217,106.783,104.962,177.898
474.492,112.546,103.435,178.411
476.137,105.688,103.956,182.059
474.365,106.859,101.159,183.299
474.780,109.630,100.875,180.213
475.513,104.378,99.950,180.720
443.671,97.581,106.039,176.821
430.075,93.333,105.269,176.544
432.452,92.563,101.061,177.266
436.864,92.175,99.210,175.360
442.622,47.789,109.087,171.158
424.105,34.585,101.519,178.138
446.067,41.837,103.886,173.054
484.847,33.536,99.663,177.030
504.605,33.695,96.074,177.245
507.728,28.049,96.618,178.352
492.096,26.971,96.832,181.824
472.776,40.318,100.941,184.880
472.897,49.573,101.246,181.695
482.231,60.287,99.419,181.453
482.420,63.276,102.809,181.397
450.639,64.769,108.360,180.874
428.061,70.043,105.893,178.729
422.021,46.948,108.326,173.927
442.067,1.295,110.880,146.923
452.261,0.625,108.386,87.425
454.363,0.440,106.523,93.452
404.373,0.543,117.659,96.248
404.811,0.718,114.225,93.554
397.514,0.896,108.315,102.309
397.840,0.752,110.619,145.241
398.767,18.227,112.578,175.348
391.687,42.532,119.134,185.601
387.557,68.361,116.976,187.221
382.669,111.035,118.459,187.166
383.461,146.180,113.893,191.114
373.887,169.894,121.511,174.728
369.023,160.432,123.366,175.279
372.955,132.275,116.091,168.538
388.419,75.074,117.939,169.765
371.790,57.742,128.263,180.927
370.619,78.021,135.183,180.040
414.761,84.561,128.189,182.279
418.849,106.816,137.769,180.630
443.155,152.553,112.236,190.011
400.359,206.295,173.247,175.880
426.838,219.405,173.439,175.887
445.371,235.316,178.684,175.537
473.709,253.567,169.536,174.501
490.921,276.019,163.719,173.715
510.649,280.823,168.834,172.886
528.343,260.851,162.189,167.664
545.056,214.928,162.111,171.026
547.032,189.664,168.835,176.843
553.561,180.465,166.163,174.817
559.879,171.663,168.538,174.338
566.935,171.324,170.899,174.674
578.303,190.811,162.009,177.241
576.890,227.877,164.158,173.655
572.736,234.559,169.761,171.114
574.712,226.635,168.197,169.562
578.664,225.183,166.379,170.775
579.800,220.413,166.471,171.536
576.803,219.948,170.775,170.775
541.404,213.976,179.640,164.584
534.167,208.504,173.807,170.709
547.204,207.565,176.038,171.551
546.438,208.735,182.443,170.605
601.283,172.898,173.057,171.997
603.813,151.392,180.096,168.343
604.948,137.237,177.824,170.153
613.780,137.707,190.103,168.516
632.182,126.332,196.640,172.284
640.912,122.883,202.408,171.807
636.877,122.954,200.401,173.532
604.596,152.996,212.343,174.651
590.817,171.282,201.717,172.790
599.749,177.708,221.970,166.664
626.377,169.750,213.012,172.952
630.303,174.009,209.769,167.892
618.349,174.552,210.761,169.435
612.164,175.312,213.299,168.294
622.120,174.141,216.517,167.602
636.605,165.313,206.605,163.531
637.185,135.150,205.447,164.946
609.762,113.654,239.276,162.958
580.411,110.166,213.407,168.749
574.958,102.155,208.724,167.664
573.659,94.938,206.453,170.483
562.676,91.141,209.634,168.684
550.343,90.728,210.192,168.756
532.475,90.239,218.769,175.770
513.841,104.297,212.056,172.001
501.008,115.388,213.263,170.457
495.040,114.736,209.548,167.562
485.757,120.478,209.355,168.459
481.340,123.828,210.289,167.027
475.804,126.676,211.606,164.332
471.517,124.875,210.477,163.829
474.914,62.575,205.542,168.374
479.669,47.255,212.059,168.827
484.588,46.463,213.202,166.245
487.839,37.929,206.322,164.077
490.118,26.081,209.865,166.787
495.009,20.673,208.701,168.235
503.686,27.877,200.350,177.839
502.885,57.799,206.113,168.294
503.826,68.900,203.859,167.709
504.325,80.568,202.491,171.766
503.317,97.785,204.133,166.441
501.274,97.939,203.421,166.133
499.156,105.160,202.869,164.578
494.543,78.475,205.879,161.632
494.501,44.259,204.867,163.602
493.530,39.156,209.376,162.441
494.108,38.417,207.113,160.964
497.468,36.621,205.879,160.535
500.621,34.947,207.584,159.148
504.627,43.505,201.393,170.437
488.400,70.448,206.379,159.239
484.451,63.993,208.466,157.984
481.546,64.901,204.834,157.984
482.392,66.455,205.663,154.517
487.357,63.348,206.806,156.087
478.900,65.139,203.219,157.180
467.840,73.624,203.877,156.306
461.045,78.095,206.381,154.160
453.152,81.596,207.164,153.944
445.496,88.463,214.965,149.867
443.788,89.406,215.508,150.855
441.743,90.431,216.708,150.974
439.994,91.308,217.309,151.392
441.510,91.462,214.640,152.536
443.798,92.397,215.860,152.116
459.244,97.369,203.464,163.207
458.135,137.764,204.587,152.437
452.911,153.150,210.084,155.972
450.962,162.952,214.345,149.787
452.324,163.240,211.979,152.439
459.625,173.186,208.544,151.276
466.441,179.111,206.293,149.029
475.824,180.581,201.224,151.357
480.625,183.527,199.315,147.563
488.655,183.870,193.206,147.907
495.511,168.076,183.897,149.353
502.884,162.158,180.758,146.265
510.219,160.388,173.904,144.594
516.168,157.400,169.312,143.264
521.352,157.351,163.308,145.232
520.595,156.816,160.809,145.993
522.803,157.136,160.686,145.047
525.205,155.385,155.577,145.185
522.586,160.219,156.899,143.047
503.187,162.708,181.591,143.472
455.669,165.287,183.879,141.222
431.128,165.235,153.264,139.067
436.769,163.777,149.579,139.938
434.223,167.128,148.877,140.478
437.409,172.197,142.795,143.085
439.274,165.336,142.213,142.213
446.336,158.450,140.613,139.759
448.447,156.767,139.759,141.723
449.888,159.190,138.004,142.229
447.326,158.741,137.514,141.723
454.003,150.744,131.990,141.218
457.062,146.377,127.241,139.281
452.691,144.826,124.518,142.915
449.502,148.165,118.340,140.779
451.257,145.621,116.642,138.884
432.019,143.117,135.983,138.789
426.548,142.352,136.468,140.320
418.847,145.167,135.244,141.895
419.002,146.705,131.046,134.655
423.314,133.128,135.462,137.857
429.477,135.563,136.271,141.197
426.815,135.363,139.375,140.208
425.066,135.432,137.269,141.191
425.991,131.631,137.369,144.057
426.237,135.220,138.004,140.257
431.152,134.296,135.140,142.106
434.865,135.661,138.542,144.372
435.333,136.779,139.589,141.854
436.688,135.888,138.849,142.229
430.915,135.184,138.004,139.694
425.654,135.496,137.957,140.182
420.236,135.927,138.205,139.320
421.750,131.324,137.123,141.295
451.023,88.565,110.063,133.468
458.744,88.821,101.416,134.170
433.292,46.806,135.498,138.301
436.619,46.052,140.632,139.810
443.791,45.516,139.759,140.601
450.527,36.676,138.636,138.636
457.376,29.921,139.652,139.652
469.037,25.084,136.185,142.057
476.107,44.843,132.075,139.320
476.137,45.235,133.102,138.263
473.964,48.359,130.928,140.707
478.311,52.705,126.582,139.078
477.584,54.508,124.847,135.473
474.068,55.783,125.624,137.352
472.676,57.361,122.882,138.670
470.541,56.841,121.920,140.234
470.163,60.114,119.794,138.143
470.805,37.728,118.252,137.574
472.414,31.104,119.123,140.340
471.339,32.087,116.090,138.893
464.582,24.279,118.677,140.786
460.952,23.671,114.276,138.893
456.824,22.018,115.222,139.930
452.682,20.319,115.628,140.024
445.566,31.767,112.291,140.809
426.475,41.026,115.496,140.659
401.051,49.359,111.236,137.514
375.944,54.972,117.621,138.917
366.368,56.045,119.100,139.846
359.968,56.914,114.056,133.194
382.151,3.903,91.436,137.401
353.297,0.053,116.349,108.488
379.731,0.000,92.296,104.497
380.662,0.000,93.777,99.039
383.138,0.087,87.473,90.755
388.121,0.000,86.794,90.826
392.516,1.247,84.236,92.072
394.019,0.134,85.469,115.489
383.594,0.140,90.192,132.003
377.317,1.651,92.035,135.101
374.810,2.565,90.116,137.298
347.297,1.982,120.210,141.136
348.648,7.267,114.636,142.577
343.727,0.693,117.051,134.979
353.185,0.000,105.180,105.423
376.009,0.991,129.619,36.732
388.578,0.000,121.941,16.724
395.402,0.666,36.309,39.206
380.018,0.931,38.977,58.164
377.721,0.298,55.036,67.457
370.574,0.581,88.982,93.987
370.574,0.000,85.321,129.051
372.054,27.337,86.143,142.031
365.928,42.950,88.866,146.928
349.187,59.135,102.185,148.695
352.090,76.644,97.120,149.016
353.632,95.694,94.760,148.771
360.617,106.636,87.444,143.997
366.155,101.817,95.236,139.484
418.857,59.699,90.366,128.500
415.416,19.785,91.414,142.847
399.949,30.035,89.813,146.633
412.409,47.434,89.285,144.973
436.749,36.202,83.946,143.484
461.154,22.077,84.769,144.942
465.335,35.244,82.181,147.926
475.249,75.599,87.339,143.943
480.285,91.417,83.107,146.896
481.154,99.638,84.464,142.174
511.527,102.426,85.428,141.648
543.432,104.640,84.494,145.382
558.137,120.693,78.405,145.261
558.036,128.387,81.598,145.893
568.011,136.844,80.885,140.566
581.966,140.695,80.743,140.767
589.870,144.647,85.443,140.767
594.818,144.975,84.769,143.405
596.518,147.912,87.560,143.722
592.231,178.444,89.845,141.281
605.342,185.462,89.117,142.136
627.114,196.292,91.824,144.392
616.987,226.055,90.401,145.057
619.938,256.334,87.713,137.080
620.751,264.701,86.526,140.331
616.804,275.963,88.244,141.191
619.781,282.606,85.420,138.863
619.742,282.460,85.935,140.026
619.666,285.712,83.891,140.331
644.202,284.937,81.821,143.622
654.501,271.424,89.015,140.469
655.306,262.099,85.387,141.863
654.760,265.965,84.273,138.323
648.272,258.840,85.795,136.580
648.931,250.667,82.528,136.896
653.540,238.775,78.849,138.519
654.398,232.367,80.069,137.710
653.154,232.565,82.978,136.683
646.694,234.630,82.046,135.110
640.218,233.364,83.809,133.841
640.550,220.321,81.025,137.021
639.686,212.622,80.642,134.896
639.022,197.892,79.878,135.291
634.427,162.318,80.328,134.019
633.803,111.957,78.039,138.389
637.028,99.366,76.999,143.384
619.296,96.293,92.456,141.316
590.832,92.260,79.732,142.509
588.831,93.879,84.161,143.971
603.556,101.887,82.067,140.749
598.557,108.805,80.450,138.314
593.605,121.597,85.076,139.752
558.537,141.193,88.974,138.598
543.587,137.921,90.825,144.252
537.448,148.873,92.562,140.905
534.806,148.227,91.446,141.055
531.820,144.552,93.777,147.721
528.286,146.785,97.075,146.083
525.759,152.536,98.311,146.990
527.753,141.573,94.804,145.575
529.072,141.239,99.925,147.419
531.626,139.338,103.084,147.575
534.731,140.224,107.993,146.050
532.112,136.755,112.728,146.446
527.537,159.838,111.851,149.649
525.158,186.982,113.240,147.963
520.364,197.995,116.349,144.853
518.709,197.065,114.978,145.673
516.598,203.824,115.054,147.963
515.370,208.083,118.553,147.016
522.779,214.110,119.085,145.812
536.890,216.493,119.124,143.952
545.075,216.645,116.124,138.405
541.384,173.016,105.463,144.598
545.926,148.689,110.958,142.590
551.989,141.573,107.154,142.451
552.574,146.683,105.983,144.365
557.031,143.588,101.526,141.888
557.745,141.384,101.542,140.041
561.747,144.114,97.834,137.922
569.025,144.453,102.584,139.802
568.931,148.561,92.686,139.270
570.662,151.050,85.355,139.072
573.208,152.754,80.700,136.754
553.325,152.474,83.400,139.000
542.632,151.685,79.344,142.301
546.928,153.363,80.980,140.650
541.707,154.053,79.889,132.863
543.636,136.397,76.443,139.664
546.236,143.269,76.628,137.517
550.420,139.039,81.213,139.193
549.471,139.163,83.751,141.716
551.214,142.189,80.700,138.281
552.629,142.346,80.833,135.851
552.075,141.777,82.571,136.148
551.690,158.188,81.216,136.493
550.921,162.258,83.176,134.685
553.481,169.787,81.025,133.627
555.610,179.443,83.024,132.255
552.160,186.321,86.563,130.475
557.296,191.462,83.325,128.929
564.496,179.737,82.003,128.922
590.246,163.199,85.121,121.807
604.028,133.481,82.253,127.156
601.263,116.864,79.170,132.291
600.852,116.146,78.144,132.906
596.247,102.387,78.783,135.116
591.425,94.121,81.195,139.044
590.254,91.613,81.407,137.241
589.694,85.960,80.622,139.025
588.644,86.326,83.358,136.172
540.822,78.582,85.229,139.058
527.819,80.279,86.371,132.392
540.815,81.386,84.572,134.245
541.235,78.873,84.161,132.863
567.445,70.185,80.622,134.158
563.114,63.209,81.981,137.887
585.991,53.943,92.275,141.290
646.988,40.686,112.250,134.882
697.194,21.563,78.919,139.342
680.556,29.253,84.252,138.669
656.833,21.692,81.445,143.178
655.198,27.584,81.041,140.902
686.084,32.947,84.144,139.598
727.722,31.968,84.455,141.121
761.861,40.443,84.165,144.938
776.525,40.830,86.896,139.742
772.763,43.636,90.891,140.749
760.422,43.534,86.113,139.820
770.098,41.851,83.671,140.989
772.982,35.095,85.520,135.788
766.037,10.494,88.388,135.284
747.566,19.634,85.453,138.477
730.530,17.769,87.026,135.664
727.475,19.448,83.997,134.917
730.262,17.434,81.407,136.814
729.702,24.475,80.622,137.544
731.170,33.716,78.109,132.996
703.687,45.719,81.233,135.932
654.164,54.294,74.554,132.681
613.593,49.954,78.843,139.967
611.736,48.753,77.503,141.527
605.632,54.329,80.907,140.645
589.053,62.706,76.685,139.912
570.512,64.983,78.474,139.925
562.475,63.090,83.412,139.720
568.307,59.905,82.121,139.174
573.826,71.041,84.572,153.729
567.189,113.156,85.502,136.483
567.484,126.162,81.228,139.063
578.051,150.089,78.849,134.470
553.377,164.767,85.533,137.677
543.265,184.644,80.080,137.746
564.561,206.131,81.083,141.106
583.049,222.086,76.436,141.097
582.976,237.071,76.998,139.638
580.993,242.325,77.644,139.302
581.524,242.885,75.542,140.470
578.800,238.537,78.922,139.870
570.875,247.396,81.083,140.895
569.452,248.045,78.791,141.525
567.373,249.824,80.833,139.871
566.021,247.730,81.407,137.241
552.764,246.097,87.816,138.390
543.064,256.389,84.714,138.323
539.067,266.200,86.643,134.730
532.569,267.716,84.477,135.813
509.567,265.661,87.560,135.632
506.672,269.134,79.174,137.409
507.783,272.807,77.369,137.800
508.361,213.303,79.114,139.174
511.779,191.494,77.739,139.510
516.021,193.244,75.932,143.103
519.358,188.237,75.932,134.758
536.861,162.623,80.433,144.455
534.937,149.920,80.824,143.928
538.178,145.597,79.960,144.576
538.487,154.281,79.775,147.045
538.426,154.421,80.330,141.989
536.626,133.778,81.789,143.238
535.282,128.934,85.127,144.911
539.556,136.832,79.695,142.026
537.635,121.111,83.964,132.339
538.240,88.694,83.176,136.374
537.961,53.495,81.598,135.000
537.579,27.288,82.781,135.308
542.488,23.250,81.873,140.202
504.664,28.111,89.920,145.289
482.035,31.104,82.481,143.884
485.761,31.943,80.700,143.952
479.864,30.874,83.418,147.170
478.039,43.601,84.846,149.481
483.011,54.718,82.123,147.776
473.332,68.159,86.038,145.823
468.284,79.527,86.700,148.469
463.032,91.532,89.256,143.990
473.138,99.481,86.530,139.902
489.048,100.823,88.685,139.867
476.497,102.930,88.352,139.668
504.200,103.532,102.624,135.125
565.192,84.439,95.392,136.712
568.309,75.524,87.102,138.769
548.908,79.976,85.843,138.669
538.708,76.732,80.448,139.473
549.025,80.504,82.297,139.778
567.157,85.000,83.032,138.314
571.760,84.195,82.838,141.641
528.290,87.495,93.791,137.430
485.733,92.022,90.590,140.438
469.073,98.477,84.792,140.416
478.241,97.419,87.225,126.793
499.319,17.815,84.874,144.054
448.901,2.749,104.379,143.382
431.966,19.287,91.186,140.455
412.747,14.279,86.566,142.313
408.498,0.000,85.735,129.414
406.189,0.531,86.975,126.663
385.805,6.294,93.497,144.342
341.600,24.963,92.116,147.479
316.639,55.717,83.168,150.449
305.108,79.396,81.129,144.104
329.643,78.234,99.856,139.496
394.952,42.923,106.242,141.025
426.257,17.593,74.272,139.720
401.346,0.097,83.274,139.198
416.247,0.000,99.826,137.828
460.518,0.260,93.342,118.969
475.100,0.213,84.231,111.675
445.982,0.000,80.744,136.989
445.076,43.432,85.927,150.583
463.631,68.082,97.861,141.659
485.937,78.829,86.472,142.078
511.404,99.893,95.064,148.814
541.077,133.344,91.200,142.157
542.194,127.320,93.299,138.465
544.231,114.384,102.426,143.397
561.235,117.663,99.475,142.661
574.702,121.703,102.845,146.990
573.454,123.822,101.403,144.228
572.342,124.510,107.260,145.273
562.190,126.611,108.554,149.575
559.063,137.362,98.224,149.250
554.313,150.118,101.901,146.301
