464.000,275.000,301.000,187.000
460.210,270.704,304.307,191.794
459.018,271.788,308.627,190.594
459.351,268.479,307.475,191.868
458.949,269.596,310.223,191.094
460.579,270.130,309.887,191.487
460.908,268.813,308.742,193.634
460.030,268.171,312.457,191.490
461.009,267.926,312.457,192.959
456.928,266.548,315.701,192.273
458.420,266.501,315.678,193.846
459.265,266.851,315.968,194.632
455.968,263.429,320.576,196.018
458.205,263.597,316.605,195.683
458.562,263.781,317.883,196.310
454.923,262.387,323.162,195.598
456.973,262.052,325.101,197.778
454.503,261.421,325.470,197.009
456.597,260.601,324.322,198.141
453.901,260.250,327.686,196.814
456.627,259.548,325.283,196.694
454.736,258.669,327.039,199.464
456.188,257.684,326.181,198.879
453.608,256.702,329.302,198.295
451.938,256.057,331.618,198.050
455.045,254.996,331.564,201.710
452.555,254.888,335.508,200.373
451.550,253.819,339.596,200.954
449.359,252.357,339.795,199.172
450.010,251.437,343.181,203.617
449.589,250.039,341.905,201.650
449.669,252.546,343.849,199.264
447.538,249.947,343.392,202.889
447.548,248.380,348.126,204.438
444.235,246.418,349.945,206.761
448.576,249.142,344.492,204.004
444.608,247.645,353.490,202.222
445.250,248.661,345.248,204.472
444.518,247.202,351.497,205.793
445.329,245.137,348.798,211.540
448.440,244.871,343.120,210.440
449.527,245.226,347.399,211.343
446.989,245.155,351.392,213.113
449.040,249.278,350.575,210.893
447.439,247.502,348.878,211.722
444.990,247.230,352.688,213.899
447.056,248.073,348.007,214.962
443.033,248.739,351.123,215.275
444.157,253.475,352.176,214.607
445.808,252.924,351.076,216.808
441.856,253.635,356.770,217.045
443.584,253.488,356.658,219.010
440.147,253.934,361.295,219.797
441.917,253.797,357.191,221.763
441.952,254.839,356.557,221.370
441.988,255.879,359.860,220.976
438.526,256.332,361.705,221.763
439.708,257.824,362.741,221.612
436.549,257.913,363.949,223.139
437.743,258.277,364.983,224.122
438.661,258.644,358.564,225.105
437.639,260.284,360.040,223.532
437.671,260.765,359.407,223.707
437.387,261.900,363.382,223.139
433.736,261.694,369.545,224.692
435.666,260.990,365.107,225.524
436.171,261.192,363.524,226.269
435.884,260.043,366.395,227.992
430.975,260.596,371.004,224.570
433.317,259.635,369.785,225.915
430.103,259.150,375.056,224.570
433.521,257.019,370.544,225.928
430.524,255.863,374.221,228.819
431.938,254.872,370.807,227.874
432.914,254.196,372.346,228.062
429.517,253.318,376.806,226.901
432.382,252.637,374.587,226.508
430.106,252.149,376.806,227.484
427.964,249.219,378.745,232.758
428.945,249.116,379.162,230.587
427.375,248.417,382.300,231.392
429.816,247.435,380.991,230.976
427.327,247.133,380.624,233.362
428.454,246.841,381.951,231.558
425.958,244.156,384.562,236.333
426.992,244.679,384.906,235.288
428.516,244.874,384.268,236.704
424.415,243.069,387.037,239.709
424.625,244.012,390.275,239.653
425.661,244.439,387.590,238.799
426.465,245.122,388.417,239.260
422.325,243.302,391.206,240.460
423.351,243.839,391.609,241.226
424.103,244.468,393.797,241.816
425.156,242.432,391.073,243.417
424.847,243.667,391.073,242.799
424.855,238.004,390.440,249.191
422.168,240.859,395.190,245.355
422.173,241.990,390.193,244.961
424.820,236.996,396.038,249.999
423.188,239.182,398.673,247.517
423.190,240.322,393.638,247.124
423.351,235.276,393.941,250.349
424.760,237.832,394.267,247.124
423.827,239.555,395.506,245.551
423.832,235.697,394.873,250.149
425.552,238.055,394.580,247.321
424.618,233.526,395.823,250.125
426.657,235.775,394.894,247.517
425.721,234.997,391.759,246.570
425.573,235.687,395.790,245.813
429.306,235.604,391.444,242.858
429.341,231.719,390.756,247.541
428.534,232.796,396.108,246.011
428.523,233.962,395.506,243.677
429.320,229.675,397.639,245.418
429.915,230.448,395.823,245.748
429.920,231.581,395.190,245.355
429.925,227.726,394.556,242.468
432.121,228.195,395.120,243.389
432.883,228.831,396.077,243.978
433.649,226.981,393.923,245.191
433.338,228.225,397.035,242.701
434.900,225.935,397.639,246.660
435.020,227.037,396.773,244.457
435.816,227.720,398.919,244.961
436.893,226.915,396.140,243.441
437.849,227.383,397.959,244.372
438.921,227.828,395.190,245.355
438.926,228.960,394.556,244.961
438.932,230.090,405.125,244.568
441.684,229.463,394.577,247.714
440.590,231.286,396.140,245.944
440.595,232.420,395.506,245.551
440.599,231.057,399.240,250.772
440.724,232.946,399.623,248.893
440.409,234.287,399.623,248.107
441.671,235.429,391.426,247.714
443.534,232.753,393.933,253.065
444.006,236.082,389.830,248.304
442.735,232.557,396.108,254.107
443.205,235.724,391.356,249.680
445.507,238.530,391.133,249.074
444.258,234.356,388.008,252.424
444.731,238.437,391.446,249.273
447.233,234.259,390.820,252.626
447.081,237.953,387.978,247.124
445.831,233.835,384.282,250.403
449.245,235.495,384.902,249.566
448.780,234.355,382.111,248.744
447.853,232.179,387.052,248.775
449.394,235.411,381.485,244.175
450.176,231.673,382.975,246.765
450.303,235.070,379.030,241.816
452.624,233.000,382.867,242.927
454.253,230.572,375.948,244.732
453.356,229.656,376.528,243.529
453.060,230.766,380.152,243.734
453.642,227.725,377.769,243.722
454.870,231.162,375.314,238.670
456.144,228.839,375.761,240.319
456.865,229.241,373.117,238.915
457.508,227.345,374.820,239.717
458.224,227.744,376.388,238.319
459.881,227.543,369.477,238.121
459.948,228.438,368.154,235.737
460.599,224.809,369.801,238.277
460.673,228.060,372.624,236.530
462.159,225.683,368.464,238.313
463.063,229.146,370.810,233.166
462.997,230.914,374.473,234.340
463.503,226.561,367.534,238.897
463.941,230.317,370.810,236.132
466.327,230.516,363.670,235.142
466.136,229.272,371.076,239.385
466.070,232.589,367.628,234.542
467.080,230.538,362.081,240.408
468.518,229.629,359.794,241.045
469.270,235.239,358.880,236.307
468.628,233.337,357.834,235.448
466.763,233.059,364.469,237.748
466.906,237.021,361.827,236.307
469.891,234.604,356.443,236.458
468.493,233.669,356.912,238.910
469.173,234.411,358.478,239.180
470.179,234.984,357.053,238.035
471.232,235.491,355.529,234.101
470.615,239.970,348.682,231.493
472.045,238.547,355.490,232.633
474.751,236.827,344.897,232.043
475.049,236.760,344.866,231.044
475.637,236.399,344.257,230.635
473.402,235.475,346.469,232.484
473.878,236.355,346.085,230.723
474.923,236.863,344.562,226.879
473.112,236.667,350.982,228.950
473.313,235.984,342.639,227.481
471.970,236.292,345.326,224.071
471.474,237.528,349.100,221.041
469.684,237.349,346.005,220.842
470.618,235.455,346.904,224.630
474.201,238.250,340.297,218.483
474.614,235.062,342.200,220.492
474.734,238.102,340.861,218.810
478.945,236.512,338.999,219.256
478.709,235.349,336.196,221.584
480.741,239.071,332.680,217.963
479.368,236.963,338.122,222.179
481.601,241.042,334.204,215.668
481.613,238.199,330.958,221.355
482.393,241.063,335.898,219.417
481.385,238.858,329.223,223.828
484.101,238.858,327.593,223.828
483.047,245.029,324.820,217.451
483.648,244.108,326.279,219.294
484.067,243.489,325.978,220.530
483.878,249.085,326.892,218.465
484.755,244.947,325.673,223.533
483.350,245.417,324.162,222.591
486.789,251.848,317.284,215.645
486.207,247.062,321.066,220.504
484.779,247.564,319.127,222.696
486.881,250.558,320.260,218.311
486.115,250.684,317.559,218.057
489.499,251.200,316.058,217.026
488.152,251.715,314.033,215.996
486.706,252.333,317.448,214.759
489.647,252.024,315.225,215.378
488.644,252.230,312.535,214.965
491.877,252.849,311.256,213.729
490.563,253.364,309.239,212.698
492.232,253.982,315.140,211.462
492.707,253.261,306.438,212.904
490.504,254.394,311.355,210.637
490.304,254.085,307.141,209.717
493.939,254.244,304.952,209.401
492.667,254.759,308.004,208.370
492.463,254.450,308.917,208.988
496.840,254.141,305.253,208.081
493.497,254.202,305.375,206.444
493.349,253.857,301.148,205.625
492.455,254.030,308.914,205.279
493.620,252.794,302.551,207.752
496.879,253.309,306.570,206.721
494.504,257.934,304.770,202.508
495.726,253.772,308.294,207.850
495.820,254.826,304.052,207.262
499.534,254.890,297.126,207.134
497.085,256.127,302.520,207.641
495.813,256.586,300.549,206.721
498.809,257.102,299.550,205.691
497.572,257.617,298.049,207.641
499.613,255.809,294.465,211.258
499.567,258.592,295.057,208.686
500.555,260.605,293.578,207.641
501.541,258.163,291.606,208.078
501.836,260.593,291.016,206.177
502.722,258.279,294.147,209.335
498.784,260.616,294.572,207.641
499.971,262.416,297.149,207.014
502.005,260.612,290.598,207.641
502.239,263.132,290.622,205.550
503.223,260.720,288.654,208.907
502.485,263.874,295.048,202.599
501.278,261.454,293.547,204.504
503.282,262.612,294.447,205.132
505.293,263.776,287.472,202.805
502.123,262.731,289.462,201.995
504.003,261.069,290.545,205.319
505.096,263.047,285.915,201.363
506.383,261.918,283.342,200.740
502.973,263.977,286.343,199.486
504.916,262.227,282.456,200.113
505.802,261.427,281.161,201.713
505.745,264.076,281.276,199.277
506.483,261.753,279.800,199.654
506.778,261.254,279.210,200.652
506.630,263.990,279.978,198.022
506.191,263.099,279.443,199.804
506.308,262.675,279.210,197.813
507.045,264.610,282.441,196.767
504.858,262.986,279.739,200.016
504.976,265.404,279.978,198.022
505.950,264.513,278.500,199.804
505.891,267.135,278.619,197.395
502.401,264.839,286.069,200.577
503.912,266.301,280.168,197.653
503.568,268.053,279.914,196.977
500.574,265.441,281.671,200.790
500.919,267.731,285.743,199.068
498.710,268.954,285.866,199.486
500.562,267.310,286.943,202.773
497.280,269.252,289.645,201.786
499.251,270.391,290.545,199.508
497.923,270.803,286.451,201.577
499.182,269.569,288.744,201.159
496.801,270.703,289.645,201.786
494.414,271.843,290.545,202.413
496.392,272.986,293.389,200.126
495.573,273.089,291.146,202.831
493.176,274.236,289.126,203.459
494.445,275.902,287.074,203.041
491.076,274.975,294.294,204.895
488.732,276.123,295.047,202.599
487.526,276.638,293.547,201.569
486.329,277.153,292.046,203.459
488.320,278.305,288.552,201.157
483.584,276.648,288.862,204.470
484.426,278.614,287.179,203.459
480.958,277.790,289.761,205.107
481.806,279.765,288.064,204.086
478.325,277.481,295.513,207.199
475.526,279.059,296.653,204.042
478.492,279.575,290.720,203.011
476.034,277.997,296.122,206.167
473.692,279.162,296.354,203.836
472.226,279.678,294.855,205.759
469.707,277.989,300.387,206.177
472.917,278.438,293.967,205.279
470.410,276.827,299.473,205.550
469.135,277.272,297.552,204.660
467.660,277.787,300.996,203.630
463.981,277.478,305.381,204.248
464.747,276.654,304.348,205.897
462.035,276.345,302.755,205.012
461.793,276.108,303.738,205.485
459.085,275.799,307.154,206.103
459.521,275.078,301.747,206.035
458.623,272.254,304.542,208.686
457.449,272.618,307.394,207.958
453.702,272.309,311.852,207.058
452.422,271.034,312.375,209.607
450.323,270.313,309.403,209.513
450.059,270.060,310.441,208.490
447.920,269.398,312.682,209.813
445.819,268.677,309.705,209.717
445.554,268.423,312.786,210.225
443.351,264.725,315.140,214.541
442.609,270.448,317.143,208.825
441.966,264.080,316.368,215.378
438.617,264.080,320.975,215.378
439.121,263.358,320.494,216.820
435.234,263.049,325.103,217.439
435.976,262.122,324.150,217.697
433.736,261.958,321.187,218.556
433.128,262.002,322.931,218.469
430.278,261.692,326.504,219.088
427.062,260.971,330.260,220.530
427.950,259.941,329.565,218.269
425.798,258.501,330.649,219.538
423.410,263.113,332.190,216.247
422.570,260.662,332.796,216.854
421.722,258.309,333.417,221.561
419.161,257.513,341.259,222.063
415.036,255.533,342.893,222.164
414.570,258.824,340.510,221.663
411.646,256.402,346.908,222.109
408.918,256.857,345.694,225.090
408.140,256.071,350.041,223.870
405.552,258.191,348.494,225.233
402.032,255.287,354.974,226.555
399.531,257.847,353.162,225.978
396.759,254.850,358.141,230.839
394.456,256.840,357.564,230.315
391.189,255.417,363.524,233.161
388.206,258.353,364.828,231.951
386.033,256.124,362.185,236.410
381.430,259.513,370.807,233.731
380.027,259.109,368.899,238.664
376.242,256.713,375.873,242.269
372.615,257.592,378.293,242.930
369.405,255.875,379.859,246.362
366.458,259.657,380.242,243.698
363.430,256.598,385.690,248.596
359.795,260.034,385.522,246.684
356.869,260.531,390.756,250.010
353.865,257.245,396.140,252.203
351.332,259.947,394.245,251.861
343.439,260.345,404.353,253.588
342.475,259.616,405.639,252.483
337.028,259.616,410.766,253.124
332.681,260.340,413.652,253.612
326.209,258.129,418.169,257.385
321.824,258.740,421.027,258.134
317.893,257.821,426.250,258.653
312.288,256.840,428.817,259.950
309.488,256.490,431.744,260.650
302.476,255.905,438.382,261.821
296.459,254.539,442.955,264.552
295.200,253.173,444.787,267.284
288.399,252.198,450.795,269.235
282.277,250.832,456.763,271.966
276.482,249.272,469.765,275.088
272.537,252.295,469.742,274.795
268.580,249.418,469.742,278.392
260.234,247.461,477.025,282.306
254.936,246.881,485.417,284.935
247.536,250.151,495.008,284.350
240.493,245.905,497.079,290.589
236.420,248.915,506.746,290.656
229.311,250.555,508.670,291.218
224.797,245.939,516.158,298.139
216.628,248.141,524.642,300.020
209.818,249.692,525.560,296.918
201.321,250.253,538.600,302.122
193.682,250.330,546.612,306.006
186.274,250.290,554.063,305.267
177.581,248.946,560.743,307.133
173.121,247.224,566.343,314.727
163.104,246.588,579.617,315.156
156.079,246.767,582.546,316.508
149.130,246.886,590.428,317.989
141.610,243.671,597.662,323.553
133.342,243.538,604.519,325.578
125.709,242.946,610.017,324.099
120.127,241.246,625.631,329.280
108.625,238.730,627.742,331.586
103.874,236.539,636.331,333.229
93.078,238.212,645.022,331.726
85.946,233.698,657.434,336.124
79.678,233.326,662.443,338.749
66.785,232.066,679.698,334.635
60.158,228.532,684.360,341.703
49.024,226.114,690.173,340.730
41.824,229.556,701.661,340.640
29.635,224.727,715.276,344.428
26.634,226.060,718.298,346.731
15.154,220.604,730.269,351.648
3.906,221.933,746.677,354.063
0.000,221.974,761.067,352.952
0.000,219.997,732.253,355.869
2.469,215.081,738.552,363.658
2.566,218.543,736.283,358.808
0.000,213.843,740.973,366.151
3.519,210.307,729.765,368.010
0.000,215.945,741.728,361.920
0.000,211.279,749.376,371.253
0.000,207.966,727.234,385.268
0.199,209.884,732.135,371.895
0.000,207.818,729.760,369.761
0.000,205.585,726.633,367.990
0.000,204.312,723.502,372.606
0.000,204.630,729.564,366.774
0.280,202.660,719.685,370.715
0.000,201.894,726.165,371.212
0.000,196.321,719.466,375.086
3.178,192.592,713.110,375.267
0.000,194.868,714.916,370.715
3.991,190.611,718.269,372.016
0.000,186.268,713.827,373.461
2.417,187.999,714.160,372.066
0.000,181.139,713.307,375.472
1.300,178.247,715.888,376.074
3.032,180.390,708.270,373.867
3.872,174.711,706.590,379.046
1.813,170.498,710.708,379.183
0.783,168.910,708.611,379.242
0.000,167.628,710.958,378.694
0.000,165.887,711.691,379.059
0.000,164.145,708.243,384.622
4.206,161.131,704.008,377.072
2.572,159.961,703.153,381.476
0.000,156.870,705.529,374.183
0.000,151.629,701.431,376.436
0.000,150.601,703.496,375.408
0.000,145.972,704.528,374.379
0.000,144.007,700.761,373.169
0.000,139.195,701.445,369.488
1.202,140.518,704.135,365.824
0.000,133.436,701.761,366.779
2.561,129.972,701.716,363.552
0.000,130.778,711.315,356.885
0.664,127.690,705.953,357.010
0.000,118.260,709.412,367.831
3.985,119.146,706.555,357.879
2.973,117.922,710.591,355.296
0.000,114.579,714.217,344.887
0.000,109.187,714.767,355.672
2.214,113.474,718.411,346.089
1.142,107.876,719.557,341.316
0.000,107.911,724.983,340.255
0.000,100.113,727.289,339.947
0.000,98.947,728.808,341.284
0.135,90.947,730.535,349.300
5.484,91.704,730.957,338.687
1.448,89.736,735.047,341.627
2.876,88.034,740.215,336.006
0.000,84.381,745.237,345.308
0.000,89.476,751.403,333.087
4.145,90.772,745.117,336.504
18.989,86.680,738.475,335.670
33.473,93.082,726.447,331.834
46.929,90.011,710.341,336.994
57.320,90.036,704.253,331.068
69.244,96.100,694.902,324.738
78.147,94.901,687.555,326.185
91.082,94.942,672.114,317.571
101.728,101.191,658.217,313.393
113.612,101.548,650.811,311.771
121.707,102.384,641.833,309.198
131.509,97.414,632.035,304.874
138.316,98.760,620.178,303.940
153.836,101.273,607.385,298.045
157.827,97.890,601.107,297.999
167.886,101.219,590.306,290.495
178.721,98.090,577.753,290.120
186.540,96.476,571.129,286.793
194.307,100.569,564.504,280.227
203.566,98.217,554.741,280.952
212.993,102.745,543.001,271.106
221.110,100.847,535.215,268.759
228.250,104.613,529.288,262.745
239.874,107.610,517.237,258.245
250.559,105.818,506.836,258.172
255.693,105.333,504.532,259.142
267.636,110.400,488.607,250.456
271.720,110.265,483.942,250.725
282.171,115.684,470.710,243.375
287.908,116.128,469.396,247.229
296.235,117.692,460.243,240.690
301.136,123.428,453.773,233.883
304.274,123.603,450.757,234.837
313.413,128.994,439.645,229.918
321.978,130.052,431.424,229.074
328.757,128.796,422.270,229.700
332.953,136.436,418.242,223.146
339.120,137.974,412.631,218.236
345.970,138.948,405.540,219.893
350.271,141.888,401.123,218.197
354.190,144.966,397.431,216.188
358.090,148.024,393.738,214.180
363.715,155.132,385.396,208.102
368.241,157.728,380.312,206.876
372.052,160.697,376.619,204.867
375.677,163.557,373.263,203.041
379.285,170.259,367.150,197.357
383.988,172.497,361.514,196.651
391.271,175.278,354.421,192.156
395.091,181.528,350.437,186.969
398.192,183.319,345.773,186.973
402.006,185.649,341.710,185.878
405.283,191.770,336.165,180.701
409.608,193.830,328.502,180.035
412.260,196.720,324.171,183.502
412.249,201.076,325.171,178.209
418.268,203.949,319.876,175.835
420.593,206.889,316.175,176.128
421.899,210.422,314.509,172.366
427.628,213.150,309.579,170.175
429.787,215.946,306.180,167.801
432.239,218.629,302.182,168.333
433.358,221.937,300.849,164.880
435.802,224.592,296.851,162.689
438.075,227.137,293.187,165.963
441.109,231.051,291.094,161.228
442.662,234.030,288.855,158.307
444.923,236.533,285.191,158.867
448.999,239.674,278.743,158.125
451.802,241.418,276.918,155.478
452.413,244.835,271.961,154.042
455.239,248.519,269.996,154.459
457.408,249.321,264.840,154.899
458.786,252.121,266.547,152.544
460.857,252.901,260.791,150.581
460.738,255.199,261.028,149.159
465.975,257.062,255.298,148.594
466.810,259.563,252.066,146.713
467.656,260.889,251.916,143.677
469.889,262.680,248.972,140.855
472.439,264.073,247.249,141.071
474.452,264.636,244.718,139.572
473.910,266.307,242.471,136.968
476.624,267.690,242.149,134.932
477.455,268.515,241.213,136.180
477.651,269.872,239.732,134.192
480.784,270.879,236.699,135.052
482.725,271.425,234.249,137.899
485.831,273.115,230.195,134.161
486.634,274.432,229.996,133.285
487.662,275.498,227.238,135.010
490.117,274.621,224.432,135.711
491.486,277.088,223.093,134.625
492.979,279.479,221.497,131.579
492.684,278.642,221.403,132.227
494.759,280.676,218.624,131.928
496.237,283.029,217.029,126.883
494.472,284.355,216.904,127.884
497.819,285.902,214.881,124.458
498.769,286.857,211.671,126.151
500.894,288.753,208.730,123.995
500.557,287.929,208.760,124.676
502.495,289.836,206.177,124.417
501.368,289.516,207.147,124.096
503.134,291.507,203.295,121.720
502.355,293.432,203.592,121.336
504.404,292.742,201.381,119.884
503.969,294.498,201.006,119.795
505.995,293.818,198.198,118.360
505.432,295.654,198.098,120.515
506.320,295.528,196.012,117.978
507.751,297.548,194.977,113.635
508.341,296.822,193.201,114.787
508.043,298.462,193.201,114.787
510.130,297.717,190.219,115.384
511.202,298.156,189.262,115.990
511.796,298.304,189.262,116.583
512.072,300.935,188.412,114.595
513.033,300.874,187.666,112.070
514.731,300.233,185.432,114.224
514.995,300.474,184.612,112.867
516.221,300.524,183.896,115.947
515.985,301.432,182.611,115.010
517.636,301.198,181.341,113.447
517.856,301.928,181.188,112.847
519.459,302.554,179.412,112.454
519.503,303.276,179.609,111.864
521.095,303.898,175.858,111.471
520.622,304.909,177.084,110.292
522.601,305.427,175.088,110.095
523.644,308.463,174.393,109.309
523.699,306.960,174.559,109.272
523.837,309.864,172.622,106.506
524.040,309.877,171.945,107.025
524.447,310.420,169.501,106.753
524.263,311.218,170.140,107.315
525.706,312.101,169.147,106.360
525.660,312.897,167.628,105.573
527.084,313.690,166.646,106.920
529.199,315.059,165.623,104.983
528.808,313.140,164.026,105.125
529.514,314.392,164.457,105.516
530.280,315.741,162.924,103.607
529.801,316.820,164.142,105.873
531.576,315.345,160.856,103.540
532.088,316.682,161.643,101.641
533.098,317.460,160.906,104.448
533.326,318.018,159.413,99.957
532.950,318.734,159.912,102.819
534.891,317.535,159.110,103.421
534.993,319.106,157.877,97.966
534.959,318.513,158.941,102.390
535.441,318.838,156.955,98.417
535.444,318.471,158.443,100.895
536.450,318.546,155.420,102.516
537.361,318.521,154.102,101.303
538.374,317.647,155.078,101.051
538.470,317.295,154.135,104.010
538.434,317.814,154.205,100.183
538.557,318.329,152.962,100.895
538.214,318.306,153.650,103.179
540.662,317.958,151.276,103.876
539.957,318.918,152.935,102.710
540.083,320.299,152.684,99.697
541.299,319.240,150.498,99.838
540.651,319.297,150.812,101.933
540.628,321.880,151.356,99.498
541.636,321.030,149.584,100.460
541.759,320.662,149.584,101.197
541.578,321.196,150.194,100.869
541.701,323.539,147.727,98.896
541.960,323.110,147.210,99.754
541.808,323.007,148.727,99.960
541.958,322.698,148.670,100.578
541.776,322.491,146.828,100.990
540.977,322.698,148.670,100.578
543.001,322.491,147.074,100.990
542.325,323.430,144.764,99.846
541.559,323.785,146.778,99.136
543.670,323.579,144.731,100.998
542.430,324.201,143.578,99.754
541.375,324.716,145.689,100.161
540.615,324.920,145.273,99.754
542.120,325.126,144.431,99.342
541.339,325.332,144.072,100.370
542.245,325.846,142.502,99.342
541.108,325.036,142.871,100.963
541.560,325.949,142.207,99.136
540.428,326.568,142.571,99.325
540.754,327.178,141.443,99.534
541.378,326.569,140.433,100.750
540.635,325.749,139.776,100.248
540.573,327.027,138.714,99.116
540.570,326.739,138.954,99.690
540.540,328.047,139.250,98.488
540.953,326.849,137.017,100.182
540.249,328.608,137.017,99.243
541.008,328.002,138.768,99.754
540.885,327.222,135.245,97.310
540.771,328.576,137.539,96.897
539.282,327.335,135.896,100.535
541.209,327.267,135.320,99.968
540.099,327.831,133.809,100.706
539.545,328.171,134.685,99.327
541.572,328.038,133.874,98.900
540.477,327.905,133.526,99.395
540.362,328.021,133.526,98.473
539.389,327.890,134.095,98.046
539.848,329.612,134.554,98.505
540.247,329.282,133.526,98.473
540.422,329.151,132.947,98.046
540.597,329.022,132.368,97.618
540.773,328.894,131.788,97.191
539.816,328.768,132.342,97.670
541.800,328.666,129.967,99.012
539.785,329.343,132.634,97.886
539.950,329.241,130.938,98.317
541.372,329.571,131.272,97.886
540.010,327.413,130.136,99.249
540.891,328.100,127.464,99.695
541.000,329.441,127.697,99.044
539.565,328.313,129.215,100.175
539.845,327.075,127.972,102.195
539.220,326.621,128.533,101.956
539.564,326.049,127.846,101.039
539.300,326.038,127.691,101.288
538.959,325.469,127.691,101.971
538.335,325.702,128.253,101.733
537.992,325.817,128.024,101.733
537.535,325.931,125.967,101.733
538.426,325.810,125.317,101.749
537.321,325.809,126.849,101.299
536.700,327.629,127.411,99.703
536.782,326.717,126.569,100.398
536.444,326.830,126.569,100.849
535.964,326.379,126.849,101.299
537.160,325.928,125.594,101.974
537.865,328.193,125.091,99.483
535.563,327.622,127.012,100.402
535.305,326.948,126.623,100.620
534.852,328.191,126.623,99.490
534.823,327.398,126.008,100.626
536.009,328.754,124.764,98.593
535.756,328.075,124.604,98.839
535.423,329.741,124.382,97.729
535.261,327.087,123.822,99.279
534.536,328.972,124.604,97.507
536.391,328.088,124.204,99.054
535.858,327.640,124.382,99.506
535.131,329.424,123.827,98.169
534.692,328.759,123.822,98.394
534.250,328.206,123.822,99.058
533.666,329.645,124.102,97.730
533.505,328.873,123.762,98.172
533.174,328.322,122.439,98.833
533.946,328.101,121.998,99.275
532.733,328.101,123.762,99.275
531.979,327.763,124.382,99.506
533.038,327.316,123.158,99.954
531.981,329.095,123.272,98.173
533.170,328.544,121.777,98.833
532.128,328.549,122.981,99.703
532.898,326.765,122.329,101.276
532.930,327.872,122.042,99.731
531.597,327.988,123.159,99.500
532.455,327.875,121.221,99.725
532.756,326.452,121.501,100.810
532.785,326.995,121.221,99.725
533.085,327.333,120.400,99.050
531.638,327.670,121.328,99.904
531.854,326.220,119.791,100.819
531.440,325.344,120.400,100.590
533.178,326.002,118.688,100.819
532.487,327.112,118.977,100.133
533.606,325.368,118.049,100.779
532.732,326.570,118.705,99.904
532.322,325.267,118.433,100.330
533.170,326.245,117.175,99.904
533.923,325.294,116.968,100.506
534.439,324.961,116.370,99.436
533.548,326.167,117.075,99.395
534.385,325.080,115.834,99.410
533.362,324.664,116.803,100.025
534.363,325.940,115.669,98.990
533.395,325.432,115.244,98.290
534.117,324.923,114.225,99.095
534.757,326.521,113.799,98.242
535.157,325.915,113.421,98.185
535.369,325.280,114.267,98.185
534.386,326.649,112.204,97.781
537.038,325.234,111.719,98.305
535.329,325.432,114.087,98.539
536.032,325.164,112.256,98.862
538.328,324.985,110.619,97.109
536.755,324.753,111.483,98.819
538.919,324.788,110.095,98.119
536.946,323.902,110.087,99.058
538.668,324.292,108.316,98.488
537.944,323.209,107.694,99.203
538.980,323.106,108.522,99.617
540.174,323.594,107.798,99.474
538.643,322.883,108.369,99.442
539.761,322.035,107.798,100.722
540.466,322.331,106.388,100.339
538.777,322.174,107.694,100.238
539.558,322.972,106.133,101.347
539.685,323.198,105.878,99.442
540.196,322.958,106.502,101.362
540.380,322.029,105.093,100.722
540.370,322.307,105.113,101.609
540.115,322.785,105.623,100.238
540.370,321.791,105.113,100.784
540.370,322.100,105.113,101.609
540.944,321.543,103.759,101.274
541.217,320.573,104.035,101.157
540.806,321.190,103.829,101.362
541.114,321.910,103.007,101.362
540.444,321.645,103.324,100.255
541.897,320.951,102.255,101.847
540.851,322.156,103.324,100.869
541.158,321.645,102.506,102.097
541.955,321.212,101.731,99.885
541.285,322.044,102.061,99.636
541.588,321.135,101.253,101.253
542.252,320.783,100.738,101.754
540.957,319.996,100.490,100.490
541.732,319.765,99.746,100.751
542.257,318.988,97.692,101.303
542.125,318.869,98.753,100.545
541.402,318.244,99.999,100.798
542.534,318.568,97.333,100.349
542.468,317.634,98.257,100.634
541.623,317.180,96.762,100.545
541.988,317.065,97.416,100.775
542.436,316.810,97.909,101.087
543.010,316.583,98.156,100.545
543.109,316.086,96.961,100.545
542.981,315.970,98.009,99.787
543.253,315.349,96.474,100.832
542.881,315.377,96.231,100.775
543.101,314.520,95.396,101.309
542.904,314.125,95.396,101.309
542.707,313.928,97.170,101.112
543.032,313.841,96.122,101.286
543.077,314.096,97.416,100.775
544.717,313.245,94.930,100.888
544.530,312.900,94.911,100.794
544.334,314.077,94.911,101.971
545.274,313.225,94.016,101.112
544.874,313.056,94.427,100.475
545.849,312.763,93.257,103.012
545.884,311.777,92.794,101.641
546.161,312.003,93.017,103.526
546.273,312.060,93.777,101.838
545.631,312.124,93.496,103.471
547.047,311.234,92.833,101.900
547.420,311.459,93.062,103.792
546.056,311.518,94.213,102.097
546.765,310.861,92.598,103.411
546.785,310.208,93.539,103.932
546.921,310.206,93.069,103.937
548.123,310.928,91.651,104.265
547.669,310.703,91.774,103.932
547.395,310.444,92.127,104.840
548.126,310.239,91.651,102.885
548.026,310.503,91.655,104.693
548.752,310.491,90.009,103.932
549.229,310.767,89.442,104.349
549.422,311.251,90.023,104.349
548.433,310.243,90.449,105.395
548.670,310.716,89.779,104.840
548.802,309.816,89.320,102.942
548.128,309.998,90.477,104.884
547.128,310.349,90.915,104.572
547.598,310.410,89.779,104.840
547.731,310.873,88.542,104.304
547.704,310.254,88.402,104.580
547.608,309.772,89.557,105.735
547.514,309.183,88.769,105.938
545.898,310.328,89.479,104.618
545.995,309.455,89.091,105.395
545.898,310.328,88.314,104.618
545.758,309.866,87.631,105.158
545.392,309.811,87.404,105.461
544.796,309.770,87.631,105.158
544.430,309.714,87.404,105.461
543.835,309.673,88.209,104.580
544.605,309.192,88.017,105.158
544.316,308.999,87.439,105.158
543.853,308.944,87.404,104.884
543.488,308.889,87.176,104.611
544.080,308.834,85.038,105.676
542.877,308.065,86.303,105.313
543.032,308.361,85.993,105.676
543.032,308.839,85.802,104.911
542.211,309.209,86.303,105.123
542.478,308.022,84.815,106.162
542.115,309.017,84.022,105.123
541.804,307.031,85.395,105.709
541.618,308.997,84.053,104.065
541.436,308.128,84.230,104.490
540.289,308.835,83.138,104.016
540.545,308.365,82.997,103.654
540.173,307.713,83.556,104.398
539.855,307.152,82.695,104.959
539.219,308.505,83.034,103.186
540.091,307.761,79.991,104.118
538.891,306.907,82.208,104.911
538.124,308.373,81.695,103.840
539.468,306.946,80.851,104.848
538.361,307.315,80.667,104.479
537.274,307.640,80.448,103.276
536.962,307.788,81.436,103.347
536.923,307.688,79.679,103.913
536.338,307.020,80.484,104.338
537.292,307.416,78.210,103.913
535.764,306.099,80.363,105.465
536.443,308.253,78.636,103.925
535.559,306.794,78.593,104.851
535.888,307.870,78.481,103.974
535.470,306.435,78.050,104.851
535.741,306.888,78.050,104.308
535.217,306.852,77.834,103.478
534.804,306.689,77.403,103.803
535.073,306.689,76.864,103.803
535.181,306.297,76.292,104.051
535.109,306.531,76.079,104.653
534.037,306.174,76.972,105.546
533.877,306.757,76.931,104.381
533.910,305.968,76.505,104.880
533.731,306.507,76.505,103.803
534.837,305.725,75.008,104.296
533.558,306.517,76.325,103.774
533.610,306.758,75.866,103.114
532.229,306.605,76.856,102.888
532.546,306.404,75.866,103.114
533.645,305.719,74.377,104.659
533.043,305.955,75.227,103.128
531.454,305.426,76.639,104.364
531.449,304.776,75.218,104.588
531.053,305.214,75.653,104.422
530.769,305.780,75.866,104.360
530.591,305.423,75.866,104.004
530.413,305.780,75.866,104.360
531.303,305.423,74.797,105.251
530.698,305.660,75.653,103.712
530.520,305.127,74.055,104.955
529.758,305.511,75.227,104.364
529.367,305.304,75.653,103.712
529.189,304.772,75.653,103.712
529.012,304.772,75.653,104.422
529.796,304.446,74.797,105.251
529.191,304.683,75.653,103.712
529.013,304.683,74.587,104.422
529.472,304.653,74.377,104.659
528.871,304.889,75.227,104.364
528.480,304.682,75.653,103.712
528.303,305.037,74.587,104.067
526.570,304.977,76.463,104.364
526.476,305.402,76.292,104.767
526.297,304.955,76.292,104.588
526.118,306.746,76.292,103.514
526.153,305.966,75.866,104.004
525.975,305.966,75.866,104.716
525.690,306.176,76.079,105.010
524.151,306.387,77.546,105.305
524.170,307.067,77.145,105.576
524.096,308.025,77.293,105.284
524.096,307.935,77.293,106.187
523.882,308.004,77.721,105.504
523.882,309.548,77.721,104.959
521.997,309.692,79.499,105.938
522.351,309.459,80.448,106.405
520.817,310.324,81.475,105.974
520.428,310.833,82.625,106.259
521.595,311.623,81.979,106.553
521.237,312.140,81.386,105.895
522.106,312.609,82.439,106.259
521.680,312.837,81.791,107.116
522.243,313.494,82.541,106.178
521.305,313.681,84.042,106.178
520.779,313.446,85.093,107.028
521.094,314.599,85.229,106.631
520.711,314.026,85.993,107.205
520.952,314.857,86.091,106.506
520.775,315.476,86.443,107.190
521.323,316.162,86.121,106.782
523.082,315.382,85.867,107.766
520.371,316.494,87.439,106.506
521.305,316.701,87.699,107.059
521.483,317.048,88.702,107.336
521.825,317.122,89.388,107.383
520.044,317.083,90.597,107.070
523.163,316.613,88.497,107.616
519.881,316.827,92.909,108.166
522.003,317.349,90.872,108.124
521.761,316.995,90.363,108.435
521.380,316.933,92.116,108.756
522.303,317.751,91.674,108.124
520.835,318.520,93.612,108.183
522.281,318.784,92.736,108.058
523.514,317.849,92.276,109.528
523.284,318.785,93.140,108.663
523.486,319.289,93.744,108.663
523.875,318.245,93.977,110.347
523.920,320.352,94.295,109.807
524.124,320.760,94.907,109.399
523.205,320.964,96.336,110.011
525.000,320.940,96.044,110.471
524.057,321.426,96.897,110.326
524.872,321.293,96.510,111.008
525.378,323.027,96.536,109.615
524.800,322.805,97.487,110.471
524.222,322.893,99.474,111.128
526.573,323.699,98.142,111.410
524.710,323.440,100.191,112.348
526.969,324.762,99.075,112.044
526.475,324.418,99.642,111.886
526.145,325.344,101.148,111.940
526.212,326.119,101.865,112.520
527.785,325.937,101.080,112.883
529.081,327.782,100.844,112.192
527.718,326.978,102.078,112.733
529.282,328.493,101.316,113.362
530.580,327.873,103.012,112.883
529.572,330.072,103.516,112.376
530.112,330.504,103.300,111.728
530.782,330.870,104.757,113.362
532.995,330.189,102.729,112.981
531.967,331.699,104.354,112.979
532.571,330.957,104.017,113.374
533.006,332.154,105.975,114.027
535.369,332.379,102.571,113.797
534.018,331.876,106.788,115.669
534.654,332.945,105.295,114.422
535.135,332.267,107.194,115.778
535.854,333.262,105.532,114.679
536.336,332.582,107.437,116.041
535.717,332.910,108.228,115.607
536.716,332.893,109.143,114.969
538.054,332.428,107.365,117.023
540.076,332.989,107.814,117.023
539.280,331.396,107.829,117.284
539.843,331.959,109.630,118.634
540.477,331.150,109.278,117.279
540.048,332.003,109.681,118.745
542.307,331.251,109.735,118.194
541.743,331.494,110.407,118.847
542.528,331.677,111.822,118.711
543.784,330.381,110.234,119.228
544.482,331.443,111.822,120.318
543.989,329.627,112.344,120.004
543.635,331.242,112.586,119.565
546.427,329.381,111.656,120.728
545.031,330.428,115.378,120.495
545.343,329.757,114.281,119.948
545.472,330.842,115.666,119.655
546.050,330.587,116.160,119.929
548.051,330.214,115.233,120.439
548.291,331.168,116.406,119.240
549.117,329.869,116.406,120.892
549.579,329.723,117.146,120.948
550.168,329.349,117.639,121.457
550.760,328.975,118.133,121.966
551.355,330.284,118.626,120.791
552.441,328.858,118.133,121.727
553.158,328.491,118.379,121.261
557.120,327.890,116.458,122.461
557.243,328.145,117.886,122.907
557.594,327.149,118.872,122.730
558.194,326.773,119.366,123.482
558.799,326.518,119.859,123.992
559.407,326.263,120.352,124.502
560.018,326.008,120.845,125.013
560.633,325.753,122.569,125.277
561.623,326.856,122.325,124.558
562.735,325.378,121.832,125.539
563.478,325.003,122.079,126.040
564.102,324.624,122.572,126.550
564.729,325.243,123.065,127.059
565.360,324.111,123.558,128.320
567.385,323.979,124.046,128.332
567.262,322.462,125.303,128.839
568.039,323.480,125.531,129.351
568.808,322.332,125.778,130.625
569.337,321.435,126.518,130.367
570.113,321.051,126.764,130.878
572.319,321.699,127.000,131.646
572.850,320.149,127.751,132.156
573.514,321.454,128.244,132.146
574.303,320.285,129.794,133.443
576.719,319.780,128.389,134.189
578.552,319.776,128.145,134.197
578.805,320.954,129.477,133.942
579.481,320.699,129.971,135.507
579.917,320.716,130.957,135.207
584.070,321.128,129.317,134.916
584.423,321.105,130.464,134.963
586.700,321.646,130.691,135.738
587.254,321.524,131.450,135.716
589.550,321.136,130.338,136.493
589.805,320.462,131.697,138.909
589.768,319.964,133.670,139.093
590.230,319.860,134.656,139.300
594.507,319.605,132.957,139.536
594.735,319.851,135.773,141.226
596.939,320.625,134.966,140.509
597.443,320.592,135.889,140.575
598.164,320.336,136.383,142.192
600.200,320.252,137.337,144.315
602.001,321.028,137.403,143.046
606.155,320.987,136.111,144.249
607.698,320.707,136.672,143.968
609.404,320.157,136.915,146.193
609.058,321.052,139.589,146.667
610.918,321.292,139.595,147.335
612.663,320.876,139.839,147.305
614.411,321.179,140.083,149.000
615.925,319.634,140.813,149.777
615.705,320.408,143.288,150.554
619.695,319.795,141.191,150.897
623.097,319.870,140.230,153.961
625.558,318.313,141.191,153.545
626.322,319.067,140.841,155.279
624.778,318.820,146.001,155.478
628.399,318.732,144.792,155.953
631.531,318.410,141.842,157.201
633.647,318.334,143.592,159.148
635.833,319.219,142.549,157.984
637.958,317.937,144.312,159.044
640.389,319.246,142.784,159.761
642.172,318.319,145.273,160.103
644.508,317.983,143.962,160.773
646.419,317.028,146.233,163.294
649.863,317.235,144.299,162.569
651.483,317.257,144.434,164.673
652.709,317.182,145.376,165.439
653.946,316.957,146.319,166.511
656.758,316.733,145.698,165.708
659.597,316.509,144.998,166.779
660.415,316.686,146.790,168.917
662.900,315.737,146.863,170.185
665.084,316.282,147.563,169.729
667.504,315.197,147.796,172.217
669.479,315.956,147.363,171.338
672.529,314.449,147.308,174.669
673.922,313.786,148.055,176.317
676.096,315.527,148.237,176.719
680.520,312.473,145.873,178.613
680.745,313.233,148.654,178.708
682.990,313.219,148.730,180.368
686.800,313.486,147.674,181.475
690.190,311.822,146.466,182.509
690.792,310.817,148.532,183.539
693.965,311.984,145.493,182.858
696.806,309.007,146.672,187.178
696.844,309.066,147.923,187.723
701.402,311.503,146.813,187.854
703.286,309.290,146.373,190.618
704.854,308.549,146.919,192.768
708.182,308.166,148.354,194.209
711.708,307.785,147.077,195.650
714.595,308.125,147.077,195.650
717.482,307.785,146.058,198.707
719.548,306.494,146.021,201.632
725.199,306.957,144.686,200.361
726.578,307.516,143.292,200.608
727.573,305.919,147.077,202.443
733.359,306.204,145.528,203.256
734.536,304.580,144.552,205.127
739.601,303.742,144.762,208.182
743.838,305.269,141.851,206.866
743.384,302.662,144.132,210.364
747.458,303.242,142.956,210.599
751.140,302.849,143.242,211.386
754.770,302.545,141.910,211.994
757.679,300.571,141.647,213.512
760.260,301.482,142.055,213.431
763.296,299.759,141.910,215.829
765.519,301.069,143.076,214.613
768.675,300.367,142.725,216.016
771.461,299.004,143.132,207.137
775.471,299.171,140.626,203.012
776.122,297.874,141.355,202.901
780.661,299.269,142.451,203.502
785.017,297.305,139.198,204.702
788.335,296.852,139.664,205.945
791.592,296.565,140.284,206.859
794.864,294.573,139.880,209.479
797.983,293.427,143.922,210.400
801.953,294.025,141.910,210.948
805.307,291.683,142.829,213.551
808.185,290.409,143.367,214.700
811.038,288.544,143.982,216.324
814.160,289.340,147.628,215.085
818.065,288.452,147.308,217.217
817.576,285.667,154.733,220.638
820.165,284.931,153.257,220.630
820.579,283.318,156.110,220.910
826.156,282.268,156.108,223.012
826.483,281.667,158.443,222.717
827.834,280.169,162.513,224.208
829.977,279.527,166.635,225.875
832.446,277.800,165.195,226.998
834.403,276.929,170.585,229.127
837.391,277.136,174.107,228.713
838.509,275.979,175.069,229.028
839.893,274.691,175.106,229.601
843.892,273.400,177.954,232.183
845.320,272.624,180.798,230.477
847.848,272.608,182.691,229.283
847.010,271.713,188.464,229.844
847.482,269.124,191.686,232.107
852.550,269.491,192.528,231.794
850.206,269.428,196.793,232.343
852.254,266.128,199.548,232.092
855.117,266.742,200.713,231.294
856.294,264.668,206.984,233.719
855.894,263.988,209.985,229.795
858.432,263.239,212.385,236.569
858.725,261.715,218.080,231.991
858.361,261.552,217.909,230.965
861.298,261.135,218.323,230.452
861.298,260.461,221.468,236.741
862.057,258.317,224.532,234.155
864.108,259.669,225.023,232.829
863.895,257.861,227.282,234.613
863.827,256.836,229.267,235.738
864.013,254.675,233.082,236.338
864.999,254.471,232.988,235.807
866.062,254.128,235.087,235.556
863.440,252.683,240.330,235.618
862.164,250.480,240.500,239.072
861.874,248.515,243.001,237.239
860.786,247.430,245.178,239.889
861.453,246.425,245.786,242.386
861.671,244.454,247.305,240.951
860.694,243.721,253.170,243.395
860.608,244.708,253.342,237.942
856.966,241.727,255.708,240.464
858.277,238.889,260.034,244.650
857.058,238.559,259.948,241.776
854.068,237.522,264.924,242.847
857.053,237.085,266.063,241.691
854.514,236.069,265.048,244.230
852.086,234.435,268.886,241.896
851.179,234.334,269.679,239.544
850.181,232.005,274.219,240.132
850.117,231.339,276.915,239.925
847.120,231.013,280.328,240.060
845.007,230.055,283.516,241.456
843.254,228.747,285.974,239.883
842.593,226.535,289.917,240.112
842.807,227.732,288.432,237.719
840.754,228.632,292.538,235.918
838.758,228.295,292.850,236.593
836.636,223.856,295.514,240.204
835.612,223.973,297.563,238.903
831.202,223.327,299.977,239.128
831.572,222.230,301.919,236.494
827.984,225.503,306.422,234.228
826.213,221.956,307.282,234.349
822.972,223.618,306.780,235.324
822.022,220.282,309.755,235.005
817.520,221.627,312.816,230.695
815.287,221.354,317.284,233.929
813.073,221.085,315.713,232.831
810.812,220.805,320.235,228.507
811.107,218.578,319.645,231.336
805.471,217.228,322.753,232.404
805.107,220.485,320.192,225.889
801.569,217.702,325.115,229.841
797.755,214.959,327.817,226.024
796.053,216.292,326.319,227.170
793.449,214.280,326.618,223.562
792.364,215.203,329.329,225.501
787.293,215.524,330.738,220.492
784.483,214.371,333.115,222.797
781.461,213.444,335.888,220.290
779.980,211.911,335.580,219.543
775.553,213.571,337.915,218.395
773.223,211.296,337.139,219.140
770.346,212.556,339.626,220.430
767.610,211.573,339.620,219.657
765.187,210.407,341.187,219.256
762.136,211.028,346.741,217.466
757.929,211.455,345.259,213.863
758.183,211.263,340.401,211.527
750.010,211.185,348.150,208.998
748.660,210.429,345.992,212.130
749.756,210.751,343.258,206.605
744.340,210.066,345.557,207.974
742.669,209.384,346.752,207.729
741.433,209.556,344.389,206.849
736.251,208.798,348.876,203.556
733.645,210.855,348.223,198.908
732.871,211.804,348.191,199.643
731.748,208.712,345.685,201.078
729.373,210.559,345.685,196.856
723.081,211.324,350.960,197.937
723.343,211.601,345.685,196.856
719.139,212.366,351.482,194.803
715.230,211.825,351.968,195.363
713.319,211.376,353.165,192.063
711.109,211.495,352.893,192.866
708.421,210.266,350.960,194.803
706.515,211.387,352.155,188.897
702.418,210.845,352.604,191.015
700.443,210.717,351.877,192.311
697.761,213.135,355.159,190.598
696.719,212.615,352.555,189.036
692.648,212.049,355.530,191.201
691.449,214.254,353.232,187.834
688.066,213.272,352.263,187.220
684.721,214.830,355.866,181.533
683.573,214.529,353.584,179.590
680.851,214.063,354.993,184.052
678.210,214.485,355.670,180.650
675.463,214.012,354.570,179.060
673.234,216.811,354.993,180.522
670.327,216.363,356.754,178.884
668.656,215.275,356.050,182.071
665.208,218.633,356.319,178.924
663.497,217.655,355.698,178.354
661.833,220.100,354.993,176.992
660.706,222.295,353.233,175.111
656.640,220.754,356.886,175.705
656.637,222.392,352.880,171.929
654.029,223.518,353.658,170.663
651.371,224.269,353.565,170.144
649.831,224.847,352.223,168.497
646.941,225.204,354.590,167.296
643.283,227.886,353.614,169.247
641.333,228.274,355.065,169.452
640.543,228.505,355.171,169.971
637.658,231.861,354.549,167.194
636.114,231.652,354.226,168.586
634.653,231.795,351.767,167.811
630.140,234.984,355.444,163.864
628.579,233.798,356.632,163.336
627.613,237.181,353.250,163.819
625.512,236.231,355.525,165.237
625.190,240.240,352.771,163.041
623.407,239.160,354.417,166.163
620.405,241.608,355.078,163.695
618.847,243.321,356.263,164.132
617.325,245.003,353.981,163.190
615.775,243.824,355.156,165.066
613.513,245.890,354.347,164.812
613.153,245.092,357.969,162.054
611.297,247.996,354.447,160.586
611.280,246.118,355.438,165.298
608.974,248.702,354.712,163.041
607.790,250.337,355.156,162.178
607.198,248.824,354.417,164.722
604.939,251.368,357.002,163.988
603.786,250.073,357.371,166.095
601.518,252.155,356.541,164.370
599.949,250.964,360.648,166.267
598.392,254.678,358.369,159.330
597.281,254.955,358.679,161.167
598.080,252.765,358.043,161.216
595.674,255.412,360.930,161.697
593.769,255.959,359.904,159.151
593.047,256.460,359.430,161.024
592.109,257.485,360.342,161.865
589.910,258.116,359.904,163.021
590.022,259.159,360.648,163.358
587.221,260.205,361.393,163.695
587.336,258.333,362.137,165.006
586.895,259.621,361.063,162.429
584.678,260.853,360.648,162.873
584.977,258.828,361.020,166.438
583.421,260.584,358.735,163.418
582.949,261.826,360.648,163.358
580.148,259.957,364.307,162.724
578.611,262.385,365.433,163.714
576.693,260.006,364.370,164.065
577.369,261.313,363.998,164.386
575.713,262.698,366.329,162.106
574.998,263.273,365.808,161.443
574.400,263.196,365.057,164.033
573.275,263.914,363.391,161.126
572.411,264.093,363.182,163.190
570.311,261.882,365.433,167.125
569.476,263.316,365.124,166.730
568.857,264.719,367.348,162.443
568.086,264.726,366.933,162.429
567.296,264.809,366.558,164.707
565.187,262.582,368.809,164.735
563.638,263.071,369.935,166.224
564.497,263.806,369.209,163.266
563.713,263.809,368.809,161.784
561.227,263.486,369.380,164.875
560.574,263.879,373.157,166.561
559.934,264.284,373.439,164.253
559.756,264.117,371.811,163.101
557.241,263.788,375.854,162.278
558.837,262.882,374.145,166.561
557.504,263.204,374.812,164.418
555.152,262.953,375.045,163.430
555.778,262.374,375.281,167.067
554.447,262.700,375.938,164.911
552.085,262.446,379.666,163.924
551.204,261.533,380.428,168.247
550.561,261.619,379.690,166.557
550.680,261.358,380.962,165.570
549.110,260.686,383.097,165.405
548.225,260.269,383.859,165.231
547.530,259.683,384.240,169.429
547.095,259.612,383.067,168.039
547.205,259.852,384.370,170.605
546.081,260.037,384.567,168.697
543.638,259.766,388.433,167.709
545.300,259.346,386.642,171.614
544.181,259.537,390.429,169.684
545.143,259.362,390.050,173.127
541.428,259.562,392.796,171.166
542.066,259.467,393.080,170.317
537.715,259.196,394.014,169.825
539.527,258.678,395.568,173.967
539.287,258.468,393.947,171.236
537.712,258.325,399.695,174.639
538.216,258.399,396.573,178.194
535.838,259.140,399.200,175.116
535.905,258.840,400.653,174.128
531.071,258.657,406.091,179.251
533.677,259.139,401.961,177.209
533.239,259.055,404.440,175.774
528.357,258.870,409.933,175.076
531.151,259.532,405.955,178.577
528.318,259.924,406.771,176.716
529.342,259.179,406.334,176.597
524.437,258.993,411.854,180.186
525.886,259.116,411.681,178.849
524.197,258.901,413.973,178.193
523.463,259.907,414.354,181.076
523.941,259.979,415.044,178.189
520.285,259.269,421.811,178.521
521.367,257.900,418.547,180.162
520.627,257.268,418.928,184.724
520.186,257.205,421.481,183.180
518.428,257.009,423.884,186.909
518.013,256.959,426.404,185.320
519.047,256.197,426.026,185.155
513.894,255.436,431.832,184.991
516.510,254.577,428.298,185.577
515.103,254.259,429.983,185.085
510.959,253.612,433.753,185.249
513.970,252.635,433.405,186.069
510.178,251.903,436.442,186.397
510.359,252.634,438.934,191.784
512.030,252.696,437.916,190.499
506.611,251.949,444.126,190.257
509.339,251.082,440.416,190.827
504.394,250.748,445.663,190.335
507.514,249.755,441.173,191.156
506.047,249.420,442.943,190.663
505.275,248.756,447.397,195.482
505.866,248.851,447.990,194.109
500.827,248.507,453.347,198.339
502.387,248.027,453.227,197.499
503.253,247.375,452.692,197.005
501.240,246.643,455.523,201.458
500.426,246.726,454.727,199.474
500.533,246.398,456.321,198.322
498.614,246.179,458.953,202.373
498.006,246.666,462.001,200.180
496.443,245.694,463.909,200.297
498.313,244.532,462.001,200.790
496.368,244.309,464.671,201.845
497.487,244.036,464.273,201.165
492.243,243.671,471.091,205.567
494.234,243.690,470.223,204.282
495.488,243.480,469.575,203.462
493.891,243.108,471.533,207.920
493.349,239.256,474.498,209.983
492.403,239.366,478.285,207.867
493.539,241.026,477.906,205.178
489.289,240.191,481.393,205.595
492.545,239.069,481.179,206.579
488.183,238.191,489.270,212.122
489.720,237.212,488.131,212.147
490.876,236.972,487.752,211.338
489.194,236.576,489.830,210.845
488.360,235.850,494.714,216.156
488.848,235.882,495.704,221.986
490.418,232.696,493.891,220.392
488.419,233.277,499.870,217.249
489.598,232.370,494.872,222.363
486.770,229.372,502.521,222.384
487.030,229.455,505.348,220.211
487.930,229.368,505.550,224.392
486.480,225.578,505.753,231.298
485.280,228.228,509.523,224.628
486.040,224.040,511.391,226.908
486.045,227.036,510.017,221.598
479.993,226.817,516.738,220.690
483.571,224.973,516.340,222.351
482.616,224.222,516.894,227.922
483.497,224.167,518.567,225.972
480.979,224.072,522.231,230.275
481.714,219.782,519.372,232.606
483.241,221.270,522.582,233.805
480.688,221.997,524.887,237.949
480.704,219.307,526.271,234.842
478.487,220.592,527.889,230.863
478.965,220.015,529.029,235.512
478.597,220.516,532.590,232.390
479.352,219.789,528.264,247.932
479.092,219.165,534.579,242.661
478.942,216.508,533.437,247.255
475.994,219.476,540.786,239.138
476.440,215.229,538.455,241.153
478.043,216.781,536.692,236.606
477.454,217.380,540.011,250.388
474.452,216.005,547.486,246.516
475.374,217.928,547.114,241.201
474.715,213.421,550.614,243.667
475.009,216.449,548.558,246.411
473.338,213.086,550.429,254.610
470.535,211.498,557.535,251.041
471.469,213.454,557.162,262.855
472.035,213.150,553.733,254.273
470.327,211.136,558.651,251.543
471.264,213.096,558.279,246.123
470.718,213.749,561.596,251.494
469.375,210.087,562.777,252.046
471.075,211.721,566.162,255.564
471.684,208.545,566.467,263.438
467.991,211.882,570.759,254.444
467.290,207.889,570.635,255.565
465.965,209.548,571.758,256.832
467.330,210.662,575.163,258.440
468.542,207.117,574.283,258.582
464.871,209.130,578.539,265.357
463.131,206.893,583.588,262.771
464.101,203.449,583.216,271.227
463.614,202.168,588.964,266.626
463.746,210.918,585.527,262.614
465.315,207.223,583.960,262.939
461.579,203.777,593.785,271.400
460.409,201.292,597.731,277.977
459.837,199.944,593.165,279.856
460.426,204.515,595.248,277.239
456.462,203.314,604.802,272.324
457.460,204.617,604.430,273.781
457.530,201.429,605.919,281.785
453.705,200.093,610.262,283.631
456.487,204.477,608.029,279.860
454.088,202.350,609.524,283.288
453.537,200.905,615.618,285.347
450.107,199.284,613.250,287.749
451.478,198.521,613.872,288.436
452.615,197.842,614.968,288.950
447.004,203.070,627.878,286.089
446.177,200.186,620.198,291.010
447.572,199.418,625.913,294.247
448.737,198.805,632.172,297.190
446.475,198.202,625.420,297.530
445.759,198.456,630.305,298.747
445.670,198.460,627.878,300.478
444.004,199.156,634.687,300.824
443.927,195.667,638.339,303.430
443.316,195.860,631.634,302.163
441.712,196.539,643.586,302.555
442.816,195.864,650.213,303.021
438.310,194.562,649.453,304.736
439.804,193.774,643.792,308.094
438.105,188.252,650.755,312.006
437.879,189.120,650.307,311.173
437.970,183.526,649.225,317.859
438.816,186.029,651.170,325.585
435.440,179.272,655.159,319.747
432.358,181.601,654.910,316.006
435.691,176.633,651.886,320.480
431.334,173.095,659.684,325.725
429.893,169.853,659.783,330.355
430.852,167.761,659.734,329.867
427.293,168.316,664.051,329.690
424.999,165.533,665.829,333.383
425.988,163.433,665.738,335.698
421.145,161.953,672.587,338.658
425.887,160.252,669.790,340.150
419.677,154.519,673.612,346.838
420.766,154.759,678.206,344.424
419.315,152.824,683.044,349.262
419.693,151.507,681.310,350.918
418.855,146.924,687.878,355.191
414.492,147.400,683.741,354.239
414.570,143.281,684.570,357.552
413.327,139.898,683.097,361.348
409.785,141.563,691.176,359.013
409.414,137.622,687.929,363.904
409.864,135.298,692.037,365.548
406.626,132.876,690.461,372.406
410.814,132.318,689.190,366.418
406.326,130.422,690.118,372.221
410.511,129.864,688.850,375.368
405.930,127.273,693.941,374.443
410.177,126.813,692.587,377.404
405.406,127.189,692.917,378.699
407.293,124.768,685.043,382.516
405.578,124.442,691.546,382.143
405.602,123.088,694.585,383.822
405.633,121.732,687.289,385.502
403.192,121.870,690.110,390.376
399.137,122.761,701.338,387.554
399.183,121.400,699.160,389.234
402.147,120.785,695.319,395.684
401.199,115.972,704.567,397.960
401.552,116.726,715.520,401.752
398.772,116.944,704.985,401.316
397.840,110.018,703.656,411.974
395.158,114.506,702.555,410.542
397.048,110.144,718.125,416.040
392.887,113.577,708.942,414.644
394.720,109.316,703.108,419.912
392.822,107.201,697.115,424.142
396.311,107.006,694.491,427.798
397.695,108.151,696.087,428.781
390.336,98.365,700.963,440.699
394.813,103.991,697.573,435.010
394.090,104.293,697.915,435.508
393.222,95.819,698.548,444.731
397.789,100.651,686.068,438.414
395.095,94.861,692.553,447.800
396.973,101.423,702.171,438.021
396.171,95.092,702.665,445.132
399.321,91.507,689.649,452.302
398.665,87.338,698.787,457.286
396.141,95.326,685.729,450.363
400.941,81.416,677.242,468.176
396.935,83.328,675.111,464.350
403.925,84.668,672.336,461.671
401.116,85.802,667.919,459.404
398.075,77.164,675.110,466.701
404.179,79.061,662.901,469.649
406.245,73.826,652.070,470.071
405.404,73.954,653.752,474.247
403.486,71.448,657.589,480.374
400.387,69.747,657.037,480.402
406.156,68.167,647.748,484.686
404.777,69.375,649.384,483.393
405.338,69.935,642.654,483.393
406.500,60.631,636.984,491.961
408.994,63.450,639.840,489.685
407.457,67.480,633.954,487.226
410.693,60.768,635.270,495.088
411.766,55.736,628.634,499.540
409.803,56.519,624.709,501.338
406.301,55.175,623.873,502.907
405.462,63.358,621.068,494.388
406.570,52.142,618.853,502.402
410.196,61.159,616.064,493.298
401.509,50.680,616.885,504.323
404.015,54.966,609.641,499.102
406.325,56.105,610.541,495.719
401.099,47.420,613.285,503.180
403.039,48.797,610.519,499.313
399.988,49.817,605.569,496.168
396.696,51.065,604.474,493.672
393.834,51.853,602.544,491.002
391.402,52.432,603.054,488.756
389.784,46.905,601.945,492.204
386.773,47.860,603.608,489.205
390.590,47.766,597.062,488.307
387.650,40.153,598.619,493.807
383.396,42.247,599.512,489.620
380.565,43.035,597.583,488.044
383.151,43.823,593.491,486.468
379.822,39.683,589.395,488.294
375.002,42.285,591.519,483.092
377.572,37.722,587.449,486.866
372.618,41.356,586.654,488.164
372.481,44.455,581.572,481.966
367.658,38.567,583.801,492.681
372.924,43.363,568.974,483.092
364.594,43.517,575.140,488.029
369.003,48.913,568.444,477.239
362.361,42.540,571.302,489.985
357.838,43.955,568.699,489.272
352.973,45.820,566.818,487.654
348.127,52.941,571.250,480.776
346.320,57.299,569.620,479.404
344.520,53.278,561.714,486.401
346.089,56.939,560.668,482.217
341.321,53.525,558.759,485.923
334.913,53.463,566.361,485.005
338.003,59.935,555.983,479.404
332.811,58.828,561.200,480.585
328.583,56.912,558.222,483.377
330.142,64.709,557.183,475.061
326.647,62.362,559.027,478.724
322.428,63.555,556.073,478.409
317.555,65.281,554.461,477.023
319.906,72.152,551.820,463.282
318.526,76.092,549.519,462.487
311.774,72.237,552.935,461.115
311.362,75.431,554.767,454.727
308.211,76.557,554.032,455.493
309.719,78.065,549.005,451.471
303.209,79.588,555.050,448.424
299.157,79.138,556.164,449.325
303.102,78.688,549.275,448.224
297.714,79.376,553.099,446.848
296.660,78.926,545.259,446.754
293.639,80.004,547.349,444.597
291.802,80.117,547.072,444.372
289.967,80.229,550.742,444.147
289.130,89.454,548.457,435.598
287.424,79.265,542.083,448.148
283.234,81.378,550.463,450.827
280.304,85.458,549.346,445.658
278.629,85.426,548.734,445.723
273.817,85.539,551.427,445.498
272.764,93.025,546.590,438.462
269.702,91.758,545.854,440.995
268.654,91.308,547.951,441.896
264.861,90.633,552.581,443.247
261.832,99.300,545.763,438.789
253.600,98.309,559.289,440.770
252.937,98.027,553.656,444.317
244.919,99.851,557.783,443.646
246.067,107.642,555.488,438.019
240.400,104.466,558.922,444.372
233.579,105.207,564.584,445.882
227.723,112.288,568.265,439.753
224.712,107.052,566.283,445.223
219.418,116.603,573.857,438.181
210.313,109.905,576.010,442.544
208.303,113.919,576.999,443.612
204.188,118.036,580.166,436.390
197.205,119.725,588.090,434.018
193.004,122.402,590.427,436.754
188.347,120.197,593.641,440.148
183.380,123.392,597.439,437.849
170.952,122.262,613.084,441.133
161.023,122.132,623.571,445.557
161.576,127.575,622.466,441.002
148.815,122.643,627.018,447.720
139.922,128.034,635.258,443.302
134.694,124.534,636.157,450.301
127.178,129.052,646.905,451.977
121.690,125.648,648.143,452.293
108.780,128.585,667.462,457.255
100.895,132.785,667.754,452.171
92.812,132.363,666.327,459.612
89.279,134.013,675.608,456.312
74.878,133.292,691.077,464.421
60.917,131.885,694.049,467.236
53.536,130.751,703.115,476.340
37.982,133.831,720.325,473.654
27.545,138.011,728.340,473.479
19.212,133.858,732.080,482.961
7.992,143.270,745.000,477.228
0.928,137.197,756.740,481.019
0.000,142.224,748.824,480.626
0.000,135.213,753.802,491.046
0.000,143.302,748.272,488.261
0.000,139.464,744.275,487.471
0.000,136.051,753.108,495.503
0.000,135.612,749.451,500.048
2.291,134.488,746.094,503.521
2.448,133.567,747.008,512.724
0.000,134.774,741.344,517.743
4.837,130.740,731.671,518.370
0.000,136.006,734.294,515.234
3.968,128.933,726.358,525.686
2.345,129.613,729.605,524.326
1.902,125.581,730.490,528.677
0.279,126.272,733.737,527.296
0.000,125.954,734.458,527.932
0.000,122.003,734.835,534.587
3.576,123.316,726.429,534.471
0.000,122.420,727.209,546.240
0.000,124.290,728.216,541.239
0.000,124.734,720.991,546.633
0.000,124.106,731.201,550.403
0.000,126.336,726.177,544.673
0.000,119.257,720.539,556.314
2.938,124.981,717.198,551.203
0.000,121.278,711.297,559.867
0.000,120.796,714.378,558.304
0.704,119.311,707.914,558.746
0.000,119.269,712.112,556.314
0.840,114.009,706.652,560.535
0.000,114.639,705.604,556.756
0.000,114.490,715.389,558.309
4.862,112.897,704.400,558.968
6.742,109.864,695.618,562.521
5.208,109.397,698.687,557.196
6.185,110.800,695.484,555.638
3.085,109.936,697.953,556.123
0.372,111.136,694.648,551.229
0.000,111.777,699.464,542.515
1.993,105.583,697.944,548.737
1.675,101.263,693.627,546.231
1.032,100.848,691.217,544.595
0.312,96.821,695.113,546.511
0.000,96.213,698.216,544.025
1.228,90.662,698.227,541.558
3.308,88.244,696.528,539.009
0.000,81.874,705.919,545.620
2.682,87.628,709.251,530.386
1.299,76.608,704.651,536.467
0.000,80.259,709.273,525.473
0.369,71.798,714.642,522.849
2.843,70.146,715.813,515.141
2.293,66.469,716.914,518.851
0.669,63.463,732.366,513.877
4.706,68.741,736.568,500.866
3.446,61.465,740.305,498.399
4.054,60.250,741.521,491.106
0.000,58.244,762.455,486.664
0.000,51.659,766.466,483.987
0.433,52.268,776.573,475.453
0.000,52.854,781.522,463.337
0.000,46.011,803.940,462.567
0.389,49.041,803.162,455.288
0.215,40.714,816.821,461.050
0.000,41.582,824.956,449.490
4.244,42.103,832.310,442.355
3.789,39.793,833.221,440.902
4.304,37.032,845.535,430.653
1.995,34.990,859.814,433.530
1.719,41.552,862.811,419.184
0.000,35.699,877.254,421.261
0.000,37.073,876.606,417.297
7.328,27.812,875.268,415.238
2.138,27.895,885.647,413.865
0.302,26.432,891.742,405.888
0.000,22.270,890.487,416.619
2.707,20.893,881.416,408.402
16.001,18.591,883.642,402.201
37.852,26.410,860.223,387.756
56.400,21.443,838.157,387.286
69.613,18.994,826.551,391.044
87.979,18.768,804.615,384.667
98.314,19.570,792.852,373.042
114.839,18.861,771.778,364.662
126.893,18.523,756.166,364.277
135.191,19.971,747.974,351.926
143.561,19.288,742.531,352.266
154.551,19.377,716.458,339.806
161.232,19.431,707.045,341.673
168.390,21.021,694.699,337.509
174.656,23.110,684.103,332.362
180.732,25.121,673.861,330.249
193.880,27.882,657.004,325.670
196.444,37.008,648.174,313.901
202.692,38.651,637.484,309.712
211.017,46.749,625.280,304.190
216.384,48.699,621.531,304.655
224.934,59.935,605.300,296.989
228.939,62.500,598.988,293.555
240.512,73.292,585.076,287.921
248.020,75.970,570.880,288.315
254.165,80.479,561.839,280.919
259.081,84.131,552.801,280.775
269.005,93.645,540.838,268.054
271.066,96.543,533.667,266.071
276.131,99.825,528.818,266.295
282.818,103.736,512.438,259.976
291.443,108.101,506.143,256.358
294.376,112.292,497.394,253.022
304.394,116.622,485.883,247.914
306.223,121.066,479.445,245.281
315.334,125.655,469.459,239.534
317.110,129.953,466.578,236.981
326.680,133.920,452.101,233.707
328.846,138.832,450.371,232.995
334.250,143.818,442.157,224.320
339.130,147.564,439.330,225.653
345.118,151.976,427.354,221.241
347.745,156.763,425.178,212.896
353.744,159.616,419.804,215.624
359.466,163.832,408.360,211.408
361.861,164.231,406.511,207.668
369.635,167.997,397.945,208.281
374.975,173.016,391.300,203.430
376.904,177.588,390.265,202.192
383.110,178.036,379.540,205.233
387.366,180.631,374.941,200.043
390.616,186.349,370.085,196.282
394.296,187.872,366.504,197.016
399.008,190.119,360.843,196.286
402.552,192.897,357.486,190.730
405.647,198.347,352.864,187.149
409.288,199.869,347.124,187.704
413.113,202.207,343.053,186.608
416.398,208.349,337.498,177.870
416.821,209.441,334.688,175.687
423.065,213.823,327.539,173.717
426.314,215.166,324.385,174.375
428.490,217.107,321.461,170.493
431.726,218.450,316.396,171.088
435.300,223.888,314.370,166.732
438.520,225.231,309.305,170.003
440.708,228.031,308.143,167.619
443.644,229.899,303.182,166.613
445.760,232.615,302.101,164.332
448.665,234.908,297.185,162.871
450.938,237.454,295.723,160.863
453.809,239.713,290.854,159.402
456.073,242.227,289.346,157.394
458.911,244.453,286.660,158.496
460.572,245.186,286.325,157.884
462.398,247.925,283.525,155.385
464.651,248.299,281.961,157.999
465.291,251.633,279.412,154.290
466.982,254.366,276.861,151.733
469.225,254.755,275.248,151.776
470.993,257.396,272.530,149.360
473.063,259.723,269.199,149.959
474.132,259.491,267.866,150.021
477.674,260.681,264.391,148.444
478.166,263.894,264.201,144.795
480.224,264.220,260.870,144.927
481.446,267.017,259.204,142.056
483.496,267.354,255.872,142.151
484.711,268.199,254.206,143.516
484.760,271.455,254.872,139.682
486.804,270.668,251.541,140.878
490.151,270.666,248.238,140.505
490.039,272.068,247.338,140.694
492.260,273.657,244.391,138.264
492.218,273.939,243.370,139.542
493.918,275.780,239.232,136.598
493.290,276.351,241.575,137.267
495.556,279.707,236.314,135.297
497.305,280.376,234.249,135.750
498.346,281.458,231.452,135.371
498.802,282.819,231.959,132.295
498.357,283.390,231.796,135.010
501.981,284.664,226.673,132.108
500.222,285.890,227.071,129.309
502.227,286.372,226.150,128.003
502.200,286.668,223.139,127.070
501.829,287.152,224.554,129.810
505.797,288.165,218.669,127.443
506.527,289.397,218.545,126.649
507.521,288.421,215.892,126.270
508.000,289.721,214.271,125.322
511.108,291.016,211.994,124.374
509.151,292.398,212.331,123.237
512.557,293.398,211.354,124.802
512.556,292.392,208.429,123.887
514.804,294.185,205.863,123.839
513.846,293.771,207.140,121.790
516.560,295.171,203.622,122.491
518.148,297.295,201.709,121.721
514.869,296.992,204.818,121.385
517.846,298.657,201.390,121.528
519.270,300.861,200.420,118.686
519.167,300.016,200.008,119.449
521.011,301.835,197.560,119.217
519.966,301.549,198.421,118.868
521.650,301.606,196.283,118.447
523.058,301.325,194.687,119.925
523.351,304.037,193.795,116.032
525.101,303.523,191.496,116.158
526.177,303.366,190.538,115.577
527.250,303.805,189.581,118.562
526.893,304.557,187.894,116.158
527.120,304.984,188.623,116.190
527.987,305.233,187.185,114.803
528.494,307.722,185.878,115.403
530.264,307.674,185.269,114.034
530.606,307.918,184.295,112.673
531.253,307.969,184.155,113.437
531.513,308.207,183.345,113.830
532.105,308.739,182.450,113.634
533.717,308.215,180.666,110.935
534.136,308.373,179.545,108.068
535.421,310.207,178.091,107.469
536.614,309.900,177.369,107.253
537.763,309.679,176.176,108.522
537.998,309.898,175.429,108.915
538.018,310.412,176.495,108.719
538.254,311.187,175.745,108.557
538.432,311.521,175.112,108.719
538.452,312.033,174.795,108.522
539.024,312.545,173.927,108.326
539.320,313.056,173.612,108.129
539.615,313.566,173.296,107.932
541.554,313.802,171.336,108.010
540.797,314.643,170.670,108.509
541.887,312.734,170.398,108.509
542.452,313.922,167.908,105.317
542.574,312.556,169.261,106.719
543.503,313.434,168.747,107.923
543.865,314.719,166.673,106.163
544.279,312.874,167.179,104.520
545.567,313.531,165.924,104.000
545.117,314.221,166.562,107.095
545.699,312.903,164.595,104.645
546.844,314.013,164.145,103.214
547.860,314.797,164.718,102.428
547.758,315.025,164.662,104.572
548.411,313.209,161.518,106.103
549.482,315.145,162.521,103.018
549.117,313.273,160.919,101.579
548.896,314.118,161.617,104.244
550.625,313.433,159.460,106.393
550.971,312.837,159.290,105.497
551.689,314.698,159.153,104.371
552.794,313.709,157.459,106.349
552.748,313.503,157.551,104.688
552.071,313.650,157.620,106.708
554.290,313.521,156.038,104.890
554.446,314.996,156.238,105.269
554.550,314.765,156.030,104.961
554.702,316.276,155.726,102.964
555.462,316.272,154.712,101.704
556.476,316.146,153.940,102.710
556.952,315.917,152.989,103.418
556.800,315.689,153.797,101.859
557.508,317.746,152.881,102.005
557.911,317.223,152.076,101.051
557.279,316.634,152.596,102.227
557.539,316.472,152.076,102.801
557.387,316.996,152.631,102.506
557.512,316.620,152.380,103.258
557.360,317.270,152.684,102.710
557.512,316.997,152.380,101.253
558.121,317.152,151.164,101.687
558.273,317.131,150.859,101.979
558.121,317.152,151.164,102.185
557.969,318.669,149.226,100.895
557.912,318.518,149.830,101.197
559.333,318.312,148.960,101.609
558.840,318.312,149.947,101.609
558.688,318.950,148.027,102.556
557.728,319.424,150.440,101.609
559.899,319.218,148.327,101.278
557.674,319.259,148.847,101.197
557.428,319.259,149.830,102.670
556.761,319.377,151.164,100.444
557.370,318.795,149.947,101.609
557.218,318.692,150.251,99.838
557.826,318.116,151.976,100.990
556.647,318.242,150.363,101.483
556.551,320.449,151.050,99.545
556.179,319.623,151.058,99.232
555.475,319.479,153.692,100.255
554.999,321.125,153.153,97.709
553.871,320.220,155.163,98.294
553.609,321.178,154.205,99.097
552.710,321.449,156.251,100.288
552.890,321.718,157.142,99.498
552.013,322.595,156.140,98.496
551.269,323.362,157.379,97.709
551.145,321.746,157.379,99.698
550.228,322.625,156.451,98.692
549.481,323.392,158.941,97.906
547.824,323.668,160.009,98.103
546.212,323.750,160.971,97.186
547.250,323.471,158.646,98.496
543.365,323.847,162.405,96.992
544.802,323.276,159.279,97.379
541.567,323.289,161.757,98.103
542.521,323.176,160.856,97.573
539.576,322.993,162.729,97.186
537.234,322.421,164.638,97.573
535.350,323.779,165.618,96.125
534.287,324.600,164.965,97.261
532.565,323.774,166.126,96.632
531.424,324.661,166.126,96.125
530.449,323.364,165.798,96.441
527.791,324.250,167.317,95.935
525.723,324.789,169.169,96.125
524.417,325.049,167.947,96.883
521.988,325.688,170.504,95.349
519.304,325.560,169.992,95.349
518.067,325.526,171.701,96.693
515.380,325.603,171.398,96.282
514.169,325.661,173.048,95.909
511.122,325.345,172.430,96.282
510.606,325.990,173.205,98.605
507.469,326.368,173.723,97.588
504.934,326.424,175.144,97.215
502.677,326.200,174.174,97.402
503.235,326.163,173.840,97.215
499.890,326.127,174.287,97.029
496.595,325.903,177.750,98.779
495.686,325.619,178.771,99.081
493.349,325.299,177.311,99.454
492.052,326.058,177.511,98.469
489.774,325.806,179.685,98.708
487.095,326.100,180.244,98.654
485.323,326.274,182.452,98.839
482.621,326.173,182.473,99.580
480.931,326.258,183.422,99.950
478.558,326.345,183.288,100.320
476.759,326.524,184.441,100.505
475.193,326.611,185.120,98.967
473.126,326.206,185.457,100.320
470.530,326.109,186.825,101.061
468.470,326.014,187.644,101.801
465.745,326.013,189.221,102.356
463.668,325.921,190.032,103.097
462.315,325.924,190.215,103.652
460.711,326.020,190.894,104.022
457.691,326.117,191.292,102.417
455.568,327.181,192.736,102.251
452.974,326.576,193.144,102.054
450.585,325.874,193.144,102.054
448.195,325.171,194.268,104.022
445.989,324.808,194.695,103.325
443.319,324.188,196.342,105.133
440.239,323.828,198.762,104.415
438.017,322.925,198.299,104.778
434.409,322.203,200.608,106.798
431.526,321.663,201.392,108.464
429.458,321.404,203.158,107.502
426.793,320.664,203.454,109.575
423.219,320.408,205.516,110.685
420.526,320.155,206.671,108.170
418.385,319.104,205.859,107.275
415.352,317.974,206.866,110.130
411.219,318.954,208.786,108.170
408.403,317.628,209.300,107.812
403.916,316.214,211.057,109.136
402.079,316.339,211.690,108.886
398.125,316.339,212.906,108.886
394.418,316.160,213.607,109.245
390.700,314.450,215.532,111.134
388.051,316.670,216.798,111.036
383.682,315.027,218.080,114.942
379.814,315.727,219.157,111.957
375.535,315.561,221.442,112.289
371.672,315.203,221.592,111.427
368.247,314.593,222.148,114.850
363.285,313.200,224.401,113.479
359.449,314.959,227.278,112.201
354.494,312.241,228.237,114.438
351.124,313.791,230.124,115.871
347.425,311.528,229.669,117.125
341.640,309.616,233.352,121.606
338.283,312.426,234.332,118.346
331.659,310.205,236.903,123.457
328.120,312.993,238.157,120.278
322.907,310.817,240.455,121.244
317.741,310.280,241.220,122.318
313.416,312.241,242.986,123.214
309.067,310.060,244.751,125.842
303.966,310.121,246.525,128.179
298.648,308.674,249.325,127.512
293.655,310.995,250.739,127.870
287.389,308.933,253.228,128.407
282.894,311.014,253.549,126.774
276.413,308.312,256.454,130.382
271.716,307.956,257.061,129.263
264.763,309.776,260.740,130.735
259.459,307.122,260.998,134.196
253.946,307.151,264.529,136.761
248.782,305.484,264.960,138.191
242.930,305.988,266.701,139.865
236.684,306.702,269.139,138.436
230.884,304.769,269.912,143.077
225.684,303.867,271.651,140.943
217.757,304.225,274.970,140.227
212.512,306.709,276.024,138.012
207.139,303.827,275.831,144.557
199.963,302.561,278.991,145.091
193.278,301.010,281.086,148.999
187.966,302.172,283.106,149.542
180.712,301.097,284.422,149.631
173.756,299.883,287.592,150.820
166.105,300.613,288.708,152.281
161.043,299.527,290.020,153.194
152.790,298.437,294.703,156.218
147.163,297.479,294.355,158.994
140.115,297.264,296.753,157.258
134.445,296.273,299.007,157.941
125.964,295.164,301.171,161.030
119.653,294.587,301.893,160.863
113.525,293.833,302.236,163.252
108.101,295.854,302.856,164.992
101.930,298.208,304.900,163.419
97.134,299.954,306.899,165.734
95.190,301.962,304.012,164.880
91.662,301.929,305.689,168.532
88.706,302.617,302.515,170.789
88.828,304.250,300.906,168.434
86.485,304.182,303.338,168.121
88.015,300.962,298.922,171.394
87.005,301.906,299.583,169.054
87.155,298.541,297.930,169.473
89.960,295.581,296.818,169.097
93.431,292.628,295.261,170.964
98.499,289.964,290.522,166.398
106.851,285.559,284.382,169.485
112.289,279.720,284.059,168.413
121.252,276.820,277.076,168.522
128.245,271.941,276.506,164.432
140.617,266.681,270.536,166.845
150.448,259.959,267.884,164.132
160.575,255.564,264.417,164.526
172.066,249.273,260.650,161.236
183.697,245.286,256.280,160.996
197.147,238.343,250.936,156.987
210.605,235.014,245.072,155.702
222.824,228.758,242.932,154.131
234.960,223.632,240.758,154.302
249.659,221.330,234.887,151.192
260.736,215.831,234.234,151.253
274.640,210.469,227.143,151.052
283.679,210.005,226.489,144.938
294.647,204.497,223.774,145.435
304.681,203.173,217.792,141.222
314.546,199.334,214.568,139.768
321.641,195.724,212.164,137.976
328.691,194.464,211.771,136.041
334.374,192.852,209.237,134.849
339.823,192.034,205.399,134.803
344.238,191.137,203.565,132.267
349.064,189.894,200.814,130.480
353.843,190.626,199.684,128.692
356.053,189.134,195.908,127.501
357.742,191.136,196.328,126.030
362.935,190.174,192.561,124.487
364.929,191.938,192.296,121.891
367.854,193.086,190.125,120.515
369.243,194.229,189.470,119.139
372.580,195.171,186.403,118.156
373.368,196.305,184.232,116.779
376.216,197.434,182.061,115.403
377.591,197.977,181.341,114.607
378.493,198.995,180.980,113.437
381.692,202.017,178.029,112.847
383.061,203.131,178.694,111.471
384.507,204.317,177.216,110.513
385.991,207.187,175.648,110.095
387.716,208.457,174.150,108.948
389.067,211.387,172.825,106.121
391.156,213.745,171.358,106.556
391.585,214.249,170.771,104.736
392.666,216.570,170.215,104.377
393.626,219.606,168.561,102.045
396.228,221.516,165.983,101.113
396.917,223.522,165.644,99.957
398.071,225.324,164.367,100.475
399.101,228.158,162.564,98.414
401.661,230.790,160.482,96.694
402.771,232.457,159.760,96.106
403.996,234.111,158.303,95.528
405.126,236.588,157.519,94.019
406.657,238.771,158.841,93.064
405.196,240.476,157.867,93.064
407.218,241.638,156.733,93.409
408.833,243.066,154.473,91.764
410.427,245.042,154.148,91.153
410.275,246.896,153.977,89.345
412.731,248.307,153.297,88.404
413.617,249.616,151.060,87.652
412.582,251.009,153.820,88.095
415.594,253.328,151.992,86.486
415.358,255.470,150.398,85.187
416.908,255.687,149.565,85.886
417.651,256.842,148.759,85.395
