649.000,29.000,548.000,667.000
650.726,30.931,544.547,657.087
644.076,31.470,551.862,657.207
648.859,29.875,550.732,657.986
647.167,28.808,548.094,657.713
650.854,29.627,546.728,658.477
644.362,29.764,550.104,659.404
648.153,30.337,550.961,657.054
652.711,30.144,541.846,656.236
645.526,31.216,555.023,655.285
651.439,29.320,543.197,657.872
644.230,30.388,554.025,656.932
649.532,29.178,549.460,658.144
643.822,29.667,551.250,659.574
647.962,30.051,551.418,657.599
652.522,29.858,542.296,656.781
645.329,30.929,553.099,655.834
650.618,29.716,542.521,657.054
652.982,30.786,546.160,656.109
643.311,30.562,552.324,657.756
648.100,28.968,551.189,658.532
652.434,29.104,542.521,657.054
645.237,30.175,555.721,656.109
651.161,28.280,543.872,658.689
643.940,29.346,554.720,657.756
649.252,28.138,544.097,658.962
651.615,29.203,547.760,658.031
645.522,28.980,550.333,656.074
650.104,28.707,549.589,659.026
644.226,29.364,551.708,656.508
649.045,28.762,550.503,656.508
643.974,28.569,551.021,655.690
648.786,27.968,553.427,659.300
643.778,27.532,553.770,658.962
648.615,26.928,550.143,658.962
652.538,27.416,548.322,660.396
642.413,28.758,555.322,656.508
648.138,27.063,552.332,658.689
646.671,26.869,549.232,657.872
650.589,27.358,549.817,659.300
644.709,28.015,557.963,656.781
651.079,31.695,548.857,654.267
646.118,30.275,555.183,658.306
651.436,29.069,544.547,659.507
644.203,30.133,555.415,654.982
650.312,28.085,549.232,657.872
644.605,28.574,557.036,655.690
650.962,32.245,550.370,653.187
642.924,30.011,559.247,651.654
650.724,32.066,552.104,652.376
643.316,29.153,557.311,652.198
650.486,31.882,551.418,647.946
643.916,29.321,557.382,651.874
651.121,31.888,549.005,651.566
643.108,29.666,557.848,653.616
650.096,26.525,549.915,655.064
645.197,26.156,556.110,654.600
651.541,29.818,549.460,652.106
644.718,28.790,557.116,652.964
651.678,25.733,546.818,657.872
645.347,26.905,555.878,654.327
642.031,30.565,558.889,651.836
649.652,26.671,552.104,654.793
641.654,25.484,560.878,655.963
648.919,28.085,552.419,651.976
641.669,26.172,559.713,654.600
648.914,28.762,551.281,654.267
644.465,27.722,556.573,655.145
641.147,25.346,559.584,658.689
647.540,29.042,552.874,652.513
643.887,25.923,556.573,656.347
650.013,29.922,550.370,653.187
641.974,24.088,559.247,658.855
648.199,27.867,552.874,656.158
643.730,25.611,558.194,658.259
649.879,23.562,549.537,657.504
644.325,23.868,557.036,659.300
649.894,28.405,551.964,655.078
641.826,26.157,560.878,657.167
648.866,23.016,552.874,662.234
643.115,23.501,558.320,660.053
648.876,20.588,555.304,663.449
643.525,19.510,556.290,663.176
648.158,18.021,555.533,667.369
641.989,17.807,558.123,665.361
646.638,17.534,557.362,668.346
644.349,16.986,555.833,667.000
648.078,16.587,556.904,669.017
641.895,16.374,559.498,667.000
646.557,11.210,558.733,671.214
650.161,10.999,557.654,672.862
643.303,11.475,565.238,673.136
648.134,9.758,561.751,674.101
651.896,3.188,554.227,678.620
642.975,0.000,570.841,685.003
646.780,0.000,569.490,682.944
650.697,0.000,567.896,680.962
640.915,0.000,572.526,679.018
646.350,0.000,561.656,678.999
642.871,0.000,556.253,672.016
639.566,0.000,545.731,668.830
640.384,0.000,538.052,671.756
638.712,0.000,494.475,671.543
638.038,0.000,413.954,657.480
633.078,0.000,356.012,658.651
632.791,0.000,285.850,624.866
635.293,0.000,516.859,688.869
636.992,0.000,523.014,689.529
577.538,0.000,589.029,698.182
481.826,0.000,735.527,698.242
413.587,0.606,781.648,686.990
317.456,0.000,860.973,688.784
268.607,0.000,924.763,688.095
234.540,0.000,957.779,688.848
207.802,0.000,985.243,689.097
187.639,0.000,1017.325,694.099
185.022,2.273,1015.832,701.328
179.377,6.621,1028.811,704.457
175.811,26.598,1020.607,683.245
193.071,42.310,1001.130,670.206
195.283,39.713,1004.903,675.400
196.492,39.404,1004.134,677.667
196.709,39.819,997.099,665.283
199.794,36.718,999.077,671.484
189.504,36.400,1001.624,673.760
190.595,39.584,1007.663,672.323
193.640,38.045,1003.220,677.050
193.855,38.458,1004.439,677.872
194.072,33.919,997.401,678.695
192.138,30.727,1001.269,681.785
190.161,21.114,1006.876,691.091
192.799,0.000,1001.601,710.543
195.538,0.000,1013.007,716.577
183.766,0.000,1021.207,709.488
191.880,0.000,994.758,705.635
194.592,0.000,997.719,711.660
195.980,0.000,994.943,720.000
193.766,0.000,999.370,708.932
181.411,0.000,1008.921,718.284
188.347,8.149,1000.161,701.987
193.760,0.000,1006.103,714.632
180.970,0.000,1006.231,706.867
194.610,0.000,989.076,714.632
184.446,0.000,974.076,713.972
187.522,0.000,976.268,714.117
187.773,17.879,980.780,693.397
176.464,26.261,988.545,688.186
183.743,31.935,973.987,678.489
182.692,26.295,967.954,680.008
187.645,31.794,974.287,682.001
178.869,26.955,977.158,681.890
185.472,31.334,980.290,682.936
184.421,32.240,997.127,677.850
182.807,32.228,1002.002,677.873
182.413,28.105,1004.439,682.820
180.805,29.763,1010.970,681.162
181.397,29.874,1018.089,682.601
183.268,29.166,1016.016,685.685
183.494,29.590,1008.882,686.508
181.674,31.451,1014.188,684.452
181.899,30.206,1015.406,686.941
181.516,29.382,1009.487,675.220
183.953,23.308,1012.876,684.063
183.978,22.178,1014.492,686.323
183.594,18.014,1008.580,691.312
179.798,16.032,1017.843,691.933
178.201,12.696,1014.321,695.247
189.513,14.066,1008.504,692.506
185.375,5.784,1001.729,699.036
177.089,0.000,1003.228,710.368
188.793,0.000,1005.160,720.000
173.859,0.000,1019.708,710.685
181.077,0.000,995.050,706.336
183.639,0.000,1005.026,712.225
186.615,0.000,980.448,704.942
186.008,0.000,996.636,708.531
188.183,0.000,983.877,714.180
185.159,0.000,988.247,716.147
182.550,0.000,1001.886,704.945
187.349,0.000,1000.695,712.387
173.984,0.000,1013.907,714.441
178.449,0.000,1006.681,708.111
183.285,0.000,998.698,712.303
184.720,0.000,985.701,713.975
182.313,0.000,980.442,712.901
178.900,11.743,977.229,702.801
178.307,26.503,978.414,678.257
186.571,31.417,978.189,683.102
178.377,35.990,979.855,673.957
173.906,34.695,990.425,673.294
186.995,34.673,980.590,673.339
182.891,33.069,974.162,673.294
177.245,35.829,988.694,677.499
188.436,27.361,982.691,679.695
197.215,31.866,965.133,659.235
194.507,34.242,989.705,665.656
210.187,32.462,974.587,669.217
206.123,34.111,984.332,665.919
205.715,33.286,986.769,667.568
205.308,32.462,1007.073,669.217
197.928,30.292,987.336,670.271
211.243,29.995,962.334,670.865
203.637,34.220,953.428,672.062
207.820,25.864,935.452,674.358
206.704,32.470,928.148,673.861
203.855,29.100,949.675,675.852
205.718,27.127,979.617,679.800
198.999,32.197,979.990,671.293
195.507,33.441,973.987,668.804
191.447,35.090,985.338,675.199
187.892,26.639,1000.610,682.308
192.049,27.105,1007.181,681.377
191.659,27.938,1001.329,681.368
189.864,29.793,1006.571,679.311
190.082,30.209,1007.790,680.134
190.302,30.626,1000.724,680.956
188.509,30.828,1004.310,680.552
187.749,30.313,1005.831,681.583
186.989,31.455,1007.352,680.956
186.837,30.523,1007.656,682.819
186.077,30.008,1010.836,683.850
185.690,30.847,1004.955,683.835
198.813,31.046,993.639,683.438
194.238,33.004,996.192,679.522
191.699,33.519,1001.269,678.491
190.939,33.004,1002.790,679.522
190.179,32.489,1004.310,680.552
189.419,33.628,999.214,679.928
187.479,33.728,1003.094,679.728
186.719,33.213,1004.615,680.758
192.578,32.698,999.516,681.789
190.029,33.213,998.005,680.758
187.485,33.728,1003.094,679.728
186.725,33.213,1004.615,680.758
192.584,32.698,999.516,681.789
190.034,33.213,998.005,680.758
187.490,33.728,1003.094,679.728
186.730,33.213,1004.615,680.758
195.899,32.698,996.206,681.789
192.608,33.831,996.192,679.522
190.069,29.406,1001.269,683.432
197.416,30.124,996.507,681.995
194.124,32.908,988.245,678.078
190.197,29.538,1004.290,679.902
189.579,30.455,1005.527,679.723
189.427,31.179,999.214,679.928
194.086,31.280,996.494,679.728
191.547,31.795,994.984,678.697
189.013,32.310,1000.052,677.667
188.253,31.795,1001.573,678.697
194.092,31.280,996.494,679.728
191.553,31.795,994.984,678.697
189.018,32.310,1008.276,677.667
190.241,30.352,990.942,681.583
192.265,32.310,1001.697,677.667
191.871,31.486,995.890,679.316
189.334,32.001,1000.965,678.285
188.574,31.486,1002.485,679.316
187.814,30.970,1004.006,680.346
187.054,30.455,1005.527,681.377
192.919,24.971,1000.422,687.376
188.542,26.734,994.238,683.850
198.815,23.741,996.797,684.885
194.450,27.149,990.642,679.723
190.506,23.766,1006.743,681.563
189.898,24.692,993.040,681.368
185.935,26.234,1009.196,688.163
183.512,28.410,999.033,685.480
186.130,24.977,1008.704,687.376
183.917,27.067,998.134,684.863
179.916,33.569,1006.135,676.824
180.981,31.808,1004.006,680.346
180.221,31.292,998.911,681.377
177.674,31.808,1012.263,680.346
178.913,31.511,1003.142,677.619
178.937,30.456,1006.393,679.728
178.914,30.978,999.818,680.340
176.972,31.078,1011.956,680.140
178.210,30.780,1002.839,682.396
176.410,30.981,1006.439,681.995
175.650,30.465,1009.618,683.025
175.262,31.303,1012.055,683.012
175.485,31.724,1004.955,683.835
173.678,31.922,1008.568,683.438
172.918,31.407,1010.089,684.468
178.813,30.892,1004.955,685.499
176.398,31.510,1003.142,684.262
173.989,32.129,1007.960,683.025
173.229,31.613,1012.801,684.056
173.217,30.480,1006.163,686.323
177.449,31.098,1012.665,685.086
177.064,30.274,998.433,681.735
174.278,30.968,1012.263,680.346
175.517,33.993,1011.446,679.280
176.956,31.914,1010.227,683.438
176.568,31.090,1004.350,685.086
174.155,31.708,1009.177,683.850
180.044,31.193,1004.048,684.880
177.633,31.811,1002.235,683.644
175.074,32.326,1010.665,682.613
175.058,31.193,1004.048,684.880
172.646,31.811,1017.169,683.644
173.906,29.853,1007.976,674.209
176.347,32.043,1011.343,674.778
179.407,33.807,1006.876,676.211
180.842,31.740,1005.657,680.346
180.451,30.915,999.818,681.995
177.901,31.430,1008.224,680.964
177.881,30.297,1009.922,683.232
177.494,31.135,1004.048,683.218
175.690,31.334,1007.656,682.819
174.930,30.819,1010.836,683.850
174.543,29.995,1004.955,685.499
178.771,30.613,1011.446,684.262
178.385,29.788,997.235,685.911
173.783,31.746,1014.716,681.995
175.032,29.788,1005.559,685.911
172.615,30.407,1010.393,684.674
178.512,31.556,1005.257,684.040
176.704,31.754,1002.235,683.644
174.146,32.269,1015.636,682.613
175.399,30.311,1014.797,686.529
175.016,31.157,1008.882,679.827
175.629,29.661,1015.943,682.819
176.883,32.704,1006.767,681.735
176.287,32.058,1011.276,683.025
176.272,30.925,1012.969,685.293
175.887,31.768,1015.406,685.274
176.113,30.522,1008.278,674.411
178.553,32.712,1011.649,674.983
181.615,31.169,1007.181,679.723
181.833,31.586,1000.120,680.545
179.890,31.685,1012.263,680.346
181.129,31.388,1003.142,682.601
179.328,31.588,1008.399,682.201
178.940,30.764,1010.836,683.850
178.553,31.603,1013.274,683.835
178.777,30.359,1006.163,681.326
178.183,31.372,1009.009,680.956
178.403,31.791,1010.227,681.779
178.624,30.549,1003.142,684.262
176.215,31.167,1016.249,683.025
177.471,34.212,1007.070,681.940
176.874,33.565,1008.264,683.232
176.113,33.050,1011.446,684.262
175.727,32.226,1013.883,672.592
180.209,32.998,1006.571,676.006
181.644,30.931,1005.353,680.140
181.253,31.762,999.516,680.134
179.312,31.862,1003.398,679.934
178.552,31.346,1004.919,680.964
177.792,30.831,1008.095,681.995
177.403,31.666,1010.532,681.984
177.625,32.086,1011.750,682.807
177.847,30.843,1004.652,685.293
175.433,31.461,1011.141,684.056
175.047,30.637,1013.578,685.705
174.662,31.481,1007.674,685.685
179.500,31.677,1004.653,685.293
177.086,32.296,1011.141,684.056
176.700,31.471,1005.257,680.712
176.109,30.830,1014.716,681.995
177.357,33.866,1005.559,680.916
176.765,33.224,1006.743,682.201
176.005,32.709,1009.922,683.232
175.618,31.884,1012.360,684.880
175.232,31.060,1006.465,673.199
177.679,33.253,1009.810,673.755
180.733,31.711,1005.353,678.489
180.950,30.474,1006.571,680.964
180.560,31.306,1000.724,680.956
178.767,31.508,1004.310,680.552
178.007,32.647,1005.831,679.928
177.855,31.717,1006.135,681.789
177.095,31.202,1009.313,682.819
176.707,32.039,1011.750,682.807
176.930,30.796,1004.652,680.303
176.340,31.811,1005.831,679.928
176.189,30.880,1009.445,681.789
176.171,34.728,1011.141,679.075
177.609,32.650,1009.922,683.232
177.222,31.825,1004.048,684.880
174.810,32.444,1010.532,683.644
174.423,31.619,1004.652,685.293
178.650,32.237,1011.141,684.056
178.264,31.413,1005.257,680.712
177.673,32.427,1006.439,680.340
177.521,31.496,1006.743,682.201
176.760,32.639,1009.922,681.573
176.981,31.398,1002.839,684.056
174.421,31.913,1016.249,683.025
175.677,31.623,1007.070,685.274
173.863,31.820,1012.360,684.880
173.478,32.662,1006.465,671.532
176.532,34.427,1008.583,672.937
179.581,31.238,1005.783,679.316
179.557,35.068,1007.485,676.620
180.993,32.998,1006.267,675.801
174.176,32.583,1005.048,678.284
174.393,31.345,1012.876,680.758
175.634,34.373,1012.055,679.689
177.074,32.293,1010.836,678.870
178.512,30.215,1009.618,683.025
178.124,31.053,1003.746,678.027
178.146,31.647,1011.956,678.489
179.992,34.251,1001.631,678.257
179.413,33.618,1011.036,679.522
180.647,31.660,1001.933,683.438
178.090,32.176,1008.704,677.438
179.527,31.758,1007.485,679.928
179.746,32.175,1008.704,675.782
181.791,31.339,998.005,679.106
179.855,31.441,1010.116,678.903
181.085,34.455,1001.027,677.847
180.508,28.879,1010.423,684.055
179.915,33.148,996.635,675.516
178.967,32.588,1006.743,676.636
180.184,30.630,1005.962,680.552
179.793,31.462,1008.399,680.545
180.013,31.880,1001.329,676.394
180.043,32.478,1009.503,676.844
181.879,35.072,999.214,676.620
181.308,34.445,1008.583,677.873
182.532,32.487,999.516,681.789
179.982,33.003,1006.267,675.801
181.417,32.587,1005.048,678.284
181.634,31.349,1006.267,680.758
181.244,32.182,1000.422,680.751
179.300,32.281,1012.570,680.552
180.541,35.307,1003.444,679.484
179.955,29.713,1004.615,680.758
179.195,34.163,1007.790,676.824
180.631,32.093,1006.571,680.964
180.241,31.268,1009.009,682.613
179.853,32.105,1003.142,682.601
178.052,32.305,1006.743,682.201
177.292,31.789,1009.922,683.232
176.904,32.627,1012.360,678.231
178.952,35.102,1009.922,678.257
180.390,33.027,1008.704,682.407
180.001,32.203,1002.839,684.056
177.441,32.718,1009.618,683.025
177.054,31.894,1012.055,684.674
176.668,32.735,1006.163,679.660
176.682,31.671,1014.409,681.789
177.930,34.706,1005.257,680.712
177.339,29.098,1009.750,686.961
175.496,34.212,1015.102,681.735
176.938,32.124,1005.559,672.592
179.388,34.318,1008.890,673.142
182.438,32.778,1004.439,677.872
174.398,31.541,1013.914,680.346
176.006,34.261,1012.360,679.893
177.446,32.179,1011.141,684.056
177.060,31.355,1013.578,680.712
178.500,34.258,1004.048,679.893
177.913,33.620,1013.489,681.171
179.157,33.325,1004.350,683.424
177.352,33.524,1009.618,683.025
176.965,32.699,1012.055,679.689
178.404,30.619,1010.836,683.850
178.018,34.786,1004.955,680.507
177.427,29.181,1014.409,686.753
176.850,33.480,1008.882,683.167
176.247,32.829,1011.750,671.178
180.728,33.605,1004.439,674.574
182.161,31.544,1003.220,678.697
181.768,32.371,1005.657,678.695
181.986,32.786,998.609,679.517
180.048,32.887,1010.730,679.316
181.281,32.587,1001.631,681.573
179.485,32.789,1006.876,681.171
179.095,31.964,1009.313,682.819
178.707,32.801,1011.750,682.807
178.930,31.559,1004.652,680.303
178.340,32.573,1007.485,679.928
178.559,31.334,1008.704,682.407
178.171,32.170,1011.141,682.396
178.393,32.590,1004.048,683.218
176.589,32.789,1009.313,682.819
176.202,31.965,1011.750,684.468
175.816,31.141,1005.861,681.121
175.223,35.467,1015.329,677.438
178.299,32.261,1010.836,683.850
177.913,33.101,1004.955,683.835
176.106,33.299,1008.568,683.438
175.346,32.784,1011.750,671.178
179.827,33.560,1002.790,674.574
180.891,31.808,1008.890,678.079
182.117,34.816,999.818,677.029
181.544,29.249,1004.257,683.224
179.692,34.322,1009.618,678.052
181.129,32.247,1000.120,682.201
178.578,32.763,1005.223,676.211
179.643,32.654,1006.393,678.078
180.228,32.761,1006.876,679.517
180.447,31.522,1008.095,681.995
180.058,32.357,1002.235,677.006
180.085,32.954,1005.478,677.461
180.669,31.409,1005.962,680.552
180.278,32.240,1008.399,680.545
180.498,31.000,1009.618,683.025
180.111,31.838,1003.746,683.012
178.308,32.037,1009.009,682.613
177.920,32.874,1011.446,682.601
178.142,31.631,1004.350,685.086
175.729,32.250,1010.836,683.850
175.342,31.425,1004.955,685.499
172.927,32.043,1013.106,684.262
172.915,32.576,1014.797,671.532
178.007,29.616,1004.615,679.106
177.855,30.339,1008.224,679.311
178.443,33.761,1008.704,677.438
179.880,31.688,1007.485,681.583
179.490,32.522,1009.922,676.598
181.536,34.993,999.214,676.620
180.965,29.431,1008.583,682.809
180.364,33.687,1003.142,679.280
179.780,33.051,1004.310,680.552
179.020,32.535,1005.831,681.583
178.259,32.020,1009.009,682.613
177.871,32.857,1011.446,682.601
178.093,33.277,1012.664,683.424
178.317,32.033,1005.559,672.592
180.766,34.228,1008.890,673.142
175.570,35.986,1012.685,674.574
178.997,32.481,1005.831,681.583
178.237,31.966,1009.009,682.613
177.849,32.802,1011.446,682.601
178.071,33.223,1004.350,683.424
176.266,33.422,1007.960,683.025
175.506,32.907,1011.141,684.056
175.120,32.082,1013.578,680.712
176.560,34.985,1012.360,679.893
178.000,32.904,1011.141,684.056
177.614,32.080,1005.257,680.712
177.022,33.094,1014.716,680.340
178.880,35.709,1004.350,680.098
178.292,30.108,1013.796,686.338
177.712,34.402,1008.278,677.750
178.936,32.486,1009.139,681.583
178.917,33.012,1002.537,682.190
177.118,33.213,1014.409,681.789
178.366,31.255,1005.257,680.712
177.775,35.579,1014.716,677.029
180.849,32.375,1001.933,683.438
178.292,32.890,1008.704,682.407
177.904,32.066,1011.141,684.056
177.518,32.906,1005.257,679.047
177.535,31.844,1013.489,681.171
178.779,34.875,1004.350,680.098
178.191,34.236,1008.834,681.377
178.172,33.102,1010.532,683.644
177.785,32.278,1012.969,685.293
177.400,33.121,1007.070,671.935
180.453,34.885,1009.196,673.346
183.504,31.695,1004.743,679.728
183.113,32.524,998.911,679.723
181.174,32.625,1006.088,679.522
181.150,33.146,1007.790,680.134
181.370,33.563,1000.724,680.956
179.577,33.765,1004.310,680.552
178.817,33.250,1005.831,681.583
178.057,32.735,1009.009,682.613
177.668,31.910,1011.446,684.262
177.282,32.751,1013.883,684.246
177.507,33.173,1006.767,671.734
180.560,34.938,1008.890,673.142
183.611,33.398,1004.439,677.872
183.827,32.161,997.401,680.346
181.285,32.676,1002.485,679.316
180.525,32.161,1004.006,680.346
179.765,33.300,1007.181,679.723
179.983,32.060,1008.399,677.234
181.420,34.951,998.911,676.415
180.850,34.325,1008.276,677.667
182.072,32.367,999.214,681.583
179.524,32.882,1004.310,680.552
178.764,32.367,1005.831,681.583
178.004,31.851,1009.009,682.613
177.616,36.010,1011.446,679.280
179.055,33.931,1010.227,670.167
183.534,34.709,1002.915,673.551
176.741,32.651,1009.921,677.667
178.330,35.352,1008.399,677.234
179.767,33.280,1007.181,681.377
179.377,32.456,1009.618,683.025
178.989,33.293,1003.746,683.012
177.187,33.493,1007.352,682.613
176.426,32.978,1010.532,683.644
176.040,32.153,1004.652,685.293
173.626,32.771,1012.801,684.056
173.613,33.304,1006.163,671.331
176.669,35.070,1008.276,672.732
179.717,31.882,1010.423,679.109
180.948,34.898,1001.329,678.052
180.370,34.266,1005.783,679.316
180.346,33.132,1007.485,676.620
181.781,36.020,998.005,675.801
181.062,30.362,1007.663,682.186
180.458,34.611,1002.235,673.688
181.701,32.725,1007.970,677.461
182.923,35.728,990.642,676.415
180.195,36.442,1004.290,674.987
181.402,34.484,1005.173,678.903
181.377,33.351,1006.876,676.211
182.812,32.935,997.401,678.695
180.878,33.036,1001.269,678.491
180.118,32.521,1002.790,679.522
179.358,33.658,1005.962,678.900
179.575,32.420,1007.181,676.415
181.011,35.307,1005.962,675.597
174.196,33.242,1012.992,679.728
175.800,35.957,1011.446,679.280
177.239,33.878,1010.227,670.167
181.718,34.657,1001.269,673.551
174.566,32.908,1010.643,677.048
176.668,35.401,1006.439,677.029
177.733,33.639,1012.570,680.552
178.973,36.665,1003.444,679.484
178.388,31.072,1007.919,685.715
176.543,36.171,1013.274,680.507
177.983,34.088,1012.055,671.380
182.464,34.864,1004.743,674.778
175.658,32.801,1011.764,678.903
177.256,35.511,1010.227,678.461
178.694,33.435,1009.009,682.613
178.306,32.610,1011.446,679.280
179.745,35.508,1001.933,678.461
179.165,29.925,1011.343,684.677
178.575,34.202,1005.861,681.121
177.982,33.559,1007.048,682.407
177.222,33.043,1010.227,683.438
176.835,32.219,1012.664,680.098
178.275,35.120,1011.446,679.280
179.714,33.041,1010.227,683.438
179.327,33.879,1004.350,678.435
179.347,32.821,1007.614,680.552
179.326,33.345,1009.313,681.162
179.546,33.763,1010.532,681.984
179.768,34.183,1003.444,682.807
177.966,34.383,1007.048,682.407
177.206,33.868,1010.227,670.167
181.686,34.646,1004.562,673.551
183.485,32.279,1004.257,678.285
175.199,36.101,1005.962,675.597
176.633,34.036,1011.343,679.728
177.869,33.737,1010.532,677.006
179.915,32.898,999.818,680.340
169.719,32.998,1020.210,680.140
173.107,34.701,1015.102,681.735
174.549,32.613,1005.559,672.592
176.998,34.807,1008.890,673.142
180.048,33.267,1004.439,677.872
180.265,33.682,1005.657,678.695
180.482,32.444,1006.876,681.171
180.093,33.277,1001.027,681.162
170.037,33.478,1021.138,680.758
173.281,35.084,1007.976,669.203
177.547,35.990,1007.663,672.323
180.592,32.803,1004.867,678.697
180.567,33.322,1006.571,679.311
180.785,33.739,999.516,680.134
178.844,33.839,1011.649,679.934
180.080,33.541,1002.537,682.190
178.282,33.741,1006.135,676.824
179.346,33.632,1004.006,678.695
179.195,32.703,1004.310,680.552
178.434,33.843,1007.485,679.928
178.653,34.260,1008.704,675.782
180.698,33.424,998.005,679.106
178.763,33.525,1010.116,678.903
179.993,36.540,1001.027,677.847
179.416,35.909,1010.423,679.109
180.647,33.951,1001.329,683.025
178.092,34.466,1008.095,681.995
177.703,33.642,1010.532,678.666
179.141,36.537,1001.027,677.847
178.564,35.906,1010.423,674.165
173.361,32.712,1005.962,680.552
172.971,33.544,1015.023,680.545
174.829,36.160,1004.652,680.303
174.240,35.520,1014.103,676.620
177.312,33.975,1009.618,681.368
177.532,32.734,1010.836,683.850
177.146,33.574,1004.955,670.524
180.205,35.343,1007.050,671.914
175.017,33.804,1010.842,676.639
168.942,36.092,1014.716,677.029
172.016,32.888,1016.863,683.438
173.273,35.935,1007.674,669.002
177.541,33.555,1007.356,675.405
179.368,36.140,1003.702,675.188
180.433,34.385,1009.810,678.697
181.662,32.427,1000.724,682.613
179.109,32.942,999.214,681.583
176.560,33.458,1012.570,680.552
177.801,33.161,1003.444,682.807
175.999,33.361,1007.048,682.407
175.239,32.846,1010.227,683.438
174.852,33.684,1004.350,678.435
174.872,32.626,1012.570,680.552
176.113,35.652,1003.444,679.484
175.528,35.015,1012.876,680.758
176.769,33.057,1003.746,679.689
176.183,32.420,1013.183,680.964
169.114,32.124,1012.360,683.218
175.994,30.881,1013.578,685.705
175.610,30.057,1007.674,682.349
175.011,29.409,1010.532,683.644
174.624,28.585,1004.652,685.293
172.210,29.203,1017.783,684.056
173.472,27.245,1008.580,687.972
171.044,27.863,1015.102,686.735
170.661,27.039,1009.185,688.384
183.243,27.657,1007.372,687.148
180.820,28.275,997.235,685.911
176.217,30.233,1006.439,681.995
175.457,29.718,1007.960,683.025
174.697,29.203,1009.481,684.056
173.937,28.687,1012.664,685.086
173.552,27.863,1015.102,686.735
173.169,27.039,1009.185,688.384
177.411,17.650,1015.711,692.151
175.204,19.769,1005.026,689.592
177.816,21.300,1014.797,686.529
177.433,20.476,1018.904,688.178
177.431,19.342,1018.910,690.445
176.671,18.827,1020.430,691.476
175.758,18.208,1023.936,692.712
175.383,17.384,1017.947,694.361
172.925,23.050,1022.864,688.078
173.989,22.926,1020.735,690.003
173.837,23.664,1021.039,690.208
173.686,24.401,1021.343,690.414
173.534,25.138,1021.647,690.620
173.382,24.195,1021.951,692.506
172.470,23.577,1023.776,693.743
171.557,22.958,1010.419,689.919
183.870,23.726,1009.185,688.384
181.441,24.344,999.033,687.148
176.826,26.302,1008.264,683.232
176.066,25.787,1011.446,684.262
175.679,24.962,1005.559,685.911
173.262,25.581,1018.703,684.674
174.528,23.623,1009.487,688.590
172.097,24.241,1016.016,687.354
171.715,25.089,1010.091,687.330
184.897,25.283,998.733,686.941
180.284,27.241,1009.618,683.025
179.896,26.417,995.437,684.674
175.308,28.375,1012.876,680.758
176.549,26.417,1012.055,684.674
176.164,25.593,1006.163,686.323
173.745,26.211,1011.002,685.086
172.984,25.696,1014.188,686.117
172.601,24.871,1008.278,687.766
185.171,25.489,1001.466,686.529
181.468,11.998,1002.235,698.578
173.587,0.000,1019.671,706.201
167.125,0.000,1017.311,713.151
172.849,0.000,1021.207,707.775
166.242,0.000,1019.109,714.574
171.980,0.000,1024.712,709.105
165.757,0.000,1021.806,705.958
175.204,0.000,1021.610,713.348
166.669,0.000,1023.304,708.595
175.537,0.000,1014.090,705.394
183.192,0.000,998.779,711.581
176.379,0.000,1012.406,713.508
172.327,0.000,1012.006,707.129
178.940,0.000,1015.708,712.448
184.601,0.000,1004.387,706.909
174.146,1.009,1010.120,709.951
179.226,0.000,1016.909,705.123
172.447,5.118,1015.214,706.751
179.926,9.252,1008.732,698.483
173.621,14.126,1023.023,700.493
185.299,15.338,999.665,698.071
176.894,4.929,1018.148,703.843
186.135,7.814,999.665,698.071
177.730,0.000,1009.789,711.279
182.349,0.000,1000.550,704.984
186.776,0.000,1008.504,708.831
176.708,0.000,1013.416,713.087
181.517,0.000,1012.304,707.022
172.892,0.000,1014.315,712.501
178.151,0.000,1012.304,706.729
184.913,0.000,998.779,712.248
186.388,0.000,995.828,713.947
171.350,0.000,1010.719,714.691
174.959,0.000,1003.502,707.721
179.238,0.000,994.943,711.365
179.976,0.000,983.364,712.657
177.434,0.000,908.033,711.501
177.768,0.000,810.838,709.687
177.811,0.000,727.246,711.635
180.065,0.000,629.157,707.109
170.319,0.000,1010.343,712.580
174.626,38.793,1003.429,667.255
178.443,3.911,971.227,700.986
176.915,0.000,989.144,704.485
163.554,8.051,1000.830,698.409
178.701,44.341,993.962,667.661
171.915,47.218,1001.014,666.799
175.437,48.750,995.604,662.101
179.296,49.964,991.135,664.548
169.703,49.254,985.957,667.592
169.043,50.169,974.287,662.515
167.414,50.219,979.153,662.415
167.002,51.006,981.590,662.452
167.199,49.788,982.808,664.888
166.789,48.964,985.246,666.537
180.978,49.761,973.087,666.564
177.532,51.011,981.590,664.064
177.122,50.187,975.948,665.713
174.651,50.702,988.957,664.682
175.795,50.367,988.292,666.975
175.998,49.144,989.511,656.424
172.396,49.956,996.715,659.638
177.419,47.099,994.784,666.975
179.195,46.372,999.383,670.059
180.990,45.649,1003.983,660.041
169.747,44.919,1016.693,666.390
177.307,43.707,1009.810,660.577
173.940,42.229,1008.374,668.436
178.709,42.955,1000.478,671.914
180.138,42.544,982.851,674.377
176.253,45.723,998.770,669.648
178.045,44.999,996.822,659.638
171.762,45.387,1006.143,663.730
177.697,45.283,1013.897,668.845
172.172,45.197,1006.821,660.778
179.358,44.226,1012.036,667.617
173.836,44.136,1011.566,672.732
177.769,45.385,1003.702,661.981
172.281,45.218,1011.416,667.208
178.267,41.839,1007.663,670.679
173.694,43.178,1008.583,672.937
176.743,41.638,1010.730,664.476
175.249,40.891,1008.797,670.891
179.165,42.133,1009.196,673.346
182.216,43.892,996.494,661.580
175.147,44.845,1007.384,664.548
181.094,44.744,1003.677,669.663
172.637,46.489,1009.105,657.969
181.422,41.157,999.690,670.265
171.750,40.434,1015.758,673.349
176.409,41.077,1008.095,663.786
171.251,40.595,1010.226,669.663
175.881,37.930,1009.196,676.639
177.716,40.523,1005.527,676.415
178.781,43.715,1003.398,661.780
173.296,40.288,1011.106,670.265
178.063,41.014,1009.810,673.755
181.117,42.774,997.099,661.981
174.039,40.473,1008.004,668.209
178.775,41.187,1006.743,671.709
173.588,42.940,1008.890,673.142
176.638,41.399,1002.790,664.678
173.183,42.073,1009.699,668.231
178.311,39.206,1007.663,675.611
180.140,41.792,997.401,670.438
181.400,44.838,1003.063,669.254
172.947,43.303,1008.490,669.047
177.470,40.843,1007.663,675.611
179.299,43.429,997.401,662.182
175.469,41.126,1005.062,668.415
179.342,42.348,1005.516,670.891
174.160,44.098,1007.663,672.323
177.205,42.559,1001.573,663.871
173.761,43.236,1008.462,667.413
178.878,40.369,1006.436,674.788
180.702,42.950,996.192,669.626
173.794,45.997,1010.008,668.436
178.925,43.129,999.748,662.662
172.237,43.811,1009.865,666.185
178.209,40.433,1006.130,674.583
180.031,43.013,1002.485,669.423
171.445,41.664,1016.378,673.760
176.111,42.310,1000.422,664.188
180.402,39.984,999.997,670.471
182.200,42.539,1004.596,670.277
173.736,44.287,1003.458,671.709
176.048,43.363,1007.050,662.057
174.569,42.625,1010.008,668.436
179.699,43.046,1007.970,672.528
174.506,44.802,1003.525,660.778
180.805,44.338,999.077,666.594
172.382,42.806,1012.657,671.293
177.164,43.538,1006.393,661.580
172.554,42.866,1012.346,667.822
178.550,42.777,1008.583,672.937
181.599,44.534,995.890,661.179
174.538,42.242,1006.764,667.387
179.263,42.950,1005.516,670.891
182.299,44.700,1007.663,672.323
173.813,43.161,1006.515,663.871
179.782,43.025,1002.757,669.049
174.611,44.768,1013.100,670.482
179.766,41.898,1002.790,664.678
176.312,42.572,1009.699,668.231
181.439,42.992,1007.663,672.323
184.485,41.453,1003.220,663.871
178.133,41.825,1006.123,668.027
182.386,42.752,1005.823,671.096
173.913,41.214,1012.903,670.883
178.818,41.741,1011.343,674.778
181.878,43.505,998.609,662.984
174.777,44.450,1009.555,665.980
180.745,44.354,1005.823,671.096
183.783,42.816,999.748,662.662
177.096,43.497,1009.865,666.185
174.860,43.402,1014.336,671.300
180.026,43.833,1005.657,662.182
174.893,43.361,1012.657,668.027
180.891,43.272,1008.890,673.142
183.942,41.732,996.192,664.678
175.632,40.266,1009.555,669.237
180.384,40.986,1008.276,672.732
183.431,42.743,1003.829,669.220
186.689,44.367,997.315,665.970
181.424,43.035,1007.844,665.373
187.146,43.041,999.680,665.361
182.600,44.362,1008.772,662.720
181.363,43.549,1006.336,669.254
185.266,44.785,998.531,666.783
179.991,43.449,1009.081,666.189
185.722,43.457,997.619,666.173
180.456,45.387,1008.153,662.314
187.396,44.574,1002.450,668.845
190.420,43.039,998.041,668.638
184.282,45.490,1003.778,668.640
187.818,43.750,996.707,668.842
181.322,43.239,1009.699,666.597
187.058,43.248,999.869,666.579
182.143,44.873,1009.699,663.330
180.906,44.061,1003.983,669.868
183.937,45.806,1006.130,666.376
180.607,43.037,1004.596,668.638
184.248,44.371,1005.516,665.970
180.920,44.879,1003.983,669.868
183.950,43.342,1006.130,669.659
187.597,41.393,1000.478,670.271
181.441,43.849,1006.235,670.277
184.837,45.291,999.444,667.392
179.555,43.953,1005.105,666.801
184.059,44.774,1004.290,665.158
177.464,45.282,1006.028,664.142
183.190,45.282,1002.757,669.049
186.215,43.747,998.346,668.842
176.804,42.928,1005.721,667.210
181.311,43.751,1004.903,670.482
184.345,45.499,998.836,666.986
187.235,44.162,1001.223,671.293
180.833,43.441,999.260,661.251
185.912,43.823,997.237,665.367
177.502,45.553,1010.796,666.799
183.483,45.459,1002.121,666.986
187.102,46.779,998.154,664.345
182.567,44.840,1007.226,664.964
180.094,44.845,1005.621,664.955
185.463,45.150,1003.063,669.254
180.291,43.614,1006.850,660.847
179.330,42.678,1008.772,667.617
184.450,43.095,998.531,671.709
185.515,46.270,999.680,670.277
179.115,45.553,1005.928,660.243
186.311,44.619,999.690,667.003
181.152,43.086,1001.837,666.801
184.782,44.416,1002.757,669.049
187.807,42.880,998.346,668.842
181.667,42.061,1002.450,667.210
185.299,43.392,1003.370,669.459
188.327,41.856,998.955,669.251
182.182,44.309,1004.699,664.345
187.547,44.613,1002.143,668.640
190.570,43.078,997.736,668.434
184.434,45.529,1003.471,668.436
187.969,43.789,998.041,668.638
181.831,42.971,1002.143,667.005
185.462,44.301,1003.063,669.254
188.488,42.766,998.650,669.047
182.346,41.946,1004.392,672.321
184.516,44.208,1001.697,667.798
187.772,42.559,998.459,672.732
180.143,42.660,1007.157,669.251
184.303,43.792,998.836,671.914
185.368,43.689,1004.903,668.842
180.806,41.742,1007.464,669.455
184.968,42.875,999.140,672.119
186.033,46.051,998.650,665.767
181.127,44.412,1008.462,665.781
186.854,44.420,997.011,670.686
187.918,44.318,994.882,667.618
189.591,43.810,999.690,665.373
181.786,45.136,1005.507,667.617
186.035,46.061,997.011,665.767
180.773,44.730,1007.535,670.059
184.666,45.963,999.748,659.373
182.474,45.813,1004.134,664.548
179.382,46.219,1005.413,668.640
183.279,44.171,1005.823,661.251
181.805,43.436,1003.874,667.617
185.693,44.666,1004.290,670.073
180.516,43.130,999.869,661.654
185.595,43.510,997.850,665.776
180.444,45.241,1008.153,667.208
185.559,45.658,997.923,671.300
186.624,45.555,995.794,660.041
191.338,43.002,994.477,666.770
181.704,45.534,1003.966,666.594
185.942,46.456,1003.677,669.663
180.767,44.920,999.260,661.251
185.846,45.302,997.237,665.367
177.436,43.771,1010.796,670.059
182.200,44.496,1001.269,660.376
179.995,44.339,1005.680,665.571
185.090,44.749,1003.677,669.663
188.119,43.213,999.260,661.251
185.063,43.596,997.237,665.367
179.915,42.064,1007.535,670.059
183.808,43.297,999.748,667.595
186.698,45.226,997.238,668.640
177.045,44.512,1008.374,666.801
182.422,44.826,1005.823,666.173
187.285,45.334,997.736,665.158
182.386,46.958,1007.535,661.908
181.149,46.146,1001.837,663.533
185.996,43.390,1000.303,665.781
181.453,44.717,1001.223,663.127
186.297,45.225,999.690,662.111
182.993,45.733,1006.298,661.096
181.756,44.921,1008.772,662.720
180.520,44.108,1004.699,664.345
185.885,44.413,1002.143,663.736
182.571,44.921,1008.772,662.720
181.335,44.108,1004.699,664.345
186.700,44.413,1002.143,668.640
181.531,46.154,1005.928,665.158
186.903,46.459,1003.370,664.548
183.584,43.698,1003.471,666.801
187.726,44.825,995.186,669.459
180.625,44.724,1009.390,666.393
186.358,44.733,999.564,666.376
181.446,46.358,1004.490,663.127
187.162,46.358,1001.223,668.027
181.997,44.824,1005.006,667.822
186.147,45.953,996.707,665.564
180.888,44.623,1007.226,664.964
186.604,44.628,997.432,669.868
176.581,44.219,1009.300,667.414
181.965,44.535,1006.743,666.783
186.831,45.043,998.650,665.767
181.926,43.404,1003.567,665.781
186.420,44.224,997.849,669.049
176.761,43.509,1005.721,667.210
181.268,44.332,1004.903,670.482
184.302,46.080,1000.478,658.771
182.474,45.629,1004.134,664.548
179.383,46.035,1002.143,663.736
184.231,46.543,1000.610,662.720
180.923,43.791,1007.226,664.964
178.450,43.796,1005.621,669.868
181.843,45.237,1007.050,666.986
186.710,45.745,998.955,665.970
181.802,44.105,1008.772,665.985
179.329,44.113,1007.157,665.970
184.707,44.418,1004.596,670.277
179.528,42.881,1000.174,661.855
184.607,43.261,998.157,665.980
176.191,44.992,1011.726,667.413
182.180,44.901,1007.970,667.595
175.558,42.126,1011.362,669.863
180.453,42.651,1001.573,673.755
181.518,42.545,1007.663,662.460
176.765,41.806,1005.721,668.845
180.664,43.040,1006.130,671.300
183.703,44.792,1001.697,659.574
181.867,44.336,1005.371,665.367
175.501,44.745,1006.643,669.459
179.405,45.981,1007.050,666.986
184.273,43.209,1005.516,669.251
176.425,41.261,1011.362,669.863
181.320,41.785,1001.573,668.813
184.209,43.715,1003.983,669.868
179.033,45.461,1007.771,666.376
184.413,45.766,1005.210,665.767
181.087,42.999,1005.314,668.026
185.239,44.129,997.011,670.686
186.303,44.027,1003.063,667.618
181.749,42.083,1005.621,668.230
185.902,43.213,998.955,670.891
179.139,46.080,1005.928,665.158
184.511,43.111,1003.370,667.822
176.678,44.443,1009.205,665.158
182.775,44.139,1005.210,670.686
174.307,42.601,1004.070,662.259
180.270,42.472,1000.303,667.413
175.109,40.938,1010.626,672.115
179.027,42.183,1002.790,674.574
180.092,42.076,1008.890,663.267
175.331,41.334,1006.951,669.663
179.237,42.572,1007.356,672.119
182.281,44.326,1001.269,660.376
176.820,40.915,1008.935,668.826
181.566,41.632,1007.663,672.323
176.375,43.387,1011.457,673.755
179.796,44.843,998.005,662.583
175.959,42.535,1005.680,663.944
181.662,42.537,1002.450,668.845
176.492,44.280,1012.791,670.277
181.645,44.707,995.890,661.179
177.832,42.415,1003.516,667.387
181.693,43.631,1003.983,669.868
176.517,42.095,1006.130,669.659
180.164,43.431,1007.050,671.914
183.207,45.185,994.379,660.176
176.169,42.904,1005.213,666.359
180.879,43.607,1003.983,669.868
175.702,45.352,1014.336,666.376
182.692,41.250,1000.356,671.292
176.166,44.012,1008.489,670.686
180.081,41.962,1008.890,663.267
175.320,41.220,1006.951,669.663
179.226,42.457,1007.356,672.119
182.269,40.918,1002.915,663.670
175.921,41.291,1004.182,667.822
179.811,42.522,1004.596,670.277
174.633,44.269,1014.955,671.709
179.803,41.397,998.005,665.887
174.729,43.184,1008.153,667.208
179.844,43.600,1006.130,671.300
174.659,42.062,1008.276,662.863
181.357,41.321,1003.063,669.254
172.905,43.065,1011.769,670.686
177.547,43.697,1010.730,669.423
182.429,40.912,1000.965,671.700
175.898,43.676,1014.027,671.096
181.061,44.106,997.099,661.981
177.234,41.805,1004.753,668.209
181.106,43.026,1005.210,670.686
175.924,41.489,1007.356,675.405
177.751,44.074,1003.702,661.981
175.526,40.645,1008.153,670.471
179.425,41.880,1008.583,672.937
182.474,43.637,1004.134,669.423
174.246,41.980,1009.105,674.377
176.947,44.051,1011.956,661.981
176.839,42.565,1012.172,669.868
181.987,42.991,1001.877,673.960
183.052,42.885,999.748,662.662
176.365,43.566,1009.865,666.185
182.336,43.471,1006.130,671.300
177.151,41.933,1009.921,669.443
181.934,42.654,1000.356,672.937
174.789,42.549,1014.646,669.863
180.565,42.566,1003.094,674.778
181.630,42.459,1000.965,663.468
174.929,43.138,1011.106,667.003
180.912,43.046,1007.356,672.119
175.722,41.506,1011.150,663.670
174.747,40.559,1013.100,670.482
179.902,40.987,1002.790,674.574
180.967,44.172,1008.890,673.142
175.771,42.632,1004.439,664.678
180.853,43.001,1002.450,668.845
175.683,44.744,1012.791,670.277
180.836,41.873,1002.485,664.476
174.117,42.548,1012.657,668.027
180.116,42.460,1008.890,673.142
183.166,40.919,996.192,664.678
174.856,42.711,1009.555,665.980
180.825,42.614,1005.823,671.096
175.641,41.076,1007.970,670.883
179.296,42.416,1008.890,673.142
182.346,44.174,1004.439,661.379
177.226,43.707,1011.416,667.208
183.213,43.615,999.444,672.323
176.076,43.512,1013.718,669.251
181.844,43.527,1002.181,660.978
176.374,43.367,1009.865,666.185
182.345,43.272,1006.130,671.300
185.384,41.733,1000.052,669.443
176.204,44.079,1006.951,669.663
180.110,42.030,1007.356,675.405
181.937,41.313,997.099,665.283
176.874,39.843,1007.226,669.854
180.765,41.074,1007.663,672.323
183.810,42.829,1001.573,673.755
176.656,42.724,1009.307,662.460
175.687,41.782,1011.245,669.254
180.828,42.205,1009.196,673.346
183.879,40.664,1004.743,664.879
177.512,41.033,1007.664,669.049
181.774,41.964,1007.356,672.119
184.818,43.718,1002.915,668.610
176.602,42.065,1009.513,673.555
179.660,43.826,1003.398,661.780
185.591,40.400,999.690,670.265
175.919,42.954,1009.205,670.073
180.191,43.888,1008.890,673.142
183.242,42.347,996.192,664.678
174.932,40.882,1009.555,669.237
179.684,41.602,1008.276,672.732
182.732,43.358,1002.181,669.220
185.621,42.010,1004.596,673.555
179.206,41.292,1010.842,671.700
183.232,42.329,1004.439,669.626
175.001,43.954,1011.054,671.300
179.285,41.595,1002.485,664.476
184.000,42.270,1001.223,668.027
175.561,44.009,1006.643,669.459
179.465,41.960,1007.050,670.271
183.116,43.298,1007.970,672.528
174.628,41.759,1006.821,664.073
180.598,41.623,1003.063,669.254
183.624,43.366,1005.210,670.686
175.156,41.829,1012.286,670.475
180.056,42.355,1005.783,674.369
181.857,44.930,1002.181,660.978
179.645,44.770,1006.607,666.185
184.747,45.182,1004.596,665.361
178.151,42.417,1007.972,667.618
183.023,42.937,1006.436,666.579
179.692,43.444,1006.542,665.564
185.066,43.749,1003.983,669.868
176.607,42.213,1011.054,669.659
181.500,42.737,1001.269,668.610
184.389,44.666,1003.677,664.751
181.069,45.174,1002.143,663.736
185.917,42.417,1000.610,670.882
179.517,44.975,1006.850,665.767
184.893,45.280,1004.290,665.158
181.570,42.516,1004.392,667.414
185.718,43.644,999.375,670.073
187.508,46.203,997.432,664.955
182.611,44.569,1007.226,664.964
176.863,44.573,1008.897,664.955
182.958,44.269,1004.903,665.564
179.632,44.777,1005.006,669.459
183.022,42.933,1006.436,661.654
181.546,42.197,1002.857,668.027
185.077,43.733,1003.983,669.868
176.618,42.196,1011.054,669.659
181.511,42.720,1001.269,668.610
184.400,44.650,1003.677,669.663
175.943,43.114,1002.541,669.455
178.861,45.059,1004.903,670.482
181.895,43.522,1007.050,662.057
177.147,42.784,1005.105,668.436
181.043,44.017,1005.516,670.891
184.079,45.767,1001.088,667.392
175.884,44.120,1006.028,667.414
180.393,44.944,1005.210,670.686
183.428,43.406,999.140,662.259
176.748,44.090,1009.245,665.776
182.713,43.993,1005.516,670.891
177.530,45.742,1001.088,667.392
180.785,44.096,1002.757,672.321
182.594,46.662,999.140,658.972
177.158,46.514,1006.764,664.139
183.099,46.411,1003.063,669.254
174.647,44.876,1010.129,660.847
182.575,43.330,1002.450,668.845
174.127,45.072,1007.874,670.277
184.618,43.022,1001.697,662.863
181.544,43.399,1002.951,667.003
177.243,44.626,1011.554,669.459
182.386,45.050,1001.269,660.376
176.926,44.894,1008.935,665.571
182.888,44.797,1005.210,670.686
174.420,43.259,1004.070,662.259
180.383,43.130,1000.303,667.413
175.221,44.867,1010.626,668.845
180.356,45.289,1000.356,659.774
174.907,45.136,1008.004,664.957
180.860,45.036,1004.290,670.073
175.682,43.499,1006.436,661.654
182.373,42.763,1001.223,668.027
173.934,44.502,1014.828,669.459
179.953,44.419,1002.790,661.379
177.735,44.256,1007.226,666.594
174.644,44.670,1013.409,670.686
179.802,41.799,1003.094,664.879
176.345,42.473,1010.008,668.436
181.475,42.893,1007.970,672.528
176.282,44.649,1003.525,660.778
174.432,44.186,1007.226,666.594
179.540,44.599,1005.210,670.686
182.575,43.062,999.140,662.259
175.895,43.745,1009.245,665.776
181.860,43.648,1005.516,670.891
173.390,42.110,1012.594,670.679
178.292,42.637,1011.036,669.626
174.942,43.145,1011.150,668.610
180.339,43.450,1008.583,672.937
175.144,41.909,1004.134,664.476
180.226,42.280,1002.143,668.640
171.781,44.021,1015.758,670.073
177.657,40.536,1004.006,665.484
174.193,41.207,1010.936,669.049
179.330,41.630,1008.890,673.142
182.381,43.388,996.192,661.379
175.316,44.343,1007.074,664.344
181.260,44.240,1003.370,669.459
176.086,42.704,1013.718,674.171
180.029,43.961,999.214,663.385
172.919,44.903,1010.175,666.390
178.894,41.525,1006.436,674.788
180.717,44.106,1004.439,661.379
175.598,43.639,1011.416,667.208
181.584,43.548,1007.663,672.323
173.098,42.008,1006.515,663.871
179.067,41.873,1002.757,669.049
173.895,43.616,1013.100,670.482
179.051,44.044,1002.790,661.379
173.573,40.622,1010.485,669.854
178.334,41.345,1009.196,673.346
181.385,43.104,996.494,661.580
174.316,40.807,1007.384,667.798
179.046,41.518,1006.130,666.376
172.438,42.026,1011.151,670.277
177.076,42.657,1010.116,673.960
180.131,44.418,997.401,662.182
173.048,42.114,1008.314,668.415
177.788,39.543,1007.050,675.199
179.614,42.127,1005.048,670.032
171.376,43.752,1010.028,671.709
175.300,41.701,1010.423,664.275
173.807,40.954,1013.409,665.767
180.790,40.142,999.444,667.392
172.239,42.072,1013.277,668.436
178.243,41.985,1009.503,673.551
181.296,43.744,996.796,661.780
174.222,44.696,1007.694,664.753
180.172,41.320,1003.983,673.143
173.759,43.891,1010.228,672.937
177.175,42.043,1003.398,665.081
173.715,42.715,1010.317,663.736
180.673,41.903,1004.596,665.361
174.076,42.411,1009.608,669.254
178.702,43.038,1008.583,672.937
181.751,44.795,995.890,661.179
174.691,42.503,1006.764,667.387
179.415,43.211,1005.516,670.891
182.452,44.961,1007.663,667.392
175.833,42.187,1011.054,674.583
178.900,43.954,1004.919,662.783
176.665,43.783,1009.390,668.027
181.790,44.202,1007.356,672.119
176.600,42.662,1002.915,663.670
181.682,43.036,1000.917,667.822
176.518,44.774,1011.245,669.254
181.658,45.198,1000.965,660.176
176.202,45.042,1008.625,665.367
182.161,44.944,1004.903,670.482
173.695,43.407,1003.764,662.057
179.657,43.278,1011.416,667.208
174.136,43.187,1012.594,672.323
178.431,44.129,1004.006,662.182
176.203,40.698,1008.462,670.676
180.104,41.934,1008.890,673.142
183.154,43.692,996.192,661.379
176.089,44.647,1007.074,664.344
182.033,44.544,1003.370,669.459
173.579,43.008,1012.077,669.251
178.831,43.227,1009.810,673.755
181.885,41.686,997.099,665.283
176.822,40.215,1007.226,669.854
180.713,41.447,1007.663,672.323
183.758,43.201,1001.573,668.813
178.459,41.855,1003.983,673.143
180.273,41.136,1008.583,671.292
183.930,42.477,1001.269,673.551
184.995,42.371,999.140,662.259
181.570,43.055,1005.989,665.776
178.479,43.466,1003.983,669.868
181.509,41.929,1006.130,674.583
183.331,41.211,1002.485,664.476
179.879,41.886,1004.490,668.027
183.771,43.118,1004.903,670.482
178.591,41.581,1008.692,675.199
180.782,43.860,1005.962,662.382
178.914,43.386,1009.699,668.231
184.042,40.519,999.444,675.611
183.890,41.238,1007.970,670.883
176.024,39.286,1013.827,676.433
185.739,41.065,1002.684,664.589
182.232,41.695,1003.164,668.231
185.764,43.232,1004.290,670.073
177.303,41.695,1011.362,674.788
180.373,43.464,998.609,662.984
184.670,41.152,998.157,669.237
178.281,43.700,1010.936,669.049
183.419,44.122,1000.661,668.204
186.308,42.779,1003.063,672.527
179.899,42.059,1001.088,670.679
181.938,44.516,1005.210,670.686
184.973,46.265,1000.783,658.972
183.143,45.812,1004.443,664.753
180.051,42.949,1002.450,667.210
183.684,44.279,1003.370,664.548
177.096,44.787,1008.374,663.533
183.690,44.279,1003.370,664.548
177.102,44.787,1005.105,668.436
180.998,42.740,1005.516,669.251
184.642,44.075,998.227,671.505
185.707,43.973,999.375,668.434
179.927,42.847,1002.757,672.321
181.735,42.127,1007.356,662.259
176.985,41.388,1005.413,668.640
180.883,42.622,1005.823,671.096
183.920,44.372,999.748,667.595
186.810,43.032,1002.143,671.910
180.405,42.312,1008.385,670.067
184.419,43.345,1000.356,668.001
175.858,45.274,1006.028,669.049
179.759,43.226,1006.436,661.654
186.449,42.490,1001.223,668.027
181.284,44.229,1005.006,669.459
184.673,45.669,998.227,666.579
176.137,44.334,1012.036,670.882
180.912,45.063,1002.485,661.179
178.697,44.902,1006.917,666.390
183.802,45.315,1004.903,665.564
177.203,42.549,1006.643,672.732
179.891,44.610,1009.503,660.376
176.525,43.133,1004.798,668.231
180.419,44.366,1005.210,670.686
183.454,46.115,999.140,658.972
178.019,45.967,1006.764,664.139
183.960,42.591,1003.063,672.527
185.770,45.159,1001.088,667.392
177.574,43.512,1006.028,667.414
182.083,44.336,1005.210,670.686
185.118,42.798,1000.783,662.259
182.052,43.177,1002.028,666.390
177.753,44.402,1010.626,668.845
182.888,44.824,1000.356,668.001
185.778,43.482,1002.757,672.321
187.586,42.762,992.566,662.259
182.421,44.461,1002.898,663.730
176.064,44.864,1012.346,667.822
182.059,44.774,1000.356,668.001
184.949,43.432,1002.757,667.414
188.582,41.489,997.127,668.026
182.451,43.939,1002.857,668.027
185.982,42.199,999.069,673.143
186.556,42.301,999.564,669.659
188.593,41.480,997.127,668.026
182.462,43.930,1002.857,668.027
185.993,42.190,999.069,673.143
186.567,42.292,999.564,669.659
188.604,41.471,997.127,668.026
182.473,43.921,1002.857,668.027
186.004,42.181,999.069,673.143
186.578,42.282,999.564,669.659
188.615,41.462,997.127,668.026
182.484,43.911,1002.857,668.027
186.015,42.172,1003.983,673.143
179.602,41.453,1010.228,671.292
183.626,42.489,1002.181,669.220
186.516,44.418,998.041,670.277
179.759,44.009,1003.370,667.822
183.395,45.341,1004.290,665.158
188.252,42.578,997.849,667.414
190.648,44.721,993.057,668.027
183.564,44.623,1007.226,664.964
181.091,41.352,1005.621,673.143
183.267,43.619,1001.269,668.610
186.156,45.548,1003.677,669.663
180.981,44.012,999.260,661.251
186.060,44.394,997.237,665.367
177.651,42.863,1010.796,670.059
182.414,43.588,1001.269,668.610
185.304,45.518,1003.677,669.663
180.129,43.981,1007.464,661.251
179.166,43.043,1009.390,668.027
184.291,43.462,999.140,667.189
179.012,45.392,1009.699,668.231
184.140,45.812,999.444,659.173
181.949,42.414,1003.825,667.592
185.813,43.632,1004.290,670.073
180.635,42.095,1008.078,669.863
184.648,43.127,1000.052,667.798
179.361,45.057,1005.720,668.845
183.260,43.009,1006.130,669.659
186.907,44.345,1000.478,666.986
181.988,42.701,1003.778,667.005
186.132,43.828,1003.677,669.663
180.957,42.292,1007.464,669.455
185.119,43.425,999.140,667.189
176.572,45.354,1008.065,668.231
181.339,42.794,1006.743,661.855
176.593,42.057,1004.798,668.231
180.487,43.290,1005.210,670.686
172.019,41.752,1012.286,675.405
175.095,43.525,1006.135,663.586
172.849,43.348,1010.626,668.845
177.985,43.770,1008.583,672.937
181.034,42.230,995.890,664.476
172.728,44.022,1009.245,665.776
178.694,40.644,1005.516,674.171
180.514,43.222,1001.877,669.017
171.935,45.152,1015.758,670.073
177.811,41.666,1004.006,665.484
174.347,42.338,1010.936,669.049
179.484,42.761,1008.890,673.142
182.535,44.519,987.945,661.379
173.369,43.557,1014.366,664.919
172.611,42.322,1010.950,672.323
176.540,43.569,1011.343,661.580
173.160,42.084,1009.917,669.459
177.789,42.712,1008.890,673.142
180.839,44.470,996.192,661.379
173.774,42.176,1007.074,667.592
178.502,39.604,1005.823,674.377
180.323,42.183,1003.829,674.165
181.755,41.769,994.379,663.468
173.473,43.565,1007.694,664.753
179.423,40.188,1003.983,673.143
173.010,42.760,1008.583,672.937
176.059,41.219,1002.485,664.476
180.774,41.895,1001.223,668.027
172.335,43.634,1014.828,669.459
178.354,43.550,1002.790,661.379
172.876,40.128,1010.485,669.854
177.637,40.851,1009.196,673.346
180.688,42.610,996.494,661.580
173.619,43.563,1007.384,664.548
179.566,43.462,1003.677,669.663
174.391,45.207,1014.027,671.096
179.554,42.336,1003.702,665.283
172.821,43.008,1013.897,668.845
178.831,42.922,1001.877,673.960
179.896,42.816,999.748,662.662
173.209,40.241,1009.865,669.443
177.964,40.962,1008.583,672.937
181.013,42.719,995.890,674.369
180.300,43.638,1005.516,669.251
172.452,44.974,1011.362,671.505
176.739,42.615,1002.790,664.678
181.453,43.289,1001.530,663.330
174.879,43.797,1006.522,667.208
179.635,41.238,1005.210,673.966
181.453,40.520,1001.573,670.461
175.536,42.867,1013.409,670.686
180.694,43.296,1003.094,661.580
175.213,43.132,1010.796,666.799
181.193,43.039,1007.050,671.914
176.004,41.500,1010.842,671.700
180.031,42.537,1002.790,674.574
181.095,42.430,1008.890,663.267
176.334,41.688,1008.588,669.663
180.603,42.621,1008.276,672.732
175.409,41.081,1012.071,664.275
174.431,46.695,1014.027,664.532
182.027,42.183,1007.050,670.271
174.168,40.232,1012.903,675.816
177.247,42.007,1000.120,663.987
181.539,42.946,999.690,667.003
173.112,41.412,1013.277,671.704
177.899,42.147,1003.702,675.188
178.964,42.040,1009.810,663.871
174.196,41.295,1007.874,670.277
178.107,42.535,1008.276,672.732
181.155,44.292,1002.181,660.978
175.685,40.874,1009.865,669.443
180.439,41.595,1008.583,672.937
175.244,43.352,1012.378,669.423
180.647,43.657,1001.573,667.166
172.694,41.897,1014.207,672.321
177.339,42.534,1004.919,662.783
175.103,42.363,1009.390,668.027
180.229,42.782,1007.356,672.119
175.038,41.242,1002.915,663.670
180.120,41.615,1000.917,667.822
174.956,40.081,1011.245,672.527
178.880,41.329,1003.398,674.983
179.945,41.222,1001.269,663.670
173.240,38.637,1011.416,670.471
178.010,49.251,1010.116,664.073
173.239,45.227,1008.182,660.646
180.802,40.721,1001.223,671.293
174.401,43.281,1014.027,671.096
179.563,43.711,1003.702,661.981
174.075,40.282,1011.416,670.471
178.845,41.009,1010.116,673.960
181.900,42.770,1005.657,670.438
173.656,44.395,1012.286,672.119
177.948,42.035,1003.702,665.283
174.486,39.437,1010.626,672.115
178.405,40.682,1011.036,674.574
181.464,42.445,998.307,662.783
174.367,40.135,1009.245,669.031
179.116,40.853,1007.970,672.528
173.923,42.609,1011.764,673.960
177.346,40.760,1004.919,666.089
173.874,41.429,1011.863,669.663
179.019,41.854,1009.810,673.755
182.073,43.614,997.099,661.981
174.995,41.313,1008.004,668.209
179.731,42.027,1006.743,671.709
174.544,43.779,1010.535,673.142
177.961,41.931,1003.702,665.283
174.499,39.332,1010.626,672.115
178.417,40.577,1011.036,674.574
181.476,42.341,998.307,662.783
174.380,40.031,1009.245,669.031
179.128,40.749,1007.970,672.528
173.936,42.505,1011.764,673.960
177.358,43.961,1004.919,662.783
175.123,40.523,1009.390,671.293
179.032,41.763,1009.810,673.755
182.086,43.523,997.099,661.981
175.007,41.222,1008.004,668.209
179.744,41.936,1006.743,671.709
174.557,43.689,1010.535,673.142
177.973,41.841,1003.702,665.283
174.511,39.242,1010.626,672.115
