0.00000000,0.00000000
0.96463171,0.00000000
0.95640107,0.00000000
0.96449313,0.00000000
0.96238664,0.00000000
0.94826516,0.00000000
0.95584488,0.00000000
0.94538189,0.00000000
0.96568043,0.00000000
0.96377906,0.00000000
0.95962099,0.00000000
0.96049508,0.00000000
0.95947148,0.00000000
0.95422950,0.00000000
0.96954244,0.00000000
0.96321477,0.00000000
0.95954528,0.00000000
0.96280160,0.00000000
0.96853375,0.00000000
0.96972994,0.00000000
0.96049776,0.00000000
0.95775853,0.00000000
0.96942076,0.00000000
0.96895631,0.00000000
0.96797732,0.00000000
0.96519715,0.00000000
0.95868303,0.00000000
0.95269942,0.00000000
0.96478757,0.00000000
0.96494647,0.00000000
0.96189620,0.00000000
0.95784177,0.00000000
0.96344652,0.00000000
0.96597419,0.00000000
0.95467716,0.00000000
0.95737849,0.00000000
0.96241782,0.00000000
0.96674209,0.00000000
0.96315444,0.00000000
0.96045272,0.00000000
0.95071486,0.00000000
0.95065813,0.00000000
0.97344814,0.00000000
0.95194688,0.00000000
0.95107190,0.00000000
0.95480945,0.00000000
0.96585548,0.00000000
0.96326963,0.00000000
0.95496227,0.00000000
0.95523357,0.00000000
0.95503628,0.00000000
0.97132984,0.00000000
0.97338611,0.00000000
0.96825823,0.00000000
0.96749093,0.00000000
0.95845394,0.00000000
0.97946703,0.00000000
0.96601410,0.00000000
0.96598477,0.00000000
0.96910871,0.00000000
0.97338349,0.00000000
0.97405488,0.00000000
0.97060828,0.00000000
0.96418103,0.00000000
0.96405422,0.00000000
0.96686710,0.00000000
0.97193297,0.00000000
0.97514324,0.00000000
0.97094564,0.00000000
0.98087159,0.00000000
0.96109575,0.00000000
0.98169029,0.00000000
0.96688317,0.00000000
0.95771919,0.00000000
0.96274814,0.00000000
0.95838489,0.00000000
0.96081028,0.00000000
0.97981359,0.00000000
0.97998433,0.00000000
0.96572664,0.00000000
0.95737456,0.00000000
0.96945813,0.00000000
0.97262923,0.00000000
0.96560587,0.00000000
0.96510754,0.00000000
0.97489150,0.00000000
0.98631985,0.00000000
0.96685734,0.00000000
0.97296394,0.00000000
0.97981954,0.00000000
0.96568140,0.00000000
0.97431518,0.00000000
0.97650542,0.00000000
0.97720896,0.00000000
0.98170569,0.00000000
0.96142782,0.00000000
0.96969138,0.00000000
0.97959958,0.00000000
0.97472553,0.00000000
0.97696842,0.00000000
0.97584095,0.00000000
0.96912258,0.00000000
0.98037786,0.00000000
0.97664107,0.00000000
0.97305107,0.00000000
0.97118697,0.00000000
0.97689034,0.00000000
0.98077625,0.00000000
0.97908836,0.00000000
0.97843077,0.00000000
0.97353130,0.00000000
0.98451194,0.00000000
0.97480775,0.00000000
0.97851653,0.00000000
0.98489540,0.00000000
0.97705746,0.00000000
0.98827952,0.00000000
0.97564838,0.00000000
0.98146330,0.00000000
0.98038292,0.00000000
0.97880304,0.00000000
0.97615771,0.00000000
0.98202680,0.00000000
0.97272466,0.00000000
0.97111602,0.00000000
0.98278171,0.00000000
0.97481237,0.00000000
0.97795842,0.00000000
0.97248720,0.00000000
0.98160599,0.00000000
0.97538093,0.00000000
0.97256605,0.00000000
0.96128821,0.00000000
0.97396634,0.00000000
0.95966501,0.00000000
0.96946935,0.00000000
0.96732997,0.00000000
0.95448056,0.00000000
0.96641936,0.00000000
0.96715343,0.00000000
0.96642803,0.00000000
0.96482346,0.00000000
0.96990866,0.00000000
0.97356676,0.00000000
0.97280609,0.00000000
0.97739227,0.00000000
0.97063825,0.00000000
0.97199173,0.00000000
0.96789349,0.00000000
0.97080769,0.00000000
0.97350508,0.00000000
0.97042976,0.00000000
0.96431262,0.00000000
0.97023371,0.00000000
0.95640535,0.00000000
0.96674876,0.00000000
0.96860895,0.00000000
0.94694080,0.00000000
0.96000763,0.00000000
0.95455839,0.00000000
0.96406457,0.00000000
0.96000920,0.00000000
0.96281264,0.00000000
0.96330517,0.00000000
0.96487745,0.00000000
0.96849121,0.00000000
0.97311633,0.00000000
0.96559861,0.00000000
0.96584455,0.00000000
0.96161209,0.00000000
0.96754008,0.00000000
0.96659004,0.00000000
0.97425266,0.00000000
0.96574134,0.00000000
0.96077918,0.00000000
0.96393590,0.00000000
0.97483059,0.00000000
0.97044564,0.00000000
0.97063730,0.00000000
0.96735754,0.00000000
0.97190693,0.00000000
0.96666097,0.00000000
0.96864530,0.00000000
0.97602192,0.00000000
0.97510306,0.00000000
0.97400041,0.00000000
0.97716318,0.00000000
0.97334337,0.00000000
0.98273043,0.00000000
0.97436545,0.00000000
0.98014607,0.00000000
0.97207221,0.00000000
0.96813072,0.00000000
0.96545116,0.00000000
0.96736268,0.00000000
0.96211210,0.00000000
0.97588622,0.00000000
0.96444666,0.00000000
0.96884886,0.00000000
0.97316197,0.00000000
0.97109252,0.00000000
0.96640627,0.00000000
0.96741024,0.00000000
0.97131699,0.00000000
0.96752619,0.00000000
0.96836909,0.00000000
0.95997735,0.00000000
0.97606754,0.00000000
0.96967388,0.00000000
0.96353144,0.00000000
0.96798666,0.00000000
0.95427617,0.00000000
0.97575417,0.00000000
0.97061258,0.00000000
0.98323656,0.00000000
0.97626857,0.00000000
0.98087519,0.00000000
0.97228318,0.00000000
0.97383213,0.00000000
0.96775560,0.00000000
0.96168918,0.00000000
0.96333010,0.00000000
0.95368654,0.00000000
0.95669070,0.00000000
0.95068665,0.00000000
0.95501313,0.00000000
0.94993014,0.00000000
0.95202279,0.00000000
0.95273100,0.00000000
0.95350629,0.00000000
0.94391866,0.00000000
0.96705005,0.00000000
0.96616814,0.00000000
0.96439400,0.00000000
0.96284764,0.00000000
0.96355901,0.00000000
0.95723780,0.00000000
0.95833891,0.00000000
0.95065713,0.00000000
0.95506634,0.00000000
0.95044006,0.00000000
0.95936638,0.00000000
0.95819190,0.00000000
0.95222438,0.00000000
0.95293088,0.00000000
0.95303238,0.00000000
0.94862445,0.00000000
0.95601212,0.00000000
0.95004323,0.00000000
0.94406108,0.00000000
0.95545194,0.00000000
0.95249251,0.00000000
0.95577352,0.00000000
0.95614607,0.00000000
0.95922484,0.00000000
0.96292274,0.00000000
0.95335950,0.00000000
0.96731724,0.00000000
0.96295565,0.00000000
0.96106651,0.00000000
0.97570513,0.00000000
0.96705071,0.00000000
0.96476401,0.00000000
0.97010949,0.00000000
0.96569447,0.00000000
0.95907233,0.00000000
0.96439301,0.00000000
0.96286511,0.00000000
0.96213854,0.00000000
0.96523122,0.00000000
0.96145212,0.00000000
0.96853041,0.00000000
0.95726212,0.00000000
0.97004796,0.00000000
0.95743851,0.00000000
0.96943582,0.00000000
0.95445422,0.00000000
0.96346034,0.00000000
0.95250702,0.00000000
0.96403224,0.00000000
0.94775972,0.00000000
0.96933814,0.00000000
0.97357976,0.00000000
0.96234627,0.00000000
0.97371640,0.00000000
0.97489549,0.00000000
0.97723675,0.00000000
0.98104589,0.00000000
0.97269613,0.00000000
0.97863481,0.00000000
0.96527876,0.00000000
0.97397758,0.00000000
0.96519364,0.00000000
0.97340288,0.00000000
0.97027673,0.00000000
0.95850592,0.00000000
0.97439355,0.00000000
0.96812291,0.00000000
0.98091588,0.00000000
0.96267567,0.00000000
0.97956019,0.00000000
0.97002158,0.00000000
0.97727305,0.00000000
0.96574537,0.00000000
0.97824225,0.00000000
0.96943750,0.00000000
0.97073869,0.00000000
0.95452238,0.00000000
0.95794162,0.00000000
0.97840822,0.00000000
0.95475163,0.00000000
0.96810590,0.00000000
0.96275032,0.00000000
0.97069003,0.00000000
0.96359872,0.00000000
0.96002862,0.00000000
0.95515040,0.00000000
0.94650591,0.00000000
0.91311728,0.00000000
0.92789746,0.00000000
0.87317615,0.00000000
0.86611922,0.00000000
0.92612006,0.00000000
0.91747293,0.00000000
0.94103780,0.00000000
0.94414779,0.00000000
0.96466200,0.00000000
0.95100628,0.00000000
0.88937595,0.00000000
0.94791624,0.00000000
0.90979001,0.00000000
0.92013513,0.00000000
0.94007613,0.00000000
0.94558393,0.00000000
0.93530348,0.00000000
0.93897658,0.00000000
0.97252366,0.00000000
0.95180601,0.00000000
0.93726765,0.00000000
0.89500435,0.00000000
0.89923528,0.00000000
0.96405438,0.00000000
0.97621456,0.00000000
0.94504680,0.00000000
0.95174812,0.00000000
0.92056747,0.00000000
0.96411553,0.00000000
0.92554469,0.00000000
0.98301176,0.00000000
0.93624144,0.00000000
0.94288046,0.00000000
0.95841278,0.00000000
0.96734665,0.00000000
0.96912082,0.00000000
0.97952880,0.00000000
0.93002199,0.00000000
0.95343021,0.00000000
0.47472419,0.00000000
0.90870760,0.00000000
0.96039985,0.00000000
0.96983535,0.00000000
0.96293970,0.00000000
0.96331223,0.00000000
0.95141936,0.00000000
0.94398808,0.00000000
0.97579993,0.00000000
0.94334344,0.00000000
0.96193613,0.00000000
0.94632847,0.00000000
0.95346361,0.00000000
0.95231761,0.00000000
0.96464387,0.00000000
0.94591789,0.00000000
0.96682041,0.00000000
0.94392991,0.00000000
0.96150400,0.00000000
0.95903239,0.00000000
0.95554133,0.00000000
0.90472617,0.00000000
0.98572800,0.00000000
0.98210999,0.00000000
0.96711056,0.00000000
0.91773690,0.00000000
0.95162866,0.00000000
0.96534492,0.00000000
0.98357331,0.00000000
0.97565190,0.00000000
0.95529740,0.00000000
0.95537647,0.00000000
0.97124710,0.00000000
0.94802042,0.00000000
0.96811331,0.00000000
0.95720437,0.00000000
0.97215373,0.00000000
0.95204647,0.00000000
0.97593047,0.00000000
0.95641060,0.00000000
0.97467064,0.00000000
0.96728577,0.00000000
0.94935697,0.00000000
0.94761041,0.00000000
0.94310907,0.00000000
0.96417404,0.00000000
0.95021473,0.00000000
0.94566492,0.00000000
0.94072023,0.00000000
0.97859689,0.00000000
0.96313613,0.00000000
0.96283807,0.00000000
0.97210792,0.00000000
0.96839709,0.00000000
0.96670532,0.00000000
0.97244326,0.00000000
0.97535579,0.00000000
0.96053551,0.00000000
0.98117264,0.00000000
0.95098750,0.00000000
0.98077412,0.00000000
0.97201087,0.00000000
0.97391914,0.00000000
0.95685776,0.00000000
0.93772543,0.00000000
0.97043685,0.00000000
0.97369137,0.00000000
0.97815689,0.00000000
0.96209453,0.00000000
0.97688493,0.00000000
0.96327909,0.00000000
0.96719393,0.00000000
0.97326681,0.00000000
0.97279078,0.00000000
0.97305959,0.00000000
0.97711387,0.00000000
0.93967196,0.00000000
0.95780392,0.00000000
0.95222420,0.00000000
0.43809121,0.00000000
0.97877053,0.00000000
0.94228782,0.00000000
0.95997008,0.00000000
0.96470064,0.00000000
0.95775729,0.00000000
0.94171247,0.00000000
0.95902811,0.00000000
0.97331478,0.00000000
0.97333534,0.00000000
0.97701095,0.00000000
0.96801192,0.00000000
0.96806114,0.00000000
0.96577412,0.00000000
0.97108686,0.00000000
0.97069149,0.00000000
0.97335012,0.00000000
0.97288198,0.00000000
0.96275287,0.00000000
0.96719533,0.00000000
0.96930725,0.00000000
0.96617716,0.00000000
0.95700294,0.00000000
0.94738923,0.00000000
0.95325724,0.00000000
0.95035067,0.00000000
0.94631308,0.00000000
0.95212014,0.00000000
0.96668395,0.00000000
0.95928231,0.00000000
0.94788517,0.00000000
0.96843727,0.00000000
0.96587685,0.00000000
0.95530453,0.00000000
0.96655684,0.00000000
0.97058902,0.00000000
0.95655930,0.00000000
0.96175638,0.00000000
0.97105162,0.00000000
0.95799764,0.00000000
0.96184213,0.00000000
0.95113241,0.00000000
0.95055409,0.00000000
0.94983591,0.00000000
0.95865045,0.00000000
0.95658480,0.00000000
0.95635347,0.00000000
0.95493723,0.00000000
0.95311263,0.00000000
0.95656531,0.00000000
0.94441978,0.00000000
0.96198051,0.00000000
0.95397767,0.00000000
0.96443520,0.00000000
0.96342600,0.00000000
0.95663758,0.00000000
0.96342261,0.00000000
0.96586843,0.00000000
0.95036188,0.00000000
0.96145648,0.00000000
0.96232736,0.00000000
0.98486733,0.00000000
0.98334185,0.00000000
0.97230654,0.00000000
0.99077935,0.00000000
0.94872338,0.00000000
0.92217138,0.00000000
0.95271981,0.00000000
0.95527551,0.00000000
0.93851978,0.00000000
0.96336048,0.00000000
0.96825997,0.00000000
0.94063948,0.00000000
0.94719563,0.00000000
0.98203881,0.00000000
0.94729988,0.00000000
0.95094973,0.00000000
0.93823509,0.00000000
0.98510389,0.00000000
0.96302613,0.00000000
0.96265804,0.00000000
0.96480016,0.00000000
0.97054031,0.00000000
0.85249937,0.00000000
0.84487971,0.00000000
0.86581641,0.00000000
0.96438609,0.00000000
0.97392021,0.00000000
0.96003187,0.00000000
0.95070380,0.00000000
0.94861453,0.00000000
0.94126652,0.00000000
0.95261909,0.00000000
0.93732529,0.00000000
0.96485163,0.00000000
0.93768128,0.00000000
0.95098797,0.00000000
0.94522318,0.00000000
0.95717115,0.00000000
0.95805974,0.00000000
0.97756150,0.00000000
0.96779790,0.00000000
0.97269572,0.00000000
0.96461861,0.00000000
0.97320866,0.00000000
0.97055441,0.00000000
0.97422550,0.00000000
0.95903305,0.00000000
0.95894302,0.00000000
0.95849387,0.00000000
0.97192946,0.00000000
0.97998345,0.00000000
0.97375950,0.00000000
0.97849568,0.00000000
0.97662610,0.00000000
0.96858450,0.00000000
0.96390595,0.00000000
0.96709305,0.00000000
0.96854556,0.00000000
0.97320441,0.00000000
0.96703877,0.00000000
0.97439511,0.00000000
0.96681356,0.00000000
0.96905700,0.00000000
0.97720546,0.00000000
0.95825050,0.00000000
0.95523390,0.00000000
0.96716588,0.00000000
0.96128395,0.00000000
0.96917398,0.00000000
0.96881696,0.00000000
0.95869643,0.00000000
0.96500734,0.00000000
0.97139022,0.00000000
0.95636750,0.00000000
0.94303552,0.00000000
0.96468168,0.00000000
0.96907267,0.00000000
0.96274124,0.00000000
0.97670573,0.00000000
0.97274826,0.00000000
0.98309223,0.00000000
0.96866752,0.00000000
0.98016047,0.00000000
0.96631672,0.00000000
0.96291337,0.00000000
0.96965218,0.00000000
0.96844630,0.00000000
0.96699293,0.00000000
0.96474587,0.00000000
0.95641893,0.00000000
0.97109013,0.00000000
0.96643556,0.00000000
0.96620420,0.00000000
0.97449240,0.00000000
0.96295138,0.00000000
0.97941746,0.00000000
0.96640230,0.00000000
0.98112868,0.00000000
0.96703123,0.00000000
0.97588121,0.00000000
0.96937792,0.00000000
0.97409062,0.00000000
0.97126343,0.00000000
0.97950694,0.00000000
0.96998996,0.00000000
0.97062291,0.00000000
0.98209326,0.00000000
0.96936518,0.00000000
0.97750024,0.00000000
0.96930249,0.00000000
0.97386767,0.00000000
0.95271456,0.00000000
0.97519413,0.00000000
0.96346031,0.00000000
0.97883391,0.00000000
0.97494982,0.00000000
0.97541735,0.00000000
0.97376822,0.00000000
0.97880144,0.00000000
0.96408102,0.00000000
0.96965543,0.00000000
0.96335661,0.00000000
0.96382678,0.00000000
0.96715391,0.00000000
0.95141772,0.00000000
0.95184375,0.00000000
0.95533752,0.00000000
0.95643928,0.00000000
0.95429174,0.00000000
0.96237005,0.00000000
0.95586539,0.00000000
0.95405256,0.00000000
0.95270796,0.00000000
0.95883441,0.00000000
0.96907153,0.00000000
0.96374982,0.00000000
0.96458135,0.00000000
0.96827300,0.00000000
0.95941813,0.00000000
0.96432174,0.00000000
0.95296541,0.00000000
0.95170822,0.00000000
0.95812268,0.00000000
0.96778466,0.00000000
0.95972519,0.00000000
0.96189571,0.00000000
0.96268721,0.00000000
0.95489352,0.00000000
0.96956846,0.00000000
0.97341283,0.00000000
0.97233416,0.00000000
0.97088742,0.00000000
0.97522585,0.00000000
0.97100921,0.00000000
0.97002391,0.00000000
0.97590199,0.00000000
0.96684264,0.00000000
0.98612059,0.00000000
0.96672938,0.00000000
0.95902947,0.00000000
0.96196503,0.00000000
0.97212908,0.00000000
0.95603919,0.00000000
0.96783954,0.00000000
0.96819077,0.00000000
0.95579876,0.00000000
0.95807398,0.00000000
0.96281637,0.00000000
0.95797643,0.00000000
0.96953706,0.00000000
0.95705888,0.00000000
0.95932517,0.00000000
0.95386676,0.00000000
0.95251389,0.00000000
0.96172267,0.00000000
0.95560192,0.00000000
0.96840344,0.00000000
0.95726694,0.00000000
0.96110115,0.00000000
0.95398705,0.00000000
0.96078833,0.00000000
0.95471730,0.00000000
0.96639466,0.00000000
0.95498290,0.00000000
0.96045476,0.00000000
0.95817974,0.00000000
0.96373154,0.00000000
0.96364542,0.00000000
0.96208985,0.00000000
0.94399703,0.00000000
0.96118151,0.00000000
0.95962875,0.00000000
0.93481538,0.00000000
0.96496739,0.00000000
0.97226375,0.00000000
0.95239497,0.00000000
0.95814516,0.00000000
0.95656391,0.00000000
0.95503544,0.00000000
0.95350935,0.00000000
0.95414491,0.00000000
0.95261844,0.00000000
0.95818214,0.00000000
0.95662019,0.00000000
0.96122655,0.00000000
0.95965907,0.00000000
0.95811787,0.00000000
0.94215803,0.00000000
0.95013637,0.00000000
0.95349516,0.00000000
0.94971846,0.00000000
0.95110444,0.00000000
0.95097427,0.00000000
0.95319522,0.00000000
0.96801747,0.00000000
0.95576556,0.00000000
0.95483579,0.00000000
0.94113582,0.00000000
0.96840543,0.00000000
0.96083158,0.00000000
0.94714366,0.00000000
0.97160559,0.00000000
0.96009066,0.00000000
0.94798433,0.00000000
0.95318196,0.00000000
0.93507517,0.00000000
0.96358359,0.00000000
0.96214568,0.00000000
0.96207152,0.00000000
0.95990665,0.00000000
0.95746967,0.00000000
0.94590012,0.00000000
0.96266293,0.00000000
0.95702343,0.00000000
0.94775765,0.00000000
0.96523350,0.00000000
0.95801790,0.00000000
0.95351035,0.00000000
0.95850051,0.00000000
0.96212371,0.00000000
0.96113957,0.00000000
0.96013969,0.00000000
0.97286074,0.00000000
0.96227304,0.00000000
0.95546636,0.00000000
0.97298300,0.00000000
0.96531812,0.00000000
0.95149363,0.00000000
0.96144690,0.00000000
0.94304203,0.00000000
0.96320933,0.00000000
0.96148291,0.00000000
0.94250811,0.00000000
0.95477605,0.00000000
0.97951456,0.00000000
0.96720052,0.00000000
0.96541865,0.00000000
0.96207230,0.00000000
0.96924217,0.00000000
0.94636602,0.00000000
0.95663615,0.00000000
0.95868371,0.00000000
0.94771071,0.00000000
0.95895579,0.00000000
0.95581720,0.00000000
0.97338683,0.00000000
0.96681779,0.00000000
0.96948828,0.00000000
0.98014826,0.00000000
0.96814840,0.00000000
0.97323199,0.00000000
0.96869773,0.00000000
0.97312831,0.00000000
0.97871651,0.00000000
0.97908086,0.00000000
0.97279265,0.00000000
0.97591986,0.00000000
0.98613106,0.00000000
0.97244228,0.00000000
0.97653146,0.00000000
0.97264363,0.00000000
0.96197617,0.00000000
0.95738895,0.00000000
0.95552146,0.00000000
0.95996365,0.00000000
0.97164117,0.00000000
0.96091674,0.00000000
0.97913055,0.00000000
0.96629902,0.00000000
0.97941835,0.00000000
0.96699544,0.00000000
0.97407489,0.00000000
0.95304036,0.00000000
0.96252934,0.00000000
0.96537152,0.00000000
0.96295540,0.00000000
0.96166492,0.00000000
0.96314913,0.00000000
0.96445392,0.00000000
0.97185033,0.00000000
0.97033379,0.00000000
0.96663845,0.00000000
0.96452117,0.00000000
0.96041231,0.00000000
0.95654800,0.00000000
0.97165422,0.00000000
0.96412299,0.00000000
0.96415367,0.00000000
0.96517399,0.00000000
0.97640828,0.00000000
0.97483482,0.00000000
0.97326386,0.00000000
0.96510274,0.00000000
0.96073124,0.00000000
0.96135141,0.00000000
0.95980770,0.00000000
0.97026426,0.00000000
0.96605854,0.00000000
0.96555076,0.00000000
0.96762128,0.00000000
0.95911907,0.00000000
0.96115087,0.00000000
0.96104642,0.00000000
0.95520149,0.00000000
0.93807718,0.00000000
0.94823962,0.00000000
0.95593924,0.00000000
0.95437344,0.00000000
0.95284650,0.00000000
0.95340003,0.00000000
0.95185520,0.00000000
0.95880131,0.00000000
0.96384474,0.00000000
0.95379968,0.00000000
0.96345011,0.00000000
0.97069927,0.00000000
0.95454443,0.00000000
0.95592301,0.00000000
0.96421925,0.00000000
0.97268966,0.00000000
0.96616467,0.00000000
0.96379879,0.00000000
0.96402292,0.00000000
0.95861068,0.00000000
0.97561828,0.00000000
0.95292472,0.00000000
0.96202686,0.00000000
0.97072706,0.00000000
0.97190979,0.00000000
0.96121909,0.00000000
0.95571302,0.00000000
0.96914062,0.00000000
0.96177016,0.00000000
0.97553709,0.00000000
0.95309318,0.00000000
0.96625193,0.00000000
0.95614452,0.00000000
0.96169205,0.00000000
0.96722777,0.00000000
0.96159901,0.00000000
0.97736541,0.00000000
0.95893024,0.00000000
0.97326276,0.00000000
0.95577429,0.00000000
0.97828065,0.00000000
0.97405776,0.00000000
0.96125761,0.00000000
0.97431741,0.00000000
0.96382306,0.00000000
0.95938806,0.00000000
0.97857561,0.00000000
0.96264265,0.00000000
0.97947180,0.00000000
0.98728458,0.00000000
0.98449231,0.00000000
0.97801466,0.00000000
0.96630761,0.00000000
0.96975743,0.00000000
0.97159605,0.00000000
0.97500910,0.00000000
0.97476772,0.00000000
0.97786590,0.00000000
0.97706475,0.00000000
0.97482180,0.00000000
0.96907476,0.00000000
0.96630560,0.00000000
0.97499459,0.00000000
0.96873414,0.00000000
0.96363816,0.00000000
0.97291921,0.00000000
0.96913934,0.00000000
0.97679747,0.00000000
0.98358122,0.00000000
0.96708968,0.00000000
0.97628328,0.00000000
0.98518510,0.00000000
0.96224426,0.00000000
0.96601273,0.00000000
0.96963299,0.00000000
0.96718631,0.00000000
0.96957739,0.00000000
0.98317158,0.00000000
0.97597663,0.00000000
0.97898236,0.00000000
0.96657583,0.00000000
0.98087735,0.00000000
0.98029776,0.00000000
0.96886355,0.00000000
0.97968173,0.00000000
0.96951121,0.00000000
0.96029758,0.00000000
0.97193794,0.00000000
0.98055572,0.00000000
0.96611207,0.00000000
0.97201987,0.00000000
0.96521319,0.00000000
0.97200545,0.00000000
0.96567706,0.00000000
0.95289435,0.00000000
0.95798936,0.00000000
0.96802990,0.00000000
0.97315102,0.00000000
0.95371094,0.00000000
0.96710275,0.00000000
0.96554960,0.00000000
0.95644170,0.00000000
0.95760634,0.00000000
0.95619690,0.00000000
0.96724253,0.00000000
0.97398543,0.00000000
0.97647318,0.00000000
0.98059845,0.00000000
0.99282209,0.00000000
0.98396369,0.00000000
0.96989841,0.00000000
0.97786872,0.00000000
0.97411133,0.00000000
0.98963458,0.00000000
0.96669262,0.00000000
0.97939657,0.00000000
0.98378452,0.00000000
0.98402178,0.00000000
0.97386370,0.00000000
0.97607337,0.00000000
0.96092652,0.00000000
0.95714244,0.00000000
0.96568940,0.00000000
0.96008669,0.00000000
0.92965749,0.00000000
0.94668509,0.00000000
0.98167609,0.00000000
0.97476505,0.00000000
0.97137954,0.00000000
0.97145129,0.00000000
0.95860107,0.00000000
0.92932896,0.00000000
0.94761604,0.00000000
0.92088193,0.00000000
0.95803542,0.00000000
0.93687615,0.00000000
0.91626404,0.00000000
0.97463998,0.00000000
0.93914749,0.00000000
0.97932774,0.00000000
0.92842764,0.00000000
0.95602612,0.00000000
0.96075845,0.00000000
0.97971005,0.00000000
0.97475726,0.00000000
0.97334974,0.00000000
0.93362233,0.00000000
0.96786170,0.00000000
0.97618325,0.00000000
0.97905843,0.00000000
0.98274371,0.00000000
0.97409369,0.00000000
0.98639175,0.00000000
0.97523599,0.00000000
0.98219025,0.00000000
0.97351032,0.00000000
0.94467800,0.00000000
0.96666526,0.00000000
0.97873689,0.00000000
0.93608602,0.00000000
0.97239443,0.00000000
0.95457534,0.00000000
0.98179275,0.00000000
0.95561333,0.00000000
0.97705555,0.00000000
0.97890799,0.00000000
0.96648040,0.00000000
0.97819691,0.00000000
0.93570331,0.00000000
0.96586334,0.00000000
0.96650827,0.00000000
0.98994207,0.00000000
0.98686746,0.00000000
0.97489042,0.00000000
0.98579046,0.00000000
0.98794149,0.00000000
0.97831567,0.00000000
0.96904600,0.00000000
0.95649964,0.00000000
0.97860291,0.00000000
0.97935105,0.00000000
0.96995394,0.00000000
0.97235545,0.00000000
0.96020613,0.00000000
0.95375208,0.00000000
0.19272578,0.00000000
0.23556082,0.00000000
0.98278028,0.00000000
0.94375954,0.00000000
0.94970034,0.00000000
0.96466685,0.00000000
0.96000487,0.00000000
0.16276652,0.00000000
0.15592226,0.00000000
0.17461651,0.00000000
0.17407338,0.00000000
0.98947263,0.00000000
0.98029134,0.00000000
0.98093311,0.00000000
0.96472829,0.00000000
0.96793193,0.00000000
0.96896399,0.00000000
0.97727424,0.00000000
0.96955224,0.00000000
0.94799193,0.00000000
0.94140669,0.00000000
0.96641039,0.00000000
0.97109463,0.00000000
0.97317758,0.00000000
0.96917828,0.00000000
0.97003069,0.00000000
0.98677619,0.00000000
0.97147313,0.00000000
0.97565050,0.00000000
0.98360456,0.00000000
0.96972972,0.00000000
0.98724749,0.00000000
0.98765098,0.00000000
0.97678122,0.00000000
0.98910059,0.00000000
0.98431518,0.00000000
0.96502994,0.00000000
0.97322352,0.00000000
0.98945788,0.00000000
0.97780549,0.00000000
0.97534381,0.00000000
0.97228890,0.00000000
0.99039864,0.00000000
0.96398000,0.00000000
0.99086689,0.00000000
0.98044409,0.00000000
0.97545040,0.00000000
0.98530085,0.00000000
0.97699084,0.00000000
0.97946720,0.00000000
0.97986419,0.00000000
0.98070741,0.00000000
0.98033862,0.00000000
0.98315410,0.00000000
0.99124248,0.00000000
0.97577456,0.00000000
0.98408748,0.00000000
0.98886026,0.00000000
0.98358855,0.00000000
0.97624531,0.00000000
0.98200905,0.00000000
0.95446920,0.00000000
0.97936438,0.00000000
0.96799877,0.00000000
0.96898004,0.00000000
0.96083597,0.00000000
0.97401654,0.00000000
0.97179503,0.00000000
0.98289279,0.00000000
0.93201973,0.00000000
0.93166553,0.00000000
0.93614310,0.00000000
0.94234287,0.00000000
0.96318916,0.00000000
0.97675950,0.00000000
0.96444170,0.00000000
0.95664355,0.00000000
0.97386598,0.00000000
0.97230440,0.00000000
0.95989206,0.00000000
0.95982026,0.00000000
0.96625437,0.00000000
0.97345482,0.00000000
0.98273097,0.00000000
0.97436738,0.00000000
0.98049869,0.00000000
0.98000565,0.00000000
0.98632133,0.00000000
0.97806027,0.00000000
0.97142793,0.00000000
0.97902264,0.00000000
0.99274661,0.00000000
0.98309927,0.00000000
0.38886943,0.00000000
0.97718591,0.00000000
0.97877407,0.00000000
0.95291750,0.00000000
0.97409136,0.00000000
0.42879539,0.00000000
0.97661626,0.00000000
0.96665306,0.00000000
0.95921829,0.00000000
0.95617468,0.00000000
0.96010340,0.00000000
0.95783236,0.00000000
0.95933785,0.00000000
0.96331232,0.00000000
0.97492579,0.00000000
0.96705491,0.00000000
0.96235166,0.00000000
0.95588131,0.00000000
0.95308834,0.00000000
0.95997161,0.00000000
0.96058973,0.00000000
0.95853653,0.00000000
0.97034342,0.00000000
0.94939359,0.00000000
0.95687482,0.00000000
0.96378889,0.00000000
0.97096123,0.00000000
0.96241393,0.00000000
0.96407900,0.00000000
0.98377878,0.00000000
0.96129062,0.00000000
0.98424257,0.00000000
0.96236688,0.00000000
0.97740303,0.00000000
0.97484366,0.00000000
0.97259013,0.00000000
0.96495812,0.00000000
0.97881667,0.00000000
0.96520050,0.00000000
0.97186231,0.00000000
0.97095357,0.00000000
0.97324247,0.00000000
0.98493771,0.00000000
0.97896454,0.00000000
0.97731489,0.00000000
0.98122062,0.00000000
0.96536387,0.00000000
0.95809089,0.00000000
0.97332829,0.00000000
0.96841654,0.00000000
0.96697195,0.00000000
0.97321801,0.00000000
0.96435879,0.00000000
0.97837214,0.00000000
0.98532691,0.00000000
0.97740970,0.00000000
0.98354548,0.00000000
0.96808398,0.00000000
0.98059633,0.00000000
0.96329571,0.00000000
0.97757657,0.00000000
0.95567400,0.00000000
0.96384476,0.00000000
0.97308914,0.00000000
0.97468420,0.00000000
0.97850104,0.00000000
0.96392490,0.00000000
0.95541548,0.00000000
0.98180653,0.00000000
0.96967907,0.00000000
0.95971043,0.00000000
0.96778655,0.00000000
0.96519487,0.00000000
0.96421148,0.00000000
0.96820871,0.00000000
0.95722489,0.00000000
0.98121152,0.00000000
0.97414010,0.00000000
0.96475516,0.00000000
0.96912296,0.00000000
0.95736174,0.00000000
0.96250755,0.00000000
0.95095177,0.00000000
0.96658665,0.00000000
0.95875813,0.00000000
0.95746509,0.00000000
0.96146522,0.00000000
0.97134431,0.00000000
0.95928203,0.00000000
0.97469761,0.00000000
0.96918081,0.00000000
0.95609768,0.00000000
0.97313876,0.00000000
0.96679787,0.00000000
0.96792559,0.00000000
0.96126529,0.00000000
0.96774789,0.00000000
0.98260080,0.00000000
0.98233639,0.00000000
0.97127268,0.00000000
0.97867335,0.00000000
0.97784261,0.00000000
0.96278533,0.00000000
0.97965320,0.00000000
0.97106376,0.00000000
0.43643978,0.00000000
0.43671051,0.00000000
0.97547265,0.00000000
0.97951967,0.00000000
0.97595426,0.00000000
0.96130409,0.00000000
0.97422631,0.00000000
0.97138178,0.00000000
0.97338151,0.00000000
0.97488256,0.00000000
0.97738438,0.00000000
0.97861584,0.00000000
0.98131994,0.00000000
0.96655215,0.00000000
0.96734491,0.00000000
0.96768120,0.00000000
0.96707103,0.00000000
0.96526997,0.00000000
0.96872238,0.00000000
0.97108594,0.00000000
0.44407884,0.00000000
0.44519182,0.00000000
0.98097923,0.00000000
0.97161481,0.00000000
0.97405176,0.00000000
0.97313515,0.00000000
0.97487591,0.00000000
0.96552349,0.00000000
0.97435224,0.00000000
0.96550984,0.00000000
0.97864976,0.00000000
0.96351457,0.00000000
0.97589586,0.00000000
0.96928506,0.00000000
0.96438099,0.00000000
0.96275723,0.00000000
0.96481431,0.00000000
0.97317132,0.00000000
0.96929961,0.00000000
0.96429364,0.00000000
0.96773290,0.00000000
0.97041919,0.00000000
0.96446095,0.00000000
0.96912843,0.00000000
0.97134762,0.00000000
0.97306725,0.00000000
0.96080978,0.00000000
0.96546261,0.00000000
0.96768745,0.00000000
0.96635300,0.00000000
0.96215445,0.00000000
0.96553185,0.00000000
0.95906493,0.00000000
0.96926200,0.00000000
0.43699335,0.00000000
0.96860215,0.00000000
0.96588163,0.00000000
0.96025122,0.00000000
0.98594917,0.00000000
0.97066534,0.00000000
0.95716995,0.00000000
0.94833070,0.00000000
0.93461514,0.00000000
0.93940141,0.00000000
0.92779201,0.00000000
0.94083020,0.00000000
0.95531082,0.00000000
0.93832655,0.00000000
0.93515135,0.00000000
0.95021189,0.00000000
0.97229819,0.00000000
0.97460345,0.00000000
0.95684003,0.00000000
0.96468975,0.00000000
0.96765559,0.00000000
0.98268343,0.00000000
0.86265507,0.00000000
0.92250446,0.00000000
0.96400008,0.00000000
0.95374424,0.00000000
0.95323309,0.00000000
0.96424227,0.00000000
0.96854950,0.00000000
0.97412845,0.00000000
0.96045905,0.00000000
0.97375352,0.00000000
0.96860330,0.00000000
0.95289531,0.00000000
0.97199459,0.00000000
0.95876689,0.00000000
0.95663683,0.00000000
0.94765166,0.00000000
0.95474185,0.00000000
0.95935855,0.00000000
0.97763272,0.00000000
0.92956120,0.00000000
0.94831978,0.00000000
0.96583934,0.00000000
0.96120760,0.00000000
0.95506940,0.00000000
0.95979985,0.00000000
0.95983554,0.00000000
0.94638168,0.00000000
0.93339227,0.00000000
0.96819816,0.00000000
0.96926082,0.00000000
0.96695928,0.00000000
0.94050387,0.00000000
0.90827276,0.00000000
0.95489621,0.00000000
0.88293676,0.00000000
0.89733274,0.00000000
0.90863516,0.00000000
0.90439788,0.00000000
0.93103829,0.00000000
0.93488585,0.00000000
0.90198197,0.00000000
0.94556154,0.00000000
0.94675722,0.00000000
0.93448535,0.00000000
0.94877575,0.00000000
0.93525581,0.00000000
0.96694244,0.00000000
0.97407001,0.00000000
0.95008559,0.00000000
0.97186464,0.00000000
0.94225800,0.00000000
0.93854370,0.00000000
0.93095259,0.00000000
0.94337786,0.00000000
0.94701508,0.00000000
0.94647694,0.00000000
0.95531265,0.00000000
0.95080642,0.00000000
0.95432863,0.00000000
0.97555674,0.00000000
0.96934832,0.00000000
0.96885585,0.00000000
0.96799639,0.00000000
0.95850665,0.00000000
0.96289455,0.00000000
0.98198761,0.00000000
0.97666458,0.00000000
0.96986893,0.00000000
0.97307367,0.00000000
0.95772362,0.00000000
0.96001329,0.00000000
0.95804115,0.00000000
0.96350479,0.00000000
0.97447884,0.00000000
0.96977712,0.00000000
0.96957993,0.00000000
0.97225018,0.00000000
0.98222521,0.00000000
0.98853501,0.00000000
0.97457873,0.00000000
0.95943229,0.00000000
0.95322200,0.00000000
0.96902220,0.00000000
0.96310300,0.00000000
0.97478026,0.00000000
0.96928026,0.00000000
0.95692163,0.00000000
0.97088485,0.00000000
0.97227319,0.00000000
0.97884036,0.00000000
0.97175905,0.00000000
0.96759132,0.00000000
0.96856220,0.00000000
0.96240953,0.00000000
0.96700005,0.00000000
0.95831465,0.00000000
0.96533172,0.00000000
0.95867493,0.00000000
0.96334286,0.00000000
0.96841298,0.00000000
0.96261133,0.00000000
0.94501787,0.00000000
0.94452550,0.00000000
0.94413371,0.00000000
0.94712144,0.00000000
0.96899650,0.00000000
0.98222739,0.00000000
0.96716905,0.00000000
0.96797030,0.00000000
0.96497120,0.00000000
0.95988473,0.00000000
0.96185454,0.00000000
0.97482366,0.00000000
0.95320371,0.00000000
0.96402901,0.00000000
0.96073802,0.00000000
0.96430793,0.00000000
0.94490220,0.00000000
0.96633892,0.00000000
0.95534724,0.00000000
0.95139102,0.00000000
0.95622044,0.00000000
0.94451583,0.00000000
0.95989934,0.00000000
0.96881782,0.00000000
0.96716510,0.00000000
0.97185249,0.00000000
0.98292698,0.00000000
0.96956380,0.00000000
0.98626517,0.00000000
0.98082686,0.00000000
0.97640668,0.00000000
0.96164010,0.00000000
0.96239160,0.00000000
0.95513574,0.00000000
0.97186346,0.00000000
0.97246242,0.00000000
0.96952945,0.00000000
0.97902007,0.00000000
0.96602656,0.00000000
0.97513742,0.00000000
0.97538328,0.00000000
0.98362190,0.00000000
0.96350329,0.00000000
0.97336992,0.00000000
0.95904124,0.00000000
0.97374690,0.00000000
0.96847078,0.00000000
0.97211730,0.00000000
0.97320024,0.00000000
0.97566270,0.00000000
0.97683508,0.00000000
0.96419932,0.00000000
0.97406730,0.00000000
0.97765210,0.00000000
0.98256365,0.00000000
0.98356628,0.00000000
0.97426865,0.00000000
0.96756489,0.00000000
0.96651532,0.00000000
0.97393623,0.00000000
0.97241586,0.00000000
0.98195810,0.00000000
0.97806115,0.00000000
0.96590068,0.00000000
0.97547325,0.00000000
0.96716123,0.00000000
0.95941255,0.00000000
0.97446053,0.00000000
0.97794949,0.00000000
0.97143355,0.00000000
0.96173951,0.00000000
0.96607980,0.00000000
0.96640422,0.00000000
0.96686081,0.00000000
0.97282846,0.00000000
0.96671092,0.00000000
0.97037254,0.00000000
0.97126350,0.00000000
0.96649631,0.00000000
0.97970360,0.00000000
0.96826286,0.00000000
0.97145797,0.00000000
0.96979233,0.00000000
0.96811596,0.00000000
0.97536890,0.00000000
0.97226252,0.00000000
0.97183268,0.00000000
0.97016942,0.00000000
0.96849224,0.00000000
0.98028912,0.00000000
0.96754186,0.00000000
0.98380657,0.00000000
0.97100148,0.00000000
0.98064193,0.00000000
0.97416798,0.00000000
0.96674745,0.00000000
0.97415232,0.00000000
0.96350459,0.00000000
0.96822965,0.00000000
0.96825417,0.00000000
0.96418549,0.00000000
0.97553659,0.00000000
0.97390650,0.00000000
0.97223952,0.00000000
0.97074730,0.00000000
0.96399434,0.00000000
0.96638906,0.00000000
0.96861717,0.00000000
0.97816949,0.00000000
0.96548529,0.00000000
0.97545963,0.00000000
0.97148981,0.00000000
0.98185964,0.00000000
0.98187745,0.00000000
0.98260879,0.00000000
0.96465876,0.00000000
0.97524230,0.00000000
0.97090743,0.00000000
0.96602743,0.00000000
0.96186945,0.00000000
0.96021908,0.00000000
0.97360094,0.00000000
0.96737658,0.00000000
0.96740042,0.00000000
0.96485509,0.00000000
0.98188168,0.00000000
0.96660227,0.00000000
0.97974288,0.00000000
0.97855580,0.00000000
0.96881347,0.00000000
0.97528018,0.00000000
0.97880026,0.00000000
0.97716465,0.00000000
0.97684612,0.00000000
0.97567264,0.00000000
0.97775901,0.00000000
0.97415565,0.00000000
0.97882196,0.00000000
0.97350964,0.00000000
0.98089321,0.00000000
0.98642542,0.00000000
0.98337678,0.00000000
0.97196740,0.00000000
0.98160195,0.00000000
0.97660306,0.00000000
0.96956853,0.00000000
0.97602444,0.00000000
0.96237569,0.00000000
0.96926864,0.00000000
0.98359007,0.00000000
0.97215512,0.00000000
0.97021820,0.00000000
0.96793711,0.00000000
0.98119168,0.00000000
0.96888232,0.00000000
0.94818445,0.00000000
0.96768296,0.00000000
0.96493271,0.00000000
0.98134667,0.00000000
0.96973738,0.00000000
0.96741265,0.00000000
0.95901712,0.00000000
0.97108103,0.00000000
0.96587485,0.00000000
0.97193673,0.00000000
0.96305689,0.00000000
0.96892266,0.00000000
0.96346375,0.00000000
0.97427802,0.00000000
0.95990291,0.00000000
0.97235236,0.00000000
0.97389686,0.00000000
0.98603678,0.00000000
0.98065026,0.00000000
0.97660627,0.00000000
0.96991466,0.00000000
0.96716493,0.00000000
0.96370891,0.00000000
0.96879868,0.00000000
0.97438164,0.00000000
0.96905017,0.00000000
0.97267853,0.00000000
0.97373363,0.00000000
0.97209527,0.00000000
0.97685789,0.00000000
0.96562801,0.00000000
0.97541973,0.00000000
0.96859626,0.00000000
0.97336222,0.00000000
0.97281940,0.00000000
0.97043232,0.00000000
0.97823738,0.00000000
0.96377523,0.00000000
0.97296724,0.00000000
0.96959631,0.00000000
0.97357586,0.00000000
0.97659356,0.00000000
0.97035513,0.00000000
0.98029761,0.00000000
0.96544216,0.00000000
0.96377928,0.00000000
0.96034236,0.00000000
0.96979428,0.00000000
0.95497307,0.00000000
0.95109440,0.00000000
0.96082693,0.00000000
0.96523195,0.00000000
0.96952996,0.00000000
0.96899558,0.00000000
0.97855156,0.00000000
0.96586240,0.00000000
0.97502148,0.00000000
0.96877547,0.00000000
0.97569128,0.00000000
0.96719761,0.00000000
0.97194144,0.00000000
0.98150063,0.00000000
0.96708133,0.00000000
0.96291880,0.00000000
0.95783222,0.00000000
0.95838798,0.00000000
0.97205722,0.00000000
0.97341517,0.00000000
0.96107728,0.00000000
0.95444299,0.00000000
0.97327363,0.00000000
0.97878014,0.00000000
0.97329156,0.00000000
0.96978826,0.00000000
0.98110665,0.00000000
0.96256256,0.00000000
0.97002821,0.00000000
0.96894960,0.00000000
0.96663168,0.00000000
0.95732113,0.00000000
0.98351431,0.00000000
0.96375160,0.00000000
0.96856019,0.00000000
0.96687166,0.00000000
0.96307013,0.00000000
0.95635195,0.00000000
0.97038711,0.00000000
0.96654903,0.00000000
0.96485866,0.00000000
0.96317128,0.00000000
0.96159146,0.00000000
0.97099546,0.00000000
0.96967662,0.00000000
0.97923011,0.00000000
0.97735415,0.00000000
0.96260027,0.00000000
0.94214229,0.00000000
0.94744561,0.00000000
0.96216225,0.00000000
0.95879070,0.00000000
0.91501520,0.00000000
0.92498919,0.00000000
0.95774144,0.00000000
0.93991778,0.00000000
0.97165527,0.00000000
0.96663373,0.00000000
0.95549816,0.00000000
0.94380857,0.00000000
0.96442338,0.00000000
0.91676877,0.00000000
0.95657439,0.00000000
0.94041149,0.00000000
0.95394156,0.00000000
0.91990291,0.00000000
0.96226852,0.00000000
0.96533865,0.00000000
0.90572811,0.00000000
0.93848380,0.00000000
0.91085287,0.00000000
0.94207505,0.00000000
0.94050148,0.00000000
0.93203384,0.00000000
0.93433126,0.00000000
0.91794221,0.00000000
0.91326128,0.00000000
0.94489665,0.00000000
0.93066388,0.00000000
0.95175830,0.00000000
0.94152242,0.00000000
0.96039676,0.00000000
0.96067268,0.00000000
0.94651614,0.00000000
0.97899138,0.00000000
0.96912749,0.00000000
0.95435075,0.00000000
0.98221129,0.00000000
0.95966344,0.00000000
0.95864107,0.00000000
0.96216587,0.00000000
0.97018299,0.00000000
0.93564317,0.00000000
0.95673656,0.00000000
0.95412951,0.00000000
0.95334367,0.00000000
0.95601603,0.00000000
0.94311843,0.00000000
0.95243789,0.00000000
0.93792919,0.00000000
0.95678925,0.00000000
0.95280529,0.00000000
0.96018371,0.00000000
0.94244834,0.00000000
0.94987334,0.00000000
0.95849970,0.00000000
0.95053660,0.00000000
0.96525311,0.00000000
0.97056017,0.00000000
0.96100234,0.00000000
0.94959876,0.00000000
0.95281404,0.00000000
0.93487535,0.00000000
0.95681764,0.00000000
0.95160440,0.00000000
0.97185807,0.00000000
0.98423071,0.00000000
0.96729884,0.00000000
0.97227560,0.00000000
0.96790107,0.00000000
0.96039089,0.00000000
0.96559924,0.00000000
0.95732754,0.00000000
0.95549300,0.00000000
0.96616365,0.00000000
0.95854851,0.00000000
0.96230178,0.00000000
0.95143349,0.00000000
0.95965882,0.00000000
0.96145249,0.00000000
0.97077854,0.00000000
0.96812563,0.00000000
0.95663964,0.00000000
0.96094861,0.00000000
0.95996012,0.00000000
0.96758214,0.00000000
0.96721986,0.00000000
0.96241170,0.00000000
0.97791847,0.00000000
0.96130166,0.00000000
0.96847467,0.00000000
0.95809519,0.00000000
0.96185739,0.00000000
0.97006854,0.00000000
0.96133174,0.00000000
0.96774373,0.00000000
0.96425820,0.00000000
0.96436299,0.00000000
0.94452958,0.00000000
0.95484171,0.00000000
0.96509244,0.00000000
0.95535868,0.00000000
0.97477473,0.00000000
0.94713560,0.00000000
0.96363898,0.00000000
0.95797601,0.00000000
0.96783490,0.00000000
0.97217804,0.00000000
0.97295363,0.00000000
0.96452124,0.00000000
0.96608263,0.00000000
0.95478760,0.00000000
0.96189212,0.00000000
0.97232570,0.00000000
0.95961910,0.00000000
0.95875570,0.00000000
0.94309701,0.00000000
0.95632473,0.00000000
0.96682590,0.00000000
0.95699585,0.00000000
0.95608220,0.00000000
0.94929290,0.00000000
0.95649104,0.00000000
0.95437329,0.00000000
0.95481319,0.00000000
0.96087109,0.00000000
0.96538486,0.00000000
0.95709330,0.00000000
0.95466069,0.00000000
0.96900746,0.00000000
0.96939897,0.00000000
0.96099482,0.00000000
0.95892629,0.00000000
0.98199043,0.00000000
0.95985076,0.00000000
0.95030485,0.00000000
0.95556877,0.00000000
0.93948057,0.00000000
0.94366330,0.00000000
0.94115604,0.00000000
0.93681490,0.00000000
0.95110098,0.00000000
0.95797429,0.00000000
0.95735164,0.00000000
0.94916100,0.00000000
0.96750217,0.00000000
0.96072386,0.00000000
0.95373855,0.00000000
0.97382157,0.00000000
0.95776730,0.00000000
0.94632065,0.00000000
0.95140473,0.00000000
0.95008923,0.00000000
0.94970923,0.00000000
0.94743365,0.00000000
0.96523841,0.00000000
0.96434121,0.00000000
0.95791713,0.00000000
0.94804513,0.00000000
0.94753855,0.00000000
0.94083498,0.00000000
0.93577898,0.00000000
0.94543391,0.00000000
0.93504434,0.00000000
0.92935002,0.00000000
0.95488889,0.00000000
0.95216189,0.00000000
0.96242841,0.00000000
0.95136042,0.00000000
0.94740614,0.00000000
0.94925720,0.00000000
0.93524975,0.00000000
0.95205443,0.00000000
0.93341877,0.00000000
0.93820593,0.00000000
0.97483474,0.00000000
0.96203371,0.00000000
0.95139738,0.00000000
0.94654863,0.00000000
0.95063349,0.00000000
0.94256634,0.00000000
0.94061858,0.00000000
0.94599130,0.00000000
0.95109565,0.00000000
0.94302768,0.00000000
0.94472400,0.00000000
0.93995444,0.00000000
0.94181865,0.00000000
0.94344354,0.00000000
0.94595966,0.00000000
0.95076347,0.00000000
0.93062823,0.00000000
0.96682181,0.00000000
0.96471111,0.00000000
0.95741220,0.00000000
0.95908291,0.00000000
0.94687336,0.00000000
0.95069930,0.00000000
0.95445627,0.00000000
0.95612230,0.00000000
0.95560626,0.00000000
0.95646505,0.00000000
0.96037984,0.00000000
0.95845669,0.00000000
0.95562012,0.00000000
0.95616760,0.00000000
0.96146683,0.00000000
0.95945533,0.00000000
0.94510779,0.00000000
0.94230665,0.00000000
0.93644997,0.00000000
0.95681103,0.00000000
0.94223950,0.00000000
0.94464581,0.00000000
0.95559338,0.00000000
0.95276600,0.00000000
0.95070093,0.00000000
0.95415224,0.00000000
0.94489700,0.00000000
0.95643812,0.00000000
0.94555489,0.00000000
0.94237942,0.00000000
0.94313980,0.00000000
0.96045557,0.00000000
0.94801678,0.00000000
0.96062975,0.00000000
0.94945216,0.00000000
0.93849433,0.00000000
0.95812994,0.00000000
0.95436144,0.00000000
0.95081138,0.00000000
0.93796863,0.00000000
0.94515051,0.00000000
0.96048883,0.00000000
0.95988230,0.00000000
0.93816432,0.00000000
0.94751416,0.00000000
0.95402950,0.00000000
0.94827727,0.00000000
0.95001661,0.00000000
0.96118161,0.00000000
0.96384274,0.00000000
0.96786999,0.00000000
0.96166892,0.00000000
0.96327789,0.00000000
0.95606179,0.00000000
0.94539100,0.00000000
0.95010628,0.00000000
0.95008998,0.00000000
0.94870343,0.00000000
0.95567475,0.00000000
0.95802834,0.00000000
0.95033998,0.00000000
0.93391020,0.00000000
0.93067713,0.00000000
0.93493163,0.00000000
0.95576762,0.00000000
0.94528181,0.00000000
0.94048787,0.00000000
0.94685238,0.00000000
0.96011777,0.00000000
0.94125291,0.00000000
0.95121726,0.00000000
0.96376553,0.00000000
0.96248053,0.00000000
0.97102233,0.00000000
0.94871700,0.00000000
0.95793077,0.00000000
0.95551917,0.00000000
0.95638602,0.00000000
0.97238858,0.00000000
0.96709906,0.00000000
0.97204571,0.00000000
0.96763276,0.00000000
0.96734964,0.00000000
0.94385756,0.00000000
0.96338218,0.00000000
0.96810860,0.00000000
0.96692200,0.00000000
0.96868208,0.00000000
0.96698018,0.00000000
0.96697098,0.00000000
0.97144428,0.00000000
0.97280267,0.00000000
0.96022919,0.00000000
0.96197861,0.00000000
0.98239555,0.00000000
0.97620847,0.00000000
0.97753998,0.00000000
0.97382429,0.00000000
0.96251554,0.00000000
0.97659537,0.00000000
0.98899384,0.00000000
0.97419117,0.00000000
0.96912818,0.00000000
0.98101303,0.00000000
0.96730892,0.00000000
0.96333845,0.00000000
0.98400142,0.00000000
0.95896376,0.00000000
0.98467012,0.00000000
0.95472722,0.00000000
0.98359182,0.00000000
0.96755606,0.00000000
0.96203265,0.00000000
0.96667021,0.00000000
0.96479006,0.00000000
0.96703263,0.00000000
0.95479281,0.00000000
0.95810681,0.00000000
0.95659016,0.00000000
0.96612589,0.00000000
0.97982234,0.00000000
0.96460031,0.00000000
0.97671859,0.00000000
0.97473102,0.00000000
0.97666087,0.00000000
0.95660813,0.00000000
0.96964180,0.00000000
0.97581029,0.00000000
0.95699859,0.00000000
0.95621718,0.00000000
0.95434478,0.00000000
0.98018029,0.00000000
0.96811513,0.00000000
0.96504048,0.00000000
0.97307881,0.00000000
0.97476668,0.00000000
0.96649600,0.00000000
0.97980367,0.00000000
0.97034764,0.00000000
0.96463635,0.00000000
0.96586032,0.00000000
0.95963646,0.00000000
0.96389900,0.00000000
0.98138135,0.00000000
0.98190888,0.00000000
0.97619497,0.00000000
0.96817101,0.00000000
0.97481529,0.00000000
0.96367640,0.00000000
0.98008784,0.00000000
0.97474560,0.00000000
0.95324030,0.00000000
0.98571462,0.00000000
0.97729831,0.00000000
0.96405955,0.00000000
0.96712541,0.00000000
0.96652490,0.00000000
0.96045565,0.00000000
0.96251881,0.00000000
0.95574488,0.00000000
0.95759076,0.00000000
0.96320040,0.00000000
0.97307718,0.00000000
0.97585338,0.00000000
0.97808764,0.00000000
0.96913230,0.00000000
0.96821670,0.00000000
0.96466590,0.00000000
0.96520799,0.00000000
0.96599277,0.00000000
0.96437106,0.00000000
0.96405526,0.00000000
0.95125656,0.00000000
0.96517978,0.00000000
0.96713255,0.00000000
0.96245188,0.00000000
0.96415639,0.00000000
0.95917425,0.00000000
0.96907260,0.00000000
0.96588290,0.00000000
0.97218952,0.00000000
0.98218006,0.00000000
0.98087638,0.00000000
0.96856938,0.00000000
0.98122523,0.00000000
0.95955127,0.00000000
0.96894286,0.00000000
0.96813130,0.00000000
0.96520312,0.00000000
0.96282579,0.00000000
0.94848170,0.00000000
0.95172046,0.00000000
0.95048534,0.00000000
0.96946454,0.00000000
0.97015029,0.00000000
0.96451549,0.00000000
0.95829036,0.00000000
0.96309612,0.00000000
0.95734500,0.00000000
0.96309842,0.00000000
0.95947294,0.00000000
0.95930029,0.00000000
0.95504797,0.00000000
0.95545826,0.00000000
0.94760656,0.00000000
0.95697882,0.00000000
0.95224762,0.00000000
0.95787736,0.00000000
0.94226767,0.00000000
0.94935790,0.00000000
0.96011012,0.00000000
0.95471296,0.00000000
0.96710589,0.00000000
0.96488459,0.00000000
0.93782900,0.00000000
0.93496833,0.00000000
0.93662593,0.00000000
0.94131189,0.00000000
0.94937735,0.00000000
0.95088739,0.00000000
0.95751307,0.00000000
0.95282002,0.00000000
0.96025164,0.00000000
0.96292623,0.00000000
0.95888070,0.00000000
0.95138745,0.00000000
0.96857425,0.00000000
0.96852510,0.00000000
0.97016718,0.00000000
0.96565268,0.00000000
0.95404070,0.00000000
0.95674980,0.00000000
0.95514399,0.00000000
0.95839428,0.00000000
0.94518777,0.00000000
0.95041574,0.00000000
0.95283321,0.00000000
0.95748171,0.00000000
0.96128135,0.00000000
0.96307501,0.00000000
0.96345900,0.00000000
0.95833007,0.00000000
0.95528742,0.00000000
0.96676598,0.00000000
0.94479002,0.00000000
0.94799398,0.00000000
0.95126610,0.00000000
0.94645643,0.00000000
0.95538251,0.00000000
0.95377220,0.00000000
0.95538168,0.00000000
0.95376304,0.00000000
0.94866852,0.00000000
0.95681095,0.00000000
0.96174419,0.00000000
0.96500702,0.00000000
0.96336792,0.00000000
0.96008909,0.00000000
0.96335456,0.00000000
0.92210314,0.00000000
0.96174996,0.00000000
0.96629210,0.00000000
0.96303042,0.00000000
0.96140694,0.00000000
0.96143387,0.00000000
0.95629408,0.00000000
0.95633221,0.00000000
0.95902074,0.00000000
0.97317423,0.00000000
0.96471669,0.00000000
0.94905226,0.00000000
0.95054038,0.00000000
0.95169271,0.00000000
0.95540278,0.00000000
0.95379497,0.00000000
0.95704355,0.00000000
0.95218004,0.00000000
0.95408296,0.00000000
0.94815738,0.00000000
0.95042113,0.00000000
0.94285545,0.00000000
0.95440437,0.00000000
0.94853643,0.00000000
0.95176023,0.00000000
0.96712159,0.00000000
0.96618197,0.00000000
0.97272692,0.00000000
0.94769334,0.00000000
0.91916300,0.00000000
0.95707870,0.00000000
0.95275838,0.00000000
0.95108507,0.00000000
0.94941442,0.00000000
0.95847012,0.00000000
0.95628393,0.00000000
0.94867908,0.00000000
0.94276230,0.00000000
0.94424128,0.00000000
0.95016643,0.00000000
0.94749144,0.00000000
0.96350061,0.00000000
0.96336571,0.00000000
0.95560927,0.00000000
0.96180882,0.00000000
0.95302838,0.00000000
0.96009038,0.00000000
0.94987028,0.00000000
0.95182284,0.00000000
0.95058568,0.00000000
0.94564749,0.00000000
0.94154457,0.00000000
0.94171067,0.00000000
0.95411187,0.00000000
0.93765980,0.00000000
0.93668027,0.00000000
0.95063328,0.00000000
0.95120485,0.00000000
0.95024608,0.00000000
0.95094099,0.00000000
0.96620856,0.00000000
0.96211838,0.00000000
0.96146537,0.00000000
0.95527284,0.00000000
0.95824317,0.00000000
0.94585843,0.00000000
0.94942185,0.00000000
0.93515160,0.00000000
0.93337745,0.00000000
0.94847338,0.00000000
0.94920883,0.00000000
0.95085570,0.00000000
0.94740087,0.00000000
0.95206763,0.00000000
0.96537253,0.00000000
0.95164469,0.00000000
0.94889641,0.00000000
0.95379147,0.00000000
0.95914253,0.00000000
0.95568897,0.00000000
0.95318376,0.00000000
0.94936890,0.00000000
0.94711424,0.00000000
0.94896988,0.00000000
0.95266563,0.00000000
0.95627033,0.00000000
0.94912471,0.00000000
0.94803539,0.00000000
0.94899947,0.00000000
0.94165495,0.00000000
0.94791298,0.00000000
0.94264310,0.00000000
0.94251734,0.00000000
0.93918060,0.00000000
0.95766689,0.00000000
0.95347162,0.00000000
0.94478536,0.00000000
0.94526610,0.00000000
0.94768374,0.00000000
0.93970939,0.00000000
0.94213133,0.00000000
0.93873430,0.00000000
0.95399978,0.00000000
0.95066822,0.00000000
0.94473915,0.00000000
0.94164629,0.00000000
0.94705899,0.00000000
0.93996287,0.00000000
0.94360312,0.00000000
0.94625744,0.00000000
0.94378262,0.00000000
0.95078000,0.00000000
0.94480228,0.00000000
0.94250028,0.00000000
0.94897597,0.00000000
0.94981004,0.00000000
0.94770784,0.00000000
0.95293666,0.00000000
0.95132928,0.00000000
0.94655575,0.00000000
0.95327701,0.00000000
0.95393157,0.00000000
0.95172654,0.00000000
0.95467809,0.00000000
0.95170803,0.00000000
0.94646255,0.00000000
0.94507059,0.00000000
0.94633560,0.00000000
0.93674877,0.00000000
0.94721573,0.00000000
0.93511111,0.00000000
0.94156615,0.00000000
0.94222454,0.00000000
0.93114691,0.00000000
0.94573720,0.00000000
0.94459845,0.00000000
0.94612008,0.00000000
0.94289919,0.00000000
0.94915794,0.00000000
0.95431612,0.00000000
0.95175301,0.00000000
0.95359675,0.00000000
0.95202364,0.00000000
0.95236390,0.00000000
0.95121436,0.00000000
0.95361211,0.00000000
0.94918623,0.00000000
0.94869200,0.00000000
0.95229439,0.00000000
0.95627417,0.00000000
0.95095929,0.00000000
0.95251873,0.00000000
0.95517261,0.00000000
0.95089897,0.00000000
0.94477173,0.00000000
0.93499052,0.00000000
0.94820237,0.00000000
0.94911969,0.00000000
0.94772099,0.00000000
0.95024444,0.00000000
0.94394816,0.00000000
0.94658308,0.00000000
0.94864149,0.00000000
0.93779571,0.00000000
0.94189679,0.00000000
0.94093091,0.00000000
0.95521512,0.00000000
0.95295738,0.00000000
0.94860363,0.00000000
0.94691532,0.00000000
0.94522979,0.00000000
0.94234741,0.00000000
0.94084921,0.00000000
0.94241778,0.00000000
0.93584197,0.00000000
0.94416270,0.00000000
0.94444905,0.00000000
0.93981486,0.00000000
0.94584636,0.00000000
0.94804836,0.00000000
0.94721536,0.00000000
0.94131760,0.00000000
0.93439397,0.00000000
0.93978223,0.00000000
0.93013992,0.00000000
0.93101470,0.00000000
0.94144555,0.00000000
0.93821724,0.00000000
0.93328509,0.00000000
0.93010011,0.00000000
0.94086993,0.00000000
0.93463433,0.00000000
0.94008252,0.00000000
0.94013313,0.00000000
0.93838254,0.00000000
0.93299412,0.00000000
0.93771588,0.00000000
0.95098380,0.00000000
0.94869334,0.00000000
0.95953495,0.00000000
0.94576144,0.00000000
0.94073604,0.00000000
0.95500220,0.00000000
0.94617912,0.00000000
0.94321750,0.00000000
0.96301073,0.00000000
0.95067270,0.00000000
0.95038799,0.00000000
0.95482076,0.00000000
0.93718182,0.00000000
0.95320418,0.00000000
0.94710047,0.00000000
0.94427071,0.00000000
0.96268782,0.00000000
0.95045662,0.00000000
0.95864430,0.00000000
0.96525997,0.00000000
0.95755193,0.00000000
0.95462166,0.00000000
0.95911453,0.00000000
0.96973734,0.00000000
0.96748214,0.00000000
0.96414514,0.00000000
0.95211165,0.00000000
0.96123930,0.00000000
0.97484193,0.00000000
0.97958709,0.00000000
0.96570239,0.00000000
0.96012558,0.00000000
0.95583789,0.00000000
0.95430729,0.00000000
0.96166065,0.00000000
0.96151628,0.00000000
0.95193637,0.00000000
0.95716581,0.00000000
0.95706894,0.00000000
0.95206911,0.00000000
0.96141979,0.00000000
0.95656438,0.00000000
0.95337700,0.00000000
0.95690040,0.00000000
0.96714362,0.00000000
0.96439205,0.00000000
0.96425599,0.00000000
0.95945642,0.00000000
0.95108004,0.00000000
0.95499497,0.00000000
0.94917531,0.00000000
0.95565332,0.00000000
0.95506267,0.00000000
0.94283474,0.00000000
0.95881967,0.00000000
0.95534441,0.00000000
0.94124480,0.00000000
0.95000406,0.00000000
0.95027642,0.00000000
0.93789721,0.00000000
0.94662893,0.00000000
0.95334321,0.00000000
0.95322277,0.00000000
0.95759110,0.00000000
0.94926852,0.00000000
0.94048199,0.00000000
0.95125345,0.00000000
0.94838278,0.00000000
0.95530214,0.00000000
0.95422925,0.00000000
0.94779305,0.00000000
0.95132151,0.00000000
0.94878551,0.00000000
0.95931148,0.00000000
0.95476723,0.00000000
0.95023520,0.00000000
0.96448736,0.00000000
0.96079528,0.00000000
0.94721555,0.00000000
0.95081649,0.00000000
0.94886345,0.00000000
0.95262793,0.00000000
0.93811689,0.00000000
0.94937629,0.00000000
0.94680643,0.00000000
0.95010128,0.00000000
0.95502248,0.00000000
0.95037383,0.00000000
0.94672326,0.00000000
0.95696475,0.00000000
0.96029899,0.00000000
0.95129075,0.00000000
0.94591286,0.00000000
0.94965264,0.00000000
0.94933017,0.00000000
0.95679959,0.00000000
0.95813536,0.00000000
0.95229767,0.00000000
0.96316242,0.00000000
0.96514878,0.00000000
0.96725748,0.00000000
0.96174604,0.00000000
0.96850591,0.00000000
0.96612963,0.00000000
0.97267656,0.00000000
0.96221417,0.00000000
0.96523605,0.00000000
0.95941086,0.00000000
0.97194186,0.00000000
0.96686609,0.00000000
0.96064257,0.00000000
0.96583407,0.00000000
0.96575780,0.00000000
0.97229049,0.00000000
0.96777413,0.00000000
0.96482761,0.00000000
0.96263501,0.00000000
0.97686785,0.00000000
0.96408030,0.00000000
0.95834170,0.00000000
0.95559037,0.00000000
0.96053804,0.00000000
0.95895248,0.00000000
0.96107540,0.00000000
0.96324111,0.00000000
0.96710215,0.00000000
0.97033383,0.00000000
0.97475129,0.00000000
0.96690185,0.00000000
0.96105611,0.00000000
0.96576463,0.00000000
0.95655369,0.00000000
0.96075366,0.00000000
0.94968807,0.00000000
0.96193631,0.00000000
0.95570234,0.00000000
0.96001241,0.00000000
0.95331348,0.00000000
0.95758648,0.00000000
0.95695246,0.00000000
0.94904879,0.00000000
0.98267998,0.00000000
0.95790667,0.00000000
0.90692443,0.00000000
0.89608621,0.00000000
0.90683940,0.00000000
0.96277642,0.00000000
0.96744256,0.00000000
0.95586038,0.00000000
0.95828908,0.00000000
0.96123479,0.00000000
0.94823841,0.00000000
0.96354349,0.00000000
0.95443555,0.00000000
0.95768718,0.00000000
0.97707163,0.00000000
0.96149557,0.00000000
0.96124245,0.00000000
0.97646022,0.00000000
0.96838114,0.00000000
0.95711152,0.00000000
0.96366060,0.00000000
0.94723139,0.00000000
0.94764535,0.00000000
0.96729780,0.00000000
0.94588955,0.00000000
0.94698380,0.00000000
0.95162128,0.00000000
0.95416838,0.00000000
0.95387672,0.00000000
0.96409675,0.00000000
0.93280517,0.00000000
0.95303048,0.00000000
0.96397076,0.00000000
0.95995707,0.00000000
0.96568232,0.00000000
0.96149175,0.00000000
0.95725964,0.00000000
0.96828956,0.00000000
0.95003828,0.00000000
0.95755714,0.00000000
0.96460263,0.00000000
0.95608140,0.00000000
0.95035362,0.00000000
0.95323339,0.00000000
0.95870406,0.00000000
0.96700943,0.00000000
0.95740897,0.00000000
0.96839935,0.00000000
0.95329272,0.00000000
0.96727128,0.00000000
0.95888192,0.00000000
0.95889575,0.00000000
0.97209065,0.00000000
0.95715494,0.00000000
0.96822456,0.00000000
0.95312836,0.00000000
0.96575849,0.00000000
0.95909712,0.00000000
0.96289183,0.00000000
0.94584156,0.00000000
0.94237775,0.00000000
0.96102537,0.00000000
0.95615956,0.00000000
0.96450468,0.00000000
0.96396404,0.00000000
0.96070077,0.00000000
0.96012879,0.00000000
0.96849224,0.00000000
0.95734362,0.00000000
0.96978178,0.00000000
0.95319470,0.00000000
0.96225426,0.00000000
0.95795884,0.00000000
0.95824443,0.00000000
0.94592389,0.00000000
0.95203422,0.00000000
0.97054996,0.00000000
0.96207551,0.00000000
0.96229752,0.00000000
0.95467068,0.00000000
0.96095241,0.00000000
0.95442765,0.00000000
0.94824381,0.00000000
0.95148964,0.00000000
0.93424585,0.00000000
0.96365775,0.00000000
0.96539797,0.00000000
0.95908602,0.00000000
0.94221307,0.00000000
0.93853209,0.00000000
0.95107781,0.00000000
0.94596742,0.00000000
0.95057496,0.00000000
0.95660505,0.00000000
0.94377315,0.00000000
0.93988031,0.00000000
0.96261568,0.00000000
0.96248401,0.00000000
0.95336266,0.00000000
0.95978525,0.00000000
0.96480848,0.00000000
0.95659953,0.00000000
0.96283742,0.00000000
0.95950036,0.00000000
0.96667641,0.00000000
0.95983352,0.00000000
0.96265598,0.00000000
0.94899970,0.00000000
0.95223442,0.00000000
0.93829742,0.00000000
0.95130077,0.00000000
0.94503537,0.00000000
0.94620799,0.00000000
0.94364316,0.00000000
0.94629863,0.00000000
0.94397326,0.00000000
0.95497949,0.00000000
0.94731031,0.00000000
0.93755403,0.00000000
0.93522537,0.00000000
0.93407915,0.00000000
0.93917139,0.00000000
0.93767361,0.00000000
0.93658540,0.00000000
0.93032809,0.00000000
0.94369390,0.00000000
0.94737013,0.00000000
0.93609668,0.00000000
0.93855365,0.00000000
0.93605947,0.00000000
0.95190397,0.00000000
0.93352355,0.00000000
0.95010154,0.00000000
0.93949919,0.00000000
0.92994599,0.00000000
0.93432019,0.00000000
0.93790533,0.00000000
0.93643632,0.00000000
0.93879117,0.00000000
0.94384246,0.00000000
0.93558461,0.00000000
0.93531113,0.00000000
0.93527633,0.00000000
0.92540418,0.00000000
0.92154400,0.00000000
0.93049300,0.00000000
0.93328907,0.00000000
0.93637358,0.00000000
0.92203978,0.00000000
0.93455560,0.00000000
0.92749372,0.00000000
0.91984115,0.00000000
0.95507868,0.00000000
0.93057060,0.00000000
0.93726223,0.00000000
0.93485878,0.00000000
0.91749257,0.00000000
0.93723497,0.00000000
0.91218977,0.00000000
0.92264726,0.00000000
0.89353970,0.00000000
0.92157103,0.00000000
0.92384651,0.00000000
0.92126032,0.00000000
0.91160426,0.00000000
0.91593678,0.00000000
0.89633325,0.00000000
0.89022015,0.00000000
0.91347476,0.00000000
0.92835947,0.00000000
0.92565893,0.00000000
0.90694720,0.00000000
0.91710804,0.00000000
0.92283521,0.00000000
0.94103475,0.00000000
0.92980345,0.00000000
0.92800105,0.00000000
0.91760191,0.00000000
0.91071063,0.00000000
0.91714308,0.00000000
0.92315094,0.00000000
0.93858821,0.00000000
0.92140958,0.00000000
0.90233016,0.00000000
0.91258063,0.00000000
0.91061747,0.00000000
0.92675848,0.00000000
0.90991398,0.00000000
0.90955118,0.00000000
0.91935076,0.00000000
0.92785732,0.00000000
0.91582036,0.00000000
0.90680699,0.00000000
0.90175235,0.00000000
0.91962737,0.00000000
0.89969490,0.00000000
0.92477810,0.00000000
0.91909996,0.00000000
0.93117128,0.00000000
0.93337272,0.00000000
0.95752648,0.00000000
0.95321167,0.00000000
0.94283768,0.00000000
0.95577788,0.00000000
0.93274277,0.00000000
0.94137252,0.00000000
0.93811397,0.00000000
0.95315944,0.00000000
0.95167462,0.00000000
0.94667723,0.00000000
0.94828949,0.00000000
0.95327725,0.00000000
0.96571101,0.00000000
0.96290583,0.00000000
0.94698648,0.00000000
0.96417427,0.00000000
0.97759836,0.00000000
0.96707877,0.00000000
0.98943403,0.00000000
0.96582486,0.00000000
0.96888271,0.00000000
0.98073949,0.00000000
0.98491129,0.00000000
0.96207118,0.00000000
0.98473191,0.00000000
0.97572783,0.00000000
0.98970807,0.00000000
0.98175499,0.00000000
0.99139847,0.00000000
0.97987208,0.00000000
0.98704578,0.00000000
0.95714241,0.00000000
0.98434749,0.00000000
0.93233440,0.00000000
0.94342490,0.00000000
0.95045752,0.00000000
0.94968942,0.00000000
0.93933939,0.00000000
0.93905651,0.00000000
0.94173985,0.00000000
0.95107071,0.00000000
0.94991287,0.00000000
0.95085842,0.00000000
0.93934126,0.00000000
0.94626911,0.00000000
0.93201926,0.00000000
0.94799091,0.00000000
0.94450263,0.00000000
0.93891298,0.00000000
0.93909693,0.00000000
0.95216207,0.00000000
0.95558297,0.00000000
0.96574125,0.00000000
0.95675240,0.00000000
0.95644501,0.00000000
0.95178665,0.00000000
0.94497437,0.00000000
0.95768499,0.00000000
0.93804020,0.00000000
0.95542920,0.00000000
0.96647644,0.00000000
0.97059337,0.00000000
0.97177714,0.00000000
0.97686008,0.00000000
0.98759132,0.00000000
0.97356453,0.00000000
0.94290872,0.00000000
0.95989764,0.00000000
0.93255318,0.00000000
0.95000647,0.00000000
0.93464162,0.00000000
0.93378551,0.00000000
0.95030757,0.00000000
0.94090897,0.00000000
0.92790297,0.00000000
0.95508495,0.00000000
0.93309981,0.00000000
0.96227360,0.00000000
0.93846944,0.00000000
0.93320552,0.00000000
0.95539912,0.00000000
0.93291997,0.00000000
0.93252356,0.00000000
0.93098578,0.00000000
0.93114109,0.00000000
0.95463212,0.00000000
0.91014623,0.00000000
0.95982338,0.00000000
0.95280281,0.00000000
0.95297244,0.00000000
0.93905989,0.00000000
0.93474914,0.00000000
0.94315819,0.00000000
0.94610381,0.00000000
0.93523111,0.00000000
0.94736084,0.00000000
0.93969961,0.00000000
0.94767894,0.00000000
0.94849150,0.00000000
0.95188606,0.00000000
0.95102947,0.00000000
0.95925929,0.00000000
0.94902851,0.00000000
0.95099410,0.00000000
0.95042399,0.00000000
0.94360112,0.00000000
0.95975205,0.00000000
0.97776751,0.00000000
0.98242624,0.00000000
0.96823373,0.00000000
0.98422005,0.00000000
0.98754753,0.00000000
0.98435149,0.00000000
0.98924132,0.00000000
0.96976337,0.00000000
0.96829472,0.00000000
0.96568283,0.00000000
0.98164985,0.00000000
0.97071605,0.00000000
0.98730356,0.00000000
0.96277569,0.00000000
0.96529840,0.00000000
0.97014109,0.00000000
0.96689974,0.00000000
0.96927540,0.00000000
0.95830143,0.00000000
0.98354702,0.00000000
0.95281264,0.00000000
0.97323692,0.00000000
0.96735956,0.00000000
0.97147286,0.00000000
0.97875691,0.00000000
0.94997064,0.00000000
0.93578249,0.00000000
0.96756566,0.00000000
0.95290557,0.00000000
0.95940343,0.00000000
0.94199829,0.00000000
0.90920280,0.00000000
0.89199446,0.00000000
0.91346303,0.00000000
0.89984670,0.00000000
0.91160693,0.00000000
0.94758109,0.00000000
0.87803014,0.00000000
0.94527292,0.00000000
0.94020739,0.00000000
0.94621747,0.00000000
0.94224460,0.00000000
0.97573103,0.00000000
0.96792702,0.00000000
0.97642848,0.00000000
0.96910578,0.00000000
0.94816146,0.00000000
0.95275423,0.00000000
0.97217689,0.00000000
0.97439739,0.00000000
0.95228055,0.00000000
0.95218731,0.00000000
0.95272535,0.00000000
0.94884826,0.00000000
0.95910415,0.00000000
0.91366691,0.00000000
0.92592963,0.00000000
0.93250497,0.00000000
0.94022326,0.00000000
0.95995788,0.00000000
0.94394341,0.00000000
0.95514654,0.00000000
0.94974966,0.00000000
0.96033283,0.00000000
0.96908743,0.00000000
0.94784956,0.00000000
0.93807167,0.00000000
0.94738642,0.00000000
0.93206452,0.00000000
0.93840255,0.00000000
0.96621039,0.00000000
0.87393399,0.00000000
0.77128439,0.00000000
0.39901224,0.00000000
0.45164738,0.00000000
0.94084478,0.00000000
0.96690360,0.00000000
0.95838584,0.00000000
0.98752875,0.00000000
0.93933957,0.00000000
0.96691670,0.00000000
0.97707217,0.00000000
0.98087671,0.00000000
0.96132214,0.00000000
0.95090286,0.00000000
0.96136847,0.00000000
0.96692100,0.00000000
0.97008879,0.00000000
0.98190936,0.00000000
0.98589945,0.00000000
0.96098427,0.00000000
0.97026509,0.00000000
0.98573988,0.00000000
0.95286035,0.00000000
0.97658479,0.00000000
0.95456147,0.00000000
0.96322833,0.00000000
0.96283540,0.00000000
0.94976227,0.00000000
0.95625232,0.00000000
0.95514333,0.00000000
0.96704640,0.00000000
0.97712706,0.00000000
0.98053301,0.00000000
0.98174958,0.00000000
0.95583165,0.00000000
0.96417547,0.00000000
0.95584456,0.00000000
0.94962259,0.00000000
0.97412519,0.00000000
0.94746820,0.00000000
0.96706871,0.00000000
0.95489001,0.00000000
0.95702127,0.00000000
0.95450783,0.00000000
0.94558780,0.00000000
0.93934866,0.00000000
0.96762788,0.00000000
0.94477483,0.00000000
0.95435773,0.00000000
0.97540407,0.00000000
0.97271753,0.00000000
0.96099902,0.00000000
0.95263686,0.00000000
0.94572919,0.00000000
0.95411669,0.00000000
0.95127331,0.00000000
0.96302807,0.00000000
0.95440279,0.00000000
0.96620566,0.00000000
0.95306841,0.00000000
0.94575435,0.00000000
0.96598191,0.00000000
0.96049164,0.00000000
0.96453070,0.00000000
0.97181069,0.00000000
0.96822707,0.00000000
0.95660942,0.00000000
0.96573750,0.00000000
0.97711033,0.00000000
0.96813205,0.00000000
0.96412037,0.00000000
0.97169923,0.00000000
0.97033555,0.00000000
0.95008294,0.00000000
0.96123968,0.00000000
0.97309091,0.00000000
0.96932223,0.00000000
0.96869051,0.00000000
0.96134198,0.00000000
0.96304443,0.00000000
