0.00000000,0.00000000
0.97130326,0.00000000
0.96853382,0.00000000
0.96075133,0.00000000
0.97734457,0.00000000
0.96969618,0.00000000
0.97888739,0.00000000
0.97770569,0.00000000
0.98464461,0.00000000
0.98464746,0.00000000
0.97990098,0.00000000
0.95919246,0.00000000
0.96128417,0.00000000
0.96095429,0.00000000
0.96655769,0.00000000
0.96302469,0.00000000
0.97958692,0.00000000
0.97435384,0.00000000
0.98393107,0.00000000
0.96854516,0.00000000
0.95384320,0.00000000
0.96504574,0.00000000
0.97933924,0.00000000
0.97587643,0.00000000
0.97980992,0.00000000
0.93276603,0.00000000
0.93667841,0.00000000
0.95597219,0.00000000
0.96696350,0.00000000
0.96420974,0.00000000
0.97070809,0.00000000
0.97670500,0.00000000
0.95257848,0.00000000
0.96437740,0.00000000
0.96233339,0.00000000
0.96392966,0.00000000
0.97304969,0.00000000
0.96571448,0.00000000
0.96979940,0.00000000
0.96236485,0.00000000
0.95635924,0.00000000
0.97339904,0.00000000
0.95100445,0.00000000
0.96456810,0.00000000
0.96144767,0.00000000
0.95604521,0.00000000
0.97066697,0.00000000
0.95964632,0.00000000
0.96867042,0.00000000
0.96946300,0.00000000
0.96315729,0.00000000
0.96565833,0.00000000
0.96291980,0.00000000
0.96385982,0.00000000
0.96125986,0.00000000
0.97637781,0.00000000
0.97139399,0.00000000
0.96205282,0.00000000
0.96658756,0.00000000
0.97161714,0.00000000
0.97301644,0.00000000
0.96172978,0.00000000
0.97009321,0.00000000
0.97281889,0.00000000
0.96100362,0.00000000
0.97104736,0.00000000
0.96713135,0.00000000
0.97452424,0.00000000
0.97307248,0.00000000
0.98965463,0.00000000
0.96467299,0.00000000
0.98271412,0.00000000
0.96414608,0.00000000
0.98221361,0.00000000
0.99338243,0.00000000
0.97677925,0.00000000
0.97787374,0.00000000
0.95917567,0.00000000
0.96648297,0.00000000
0.96602580,0.00000000
0.97342199,0.00000000
0.96828389,0.00000000
0.95956691,0.00000000
0.97463934,0.00000000
0.98040661,0.00000000
0.97871432,0.00000000
0.96780142,0.00000000
0.96792223,0.00000000
0.96845712,0.00000000
0.96848129,0.00000000
0.97676048,0.00000000
0.96024948,0.00000000
0.97441262,0.00000000
0.96112141,0.00000000
0.96608459,0.00000000
0.97063538,0.00000000
0.97047106,0.00000000
0.98431215,0.00000000
0.96145175,0.00000000
0.97049900,0.00000000
0.95783747,0.00000000
0.97569963,0.00000000
0.95080853,0.00000000
0.96737687,0.00000000
0.97016992,0.00000000
0.96042362,0.00000000
0.96499615,0.00000000
0.96283679,0.00000000
0.97018468,0.00000000
0.97103089,0.00000000
0.98023160,0.00000000
0.96530399,0.00000000
0.96037194,0.00000000
0.97684665,0.00000000
0.98253115,0.00000000
0.95627959,0.00000000
0.97421277,0.00000000
0.97712462,0.00000000
0.96543372,0.00000000
0.97292010,0.00000000
0.97051555,0.00000000
0.95778923,0.00000000
0.96915021,0.00000000
0.95671402,0.00000000
0.97455323,0.00000000
0.94845438,0.00000000
0.96603255,0.00000000
0.95037333,0.00000000
0.96790265,0.00000000
0.96945908,0.00000000
0.97599584,0.00000000
0.97191938,0.00000000
0.96856744,0.00000000
0.97890751,0.00000000
0.96081130,0.00000000
0.97875704,0.00000000
0.96275421,0.00000000
0.97474065,0.00000000
0.98743219,0.00000000
0.96574244,0.00000000
0.98386585,0.00000000
0.96847712,0.00000000
0.96843108,0.00000000
0.96134865,0.00000000
0.97041574,0.00000000
0.96532646,0.00000000
0.97587596,0.00000000
0.97741343,0.00000000
0.97566424,0.00000000
0.98639038,0.00000000
0.97532864,0.00000000
0.97973692,0.00000000
0.96808880,0.00000000
0.96912634,0.00000000
0.98185830,0.00000000
0.95987002,0.00000000
0.97002721,0.00000000
0.96846356,0.00000000
0.96873231,0.00000000
0.98134905,0.00000000
0.96509925,0.00000000
0.97890324,0.00000000
0.95976069,0.00000000
0.97384444,0.00000000
0.96510184,0.00000000
0.96358700,0.00000000
0.97985454,0.00000000
0.97151150,0.00000000
0.97435123,0.00000000
0.95669955,0.00000000
0.97054621,0.00000000
0.96013259,0.00000000
0.96879156,0.00000000
0.97197170,0.00000000
0.96856633,0.00000000
0.97111209,0.00000000
0.96908372,0.00000000
0.97047598,0.00000000
0.98109550,0.00000000
0.98182444,0.00000000
0.98570388,0.00000000
0.96450521,0.00000000
0.96349127,0.00000000
0.98110494,0.00000000
0.96305907,0.00000000
0.96941233,0.00000000
0.97012189,0.00000000
0.98459937,0.00000000
0.98981953,0.00000000
0.97485170,0.00000000
0.98775821,0.00000000
0.93246910,0.00000000
0.91878418,0.00000000
0.80959645,0.00000000
0.79921914,0.00000000
0.76810660,0.00000000
0.84937895,0.00000000
0.97235976,0.00000000
0.95441774,0.00000000
0.94677943,0.00000000
0.94866976,0.00000000
0.97068166,0.00000000
0.95786330,0.00000000
0.95770634,0.00000000
0.95390634,0.00000000
0.97618130,0.00000000
0.94851900,0.00000000
0.97186215,0.00000000
0.97294649,0.00000000
0.93909960,0.00000000
0.95845063,0.00000000
0.95651664,0.00000000
0.96202129,0.00000000
0.97024084,0.00000000
0.97316275,0.00000000
0.97246885,0.00000000
0.95539565,0.00000000
0.97231305,0.00000000
0.96708787,0.00000000
0.95620912,0.00000000
0.97800282,0.00000000
0.95078555,0.00000000
0.96860024,0.00000000
0.96910846,0.00000000
0.98285539,0.00000000
0.98905444,0.00000000
0.95980925,0.00000000
0.97506870,0.00000000
0.97583662,0.00000000
0.96390820,0.00000000
0.98208692,0.00000000
0.96258804,0.00000000
0.97837699,0.00000000
0.96552914,0.00000000
0.98295565,0.00000000
0.96990398,0.00000000
0.98398624,0.00000000
0.96469256,0.00000000
0.96679265,0.00000000
0.97085802,0.00000000
0.97660980,0.00000000
0.97035908,0.00000000
0.96808586,0.00000000
0.96217857,0.00000000
0.97678260,0.00000000
0.97535355,0.00000000
0.97340754,0.00000000
0.97744718,0.00000000
0.98365967,0.00000000
0.96203713,0.00000000
0.98285061,0.00000000
0.98237968,0.00000000
0.96427683,0.00000000
0.96641191,0.00000000
0.98142234,0.00000000
0.96942070,0.00000000
0.97980988,0.00000000
0.96740002,0.00000000
0.97206190,0.00000000
0.96719372,0.00000000
0.97240753,0.00000000
0.96781659,0.00000000
0.98479626,0.00000000
0.98684428,0.00000000
0.98659646,0.00000000
0.97967684,0.00000000
0.97030430,0.00000000
0.97963401,0.00000000
0.94421385,0.00000000
0.95615327,0.00000000
0.95860627,0.00000000
0.97165991,0.00000000
0.96021065,0.00000000
0.96347194,0.00000000
0.95692854,0.00000000
0.96341865,0.00000000
0.96364158,0.00000000
0.97080596,0.00000000
0.93435685,0.00000000
0.95467431,0.00000000
0.94704591,0.00000000
0.97212969,0.00000000
0.94875304,0.00000000
0.94510444,0.00000000
0.95312286,0.00000000
0.93895317,0.00000000
0.96411877,0.00000000
0.95818006,0.00000000
0.95928753,0.00000000
0.96572135,0.00000000
0.95959064,0.00000000
0.94148445,0.00000000
0.96529274,0.00000000
0.95275710,0.00000000
0.96723522,0.00000000
0.97534258,0.00000000
0.97019587,0.00000000
0.96497075,0.00000000
0.94507639,0.00000000
0.97466169,0.00000000
0.95437395,0.00000000
0.96445615,0.00000000
0.97322851,0.00000000
0.97038223,0.00000000
0.96269017,0.00000000
0.95531783,0.00000000
0.97169156,0.00000000
0.96604103,0.00000000
0.97618800,0.00000000
0.98543568,0.00000000
0.97623859,0.00000000
0.97331766,0.00000000
0.96823923,0.00000000
0.97523903,0.00000000
0.97198181,0.00000000
0.98198391,0.00000000
0.96130181,0.00000000
0.97934948,0.00000000
0.97267035,0.00000000
0.97662128,0.00000000
0.99010513,0.00000000
0.97666770,0.00000000
0.96290518,0.00000000
0.95946453,0.00000000
0.97739756,0.00000000
0.96176683,0.00000000
0.97406901,0.00000000
0.97130902,0.00000000
0.95861721,0.00000000
0.96733442,0.00000000
0.95611191,0.00000000
0.97396760,0.00000000
0.96593222,0.00000000
0.96277488,0.00000000
0.97437264,0.00000000
0.95317128,0.00000000
0.97075491,0.00000000
0.98137353,0.00000000
0.95807651,0.00000000
0.97566264,0.00000000
0.95665762,0.00000000
0.96768670,0.00000000
0.96520690,0.00000000
0.95718605,0.00000000
0.95083038,0.00000000
0.96111995,0.00000000
0.97171442,0.00000000
0.95480014,0.00000000
0.96177209,0.00000000
0.95684899,0.00000000
0.95783798,0.00000000
0.96836277,0.00000000
0.95360491,0.00000000
0.93692745,0.00000000
0.93475927,0.00000000
0.95855298,0.00000000
0.94648356,0.00000000
0.96186328,0.00000000
0.96191513,0.00000000
0.97382921,0.00000000
0.97223693,0.00000000
0.97050747,0.00000000
0.98376442,0.00000000
0.96656501,0.00000000
0.98238711,0.00000000
0.96232709,0.00000000
0.97111086,0.00000000
0.96953070,0.00000000
0.97609249,0.00000000
0.97189007,0.00000000
0.96408873,0.00000000
0.96135189,0.00000000
0.96326491,0.00000000
0.96189885,0.00000000
0.97592542,0.00000000
0.96460898,0.00000000
0.96768878,0.00000000
0.96107074,0.00000000
0.95213592,0.00000000
0.97091052,0.00000000
0.98029838,0.00000000
0.96215244,0.00000000
0.95900859,0.00000000
0.97406965,0.00000000
0.95965589,0.00000000
0.93963373,0.00000000
0.95773960,0.00000000
0.97514867,0.00000000
0.98021084,0.00000000
0.98289199,0.00000000
0.95754973,0.00000000
0.97578000,0.00000000
0.95674011,0.00000000
0.97210744,0.00000000
0.96715736,0.00000000
0.97014440,0.00000000
0.97759723,0.00000000
0.97641369,0.00000000
0.98795325,0.00000000
0.96365847,0.00000000
0.97103125,0.00000000
0.96946521,0.00000000
0.96734357,0.00000000
0.95406373,0.00000000
0.95629879,0.00000000
0.95494775,0.00000000
0.94847157,0.00000000
0.95408426,0.00000000
0.96599573,0.00000000
0.97137711,0.00000000
0.97146802,0.00000000
0.97120575,0.00000000
0.95570957,0.00000000
0.94241760,0.00000000
0.95233475,0.00000000
0.95465460,0.00000000
0.95765414,0.00000000
0.96825916,0.00000000
0.97311954,0.00000000
0.98177733,0.00000000
0.97378421,0.00000000
0.96452246,0.00000000
0.96264306,0.00000000
0.97172893,0.00000000
0.95149887,0.00000000
0.97083103,0.00000000
0.98914115,0.00000000
0.96991082,0.00000000
0.98152015,0.00000000
0.97911183,0.00000000
0.97580830,0.00000000
0.94554410,0.00000000
0.96935099,0.00000000
0.98025818,0.00000000
0.98947169,0.00000000
0.96827858,0.00000000
0.98254988,0.00000000
0.98263404,0.00000000
0.97214061,0.00000000
0.98529213,0.00000000
0.99039086,0.00000000
0.97018366,0.00000000
0.97008435,0.00000000
0.98044969,0.00000000
0.96935883,0.00000000
0.96814153,0.00000000
0.97726567,0.00000000
0.96620000,0.00000000
0.98007099,0.00000000
0.98530074,0.00000000
0.97899739,0.00000000
0.98699376,0.00000000
0.96230065,0.00000000
0.96571384,0.00000000
0.95341569,0.00000000
0.96713562,0.00000000
0.95901604,0.00000000
0.97694110,0.00000000
0.98311323,0.00000000
0.96962075,0.00000000
0.98110385,0.00000000
0.97027615,0.00000000
0.98252446,0.00000000
0.97863141,0.00000000
0.97444160,0.00000000
0.96726551,0.00000000
0.95948122,0.00000000
0.96380796,0.00000000
0.96651620,0.00000000
0.96443543,0.00000000
0.96092351,0.00000000
0.98098125,0.00000000
0.95214350,0.00000000
0.96704923,0.00000000
0.98376426,0.00000000
0.96025230,0.00000000
0.96897609,0.00000000
0.96394453,0.00000000
0.95878833,0.00000000
0.96009660,0.00000000
0.95604795,0.00000000
0.96472448,0.00000000
0.96602988,0.00000000
0.98408899,0.00000000
0.95966831,0.00000000
0.97619421,0.00000000
0.94455882,0.00000000
0.94288600,0.00000000
0.96048260,0.00000000
0.96167015,0.00000000
0.97702428,0.00000000
0.93649066,0.00000000
0.95744581,0.00000000
0.94556467,0.00000000
0.96176604,0.00000000
0.97833107,0.00000000
0.96573253,0.00000000
0.98338299,0.00000000
0.98257666,0.00000000
0.97167518,0.00000000
0.95993084,0.00000000
0.97495594,0.00000000
0.95962351,0.00000000
0.97353304,0.00000000
0.97317569,0.00000000
0.96432456,0.00000000
0.97776853,0.00000000
0.95263836,0.00000000
0.96992363,0.00000000
0.96528381,0.00000000
0.98093824,0.00000000
0.95508588,0.00000000
0.97004078,0.00000000
0.96834730,0.00000000
0.96318434,0.00000000
0.96594609,0.00000000
0.96096040,0.00000000
0.95578334,0.00000000
0.94682518,0.00000000
0.96268775,0.00000000
0.95020124,0.00000000
0.96156658,0.00000000
0.96433102,0.00000000
0.94976720,0.00000000
0.95797975,0.00000000
0.96259869,0.00000000
0.95242332,0.00000000
0.97011462,0.00000000
0.94747678,0.00000000
0.95461041,0.00000000
0.95732108,0.00000000
0.95772226,0.00000000
0.95738622,0.00000000
0.95405850,0.00000000
0.95104718,0.00000000
0.95459180,0.00000000
0.97779352,0.00000000
0.95936021,0.00000000
0.96873907,0.00000000
0.96230279,0.00000000
0.96446191,0.00000000
0.96285642,0.00000000
0.95902652,0.00000000
0.95901867,0.00000000
0.96390115,0.00000000
0.96208722,0.00000000
0.96902023,0.00000000
0.95251503,0.00000000
0.97685822,0.00000000
0.95633936,0.00000000
0.96470089,0.00000000
0.96319531,0.00000000
0.95934656,0.00000000
0.97586995,0.00000000
0.96112111,0.00000000
0.97565851,0.00000000
0.96548903,0.00000000
0.98293645,0.00000000
0.98085390,0.00000000
0.96543593,0.00000000
0.96932274,0.00000000
0.98040050,0.00000000
0.97981233,0.00000000
0.98729210,0.00000000
0.94229370,0.00000000
0.96159235,0.00000000
0.94607628,0.00000000
0.95611427,0.00000000
0.95880952,0.00000000
0.95670673,0.00000000
0.96515183,0.00000000
0.96606713,0.00000000
0.97616728,0.00000000
0.97448110,0.00000000
0.97738210,0.00000000
0.97733841,0.00000000
0.96792408,0.00000000
0.94956958,0.00000000
0.96714050,0.00000000
0.95782590,0.00000000
0.95359471,0.00000000
0.95364791,0.00000000
0.94944416,0.00000000
0.94222243,0.00000000
0.95414872,0.00000000
0.93441944,0.00000000
0.95168098,0.00000000
0.94859541,0.00000000
0.96614138,0.00000000
0.95081045,0.00000000
0.95710345,0.00000000
0.96031752,0.00000000
0.96585480,0.00000000
0.95980558,0.00000000
0.96363514,0.00000000
0.97420010,0.00000000
0.95554370,0.00000000
0.96286161,0.00000000
0.97867383,0.00000000
0.97067429,0.00000000
0.97812269,0.00000000
0.97134082,0.00000000
0.98007151,0.00000000
0.95750946,0.00000000
0.97547530,0.00000000
0.95740457,0.00000000
0.97387846,0.00000000
0.95518140,0.00000000
0.98145465,0.00000000
0.97026911,0.00000000
0.96881337,0.00000000
0.96601550,0.00000000
0.96849540,0.00000000
0.96694650,0.00000000
0.96659523,0.00000000
0.96579442,0.00000000
0.97133822,0.00000000
0.96753196,0.00000000
0.96438788,0.00000000
0.96334999,0.00000000
0.96217391,0.00000000
0.95007345,0.00000000
0.96665447,0.00000000
0.95746859,0.00000000
0.97788378,0.00000000
0.97166623,0.00000000
0.98026924,0.00000000
0.97509033,0.00000000
0.96221105,0.00000000
0.95863134,0.00000000
0.97362331,0.00000000
0.97643178,0.00000000
0.97688742,0.00000000
0.97946501,0.00000000
0.97828219,0.00000000
0.96575655,0.00000000
0.98201168,0.00000000
0.96965510,0.00000000
0.98347044,0.00000000
0.95539414,0.00000000
0.95780409,0.00000000
0.94817083,0.00000000
0.96957167,0.00000000
0.94821113,0.00000000
0.96381542,0.00000000
0.95474317,0.00000000
0.97076717,0.00000000
0.95951020,0.00000000
0.98289786,0.00000000
0.97217204,0.00000000
0.96563886,0.00000000
0.96522167,0.00000000
0.95118000,0.00000000
0.95166243,0.00000000
0.96677250,0.00000000
0.95425293,0.00000000
0.95601538,0.00000000
0.96732958,0.00000000
0.94084598,0.00000000
0.95474744,0.00000000
0.93262895,0.00000000
0.95144194,0.00000000
0.95892906,0.00000000
0.94252604,0.00000000
0.95343361,0.00000000
0.93678499,0.00000000
0.95428453,0.00000000
0.94924434,0.00000000
0.96399738,0.00000000
0.94845564,0.00000000
0.96319131,0.00000000
0.94485876,0.00000000
0.95980937,0.00000000
0.94795186,0.00000000
0.96004958,0.00000000
0.93869310,0.00000000
0.94436694,0.00000000
0.95229483,0.00000000
0.94050167,0.00000000
0.95396623,0.00000000
0.93306723,0.00000000
0.93537742,0.00000000
0.95076399,0.00000000
0.94732820,0.00000000
0.96343793,0.00000000
0.97385791,0.00000000
0.94489074,0.00000000
0.96243877,0.00000000
0.96222617,0.00000000
0.96477448,0.00000000
0.94182245,0.00000000
0.95627000,0.00000000
0.96118898,0.00000000
0.95545239,0.00000000
0.97012725,0.00000000
0.95189656,0.00000000
0.97176059,0.00000000
0.95526310,0.00000000
0.96948694,0.00000000
0.98181876,0.00000000
0.97963639,0.00000000
0.97364290,0.00000000
0.95821819,0.00000000
0.97327055,0.00000000
0.96818449,0.00000000
0.98274358,0.00000000
0.97447669,0.00000000
0.97010158,0.00000000
0.97606370,0.00000000
0.96386670,0.00000000
0.97602570,0.00000000
0.96487222,0.00000000
0.97745877,0.00000000
0.96261552,0.00000000
0.98187755,0.00000000
0.96451248,0.00000000
0.96816061,0.00000000
0.96985923,0.00000000
0.97017408,0.00000000
0.98504548,0.00000000
0.97179454,0.00000000
0.98416943,0.00000000
0.97169852,0.00000000
0.97072186,0.00000000
0.96857542,0.00000000
0.97904385,0.00000000
0.98956453,0.00000000
0.97809550,0.00000000
0.97594147,0.00000000
0.97573167,0.00000000
0.98898986,0.00000000
0.97873784,0.00000000
0.95846626,0.00000000
0.97464196,0.00000000
0.97265667,0.00000000
0.98540271,0.00000000
0.95440808,0.00000000
0.97216505,0.00000000
0.96877550,0.00000000
0.97586199,0.00000000
0.94899901,0.00000000
0.97623641,0.00000000
0.96463793,0.00000000
0.96711637,0.00000000
0.95897174,0.00000000
0.97547428,0.00000000
0.97211241,0.00000000
0.96228157,0.00000000
0.96211761,0.00000000
0.96976268,0.00000000
0.96820548,0.00000000
0.96668800,0.00000000
0.96704582,0.00000000
0.96983315,0.00000000
0.96619496,0.00000000
0.97434666,0.00000000
0.98391662,0.00000000
0.97953672,0.00000000
0.96897101,0.00000000
0.95632965,0.00000000
0.97418186,0.00000000
0.92671678,0.00000000
0.93382077,0.00000000
0.89167825,0.00000000
0.91479811,0.00000000
0.91975271,0.00000000
0.86988940,0.00000000
0.93337446,0.00000000
0.88047806,0.00000000
0.89659981,0.00000000
0.96847980,0.00000000
0.95850663,0.00000000
0.97975312,0.00000000
0.92493304,0.00000000
0.93372414,0.00000000
0.97983339,0.00000000
0.96298166,0.00000000
0.96485844,0.00000000
0.94271380,0.00000000
0.96377622,0.00000000
0.91807962,0.00000000
0.94825773,0.00000000
0.93747500,0.00000000
0.93451121,0.00000000
0.96343402,0.00000000
0.92558051,0.00000000
0.90883309,0.00000000
0.94845635,0.00000000
0.94485499,0.00000000
0.97256122,0.00000000
0.94364694,0.00000000
0.93177766,0.00000000
0.95387008,0.00000000
0.97553056,0.00000000
0.89971749,0.00000000
0.92976528,0.00000000
0.91896768,0.00000000
0.92487140,0.00000000
0.98108266,0.00000000
0.95026278,0.00000000
0.88224955,0.00000000
0.71138114,0.00000000
0.47428669,0.00000000
0.72706650,0.00000000
0.84451198,0.00000000
0.93775113,0.00000000
0.87614193,0.00000000
0.87448684,0.00000000
0.93499629,0.00000000
0.94590525,0.00000000
0.94100187,0.00000000
0.94603933,0.00000000
0.97813827,0.00000000
0.95914130,0.00000000
0.81148262,0.00000000
0.90580820,0.00000000
0.61871846,0.00000000
0.63064708,0.00000000
0.36168750,0.00000000
0.34472841,0.00000000
0.76236293,0.00000000
0.87386424,0.00000000
0.88390012,0.00000000
0.93236537,0.00000000
0.94056293,0.00000000
0.92383004,0.00000000
0.92108443,0.00000000
0.94350223,0.00000000
0.93317408,0.00000000
0.94013704,0.00000000
0.95219863,0.00000000
0.95168901,0.00000000
0.94439353,0.00000000
0.96195490,0.00000000
0.96096104,0.00000000
0.97884022,0.00000000
0.97939477,0.00000000
0.98652880,0.00000000
0.96888735,0.00000000
0.97147299,0.00000000
0.94205636,0.00000000
0.71512301,0.00000000
0.69833081,0.00000000
0.66288671,0.00000000
0.97360966,0.00000000
0.95146127,0.00000000
0.97011894,0.00000000
0.94791360,0.00000000
0.96619615,0.00000000
0.98257073,0.00000000
0.92265369,0.00000000
0.93234732,0.00000000
0.94927202,0.00000000
0.94345944,0.00000000
0.94337640,0.00000000
0.95619296,0.00000000
0.94904355,0.00000000
0.93611206,0.00000000
0.95662419,0.00000000
0.95561339,0.00000000
0.94794081,0.00000000
0.95606007,0.00000000
0.93583188,0.00000000
0.94322774,0.00000000
0.94608843,0.00000000
0.95865561,0.00000000
0.94716333,0.00000000
0.96353519,0.00000000
0.97363298,0.00000000
0.93959434,0.00000000
0.96746511,0.00000000
0.95655259,0.00000000
0.97289332,0.00000000
0.95673982,0.00000000
0.97276465,0.00000000
0.97898715,0.00000000
0.97500141,0.00000000
0.97053286,0.00000000
0.95916978,0.00000000
0.95533677,0.00000000
0.95262464,0.00000000
0.96911404,0.00000000
0.95781945,0.00000000
0.96952066,0.00000000
0.96592568,0.00000000
0.94894727,0.00000000
0.97073800,0.00000000
0.95655561,0.00000000
0.97495721,0.00000000
0.96497665,0.00000000
0.97678328,0.00000000
0.98316009,0.00000000
0.97333857,0.00000000
0.96280275,0.00000000
0.96717024,0.00000000
0.94946903,0.00000000
0.95532351,0.00000000
0.95285832,0.00000000
0.96989104,0.00000000
0.98124399,0.00000000
0.97044251,0.00000000
0.98687488,0.00000000
0.97311699,0.00000000
0.98227011,0.00000000
0.97113123,0.00000000
0.96204573,0.00000000
0.97542834,0.00000000
0.95072536,0.00000000
0.95701949,0.00000000
0.96043167,0.00000000
0.96172185,0.00000000
0.96911435,0.00000000
0.97724797,0.00000000
0.96839403,0.00000000
0.99109149,0.00000000
0.95884585,0.00000000
0.97855373,0.00000000
0.97198587,0.00000000
0.95972578,0.00000000
0.96039178,0.00000000
0.96313832,0.00000000
0.96232816,0.00000000
0.96226082,0.00000000
0.96303946,0.00000000
0.96895902,0.00000000
0.97817507,0.00000000
0.94269889,0.00000000
0.96015531,0.00000000
0.96923782,0.00000000
0.95354816,0.00000000
0.96998597,0.00000000
0.97319429,0.00000000
0.97005660,0.00000000
0.98464426,0.00000000
0.95079170,0.00000000
0.97223837,0.00000000
0.95108847,0.00000000
0.97171455,0.00000000
0.99119917,0.00000000
0.97093903,0.00000000
0.98438528,0.00000000
0.95932324,0.00000000
0.97467395,0.00000000
0.95503040,0.00000000
0.97238094,0.00000000
0.98664602,0.00000000
0.96883594,0.00000000
0.97973939,0.00000000
0.96064611,0.00000000
0.97983512,0.00000000
0.94619512,0.00000000
0.95863958,0.00000000
0.96486539,0.00000000
0.94902329,0.00000000
0.95490040,0.00000000
0.93524461,0.00000000
0.95123095,0.00000000
0.96578938,0.00000000
0.95322100,0.00000000
0.96184833,0.00000000
0.95834553,0.00000000
0.95476724,0.00000000
0.96493475,0.00000000
0.98006685,0.00000000
0.97008880,0.00000000
0.97454426,0.00000000
0.95806964,0.00000000
0.96533561,0.00000000
0.95984587,0.00000000
0.97636014,0.00000000
0.96715548,0.00000000
0.97144957,0.00000000
0.96572672,0.00000000
0.95399461,0.00000000
0.96543373,0.00000000
0.97954069,0.00000000
0.97277645,0.00000000
0.97026675,0.00000000
0.98399934,0.00000000
0.98650498,0.00000000
0.97800992,0.00000000
0.95936009,0.00000000
0.96186631,0.00000000
0.96382733,0.00000000
0.97361597,0.00000000
0.97347747,0.00000000
0.98064801,0.00000000
0.98490211,0.00000000
0.96500547,0.00000000
0.97983325,0.00000000
0.96707126,0.00000000
0.96771409,0.00000000
0.97519838,0.00000000
0.96865703,0.00000000
0.96178348,0.00000000
0.96881735,0.00000000
0.95270767,0.00000000
0.96701460,0.00000000
0.97335803,0.00000000
0.96628026,0.00000000
0.97963630,0.00000000
0.98593019,0.00000000
0.98400446,0.00000000
0.96580581,0.00000000
0.96973367,0.00000000
0.95702981,0.00000000
0.96494389,0.00000000
0.95823325,0.00000000
0.95687874,0.00000000
0.97480138,0.00000000
0.99038320,0.00000000
0.98055206,0.00000000
0.99171552,0.00000000
0.97062415,0.00000000
0.98882696,0.00000000
0.96184594,0.00000000
0.97902041,0.00000000
0.96343505,0.00000000
0.98024380,0.00000000
0.97466336,0.00000000
0.96065385,0.00000000
0.97357527,0.00000000
0.97849598,0.00000000
0.98942733,0.00000000
0.98672691,0.00000000
0.97872994,0.00000000
0.97979715,0.00000000
0.98012796,0.00000000
0.98966753,0.00000000
0.98080110,0.00000000
0.97697418,0.00000000
0.98718202,0.00000000
0.98504528,0.00000000
0.95653120,0.00000000
0.96985811,0.00000000
0.97411843,0.00000000
0.98504534,0.00000000
0.96631221,0.00000000
0.97967300,0.00000000
0.97835221,0.00000000
0.96074306,0.00000000
0.97958908,0.00000000
0.98289732,0.00000000
0.96623037,0.00000000
0.96997171,0.00000000
0.98290231,0.00000000
0.96682376,0.00000000
0.98377390,0.00000000
0.98198552,0.00000000
0.98897941,0.00000000
0.98485839,0.00000000
0.98352269,0.00000000
0.98708385,0.00000000
0.95612485,0.00000000
0.95159327,0.00000000
0.95266525,0.00000000
0.96926238,0.00000000
0.95493986,0.00000000
0.96693607,0.00000000
0.96146829,0.00000000
0.97198523,0.00000000
0.95686685,0.00000000
0.96681495,0.00000000
0.97602992,0.00000000
0.97192888,0.00000000
0.98302338,0.00000000
0.97434022,0.00000000
0.98875476,0.00000000
0.94513097,0.00000000
0.96149180,0.00000000
0.94903583,0.00000000
0.93902187,0.00000000
0.95642530,0.00000000
0.96378654,0.00000000
0.95996896,0.00000000
0.96329605,0.00000000
0.95832179,0.00000000
0.96161642,0.00000000
0.96059627,0.00000000
0.96816495,0.00000000
0.96609391,0.00000000
0.98232387,0.00000000
0.96328181,0.00000000
0.98121466,0.00000000
0.97887784,0.00000000
0.96376034,0.00000000
0.96171410,0.00000000
0.97628950,0.00000000
0.96078557,0.00000000
0.97551889,0.00000000
0.97357965,0.00000000
0.98347511,0.00000000
0.97832879,0.00000000
0.96741506,0.00000000
0.98366403,0.00000000
0.96190270,0.00000000
0.95902474,0.00000000
0.97363146,0.00000000
0.96851673,0.00000000
0.96009172,0.00000000
0.96490450,0.00000000
0.93590888,0.00000000
0.95310035,0.00000000
0.95468179,0.00000000
0.96808564,0.00000000
0.95341952,0.00000000
0.96717544,0.00000000
0.94817049,0.00000000
0.94591848,0.00000000
0.94187255,0.00000000
0.96009967,0.00000000
0.94622184,0.00000000
0.94714525,0.00000000
0.94403021,0.00000000
0.94196060,0.00000000
0.95176153,0.00000000
0.94991980,0.00000000
0.96780669,0.00000000
0.97674307,0.00000000
0.95559390,0.00000000
0.97016214,0.00000000
0.96369101,0.00000000
0.96402970,0.00000000
0.95329357,0.00000000
0.95252820,0.00000000
0.97181084,0.00000000
0.96210789,0.00000000
0.96137646,0.00000000
0.93376498,0.00000000
0.96129813,0.00000000
0.94828801,0.00000000
0.96586275,0.00000000
0.96732031,0.00000000
0.95749772,0.00000000
0.96767090,0.00000000
0.94860410,0.00000000
0.96205281,0.00000000
0.93499080,0.00000000
0.95338235,0.00000000
0.92901239,0.00000000
0.95075384,0.00000000
0.96479096,0.00000000
0.95633950,0.00000000
0.95010821,0.00000000
0.95170103,0.00000000
0.95269259,0.00000000
0.94161375,0.00000000
0.95780701,0.00000000
0.95063763,0.00000000
0.95016625,0.00000000
0.96181618,0.00000000
0.95547371,0.00000000
0.96397213,0.00000000
0.95542684,0.00000000
0.96746125,0.00000000
0.95836394,0.00000000
0.97142161,0.00000000
0.94423118,0.00000000
0.96466042,0.00000000
0.95485881,0.00000000
0.95214121,0.00000000
0.94347372,0.00000000
0.96096369,0.00000000
0.97793861,0.00000000
0.95737824,0.00000000
0.94420048,0.00000000
0.95717791,0.00000000
0.95295907,0.00000000
0.94753966,0.00000000
0.94277721,0.00000000
0.95645263,0.00000000
0.95685346,0.00000000
0.95301377,0.00000000
0.96424339,0.00000000
0.97077803,0.00000000
0.96374140,0.00000000
0.96209121,0.00000000
0.98004972,0.00000000
0.97840776,0.00000000
0.98282117,0.00000000
0.95171401,0.00000000
0.96581075,0.00000000
0.94009788,0.00000000
0.95722581,0.00000000
0.93295220,0.00000000
0.94967181,0.00000000
0.95852647,0.00000000
0.95938011,0.00000000
0.97143480,0.00000000
0.97214157,0.00000000
0.93153678,0.00000000
0.95140716,0.00000000
0.93487734,0.00000000
0.95203367,0.00000000
0.94887676,0.00000000
0.96643579,0.00000000
0.96294498,0.00000000
0.95866448,0.00000000
0.96595477,0.00000000
0.94769752,0.00000000
0.94455859,0.00000000
0.91901969,0.00000000
0.96788630,0.00000000
0.95732222,0.00000000
0.96267657,0.00000000
0.93675251,0.00000000
0.96709713,0.00000000
0.91062549,0.00000000
0.95629838,0.00000000
0.94105500,0.00000000
0.96401826,0.00000000
0.93951652,0.00000000
0.94211826,0.00000000
0.92042207,0.00000000
0.90006280,0.00000000
0.91538972,0.00000000
0.91553026,0.00000000
0.92481619,0.00000000
0.93366070,0.00000000
0.93723482,0.00000000
0.95057817,0.00000000
0.92693301,0.00000000
0.93595838,0.00000000
0.95836185,0.00000000
0.94509173,0.00000000
0.96137425,0.00000000
0.95417710,0.00000000
0.93748871,0.00000000
0.95076377,0.00000000
0.95726387,0.00000000
0.96007366,0.00000000
0.96163126,0.00000000
0.95679169,0.00000000
0.96649524,0.00000000
0.96913481,0.00000000
0.96798428,0.00000000
0.96774611,0.00000000
0.95952153,0.00000000
0.96695421,0.00000000
0.97386415,0.00000000
0.96571217,0.00000000
0.97356305,0.00000000
0.96300327,0.00000000
0.97519005,0.00000000
0.95434591,0.00000000
0.95981885,0.00000000
0.94911439,0.00000000
0.96284185,0.00000000
0.96333348,0.00000000
0.94715351,0.00000000
0.95518736,0.00000000
0.95840166,0.00000000
0.97193047,0.00000000
0.95021806,0.00000000
0.95519156,0.00000000
0.94216700,0.00000000
0.96281203,0.00000000
0.96766622,0.00000000
0.95859187,0.00000000
0.95444269,0.00000000
0.95146604,0.00000000
0.94131931,0.00000000
0.96670333,0.00000000
0.97685854,0.00000000
0.97106264,0.00000000
0.95909043,0.00000000
0.98086553,0.00000000
0.96558657,0.00000000
0.95840682,0.00000000
0.97042686,0.00000000
0.96939352,0.00000000
0.98894460,0.00000000
0.94256664,0.00000000
0.97123514,0.00000000
0.97774579,0.00000000
0.97830872,0.00000000
0.96801174,0.00000000
0.96359034,0.00000000
0.98511822,0.00000000
0.93851597,0.00000000
0.96488119,0.00000000
0.95924249,0.00000000
0.96587777,0.00000000
0.97367250,0.00000000
0.91749065,0.00000000
0.92688116,0.00000000
0.94843388,0.00000000
0.95403366,0.00000000
0.95633542,0.00000000
0.95138496,0.00000000
0.96358220,0.00000000
0.97243994,0.00000000
0.94467255,0.00000000
0.96122011,0.00000000
0.93864488,0.00000000
0.95829995,0.00000000
0.98114561,0.00000000
0.97026826,0.00000000
0.95053372,0.00000000
0.97214568,0.00000000
0.95551393,0.00000000
0.96938496,0.00000000
0.93462381,0.00000000
0.94799396,0.00000000
0.95634840,0.00000000
0.93340784,0.00000000
0.95520022,0.00000000
0.94299812,0.00000000
0.91502160,0.00000000
0.93060672,0.00000000
0.92192550,0.00000000
0.92899368,0.00000000
0.92083320,0.00000000
0.92735751,0.00000000
0.91417883,0.00000000
0.93357913,0.00000000
0.96484077,0.00000000
0.93320927,0.00000000
0.94570503,0.00000000
0.98278602,0.00000000
0.97685000,0.00000000
0.95446101,0.00000000
0.90619784,0.00000000
0.91373139,0.00000000
0.91315905,0.00000000
0.86702862,0.00000000
0.90642806,0.00000000
0.92322198,0.00000000
0.92673254,0.00000000
0.90730779,0.00000000
0.87140470,0.00000000
0.90881075,0.00000000
0.90245064,0.00000000
0.91210536,0.00000000
0.85071186,0.00000000
0.80340871,0.00000000
0.85364773,0.00000000
0.94976243,0.00000000
0.96810387,0.00000000
0.96517725,0.00000000
0.96303069,0.00000000
0.97701482,0.00000000
0.96415926,0.00000000
0.95602226,0.00000000
0.97310218,0.00000000
0.95361194,0.00000000
0.93484690,0.00000000
0.86942404,0.00000000
0.94261914,0.00000000
0.93560312,0.00000000
0.94219718,0.00000000
0.96441435,0.00000000
0.93178357,0.00000000
0.92090130,0.00000000
0.94166163,0.00000000
0.95161090,0.00000000
0.97193291,0.00000000
0.98105544,0.00000000
0.94601332,0.00000000
0.92973936,0.00000000
0.91276449,0.00000000
0.88528518,0.00000000
0.90072708,0.00000000
0.90365843,0.00000000
0.93089625,0.00000000
0.85740283,0.00000000
0.88895615,0.00000000
0.85135593,0.00000000
0.88534842,0.00000000
0.95363541,0.00000000
0.96577180,0.00000000
0.91755115,0.00000000
0.93929042,0.00000000
0.94463891,0.00000000
0.94339348,0.00000000
0.94403669,0.00000000
0.93978296,0.00000000
0.96269710,0.00000000
0.96805450,0.00000000
0.97190477,0.00000000
0.97826576,0.00000000
0.95348726,0.00000000
0.95463389,0.00000000
0.95005575,0.00000000
0.94056632,0.00000000
0.94235748,0.00000000
0.93865617,0.00000000
0.95471740,0.00000000
0.93510418,0.00000000
0.92229932,0.00000000
0.93704567,0.00000000
0.92925282,0.00000000
0.92138934,0.00000000
0.91858058,0.00000000
0.92565011,0.00000000
0.96282793,0.00000000
0.96806090,0.00000000
0.96741821,0.00000000
0.93688287,0.00000000
0.94543688,0.00000000
0.93484991,0.00000000
0.96549722,0.00000000
0.96086734,0.00000000
0.97078739,0.00000000
0.95775875,0.00000000
0.95665189,0.00000000
0.96416468,0.00000000
0.95421088,0.00000000
0.96905535,0.00000000
0.94258322,0.00000000
0.94602101,0.00000000
0.95763206,0.00000000
0.94296739,0.00000000
0.94565161,0.00000000
0.95307849,0.00000000
0.95678669,0.00000000
0.97200057,0.00000000
0.96011445,0.00000000
0.95346315,0.00000000
0.96325901,0.00000000
0.94087553,0.00000000
0.93810526,0.00000000
0.94838929,0.00000000
0.96211405,0.00000000
0.96288462,0.00000000
0.96573739,0.00000000
0.95705245,0.00000000
0.97436739,0.00000000
0.95533085,0.00000000
0.95846859,0.00000000
0.98451999,0.00000000
0.96429757,0.00000000
0.96232685,0.00000000
0.97082963,0.00000000
0.95702184,0.00000000
0.95661485,0.00000000
0.94377441,0.00000000
0.97471232,0.00000000
0.97446489,0.00000000
0.96983723,0.00000000
0.99071543,0.00000000
0.97750559,0.00000000
0.95486119,0.00000000
0.96902028,0.00000000
0.97575171,0.00000000
0.98301491,0.00000000
0.96250778,0.00000000
0.93959671,0.00000000
0.93672589,0.00000000
0.94592316,0.00000000
0.97484843,0.00000000
0.97113861,0.00000000
0.97275770,0.00000000
0.98573515,0.00000000
0.97283523,0.00000000
0.97938014,0.00000000
0.97085784,0.00000000
0.96537482,0.00000000
0.97275469,0.00000000
0.97548917,0.00000000
0.97944727,0.00000000
0.97373119,0.00000000
0.98453434,0.00000000
0.97085825,0.00000000
0.97892184,0.00000000
0.97705217,0.00000000
0.98424979,0.00000000
0.98708131,0.00000000
0.97969917,0.00000000
0.98884121,0.00000000
0.97424967,0.00000000
0.97421673,0.00000000
0.97885354,0.00000000
0.98218941,0.00000000
0.95555020,0.00000000
0.97460469,0.00000000
0.97508257,0.00000000
0.95724188,0.00000000
0.97267154,0.00000000
0.97011982,0.00000000
0.97253958,0.00000000
0.97006518,0.00000000
0.96855720,0.00000000
0.98901871,0.00000000
0.96630789,0.00000000
0.96947731,0.00000000
0.97414802,0.00000000
0.95484801,0.00000000
0.96728433,0.00000000
0.97758057,0.00000000
0.97030807,0.00000000
0.94999278,0.00000000
0.94931790,0.00000000
0.96465986,0.00000000
0.96946682,0.00000000
0.96026021,0.00000000
0.95974670,0.00000000
0.97923854,0.00000000
0.93152450,0.00000000
0.93796985,0.00000000
0.92812467,0.00000000
0.96975850,0.00000000
0.97770808,0.00000000
0.97434644,0.00000000
0.98466774,0.00000000
0.97063059,0.00000000
0.91371598,0.00000000
0.93807661,0.00000000
0.92523605,0.00000000
0.95336183,0.00000000
0.90105038,0.00000000
0.93285249,0.00000000
0.89894847,0.00000000
0.93286046,0.00000000
0.95057906,0.00000000
0.94212358,0.00000000
0.94832036,0.00000000
0.93469515,0.00000000
0.94640601,0.00000000
0.96634077,0.00000000
0.95131564,0.00000000
0.98157167,0.00000000
0.97376714,0.00000000
0.97652233,0.00000000
0.98352414,0.00000000
0.97553922,0.00000000
0.96771870,0.00000000
0.96521314,0.00000000
0.95459386,0.00000000
0.95594481,0.00000000
0.96483367,0.00000000
0.97410641,0.00000000
0.97432929,0.00000000
0.97952839,0.00000000
0.98313231,0.00000000
0.98598785,0.00000000
0.96090105,0.00000000
0.97285941,0.00000000
0.96354093,0.00000000
0.98048956,0.00000000
0.96222346,0.00000000
0.95316484,0.00000000
0.97371477,0.00000000
0.97104703,0.00000000
0.95669640,0.00000000
0.96727275,0.00000000
0.95734577,0.00000000
0.94981552,0.00000000
0.95411660,0.00000000
0.95324713,0.00000000
0.98265828,0.00000000
0.97015760,0.00000000
0.96802030,0.00000000
0.96850362,0.00000000
0.96128281,0.00000000
0.95654398,0.00000000
0.93993207,0.00000000
0.95741735,0.00000000
0.95793198,0.00000000
0.95639306,0.00000000
0.94816568,0.00000000
0.94062039,0.00000000
0.95016882,0.00000000
0.95166370,0.00000000
0.94625703,0.00000000
0.93397747,0.00000000
0.94283074,0.00000000
0.95483222,0.00000000
0.93868823,0.00000000
0.95422430,0.00000000
0.95210045,0.00000000
0.94289418,0.00000000
0.96019378,0.00000000
0.93087758,0.00000000
0.91785217,0.00000000
0.91720516,0.00000000
0.93414921,0.00000000
0.91597147,0.00000000
0.93411199,0.00000000
0.93481486,0.00000000
0.93428188,0.00000000
0.94731750,0.00000000
0.97498993,0.00000000
0.97772906,0.00000000
0.97176892,0.00000000
0.97740384,0.00000000
0.98849256,0.00000000
0.96407172,0.00000000
0.96690414,0.00000000
0.95705363,0.00000000
0.96818750,0.00000000
0.95094603,0.00000000
0.96549404,0.00000000
0.96311294,0.00000000
0.95945037,0.00000000
0.98035447,0.00000000
0.96509242,0.00000000
0.95537832,0.00000000
0.97707764,0.00000000
0.96168432,0.00000000
0.96579092,0.00000000
0.95193922,0.00000000
0.95606903,0.00000000
0.92443988,0.00000000
0.95583712,0.00000000
0.94535460,0.00000000
0.93469964,0.00000000
0.93597463,0.00000000
0.90995883,0.00000000
0.94723538,0.00000000
0.98290436,0.00000000
0.94679772,0.00000000
0.81618829,0.00000000
0.92265040,0.00000000
0.96460882,0.00000000
0.88883085,0.00000000
0.89338648,0.00000000
0.90004989,0.00000000
0.95751894,0.00000000
0.95434833,0.00000000
0.90702479,0.00000000
0.85861706,0.00000000
0.96012062,0.00000000
0.92979929,0.00000000
0.89942438,0.00000000
0.94273387,0.00000000
0.92098026,0.00000000
0.90535996,0.00000000
0.89932843,0.00000000
0.88186319,0.00000000
0.87703156,0.00000000
0.90242151,0.00000000
0.94412612,0.00000000
0.92005910,0.00000000
0.94874149,0.00000000
0.94675612,0.00000000
0.89421288,0.00000000
0.90307679,0.00000000
0.84922247,0.00000000
0.88067334,0.00000000
0.82757069,0.00000000
0.82147396,0.00000000
0.69340604,0.00000000
0.93733648,0.00000000
0.85443156,0.00000000
0.71417887,0.00000000
0.68888155,0.00000000
0.66248937,0.00000000
0.65054427,0.00000000
0.63305130,0.00000000
0.69009455,0.00000000
0.66760884,0.00000000
0.61857624,0.00000000
0.61372905,0.00000000
0.63282130,0.00000000
0.62382831,0.00000000
0.62389155,0.00000000
0.61212390,0.00000000
0.60769221,0.00000000
0.61150088,0.00000000
0.57058564,0.00000000
0.59477133,0.00000000
0.94532135,0.00000000
0.94376236,0.00000000
0.94508443,0.00000000
0.75633955,0.00000000
0.75407407,0.00000000
0.73799647,0.00000000
0.70510608,0.00000000
0.79502954,0.00000000
0.83572894,0.00000000
0.84523604,0.00000000
0.93088874,0.00000000
0.91888283,0.00000000
0.94804357,0.00000000
0.93016303,0.00000000
0.96895760,0.00000000
0.95591286,0.00000000
0.96418095,0.00000000
0.98166743,0.00000000
0.94965796,0.00000000
0.94359492,0.00000000
0.94084808,0.00000000
0.96678387,0.00000000
0.94632284,0.00000000
0.94645428,0.00000000
0.97236993,0.00000000
0.94869406,0.00000000
0.94819706,0.00000000
0.95665915,0.00000000
0.97674933,0.00000000
0.92446671,0.00000000
0.94009663,0.00000000
0.94047530,0.00000000
0.95097122,0.00000000
0.94245071,0.00000000
0.95627047,0.00000000
0.95712795,0.00000000
0.96097030,0.00000000
0.96489918,0.00000000
0.96946535,0.00000000
0.96529420,0.00000000
0.94948321,0.00000000
0.96454771,0.00000000
0.97920858,0.00000000
0.97578312,0.00000000
0.96568327,0.00000000
0.96581708,0.00000000
0.96522222,0.00000000
0.96723148,0.00000000
0.95937783,0.00000000
0.96187903,0.00000000
0.96564270,0.00000000
0.96576274,0.00000000
0.97292477,0.00000000
0.95686224,0.00000000
0.98452340,0.00000000
0.98701357,0.00000000
0.98658849,0.00000000
0.97122206,0.00000000
0.98372540,0.00000000
0.98573171,0.00000000
0.96245263,0.00000000
0.96940166,0.00000000
0.95894303,0.00000000
0.94096490,0.00000000
0.95505552,0.00000000
0.94707711,0.00000000
0.95527820,0.00000000
0.95780918,0.00000000
0.96854151,0.00000000
0.96300714,0.00000000
0.96319160,0.00000000
0.97370959,0.00000000
0.98354420,0.00000000
0.96721134,0.00000000
0.97501801,0.00000000
0.98370314,0.00000000
0.96727649,0.00000000
0.98802335,0.00000000
0.96522723,0.00000000
0.97423182,0.00000000
0.97659310,0.00000000
0.97617964,0.00000000
0.96275599,0.00000000
0.98692751,0.00000000
0.97313377,0.00000000
0.97134251,0.00000000
0.97490896,0.00000000
0.98451616,0.00000000
0.96954924,0.00000000
0.94596925,0.00000000
0.94127965,0.00000000
0.97715654,0.00000000
0.93497962,0.00000000
0.98411194,0.00000000
0.98692855,0.00000000
0.96648434,0.00000000
0.72324440,0.00000000
0.89433008,0.00000000
0.90695287,0.00000000
0.91231610,0.00000000
0.92457026,0.00000000
0.83627783,0.00000000
0.87615896,0.00000000
0.70927752,0.00000000
0.72613610,0.00000000
0.99246905,0.00000000
0.98525868,0.00000000
0.87272704,0.00000000
0.93116243,0.00000000
0.92993878,0.00000000
0.85905869,0.00000000
0.89302463,0.00000000
0.95855625,0.00000000
0.98328333,0.00000000
0.89724802,0.00000000
0.89426268,0.00000000
0.89825543,0.00000000
0.87003992,0.00000000
0.95922348,0.00000000
0.94395762,0.00000000
0.94208250,0.00000000
0.97774523,0.00000000
0.97169653,0.00000000
0.96844994,0.00000000
0.97653416,0.00000000
0.97878024,0.00000000
0.97104698,0.00000000
0.98411061,0.00000000
0.93583325,0.00000000
0.96499134,0.00000000
0.95560295,0.00000000
0.95574441,0.00000000
0.97556149,0.00000000
0.96951495,0.00000000
0.97539449,0.00000000
0.95661760,0.00000000
0.95035133,0.00000000
0.96012492,0.00000000
