0.00000000,0.00000000
0.94125094,0.00000000
0.95679699,0.00000000
0.95041122,0.00000000
0.95365352,0.00000000
0.94574106,0.00000000
0.94740465,0.00000000
0.93853419,0.00000000
0.94361088,0.00000000
0.93247314,0.00000000
0.94784176,0.00000000
0.96164331,0.00000000
0.94329232,0.00000000
0.95210502,0.00000000
0.94195044,0.00000000
0.95408191,0.00000000
0.94653735,0.00000000
0.95147986,0.00000000
0.94514977,0.00000000
0.94821969,0.00000000
0.94461691,0.00000000
0.94715060,0.00000000
0.94482465,0.00000000
0.94932332,0.00000000
0.95558443,0.00000000
0.96250418,0.00000000
0.96894397,0.00000000
0.94804780,0.00000000
0.96112356,0.00000000
0.95216001,0.00000000
0.95120629,0.00000000
0.94175545,0.00000000
0.96666869,0.00000000
0.93116528,0.00000000
0.93708224,0.00000000
0.96166332,0.00000000
0.95581592,0.00000000
0.94986529,0.00000000
0.94460753,0.00000000
0.94471698,0.00000000
0.92257327,0.00000000
0.93885825,0.00000000
0.93247258,0.00000000
0.95522514,0.00000000
0.94548365,0.00000000
0.95201916,0.00000000
0.95572813,0.00000000
0.95921817,0.00000000
0.95651696,0.00000000
0.96139082,0.00000000
0.94414000,0.00000000
0.93587482,0.00000000
0.92026339,0.00000000
0.94472925,0.00000000
0.94244111,0.00000000
0.92405296,0.00000000
0.93451014,0.00000000
0.92460178,0.00000000
0.92649644,0.00000000
0.95503467,0.00000000
0.94556718,0.00000000
0.92353830,0.00000000
0.92160893,0.00000000
0.93260774,0.00000000
0.93699120,0.00000000
0.92304244,0.00000000
0.91772885,0.00000000
0.91822411,0.00000000
0.93585416,0.00000000
0.93838038,0.00000000
0.95407591,0.00000000
0.93831500,0.00000000
0.94862370,0.00000000
0.93205033,0.00000000
0.94651540,0.00000000
0.94684152,0.00000000
0.95507305,0.00000000
0.94708766,0.00000000
0.93297959,0.00000000
0.94503517,0.00000000
0.94739292,0.00000000
0.95011655,0.00000000
0.95119963,0.00000000
0.94018551,0.00000000
0.93227883,0.00000000
0.93668975,0.00000000
0.94020064,0.00000000
0.95020470,0.00000000
0.94423224,0.00000000
0.95877829,0.00000000
0.92839837,0.00000000
0.93717846,0.00000000
0.94374714,0.00000000
0.93875784,0.00000000
0.94808852,0.00000000
0.96052718,0.00000000
0.93478853,0.00000000
0.94133894,0.00000000
0.93760964,0.00000000
0.94116092,0.00000000
0.93086026,0.00000000
0.95652606,0.00000000
0.94282330,0.00000000
0.95567993,0.00000000
0.94354490,0.00000000
0.93633680,0.00000000
0.93806313,0.00000000
0.95157190,0.00000000
0.92786988,0.00000000
0.94150307,0.00000000
0.94516692,0.00000000
0.95183076,0.00000000
0.96514862,0.00000000
0.93994518,0.00000000
0.92573750,0.00000000
0.94627952,0.00000000
0.94799375,0.00000000
0.93491520,0.00000000
0.94166617,0.00000000
0.95559938,0.00000000
0.93046042,0.00000000
0.95686174,0.00000000
0.93603813,0.00000000
0.94057742,0.00000000
0.94325737,0.00000000
0.94474316,0.00000000
0.96317174,0.00000000
0.94610150,0.00000000
0.94465335,0.00000000
0.94677119,0.00000000
0.93041068,0.00000000
0.93385282,0.00000000
0.93995918,0.00000000
0.95118667,0.00000000
0.95200767,0.00000000
0.93949260,0.00000000
0.92852322,0.00000000
0.95433052,0.00000000
0.95593194,0.00000000
0.93362912,0.00000000
0.92607472,0.00000000
0.95957150,0.00000000
0.96625467,0.00000000
0.94118697,0.00000000
0.94953629,0.00000000
0.95309010,0.00000000
0.93618694,0.00000000
0.94243299,0.00000000
0.94396925,0.00000000
0.93225933,0.00000000
0.92969900,0.00000000
0.93524948,0.00000000
0.91963251,0.00000000
0.93214715,0.00000000
0.93836301,0.00000000
0.92909200,0.00000000
0.94613075,0.00000000
0.93278438,0.00000000
0.93183480,0.00000000
0.92433296,0.00000000
0.93344280,0.00000000
0.92724664,0.00000000
0.92865971,0.00000000
0.92117664,0.00000000
0.93023064,0.00000000
0.93046952,0.00000000
0.93667514,0.00000000
0.94292078,0.00000000
0.91948592,0.00000000
0.92733182,0.00000000
0.93351668,0.00000000
0.92427521,0.00000000
0.93433679,0.00000000
0.92506405,0.00000000
0.92893439,0.00000000
0.93277178,0.00000000
0.92659780,0.00000000
0.94383534,0.00000000
0.93382187,0.00000000
0.94064104,0.00000000
0.94316265,0.00000000
0.95399748,0.00000000
0.95412931,0.00000000
0.95740016,0.00000000
0.93996315,0.00000000
0.94154169,0.00000000
0.94704753,0.00000000
0.93321036,0.00000000
0.94789597,0.00000000
0.95152359,0.00000000
0.95316099,0.00000000
0.96832035,0.00000000
0.94903691,0.00000000
0.96077164,0.00000000
0.94856273,0.00000000
0.96724956,0.00000000
0.93607555,0.00000000
0.95727301,0.00000000
0.96384710,0.00000000
0.95358535,0.00000000
0.96576522,0.00000000
0.95252560,0.00000000
0.97104702,0.00000000
0.94962386,0.00000000
0.96371786,0.00000000
0.94434456,0.00000000
0.96681327,0.00000000
0.94236651,0.00000000
0.97827648,0.00000000
0.96866189,0.00000000
0.95762073,0.00000000
0.96708813,0.00000000
0.95629399,0.00000000
0.95007881,0.00000000
0.96388836,0.00000000
0.95049154,0.00000000
0.94843044,0.00000000
0.95905483,0.00000000
0.95770835,0.00000000
0.94451397,0.00000000
0.96069419,0.00000000
0.95495859,0.00000000
0.95766247,0.00000000
0.95132660,0.00000000
0.93180625,0.00000000
0.94645621,0.00000000
0.93605617,0.00000000
0.93036203,0.00000000
0.94694979,0.00000000
0.94436934,0.00000000
0.95930313,0.00000000
0.93767630,0.00000000
0.95718891,0.00000000
0.94997068,0.00000000
0.95555434,0.00000000
0.95105951,0.00000000
0.94836721,0.00000000
0.93633509,0.00000000
0.95748835,0.00000000
0.94703417,0.00000000
0.93652468,0.00000000
0.92696650,0.00000000
0.94347091,0.00000000
0.92734061,0.00000000
0.91731759,0.00000000
0.93559740,0.00000000
0.91966198,0.00000000
0.95933379,0.00000000
0.93896297,0.00000000
0.92877532,0.00000000
0.94831526,0.00000000
0.92556742,0.00000000
0.92936528,0.00000000
0.95395398,0.00000000
0.93234848,0.00000000
0.93069099,0.00000000
0.93300492,0.00000000
0.94304382,0.00000000
0.94259574,0.00000000
0.94828304,0.00000000
0.94548671,0.00000000
0.95226475,0.00000000
0.92758024,0.00000000
0.95396956,0.00000000
0.92681450,0.00000000
0.95111885,0.00000000
0.95604846,0.00000000
0.92956352,0.00000000
0.94538685,0.00000000
0.95574516,0.00000000
0.95791796,0.00000000
0.95476414,0.00000000
0.93795618,0.00000000
0.95123319,0.00000000
0.93609682,0.00000000
0.91528529,0.00000000
0.92688024,0.00000000
0.94315639,0.00000000
0.94387512,0.00000000
0.92898513,0.00000000
0.94137312,0.00000000
0.94782447,0.00000000
0.94741376,0.00000000
0.95165446,0.00000000
0.94483972,0.00000000
0.94367518,0.00000000
0.94882228,0.00000000
0.93501694,0.00000000
0.92733623,0.00000000
0.94378881,0.00000000
0.93016009,0.00000000
0.94151630,0.00000000
0.90873570,0.00000000
0.93480110,0.00000000
0.93741793,0.00000000
0.94632235,0.00000000
0.95679574,0.00000000
0.94776144,0.00000000
0.95460386,0.00000000
0.96067835,0.00000000
0.92826536,0.00000000
0.94219556,0.00000000
0.92096958,0.00000000
0.93409148,0.00000000
0.91940775,0.00000000
0.92698397,0.00000000
0.93627715,0.00000000
0.94072902,0.00000000
0.94951526,0.00000000
0.94201847,0.00000000
0.93931072,0.00000000
0.94710225,0.00000000
0.93241178,0.00000000
0.93919421,0.00000000
0.91159901,0.00000000
0.93114877,0.00000000
0.91753573,0.00000000
0.92389058,0.00000000
0.91042168,0.00000000
0.92637352,0.00000000
0.92035679,0.00000000
0.94137729,0.00000000
0.94717733,0.00000000
0.93626829,0.00000000
0.93658497,0.00000000
0.92645903,0.00000000
0.92822898,0.00000000
0.97121220,0.00000000
0.93926158,0.00000000
0.94729977,0.00000000
0.94447683,0.00000000
0.94415270,0.00000000
0.95323439,0.00000000
0.94260361,0.00000000
0.94364130,0.00000000
0.95204035,0.00000000
0.92397926,0.00000000
0.94313817,0.00000000
0.95596757,0.00000000
0.94745331,0.00000000
0.95279145,0.00000000
0.95620504,0.00000000
0.91770086,0.00000000
0.93164063,0.00000000
0.92064916,0.00000000
0.91150666,0.00000000
0.91332129,0.00000000
0.93107129,0.00000000
0.93972274,0.00000000
0.92553794,0.00000000
0.91678189,0.00000000
0.90907553,0.00000000
0.91116367,0.00000000
0.92427523,0.00000000
0.92047124,0.00000000
0.91516895,0.00000000
0.92424593,0.00000000
0.95932669,0.00000000
0.93622279,0.00000000
0.94512387,0.00000000
0.94701183,0.00000000
0.94844545,0.00000000
0.95006615,0.00000000
0.94702339,0.00000000
0.92709511,0.00000000
0.92886931,0.00000000
0.93059062,0.00000000
0.93002008,0.00000000
0.92344032,0.00000000
0.92675289,0.00000000
0.93501288,0.00000000
0.92045802,0.00000000
0.92378515,0.00000000
0.92200130,0.00000000
0.92927160,0.00000000
0.93711454,0.00000000
0.92662795,0.00000000
0.92746213,0.00000000
0.94245510,0.00000000
0.93969719,0.00000000
0.93273349,0.00000000
0.93637356,0.00000000
0.93354957,0.00000000
0.92665858,0.00000000
0.93483558,0.00000000
0.93202286,0.00000000
0.93385205,0.00000000
0.93329996,0.00000000
0.93049848,0.00000000
0.93232881,0.00000000
0.93615356,0.00000000
0.93813083,0.00000000
0.93987055,0.00000000
0.92629088,0.00000000
0.92801016,0.00000000
0.91671609,0.00000000
0.92191695,0.00000000
0.93629607,0.00000000
0.93683195,0.00000000
0.92345098,0.00000000
0.94662867,0.00000000
0.92203426,0.00000000
0.94462261,0.00000000
0.94192701,0.00000000
0.94078150,0.00000000
0.92913981,0.00000000
0.93772757,0.00000000
0.95645093,0.00000000
0.95423255,0.00000000
0.94949922,0.00000000
0.95828743,0.00000000
0.95157796,0.00000000
0.94286815,0.00000000
0.95814642,0.00000000
0.94267498,0.00000000
0.95225578,0.00000000
0.93602329,0.00000000
0.94659722,0.00000000
0.94846181,0.00000000
0.94139779,0.00000000
0.95901642,0.00000000
0.95371143,0.00000000
0.94271921,0.00000000
0.94634268,0.00000000
0.94881042,0.00000000
0.95218981,0.00000000
0.93595836,0.00000000
0.94653165,0.00000000
0.94839627,0.00000000
0.94133250,0.00000000
0.96159431,0.00000000
0.94576874,0.00000000
0.94756554,0.00000000
0.93319585,0.00000000
0.93041221,0.00000000
0.95042713,0.00000000
0.95035259,0.00000000
0.95373280,0.00000000
0.93747722,0.00000000
0.95519340,0.00000000
0.95385551,0.00000000
0.95371143,0.00000000
0.94271921,0.00000000
0.94179910,0.00000000
0.94135690,0.00000000
0.93186341,0.00000000
0.94484696,0.00000000
0.94671214,0.00000000
0.93965488,0.00000000
0.94827444,0.00000000
0.94121115,0.00000000
0.94540934,0.00000000
0.93542418,0.00000000
0.95987390,0.00000000
0.95371143,0.00000000
0.94518690,0.00000000
0.94924710,0.00000000
0.94271921,0.00000000
0.95137823,0.00000000
0.94271921,0.00000000
0.92871722,0.00000000
0.94002826,0.00000000
0.93301006,0.00000000
0.95082984,0.00000000
0.94674761,0.00000000
0.94324280,0.00000000
0.93385258,0.00000000
0.95371902,0.00000000
0.94050804,0.00000000
0.94509474,0.00000000
0.94322946,0.00000000
0.93306747,0.00000000
0.93426337,0.00000000
0.95055374,0.00000000
0.93735251,0.00000000
0.94200057,0.00000000
0.94329220,0.00000000
0.93477977,0.00000000
0.94419139,0.00000000
0.93975826,0.00000000
0.94097909,0.00000000
0.92900404,0.00000000
0.95028234,0.00000000
0.94479037,0.00000000
0.93868897,0.00000000
0.94016398,0.00000000
0.96817698,0.00000000
0.95263032,0.00000000
0.94504133,0.00000000
0.94357970,0.00000000
0.94637869,0.00000000
0.94195428,0.00000000
0.94129744,0.00000000
0.94933204,0.00000000
0.94758661,0.00000000
0.94883566,0.00000000
0.94438458,0.00000000
0.93466397,0.00000000
0.92881984,0.00000000
0.94129561,0.00000000
0.93997453,0.00000000
0.94274744,0.00000000
0.94851341,0.00000000
0.94342441,0.00000000
0.94233043,0.00000000
0.91936398,0.00000000
0.90655617,0.00000000
0.89785272,0.00000000
0.90381552,0.00000000
0.90895043,0.00000000
0.90741426,0.00000000
0.93420865,0.00000000
0.92545165,0.00000000
0.91227149,0.00000000
0.93344950,0.00000000
0.91490611,0.00000000
0.90161177,0.00000000
0.91913183,0.00000000
0.92073511,0.00000000
0.92496501,0.00000000
0.93386501,0.00000000
0.91124623,0.00000000
0.91730598,0.00000000
0.90836521,0.00000000
0.89952541,0.00000000
0.89938358,0.00000000
0.91002540,0.00000000
0.93079933,0.00000000
0.92795541,0.00000000
0.92543570,0.00000000
0.92073976,0.00000000
0.92902865,0.00000000
0.91555375,0.00000000
0.89176712,0.00000000
0.91321658,0.00000000
0.91263587,0.00000000
0.90673221,0.00000000
0.93896207,0.00000000
0.94085081,0.00000000
0.94924734,0.00000000
0.93555619,0.00000000
0.93762333,0.00000000
0.94561012,0.00000000
0.90759861,0.00000000
0.91330378,0.00000000
0.95189977,0.00000000
0.91868285,0.00000000
0.92805733,0.00000000
0.89534806,0.00000000
0.91840603,0.00000000
0.93665009,0.00000000
0.92213057,0.00000000
0.89418496,0.00000000
0.93855524,0.00000000
0.93238361,0.00000000
0.92894539,0.00000000
0.94713238,0.00000000
0.92316586,0.00000000
0.92157751,0.00000000
0.93653340,0.00000000
0.91313792,0.00000000
0.93661516,0.00000000
0.92407365,0.00000000
0.92284032,0.00000000
0.92040468,0.00000000
0.91699485,0.00000000
0.93355743,0.00000000
0.94870269,0.00000000
0.94955114,0.00000000
0.94744535,0.00000000
0.94528530,0.00000000
0.91189835,0.00000000
0.93172058,0.00000000
0.88687250,0.00000000
0.90044210,0.00000000
0.97699831,0.00000000
0.96510228,0.00000000
0.95165500,0.00000000
0.96254136,0.00000000
0.95777994,0.00000000
0.94881658,0.00000000
0.97015720,0.00000000
0.93912099,0.00000000
0.96657909,0.00000000
0.96662206,0.00000000
0.96378193,0.00000000
0.95901768,0.00000000
0.97676001,0.00000000
0.93687395,0.00000000
0.93531723,0.00000000
0.93994698,0.00000000
0.95113489,0.00000000
0.94591828,0.00000000
0.94105270,0.00000000
0.93663609,0.00000000
0.95064381,0.00000000
0.95475266,0.00000000
0.93015898,0.00000000
0.94902645,0.00000000
0.91871730,0.00000000
0.93574840,0.00000000
0.96171605,0.00000000
0.92559892,0.00000000
0.96030150,0.00000000
0.93951070,0.00000000
0.92962880,0.00000000
0.95579511,0.00000000
0.93480266,0.00000000
0.95076140,0.00000000
0.93300314,0.00000000
0.95341468,0.00000000
0.95366756,0.00000000
0.95535422,0.00000000
0.93140442,0.00000000
0.96232317,0.00000000
0.94199658,0.00000000
0.96388336,0.00000000
0.95955087,0.00000000
0.91656087,0.00000000
0.92495882,0.00000000
0.95716037,0.00000000
0.93731880,0.00000000
0.94671732,0.00000000
0.92551494,0.00000000
0.93514408,0.00000000
0.92936985,0.00000000
0.94529648,0.00000000
0.94407726,0.00000000
0.93882035,0.00000000
0.93807791,0.00000000
0.94365622,0.00000000
0.91737849,0.00000000
0.97467630,0.00000000
0.93767042,0.00000000
0.93930253,0.00000000
0.96565722,0.00000000
0.95763698,0.00000000
0.96811011,0.00000000
0.95425372,0.00000000
0.95156165,0.00000000
0.94587890,0.00000000
0.96261228,0.00000000
0.94345951,0.00000000
0.92265367,0.00000000
0.94472181,0.00000000
0.93923112,0.00000000
0.95181121,0.00000000
0.96000264,0.00000000
0.94339779,0.00000000
0.95091977,0.00000000
0.94770135,0.00000000
0.94585712,0.00000000
0.95836212,0.00000000
0.95747275,0.00000000
0.95493397,0.00000000
0.95895957,0.00000000
0.95750533,0.00000000
0.95218775,0.00000000
0.95897150,0.00000000
0.94865448,0.00000000
0.95137674,0.00000000
0.95207253,0.00000000
0.95835811,0.00000000
0.95534117,0.00000000
0.95881453,0.00000000
0.95441244,0.00000000
0.95922901,0.00000000
0.95575241,0.00000000
0.97179309,0.00000000
0.95875658,0.00000000
0.96553299,0.00000000
0.95081851,0.00000000
0.96251055,0.00000000
0.97874333,0.00000000
0.94944836,0.00000000
0.96634945,0.00000000
0.97929718,0.00000000
0.95566306,0.00000000
0.97980213,0.00000000
0.97255146,0.00000000
0.96193154,0.00000000
0.95017991,0.00000000
0.96358174,0.00000000
0.97340400,0.00000000
0.97234942,0.00000000
0.96280798,0.00000000
0.96282311,0.00000000
0.95308540,0.00000000
0.97262999,0.00000000
0.97109419,0.00000000
0.97601690,0.00000000
0.97283056,0.00000000
0.94750226,0.00000000
0.97148707,0.00000000
0.95422914,0.00000000
0.98989393,0.00000000
0.98289365,0.00000000
0.96643606,0.00000000
0.97312055,0.00000000
0.97709716,0.00000000
0.95102051,0.00000000
0.94646787,0.00000000
0.95609929,0.00000000
0.95405754,0.00000000
0.94431170,0.00000000
0.93316312,0.00000000
0.95654975,0.00000000
0.93348203,0.00000000
0.94912716,0.00000000
0.95193949,0.00000000
0.93371725,0.00000000
0.97160523,0.00000000
0.93333082,0.00000000
0.94042381,0.00000000
0.93546753,0.00000000
0.92306270,0.00000000
0.95515190,0.00000000
0.94136435,0.00000000
0.96388402,0.00000000
0.93295966,0.00000000
0.93498644,0.00000000
0.94872224,0.00000000
0.93876307,0.00000000
0.94025421,0.00000000
0.91592580,0.00000000
0.94632541,0.00000000
0.95684943,0.00000000
0.95262368,0.00000000
0.95353179,0.00000000
0.94476809,0.00000000
0.93068882,0.00000000
0.96935689,0.00000000
0.94301378,0.00000000
0.94498583,0.00000000
0.94050731,0.00000000
0.97014502,0.00000000
0.96072381,0.00000000
0.95143692,0.00000000
0.97171259,0.00000000
0.96012090,0.00000000
0.95082592,0.00000000
0.96705579,0.00000000
0.93447288,0.00000000
0.94486254,0.00000000
0.94874858,0.00000000
0.95415633,0.00000000
0.94856785,0.00000000
0.95981177,0.00000000
0.96698189,0.00000000
0.95088157,0.00000000
0.94472758,0.00000000
0.94519734,0.00000000
0.94857976,0.00000000
0.95347962,0.00000000
0.92726149,0.00000000
0.93820932,0.00000000
0.95671611,0.00000000
0.95312512,0.00000000
0.95519138,0.00000000
0.95540664,0.00000000
0.96211616,0.00000000
0.94464129,0.00000000
0.93711109,0.00000000
0.95955314,0.00000000
0.94895603,0.00000000
0.96124983,0.00000000
0.95692439,0.00000000
0.94585125,0.00000000
0.95240302,0.00000000
0.94941356,0.00000000
0.95112883,0.00000000
0.95993832,0.00000000
0.93718338,0.00000000
0.94347546,0.00000000
0.94832907,0.00000000
0.94216243,0.00000000
0.94384285,0.00000000
0.94267542,0.00000000
0.94051620,0.00000000
0.94226515,0.00000000
0.95560464,0.00000000
0.94374596,0.00000000
0.94338110,0.00000000
0.93953349,0.00000000
0.95512417,0.00000000
0.94642795,0.00000000
0.93654631,0.00000000
0.95068915,0.00000000
0.92947284,0.00000000
0.91577258,0.00000000
0.94079309,0.00000000
0.93833046,0.00000000
0.94332722,0.00000000
0.93379210,0.00000000
0.93351114,0.00000000
0.90842515,0.00000000
0.94485553,0.00000000
0.93981583,0.00000000
0.93675442,0.00000000
0.92782108,0.00000000
0.92642364,0.00000000
0.93639251,0.00000000
0.93687238,0.00000000
0.92338715,0.00000000
0.93087951,0.00000000
0.92031588,0.00000000
0.94093263,0.00000000
0.93368431,0.00000000
0.93076137,0.00000000
0.93031488,0.00000000
0.93067257,0.00000000
0.93064497,0.00000000
0.92773282,0.00000000
0.91440687,0.00000000
0.93936015,0.00000000
0.93061369,0.00000000
0.92770178,0.00000000
0.92462133,0.00000000
0.93385354,0.00000000
0.92462133,0.00000000
0.91913089,0.00000000
0.93676041,0.00000000
0.92194841,0.00000000
0.94264568,0.00000000
0.93531321,0.00000000
0.92186975,0.00000000
0.91417170,0.00000000
0.93345587,0.00000000
0.92615029,0.00000000
0.92461718,0.00000000
0.93964315,0.00000000
0.93230653,0.00000000
0.92322025,0.00000000
0.94103108,0.00000000
0.93371457,0.00000000
0.92062661,0.00000000
0.93104277,0.00000000
0.91756717,0.00000000
0.91911268,0.00000000
0.93934774,0.00000000
0.93649051,0.00000000
0.92016276,0.00000000
0.93197475,0.00000000
0.92908010,0.00000000
0.94415757,0.00000000
0.91847792,0.00000000
0.92600734,0.00000000
0.93217098,0.00000000
0.92924677,0.00000000
0.92885050,0.00000000
0.93352258,0.00000000
0.93498569,0.00000000
0.93355319,0.00000000
0.92627819,0.00000000
0.93341646,0.00000000
0.93199134,0.00000000
0.92471942,0.00000000
0.93184977,0.00000000
0.93043200,0.00000000
0.92316318,0.00000000
0.93499943,0.00000000
0.93646091,0.00000000
0.92442582,0.00000000
0.93342102,0.00000000
0.93488424,0.00000000
0.92286417,0.00000000
0.93184518,0.00000000
0.93331014,0.00000000
0.92130505,0.00000000
0.93027191,0.00000000
0.93173859,0.00000000
0.93032135,0.00000000
0.93363394,0.00000000
0.92020752,0.00000000
0.94085749,0.00000000
0.93806841,0.00000000
0.93552528,0.00000000
0.92638821,0.00000000
0.93644515,0.00000000
0.93774210,0.00000000
0.94106197,0.00000000
0.92752233,0.00000000
0.93215663,0.00000000
0.93327697,0.00000000
0.92127220,0.00000000
0.93023876,0.00000000
0.93170548,0.00000000
0.92439315,0.00000000
0.93371636,0.00000000
0.93518608,0.00000000
0.93630138,0.00000000
0.93962547,0.00000000
0.92611496,0.00000000
0.94429910,0.00000000
0.92545528,0.00000000
0.94039974,0.00000000
0.93755489,0.00000000
0.94497227,0.00000000
0.93917291,0.00000000
0.95296760,0.00000000
0.94043958,0.00000000
0.94941621,0.00000000
0.93776486,0.00000000
0.94027648,0.00000000
0.93892513,0.00000000
0.95079912,0.00000000
0.93139498,0.00000000
0.94641058,0.00000000
0.94210079,0.00000000
0.92485528,0.00000000
0.94417944,0.00000000
0.94008488,0.00000000
0.93868756,0.00000000
0.93728733,0.00000000
0.93588446,0.00000000
0.92682581,0.00000000
0.93443858,0.00000000
0.94920138,0.00000000
0.93918418,0.00000000
0.94597385,0.00000000
0.93229172,0.00000000
0.94318941,0.00000000
0.93310053,0.00000000
0.94473239,0.00000000
0.94940038,0.00000000
0.93578761,0.00000000
0.94025462,0.00000000
0.93450978,0.00000000
0.94636023,0.00000000
0.94793708,0.00000000
0.93777267,0.00000000
0.94019931,0.00000000
0.94477741,0.00000000
0.94634789,0.00000000
0.93620878,0.00000000
0.93765461,0.00000000
0.93622737,0.00000000
0.94433663,0.00000000
0.94645204,0.00000000
0.93424294,0.00000000
0.94755454,0.00000000
0.94026370,0.00000000
0.94918944,0.00000000
0.92983170,0.00000000
0.93855450,0.00000000
0.95356696,0.00000000
0.93224240,0.00000000
0.95121068,0.00000000
0.93752721,0.00000000
0.96237934,0.00000000
0.94071854,0.00000000
0.93953254,0.00000000
0.93353931,0.00000000
0.93167894,0.00000000
0.94379389,0.00000000
0.94093032,0.00000000
0.93949225,0.00000000
0.93021676,0.00000000
0.93068623,0.00000000
0.92156628,0.00000000
0.93052981,0.00000000
0.93198870,0.00000000
0.93530346,0.00000000
0.92615607,0.00000000
0.94372299,0.00000000
0.94528925,0.00000000
0.93947548,0.00000000
0.93020028,0.00000000
0.93949207,0.00000000
0.94605674,0.00000000
0.93476706,0.00000000
0.93049671,0.00000000
0.93380726,0.00000000
0.92466877,0.00000000
0.92894934,0.00000000
0.94110022,0.00000000
0.93817944,0.00000000
0.93673188,0.00000000
0.93540074,0.00000000
0.93202613,0.00000000
0.93347540,0.00000000
0.93205000,0.00000000
0.94426971,0.00000000
0.94068645,0.00000000
0.93480720,0.00000000
0.91999565,0.00000000
0.92614733,0.00000000
0.93231084,0.00000000
0.92320182,0.00000000
0.93216875,0.00000000
0.93361104,0.00000000
0.92164294,0.00000000
0.93059577,0.00000000
0.93203984,0.00000000
0.92008658,0.00000000
0.92902535,0.00000000
0.93520812,0.00000000
0.93480720,0.00000000
0.92465016,0.00000000
0.93363019,0.00000000
0.93480720,0.00000000
0.91879300,0.00000000
0.93058174,0.00000000
0.93664282,0.00000000
0.92330745,0.00000000
0.93515602,0.00000000
0.93041828,0.00000000
0.91882315,0.00000000
0.93945935,0.00000000
0.93212505,0.00000000
0.93783023,0.00000000
0.92174266,0.00000000
0.92920146,0.00000000
0.93224533,0.00000000
0.92331862,0.00000000
0.94406495,0.00000000
0.93626990,0.00000000
0.92324402,0.00000000
0.93071162,0.00000000
0.92017423,0.00000000
0.92762334,0.00000000
0.93630498,0.00000000
0.92751297,0.00000000
0.92875736,0.00000000
0.92434786,0.00000000
0.93936821,0.00000000
0.93988465,0.00000000
0.93731697,0.00000000
0.92031326,0.00000000
0.94235731,0.00000000
0.93502846,0.00000000
0.93041828,0.00000000
0.93173372,0.00000000
0.93203020,0.00000000
0.93196801,0.00000000
0.93159418,0.00000000
0.93155530,0.00000000
0.92578900,0.00000000
0.94083944,0.00000000
0.92297661,0.00000000
0.93045853,0.00000000
0.93040310,0.00000000
0.93001636,0.00000000
0.93469371,0.00000000
0.93615553,0.00000000
0.93471752,0.00000000
0.93664282,0.00000000
0.92455982,0.00000000
0.91684715,0.00000000
0.93298369,0.00000000
0.93302558,0.00000000
0.92724225,0.00000000
0.92682949,0.00000000
0.92715713,0.00000000
0.92712508,0.00000000
0.92422753,0.00000000
0.92385203,0.00000000
0.92414889,0.00000000
0.95593533,0.00000000
0.95101912,0.00000000
0.93170806,0.00000000
0.93498151,0.00000000
0.94997938,0.00000000
0.94062895,0.00000000
0.93207282,0.00000000
0.93952850,0.00000000
0.94997938,0.00000000
0.93176217,0.00000000
0.93503568,0.00000000
0.94997938,0.00000000
0.94062895,0.00000000
0.94536738,0.00000000
0.94569040,0.00000000
0.94803556,0.00000000
0.93349430,0.00000000
0.94108747,0.00000000
0.94247139,0.00000000
0.95325414,0.00000000
0.95170585,0.00000000
0.94655421,0.00000000
0.93501313,0.00000000
0.95153761,0.00000000
0.94655421,0.00000000
0.93343935,0.00000000
0.95422443,0.00000000
0.94702798,0.00000000
0.93335319,0.00000000
0.94085306,0.00000000
0.93147950,0.00000000
0.93649268,0.00000000
0.92877638,0.00000000
0.94694100,0.00000000
0.93472175,0.00000000
0.94215500,0.00000000
0.94711700,0.00000000
0.93633613,0.00000000
0.94396292,0.00000000
0.93797598,0.00000000
0.92688452,0.00000000
0.93807652,0.00000000
0.94669627,0.00000000
0.94518909,0.00000000
0.95148642,0.00000000
0.95101912,0.00000000
0.93630906,0.00000000
0.94671271,0.00000000
0.93781667,0.00000000
0.93169556,0.00000000
0.93758210,0.00000000
0.93929661,0.00000000
0.94643866,0.00000000
0.95123977,0.00000000
0.95274207,0.00000000
0.95101912,0.00000000
0.93463889,0.00000000
0.94224689,0.00000000
0.94944123,0.00000000
0.94804750,0.00000000
0.95434868,0.00000000
0.95584768,0.00000000
0.95101912,0.00000000
0.94124152,0.00000000
0.95101912,0.00000000
0.93933666,0.00000000
0.94802152,0.00000000
0.94366388,0.00000000
0.94942740,0.00000000
0.96194754,0.00000000
0.95702878,0.00000000
0.95101912,0.00000000
0.94517944,0.00000000
0.95860040,0.00000000
0.96173072,0.00000000
0.95314197,0.00000000
0.96760759,0.00000000
0.95217583,0.00000000
0.96339711,0.00000000
0.95160411,0.00000000
0.96297359,0.00000000
0.95686061,0.00000000
0.96298526,0.00000000
0.95709079,0.00000000
0.96925218,0.00000000
0.97246286,0.00000000
0.95999976,0.00000000
0.96912218,0.00000000
0.96128087,0.00000000
0.95534734,0.00000000
0.95390980,0.00000000
0.95686067,0.00000000
0.96750546,0.00000000
0.95858014,0.00000000
0.94918416,0.00000000
0.97063167,0.00000000
0.95682408,0.00000000
0.95681462,0.00000000
0.95076165,0.00000000
0.97061167,0.00000000
0.95690598,0.00000000
0.95681641,0.00000000
0.95084454,0.00000000
0.97061167,0.00000000
0.95698790,0.00000000
0.95681819,0.00000000
0.96433340,0.00000000
0.96497788,0.00000000
0.96047673,0.00000000
0.97557356,0.00000000
0.96335478,0.00000000
0.97245017,0.00000000
0.95707168,0.00000000
0.97061167,0.00000000
0.97064894,0.00000000
0.97287029,0.00000000
0.96697205,0.00000000
0.95879116,0.00000000
0.97089635,0.00000000
0.96905527,0.00000000
0.97714730,0.00000000
0.95789530,0.00000000
0.97342652,0.00000000
0.95871373,0.00000000
0.96776768,0.00000000
0.97357862,0.00000000
0.94778389,0.00000000
0.94936345,0.00000000
0.94795866,0.00000000
0.95130978,0.00000000
0.95830401,0.00000000
0.97550066,0.00000000
0.95705507,0.00000000
0.97169658,0.00000000
0.96830407,0.00000000
0.95866276,0.00000000
0.95421138,0.00000000
0.96629202,0.00000000
0.97768020,0.00000000
0.95267937,0.00000000
0.96076828,0.00000000
0.95450008,0.00000000
0.95361954,0.00000000
0.94950189,0.00000000
0.94974684,0.00000000
0.96481510,0.00000000
0.95917553,0.00000000
0.95299441,0.00000000
0.96813453,0.00000000
0.94820448,0.00000000
0.94987702,0.00000000
0.95153192,0.00000000
0.94420219,0.00000000
0.93819283,0.00000000
0.95779866,0.00000000
0.95160623,0.00000000
0.94428476,0.00000000
0.95139956,0.00000000
0.96647089,0.00000000
0.95742244,0.00000000
0.96130104,0.00000000
0.96628378,0.00000000
0.95619781,0.00000000
0.96616952,0.00000000
0.95991279,0.00000000
0.96125140,0.00000000
0.96608359,0.00000000
0.96138598,0.00000000
0.96154800,0.00000000
0.94946549,0.00000000
0.95751346,0.00000000
0.95920775,0.00000000
0.94694710,0.00000000
0.95417404,0.00000000
0.96229620,0.00000000
0.97777407,0.00000000
0.95743374,0.00000000
0.95476552,0.00000000
0.96536514,0.00000000
0.96467727,0.00000000
0.93581883,0.00000000
0.95066443,0.00000000
0.95872115,0.00000000
0.97329076,0.00000000
0.95390159,0.00000000
0.96200619,0.00000000
0.97041502,0.00000000
0.95259607,0.00000000
0.96788439,0.00000000
0.94345144,0.00000000
0.95399264,0.00000000
0.96207137,0.00000000
0.95886486,0.00000000
0.95459584,0.00000000
0.96995499,0.00000000
0.94979422,0.00000000
0.96505336,0.00000000
0.95780085,0.00000000
0.96457038,0.00000000
0.95139182,0.00000000
0.96675015,0.00000000
0.94668322,0.00000000
0.96185685,0.00000000
0.95463202,0.00000000
0.96138931,0.00000000
0.95619995,0.00000000
0.96350034,0.00000000
0.95136878,0.00000000
0.95858664,0.00000000
0.96589256,0.00000000
0.96140155,0.00000000
0.95607479,0.00000000
0.94987712,0.00000000
0.97000702,0.00000000
0.96322670,0.00000000
0.96473340,0.00000000
0.96326524,0.00000000
0.95543781,0.00000000
0.95169997,0.00000000
0.95825149,0.00000000
0.94874414,0.00000000
0.95019754,0.00000000
0.95664662,0.00000000
0.95416867,0.00000000
0.94780221,0.00000000
0.95501921,0.00000000
0.95416998,0.00000000
0.95027567,0.00000000
0.95824879,0.00000000
0.95675989,0.00000000
0.96900450,0.00000000
0.96068763,0.00000000
0.95727239,0.00000000
0.96694960,0.00000000
0.95542394,0.00000000
0.94335665,0.00000000
0.95400599,0.00000000
0.96931897,0.00000000
0.94475963,0.00000000
0.95988481,0.00000000
0.95553275,0.00000000
0.97046226,0.00000000
0.96296705,0.00000000
0.97526441,0.00000000
0.96773022,0.00000000
0.96129112,0.00000000
0.95184376,0.00000000
0.95559247,0.00000000
0.95728562,0.00000000
0.97260619,0.00000000
0.95811380,0.00000000
0.95396410,0.00000000
0.95569362,0.00000000
0.97098005,0.00000000
0.95654098,0.00000000
0.95238132,0.00000000
0.95410424,0.00000000
0.95572760,0.00000000
0.96904737,0.00000000
0.95352593,0.00000000
0.95722605,0.00000000
0.95892467,0.00000000
0.96054836,0.00000000
0.94429849,0.00000000
0.96119867,0.00000000
0.95676797,0.00000000
0.95564322,0.00000000
0.95292384,0.00000000
0.95447699,0.00000000
0.96517693,0.00000000
0.94054957,0.00000000
0.96056865,0.00000000
0.94980231,0.00000000
0.96445758,0.00000000
0.94616301,0.00000000
0.95677725,0.00000000
0.95050959,0.00000000
0.95661053,0.00000000
0.95051657,0.00000000
0.96116643,0.00000000
0.96795084,0.00000000
0.97261286,0.00000000
0.95295433,0.00000000
0.96836044,0.00000000
0.94375187,0.00000000
0.95666363,0.00000000
0.95837920,0.00000000
0.94613789,0.00000000
0.94889232,0.00000000
0.96183434,0.00000000
0.95347335,0.00000000
0.96022684,0.00000000
0.95612856,0.00000000
0.95789376,0.00000000
0.95951025,0.00000000
0.94442598,0.00000000
0.94993105,0.00000000
0.96072574,0.00000000
0.93626316,0.00000000
0.95611949,0.00000000
0.94989105,0.00000000
0.96511910,0.00000000
0.93847811,0.00000000
0.95350220,0.00000000
0.95521829,0.00000000
0.94305039,0.00000000
0.96450788,0.00000000
0.95163421,0.00000000
0.96682982,0.00000000
0.94012221,0.00000000
0.95518806,0.00000000
0.95026875,0.00000000
0.96534998,0.00000000
0.93870154,0.00000000
0.95372994,0.00000000
0.94881877,0.00000000
0.95577756,0.00000000
0.95712425,0.00000000
0.94255375,0.00000000
0.95098860,0.00000000
0.94518114,0.00000000
0.95217544,0.00000000
0.96731978,0.00000000
0.93306219,0.00000000
0.93469914,0.00000000
0.94100499,0.00000000
0.95586480,0.00000000
0.95754871,0.00000000
0.95668710,0.00000000
0.95527091,0.00000000
0.94275106,0.00000000
0.94729305,0.00000000
0.95068187,0.00000000
0.95707331,0.00000000
0.94228666,0.00000000
0.93618027,0.00000000
0.94252188,0.00000000
0.95741192,0.00000000
0.95910272,0.00000000
0.95829497,0.00000000
0.94571832,0.00000000
0.95029179,0.00000000
0.94890531,0.00000000
0.96582005,0.00000000
0.96229326,0.00000000
0.95603950,0.00000000
0.96868085,0.00000000
0.95124554,0.00000000
0.95291928,0.00000000
0.95347826,0.00000000
0.95208192,0.00000000
0.94275321,0.00000000
0.95919939,0.00000000
0.95928481,0.00000000
0.96098992,0.00000000
0.94402227,0.00000000
0.96077128,0.00000000
0.96092259,0.00000000
0.95468860,0.00000000
0.95355831,0.00000000
0.96566651,0.00000000
0.95943560,0.00000000
0.96113662,0.00000000
0.95481134,0.00000000
0.96406084,0.00000000
0.95791020,0.00000000
0.95960436,0.00000000
0.96125778,0.00000000
0.94404407,0.00000000
0.96079360,0.00000000
0.95474322,0.00000000
0.95642736,0.00000000
0.95808783,0.00000000
0.95974119,0.00000000
0.97192830,0.00000000
0.95609353,0.00000000
0.94988163,0.00000000
0.96500420,0.00000000
0.96129034,0.00000000
0.95450503,0.00000000
0.94835337,0.00000000
0.95001718,0.00000000
0.96514966,0.00000000
0.95302289,0.00000000
0.95473796,0.00000000
0.94848544,0.00000000
0.96361283,0.00000000
0.95151291,0.00000000
0.95322114,0.00000000
0.95486857,0.00000000
0.94068645,0.00000000
0.96041568,0.00000000
0.95651092,0.00000000
0.94998844,0.00000000
0.95168976,0.00000000
0.96678573,0.00000000
0.95798933,0.00000000
0.94841662,0.00000000
0.96344905,0.00000000
0.95718278,0.00000000
0.95338782,0.00000000
0.96025201,0.00000000
0.95400708,0.00000000
0.94845080,0.00000000
0.95558045,0.00000000
0.96674421,0.00000000
0.95057865,0.00000000
0.96561525,0.00000000
0.95332767,0.00000000
0.95503173,0.00000000
0.94880772,0.00000000
0.96390317,0.00000000
0.95180497,0.00000000
0.95351645,0.00000000
0.96861538,0.00000000
0.96230550,0.00000000
0.95822366,0.00000000
0.96539040,0.00000000
0.95327314,0.00000000
0.94723010,0.00000000
0.96867505,0.00000000
0.94218480,0.00000000
0.95707538,0.00000000
0.95093007,0.00000000
0.93899972,0.00000000
0.95375793,0.00000000
0.95402639,0.00000000
0.94204372,0.00000000
0.94910335,0.00000000
0.95716536,0.00000000
0.96435660,0.00000000
0.94450840,0.00000000
0.94613500,0.00000000
0.96062161,0.00000000
0.93490293,0.00000000
0.94961725,0.00000000
0.92381805,0.00000000
0.94468147,0.00000000
0.95267783,0.00000000
0.94071803,0.00000000
0.94425207,0.00000000
0.94540463,0.00000000
0.94406447,0.00000000
0.94272091,0.00000000
0.94137425,0.00000000
0.94194517,0.00000000
0.94254188,0.00000000
0.94416493,0.00000000
0.93799638,0.00000000
0.95157645,0.00000000
0.94728972,0.00000000
0.94736404,0.00000000
0.94122251,0.00000000
0.95299686,0.00000000
0.94573022,0.00000000
0.94437419,0.00000000
0.93942353,0.00000000
0.95419123,0.00000000
0.95128747,0.00000000
0.94264393,0.00000000
0.95632537,0.00000000
0.93485828,0.00000000
0.93646851,0.00000000
0.93791723,0.00000000
0.93659260,0.00000000
0.95318790,0.00000000
0.94889136,0.00000000
0.94752075,0.00000000
0.93505205,0.00000000
0.95486273,0.00000000
0.95345877,0.00000000
0.95968827,0.00000000
0.97173255,0.00000000
0.96430179,0.00000000
0.96286339,0.00000000
0.94682676,0.00000000
0.97834866,0.00000000
0.96562332,0.00000000
0.96418857,0.00000000
0.96275070,0.00000000
0.95016266,0.00000000
0.95617977,0.00000000
0.95709022,0.00000000
0.94366054,0.00000000
0.94518465,0.00000000
0.96751026,0.00000000
0.95088678,0.00000000
0.95754032,0.00000000
0.94636299,0.00000000
0.96537721,0.00000000
0.95384365,0.00000000
0.94878225,0.00000000
0.97118069,0.00000000
0.93890986,0.00000000
0.95980198,0.00000000
0.95055553,0.00000000
0.95289838,0.00000000
0.94702173,0.00000000
0.95935821,0.00000000
0.96235664,0.00000000
0.95610122,0.00000000
0.96295335,0.00000000
0.97422164,0.00000000
0.95925424,0.00000000
0.94198966,0.00000000
0.94847094,0.00000000
0.96199229,0.00000000
0.95911949,0.00000000
0.96196803,0.00000000
0.95772969,0.00000000
0.96274940,0.00000000
0.95849911,0.00000000
0.95782720,0.00000000
0.98160383,0.00000000
0.93637668,0.00000000
0.94495032,0.00000000
0.93799795,0.00000000
0.96425993,0.00000000
0.93195845,0.00000000
0.95570538,0.00000000
0.94305743,0.00000000
0.96043567,0.00000000
0.95600627,0.00000000
0.95320064,0.00000000
0.95937504,0.00000000
0.94435320,0.00000000
0.94023681,0.00000000
0.96034753,0.00000000
0.95326209,0.00000000
0.93587569,0.00000000
0.94970022,0.00000000
0.94782815,0.00000000
0.95182105,0.00000000
0.94782902,0.00000000
0.95214800,0.00000000
0.95489744,0.00000000
0.94763105,0.00000000
0.94680270,0.00000000
0.93795918,0.00000000
0.95071578,0.00000000
0.95553859,0.00000000
0.93928699,0.00000000
0.96047879,0.00000000
0.94692068,0.00000000
0.94689753,0.00000000
0.93743369,0.00000000
0.95499825,0.00000000
0.94879819,0.00000000
0.92976253,0.00000000
0.95514973,0.00000000
0.92317496,0.00000000
0.95121874,0.00000000
0.94295030,0.00000000
0.94200670,0.00000000
0.93482078,0.00000000
0.92958147,0.00000000
0.96064774,0.00000000
0.94146935,0.00000000
0.93518241,0.00000000
0.94187499,0.00000000
0.93928093,0.00000000
0.94137487,0.00000000
0.96539693,0.00000000
0.93327742,0.00000000
0.94392158,0.00000000
0.95425914,0.00000000
0.94631014,0.00000000
0.94127078,0.00000000
0.94427551,0.00000000
0.95946202,0.00000000
0.95308217,0.00000000
0.94396904,0.00000000
0.94834622,0.00000000
0.93610818,0.00000000
0.94566539,0.00000000
0.95053484,0.00000000
0.93586436,0.00000000
0.94492708,0.00000000
0.93571669,0.00000000
0.94608145,0.00000000
0.94839812,0.00000000
0.96196714,0.00000000
0.94932561,0.00000000
0.94569831,0.00000000
0.91173243,0.00000000
0.95159761,0.00000000
0.94953954,0.00000000
0.94077786,0.00000000
0.93733248,0.00000000
0.95341686,0.00000000
0.97414813,0.00000000
0.95374252,0.00000000
0.94373328,0.00000000
0.87840508,0.00000000
0.90773035,0.00000000
0.92574134,0.00000000
0.91931869,0.00000000
0.87894767,0.00000000
0.46762932,0.00000000
0.30290847,0.00000000
0.24114561,0.00000000
0.19816799,0.00000000
0.19347517,0.00000000
0.16372139,0.00000000
0.08769950,0.00000000
0.04930097,0.00000000
0.02751042,0.00000000
0.02716295,0.00000000
0.02053808,0.00000000
0.00000000,0.00000000
0.00000000,0.00000000
0.00000000,0.00000000
0.00000000,0.00000000
0.00000000,0.00000000
0.00000000,0.00000000
0.00000000,0.00000000
0.00000000,0.00000000
0.00000000,0.00000000
0.00000000,0.00000000
0.00000000,0.00000000
0.00000000,0.00000000
0.20530046,0.00000000
0.48572547,0.00000000
0.88699593,0.00000000
0.94640233,0.00000000
0.97856400,0.00000000
0.95149941,0.00000000
0.95721400,0.00000000
0.95311197,0.00000000
0.90939991,0.00000000
0.93514232,0.00000000
0.95822728,0.00000000
0.94220732,0.00000000
0.97790088,0.00000000
0.96554566,0.00000000
0.93507184,0.00000000
0.94800924,0.00000000
0.95534732,0.00000000
0.93794338,0.00000000
0.94892853,0.00000000
0.94601489,0.00000000
0.96986400,0.00000000
0.97508941,0.00000000
0.94615732,0.00000000
0.93951924,0.00000000
0.94260812,0.00000000
0.94120437,0.00000000
0.92414741,0.00000000
0.94032123,0.00000000
0.94578997,0.00000000
0.94727803,0.00000000
0.94242380,0.00000000
0.94266117,0.00000000
0.94082635,0.00000000
0.94420173,0.00000000
0.94824934,0.00000000
0.94995302,0.00000000
0.92901371,0.00000000
0.93278968,0.00000000
0.95245444,0.00000000
0.95829319,0.00000000
0.95360571,0.00000000
0.93489125,0.00000000
0.95613079,0.00000000
0.94094826,0.00000000
0.94281433,0.00000000
0.93336954,0.00000000
0.94552866,0.00000000
0.94829878,0.00000000
0.94106472,0.00000000
0.93514865,0.00000000
0.93036817,0.00000000
0.93133048,0.00000000
0.93859306,0.00000000
0.92268319,0.00000000
0.89876322,0.00000000
0.89356420,0.00000000
0.88008329,0.00000000
0.88175515,0.00000000
0.86026618,0.00000000
0.73591983,0.00000000
0.69274365,0.00000000
0.72358171,0.00000000
0.95105988,0.00000000
0.95778223,0.00000000
0.96440499,0.00000000
0.95549094,0.00000000
0.95160005,0.00000000
0.95750692,0.00000000
0.94627860,0.00000000
0.95448850,0.00000000
0.95324557,0.00000000
0.95232468,0.00000000
0.92745942,0.00000000
0.93248348,0.00000000
0.91732374,0.00000000
0.93371163,0.00000000
0.93481791,0.00000000
0.93132130,0.00000000
0.93489325,0.00000000
0.94383798,0.00000000
0.95602630,0.00000000
0.95570376,0.00000000
0.94467663,0.00000000
0.94433589,0.00000000
0.94457636,0.00000000
0.94606334,0.00000000
0.95210272,0.00000000
0.91667590,0.00000000
0.93567248,0.00000000
0.90553845,0.00000000
0.91221938,0.00000000
0.96915072,0.00000000
0.96093950,0.00000000
0.93689926,0.00000000
0.94035954,0.00000000
0.93556709,0.00000000
0.96783984,0.00000000
0.94713346,0.00000000
0.97090375,0.00000000
0.95072835,0.00000000
0.96465990,0.00000000
0.96248281,0.00000000
0.95481329,0.00000000
0.94990235,0.00000000
0.95789240,0.00000000
0.94548836,0.00000000
0.96265255,0.00000000
0.94822127,0.00000000
0.92848785,0.00000000
0.95011486,0.00000000
0.92423621,0.00000000
0.93585595,0.00000000
0.94771551,0.00000000
0.93164634,0.00000000
0.92562309,0.00000000
0.92435054,0.00000000
0.93973018,0.00000000
0.92105860,0.00000000
0.94124733,0.00000000
0.91832619,0.00000000
0.91864090,0.00000000
0.91287955,0.00000000
0.91381722,0.00000000
0.92434425,0.00000000
0.92008461,0.00000000
0.94183317,0.00000000
0.91926414,0.00000000
0.90833393,0.00000000
0.91750104,0.00000000
0.90463155,0.00000000
0.91141148,0.00000000
0.93793198,0.00000000
0.91676378,0.00000000
0.91768755,0.00000000
0.92742915,0.00000000
0.91908872,0.00000000
0.92769636,0.00000000
0.92313651,0.00000000
0.95318861,0.00000000
0.96676682,0.00000000
0.96232807,0.00000000
0.99093368,0.00000000
0.95998474,0.00000000
0.97143714,0.00000000
0.95606659,0.00000000
0.94892973,0.00000000
0.95757778,0.00000000
0.95921819,0.00000000
0.95702822,0.00000000
0.95979083,0.00000000
0.94044678,0.00000000
0.95098281,0.00000000
0.93968589,0.00000000
0.95156000,0.00000000
0.95759592,0.00000000
0.94512348,0.00000000
0.94023833,0.00000000
0.96556259,0.00000000
0.95412359,0.00000000
0.93651559,0.00000000
0.96207711,0.00000000
0.96029436,0.00000000
0.96021456,0.00000000
0.93572488,0.00000000
0.93554119,0.00000000
0.92854905,0.00000000
0.91133001,0.00000000
0.93356666,0.00000000
0.93118326,0.00000000
0.92100948,0.00000000
0.94013561,0.00000000
0.95829193,0.00000000
0.93304479,0.00000000
0.93991976,0.00000000
0.94839467,0.00000000
0.93322451,0.00000000
0.93219099,0.00000000
0.94279585,0.00000000
0.93460215,0.00000000
0.93342432,0.00000000
0.92601642,0.00000000
0.93487053,0.00000000
0.94803686,0.00000000
0.92574612,0.00000000
0.94194383,0.00000000
0.93714331,0.00000000
0.93823409,0.00000000
0.92660756,0.00000000
0.94997663,0.00000000
0.93845760,0.00000000
0.93454104,0.00000000
0.93599917,0.00000000
0.95644168,0.00000000
0.93775313,0.00000000
0.94369076,0.00000000
0.93431769,0.00000000
0.94143004,0.00000000
0.92381975,0.00000000
0.93383109,0.00000000
0.94998656,0.00000000
0.94051538,0.00000000
0.92531551,0.00000000
0.93351702,0.00000000
0.93223276,0.00000000
0.95201709,0.00000000
0.94750574,0.00000000
0.92873112,0.00000000
0.92823367,0.00000000
0.92302681,0.00000000
0.92909985,0.00000000
0.91995464,0.00000000
0.92408687,0.00000000
0.94334596,0.00000000
0.93645038,0.00000000
0.93597732,0.00000000
0.94552043,0.00000000
0.93258356,0.00000000
0.93968320,0.00000000
0.93039420,0.00000000
0.93752238,0.00000000
0.94377564,0.00000000
0.94257123,0.00000000
0.93283121,0.00000000
0.94318645,0.00000000
0.92300775,0.00000000
0.94829264,0.00000000
0.93472817,0.00000000
0.92708084,0.00000000
0.93184014,0.00000000
0.93329467,0.00000000
0.93318078,0.00000000
0.95333935,0.00000000
0.92719949,0.00000000
0.93915146,0.00000000
0.95674099,0.00000000
0.94359676,0.00000000
0.93458156,0.00000000
0.90920030,0.00000000
0.95124974,0.00000000
0.94507662,0.00000000
0.94963691,0.00000000
0.93277429,0.00000000
0.95226782,0.00000000
0.93950750,0.00000000
0.94422322,0.00000000
0.95682721,0.00000000
0.95836583,0.00000000
0.95215713,0.00000000
0.94494111,0.00000000
0.94856083,0.00000000
0.94826193,0.00000000
0.96190680,0.00000000
0.93512725,0.00000000
0.96469644,0.00000000
0.94379627,0.00000000
0.95134558,0.00000000
0.95126386,0.00000000
0.92774738,0.00000000
0.92941520,0.00000000
0.93566915,0.00000000
0.92791376,0.00000000
0.93113800,0.00000000
0.92534081,0.00000000
0.93422398,0.00000000
0.94645052,0.00000000
0.93384542,0.00000000
0.93238055,0.00000000
0.92975292,0.00000000
0.95853347,0.00000000
0.94791672,0.00000000
0.94792531,0.00000000
0.93422057,0.00000000
0.92410952,0.00000000
0.94020656,0.00000000
0.93541570,0.00000000
0.92167571,0.00000000
0.92830962,0.00000000
0.94208829,0.00000000
0.92944802,0.00000000
0.92366464,0.00000000
0.94231710,0.00000000
0.92693441,0.00000000
0.94199800,0.00000000
0.94867437,0.00000000
0.94372791,0.00000000
0.94635250,0.00000000
0.95296351,0.00000000
0.93887146,0.00000000
0.92355660,0.00000000
0.95691196,0.00000000
0.93080031,0.00000000
0.93621753,0.00000000
0.93003985,0.00000000
0.93099224,0.00000000
0.93172294,0.00000000
0.94573968,0.00000000
0.93752696,0.00000000
0.90379552,0.00000000
0.91853800,0.00000000
0.91394516,0.00000000
0.91793495,0.00000000
0.93029122,0.00000000
0.94910629,0.00000000
0.92131812,0.00000000
0.92742450,0.00000000
0.93425224,0.00000000
0.90639221,0.00000000
0.93123401,0.00000000
0.92065921,0.00000000
0.91660640,0.00000000
0.95623631,0.00000000
0.91573731,0.00000000
0.91558858,0.00000000
0.91058899,0.00000000
0.92664504,0.00000000
0.92857718,0.00000000
0.92138162,0.00000000
0.92809187,0.00000000
0.94193426,0.00000000
0.92078563,0.00000000
0.91181343,0.00000000
0.93009465,0.00000000
0.92821420,0.00000000
0.92784503,0.00000000
0.94190717,0.00000000
0.93068373,0.00000000
0.95291778,0.00000000
0.95544938,0.00000000
0.93489717,0.00000000
0.94488385,0.00000000
0.92894685,0.00000000
0.93471498,0.00000000
0.94979577,0.00000000
0.94997784,0.00000000
0.92727170,0.00000000
0.92902071,0.00000000
0.92665562,0.00000000
0.93311138,0.00000000
0.92227516,0.00000000
0.93186695,0.00000000
0.92955549,0.00000000
0.93916186,0.00000000
0.92681378,0.00000000
0.93755039,0.00000000
0.92477242,0.00000000
0.92510036,0.00000000
0.93209130,0.00000000
0.94322532,0.00000000
0.92840875,0.00000000
0.94137743,0.00000000
0.94693053,0.00000000
0.95561277,0.00000000
0.94850562,0.00000000
0.94048766,0.00000000
0.95988134,0.00000000
0.93907071,0.00000000
0.92444565,0.00000000
0.93152832,0.00000000
0.95212720,0.00000000
0.94657683,0.00000000
0.93699997,0.00000000
0.94243638,0.00000000
0.93087757,0.00000000
0.94853344,0.00000000
0.93937834,0.00000000
0.93009583,0.00000000
0.94923887,0.00000000
0.92102906,0.00000000
0.94237050,0.00000000
0.94655465,0.00000000
0.94176854,0.00000000
0.95537730,0.00000000
0.93693709,0.00000000
0.95033596,0.00000000
0.93627625,0.00000000
0.94970375,0.00000000
0.92996922,0.00000000
0.92098115,0.00000000
0.95107617,0.00000000
0.94671220,0.00000000
0.92738014,0.00000000
0.93071464,0.00000000
0.94458987,0.00000000
0.91968907,0.00000000
0.92887396,0.00000000
0.91957432,0.00000000
0.93185650,0.00000000
0.94583227,0.00000000
0.94848272,0.00000000
0.94125316,0.00000000
0.94055655,0.00000000
0.95167378,0.00000000
