0.00000000,0.00000000
0.94024803,0.00000000
0.94622035,0.00000000
0.95220140,0.00000000
0.95098889,0.00000000
0.93356420,0.00000000
0.94058611,0.00000000
0.96106677,0.00000000
0.94935906,0.00000000
0.96833836,0.00000000
0.96679206,0.00000000
0.93860219,0.00000000
0.96274550,0.00000000
0.97913792,0.00000000
0.96273982,0.00000000
0.95484774,0.00000000
0.96351153,0.00000000
0.96356023,0.00000000
0.95105734,0.00000000
0.93475812,0.00000000
0.89221145,0.00000000
0.92689369,0.00000000
0.94476855,0.00000000
0.93664870,0.00000000
0.93664076,0.00000000
0.93834094,0.00000000
0.94633131,0.00000000
0.93350392,0.00000000
0.95480365,0.00000000
0.95156233,0.00000000
0.94443586,0.00000000
0.93768252,0.00000000
0.95345031,0.00000000
0.91057638,0.00000000
0.94442629,0.00000000
0.95328887,0.00000000
0.93637223,0.00000000
0.88627495,0.00000000
0.93258883,0.00000000
0.96406829,0.00000000
0.91225083,0.00000000
0.94037635,0.00000000
0.93336183,0.00000000
0.93382883,0.00000000
0.93680666,0.00000000
0.92863986,0.00000000
0.93724714,0.00000000
0.91153546,0.00000000
0.93531371,0.00000000
0.94612645,0.00000000
0.93760018,0.00000000
0.94520943,0.00000000
0.91410787,0.00000000
0.92647836,0.00000000
0.94661316,0.00000000
0.94635833,0.00000000
0.93457474,0.00000000
0.95232778,0.00000000
0.91117207,0.00000000
0.94972439,0.00000000
0.92007050,0.00000000
0.91341655,0.00000000
0.91403122,0.00000000
0.92476315,0.00000000
0.91620416,0.00000000
0.91952217,0.00000000
0.94817147,0.00000000
0.95706718,0.00000000
0.91530980,0.00000000
0.94766943,0.00000000
0.95944055,0.00000000
0.95943307,0.00000000
0.95939562,0.00000000
0.97574971,0.00000000
0.96070449,0.00000000
0.95918256,0.00000000
0.95676160,0.00000000
0.92351111,0.00000000
0.93554833,0.00000000
0.93984352,0.00000000
0.93980122,0.00000000
0.93201952,0.00000000
0.88641485,0.00000000
0.91678800,0.00000000
0.93203786,0.00000000
0.92533618,0.00000000
0.95948504,0.00000000
0.91105141,0.00000000
0.92283827,0.00000000
0.89007727,0.00000000
0.93830733,0.00000000
0.94858304,0.00000000
0.93749446,0.00000000
0.97245443,0.00000000
0.92193370,0.00000000
0.92499843,0.00000000
0.90848937,0.00000000
0.90609476,0.00000000
0.92435888,0.00000000
0.90651091,0.00000000
0.93674292,0.00000000
0.93223567,0.00000000
0.89348681,0.00000000
0.88074413,0.00000000
0.96111323,0.00000000
0.95490617,0.00000000
0.96329747,0.00000000
0.96736620,0.00000000
0.97836058,0.00000000
0.95124777,0.00000000
0.96888919,0.00000000
0.97789157,0.00000000
0.88813007,0.00000000
0.93775710,0.00000000
0.95012747,0.00000000
0.94388205,0.00000000
0.88782575,0.00000000
0.93490011,0.00000000
0.93978270,0.00000000
0.96151787,0.00000000
0.92427646,0.00000000
0.95020233,0.00000000
0.87832642,0.00000000
0.92341563,0.00000000
0.93704079,0.00000000
0.94266640,0.00000000
0.97132726,0.00000000
0.95347617,0.00000000
0.91738321,0.00000000
0.85797615,0.00000000
0.96401550,0.00000000
0.92159404,0.00000000
0.90846707,0.00000000
0.89939691,0.00000000
0.87070823,0.00000000
0.95575306,0.00000000
0.94957707,0.00000000
0.93917561,0.00000000
0.90720238,0.00000000
0.92164232,0.00000000
0.95607488,0.00000000
0.94878629,0.00000000
0.95455308,0.00000000
0.91087519,0.00000000
0.90048210,0.00000000
0.91048940,0.00000000
0.89290774,0.00000000
0.85171948,0.00000000
0.91114243,0.00000000
0.96994331,0.00000000
0.98960161,0.00000000
0.91539718,0.00000000
0.88908340,0.00000000
0.95499703,0.00000000
0.94153809,0.00000000
0.93977466,0.00000000
0.96144430,0.00000000
0.92139840,0.00000000
0.87994797,0.00000000
0.84041751,0.00000000
0.96572261,0.00000000
0.95281325,0.00000000
0.96245414,0.00000000
0.93437478,0.00000000
0.90064690,0.00000000
0.91937179,0.00000000
0.87092186,0.00000000
0.94286036,0.00000000
0.92644538,0.00000000
0.93019809,0.00000000
0.85870418,0.00000000
0.92007311,0.00000000
0.92947969,0.00000000
0.92519731,0.00000000
0.96907099,0.00000000
0.93075774,0.00000000
0.88233434,0.00000000
0.94241614,0.00000000
0.88983796,0.00000000
0.91158540,0.00000000
0.93530279,0.00000000
0.96067497,0.00000000
0.90386072,0.00000000
0.91351435,0.00000000
0.88869270,0.00000000
0.91118765,0.00000000
0.87830157,0.00000000
0.90048389,0.00000000
0.92659360,0.00000000
0.85475825,0.00000000
0.90662781,0.00000000
0.90983828,0.00000000
0.91827135,0.00000000
0.85789833,0.00000000
0.93495248,0.00000000
0.93021661,0.00000000
0.90740615,0.00000000
0.91513741,0.00000000
0.88641330,0.00000000
0.90077935,0.00000000
0.96605972,0.00000000
0.89485588,0.00000000
0.87915599,0.00000000
0.87972814,0.00000000
0.95347655,0.00000000
0.89287079,0.00000000
0.94622261,0.00000000
0.93595917,0.00000000
0.91173534,0.00000000
0.82159318,0.00000000
0.95456533,0.00000000
0.83564762,0.00000000
0.82865134,0.00000000
0.89744570,0.00000000
0.91483591,0.00000000
0.95841057,0.00000000
0.91975970,0.00000000
0.90440128,0.00000000
0.94263925,0.00000000
0.90559064,0.00000000
0.92852419,0.00000000
0.86579760,0.00000000
0.89031039,0.00000000
0.87236511,0.00000000
0.93968031,0.00000000
0.90447824,0.00000000
0.92614962,0.00000000
0.88719454,0.00000000
0.93765490,0.00000000
0.88800718,0.00000000
0.88478446,0.00000000
0.91869043,0.00000000
0.87964265,0.00000000
0.91508407,0.00000000
0.86352534,0.00000000
0.90641214,0.00000000
0.89626199,0.00000000
0.85573632,0.00000000
0.88575451,0.00000000
0.84867543,0.00000000
0.89066837,0.00000000
0.87707573,0.00000000
0.78993360,0.00000000
0.87641171,0.00000000
0.91714080,0.00000000
0.91422105,0.00000000
0.89565397,0.00000000
0.85975523,0.00000000
0.94183452,0.00000000
0.90772837,0.00000000
0.85528927,0.00000000
0.92591447,0.00000000
0.89664738,0.00000000
0.87561106,0.00000000
0.88602950,0.00000000
0.83698059,0.00000000
0.87370708,0.00000000
0.85090684,0.00000000
0.88989393,0.00000000
0.76620615,0.00000000
0.89719798,0.00000000
0.87923672,0.00000000
0.89504836,0.00000000
0.92115671,0.00000000
0.91343503,0.00000000
0.83984762,0.00000000
0.85742279,0.00000000
0.87453338,0.00000000
0.89742912,0.00000000
0.86609633,0.00000000
0.90339358,0.00000000
0.90650655,0.00000000
0.89983579,0.00000000
0.85005211,0.00000000
0.83671934,0.00000000
0.94949980,0.00000000
0.92988297,0.00000000
0.82228199,0.00000000
0.78818531,0.00000000
0.87944718,0.00000000
0.83771647,0.00000000
0.85924541,0.00000000
0.94503199,0.00000000
0.91381976,0.00000000
0.88918348,0.00000000
0.89235903,0.00000000
0.88906208,0.00000000
0.92353450,0.00000000
0.93115192,0.00000000
0.85829001,0.00000000
0.78804415,0.00000000
0.74412235,0.00000000
0.88265561,0.00000000
0.80521921,0.00000000
0.83057948,0.00000000
0.86605877,0.00000000
0.83085445,0.00000000
0.87488354,0.00000000
0.88274299,0.00000000
0.91277775,0.00000000
0.87699519,0.00000000
0.86623338,0.00000000
0.93207906,0.00000000
0.84071724,0.00000000
0.84348042,0.00000000
0.81794947,0.00000000
0.80034857,0.00000000
0.88701844,0.00000000
0.80801584,0.00000000
0.86629610,0.00000000
0.87762156,0.00000000
0.91361828,0.00000000
0.88928264,0.00000000
0.84422734,0.00000000
0.68262752,0.00000000
0.86729004,0.00000000
0.85527129,0.00000000
0.86477881,0.00000000
0.92341294,0.00000000
0.86458704,0.00000000
0.91823530,0.00000000
0.85145671,0.00000000
0.88138881,0.00000000
0.90190465,0.00000000
0.91964856,0.00000000
0.86538921,0.00000000
0.87773441,0.00000000
0.93798728,0.00000000
0.86948530,0.00000000
0.85243799,0.00000000
0.93929380,0.00000000
0.94945720,0.00000000
0.85205790,0.00000000
0.89629163,0.00000000
0.81059383,0.00000000
0.92757779,0.00000000
0.76040031,0.00000000
0.86247025,0.00000000
0.88984495,0.00000000
0.86629765,0.00000000
0.92552958,0.00000000
0.86426617,0.00000000
0.90392533,0.00000000
0.73112580,0.00000000
0.85945147,0.00000000
0.79037851,0.00000000
0.81909549,0.00000000
0.87134894,0.00000000
0.89021795,0.00000000
0.93415173,0.00000000
0.95663444,0.00000000
0.89964591,0.00000000
0.87601223,0.00000000
0.87327027,0.00000000
0.86630016,0.00000000
0.91063768,0.00000000
0.90807732,0.00000000
0.93493124,0.00000000
0.94973392,0.00000000
0.91453571,0.00000000
0.93946967,0.00000000
0.93619277,0.00000000
0.92986244,0.00000000
0.94304294,0.00000000
0.96063078,0.00000000
0.87574366,0.00000000
0.92040053,0.00000000
0.90521923,0.00000000
0.91191804,0.00000000
0.88499148,0.00000000
0.84014378,0.00000000
0.91940609,0.00000000
0.90350426,0.00000000
0.85267878,0.00000000
0.81567674,0.00000000
0.89393567,0.00000000
0.93274889,0.00000000
0.89507846,0.00000000
0.84868005,0.00000000
0.94056728,0.00000000
0.87442279,0.00000000
0.85991956,0.00000000
0.90485879,0.00000000
0.92047226,0.00000000
0.94871628,0.00000000
0.95971061,0.00000000
0.84398619,0.00000000
0.92486021,0.00000000
0.86648549,0.00000000
0.86566694,0.00000000
0.87168410,0.00000000
0.85907002,0.00000000
0.86644284,0.00000000
0.69700622,0.00000000
0.84513994,0.00000000
0.86773732,0.00000000
0.82376489,0.00000000
0.90601405,0.00000000
0.90476416,0.00000000
0.76710891,0.00000000
0.78235275,0.00000000
0.79174514,0.00000000
0.87310849,0.00000000
0.91765935,0.00000000
0.76324487,0.00000000
0.82936263,0.00000000
0.79884352,0.00000000
0.88126208,0.00000000
0.75964642,0.00000000
0.74119633,0.00000000
0.88836252,0.00000000
0.86171149,0.00000000
0.74604845,0.00000000
0.81033800,0.00000000
0.78191243,0.00000000
0.86261806,0.00000000
0.89048109,0.00000000
0.84704079,0.00000000
0.81802226,0.00000000
0.81670343,0.00000000
0.76361288,0.00000000
0.86253308,0.00000000
0.80368506,0.00000000
0.79358843,0.00000000
0.65081701,0.00000000
0.83915246,0.00000000
0.91378157,0.00000000
0.89130770,0.00000000
0.77323666,0.00000000
0.92504497,0.00000000
0.90087772,0.00000000
0.80232694,0.00000000
0.89815911,0.00000000
0.92378402,0.00000000
0.81375978,0.00000000
0.74567851,0.00000000
0.90413375,0.00000000
0.91019534,0.00000000
0.83937917,0.00000000
0.80922244,0.00000000
0.65279857,0.00000000
0.67437824,0.00000000
0.90960658,0.00000000
0.93164782,0.00000000
0.93310440,0.00000000
0.90994472,0.00000000
0.86440239,0.00000000
0.86367965,0.00000000
0.90992006,0.00000000
0.86367053,0.00000000
0.87248559,0.00000000
0.90323949,0.00000000
0.93612366,0.00000000
0.85488550,0.00000000
0.89174309,0.00000000
0.84268812,0.00000000
0.86835855,0.00000000
0.84607193,0.00000000
0.86394564,0.00000000
0.79415477,0.00000000
0.81707994,0.00000000
0.83555340,0.00000000
0.87620935,0.00000000
0.80555729,0.00000000
0.85529840,0.00000000
0.92574005,0.00000000
0.88048480,0.00000000
0.92706135,0.00000000
0.91369794,0.00000000
0.81635180,0.00000000
0.91847126,0.00000000
0.89724236,0.00000000
0.93302120,0.00000000
0.94395710,0.00000000
0.83648064,0.00000000
0.88981763,0.00000000
0.74370293,0.00000000
0.90073478,0.00000000
0.90009879,0.00000000
0.90981369,0.00000000
0.87809104,0.00000000
0.87341339,0.00000000
0.87086732,0.00000000
0.74192826,0.00000000
0.87667471,0.00000000
0.81615734,0.00000000
0.92888894,0.00000000
0.84845313,0.00000000
0.89758703,0.00000000
0.85812973,0.00000000
0.89572464,0.00000000
0.85048809,0.00000000
0.85771566,0.00000000
0.71601396,0.00000000
0.82963459,0.00000000
0.82159032,0.00000000
0.86467489,0.00000000
0.85214509,0.00000000
0.87644128,0.00000000
0.89333382,0.00000000
0.83044995,0.00000000
0.78242852,0.00000000
0.86613605,0.00000000
0.84299507,0.00000000
0.86186377,0.00000000
0.92337930,0.00000000
0.85756629,0.00000000
0.79760499,0.00000000
0.82218332,0.00000000
0.82658064,0.00000000
0.86870504,0.00000000
0.85504446,0.00000000
0.85707647,0.00000000
0.74976108,0.00000000
0.78396062,0.00000000
0.87206423,0.00000000
0.79760159,0.00000000
0.89026868,0.00000000
0.84453414,0.00000000
0.80210252,0.00000000
0.81517465,0.00000000
0.71214673,0.00000000
0.85743493,0.00000000
0.77767990,0.00000000
0.84071535,0.00000000
0.86583215,0.00000000
0.86014327,0.00000000
0.80331067,0.00000000
0.89962813,0.00000000
0.88986963,0.00000000
0.83971721,0.00000000
0.89723595,0.00000000
0.93703218,0.00000000
0.87680313,0.00000000
0.83021974,0.00000000
0.88900970,0.00000000
0.86603532,0.00000000
0.85210233,0.00000000
0.82818746,0.00000000
0.76462634,0.00000000
0.76512529,0.00000000
0.80810308,0.00000000
0.82307205,0.00000000
0.83520293,0.00000000
0.80699058,0.00000000
0.79469765,0.00000000
0.85602679,0.00000000
0.76992403,0.00000000
0.75882451,0.00000000
0.69234827,0.00000000
0.73131287,0.00000000
0.85904563,0.00000000
0.88484263,0.00000000
0.81438766,0.00000000
0.84858361,0.00000000
0.91911066,0.00000000
0.84407499,0.00000000
0.85252361,0.00000000
0.88054402,0.00000000
0.85830084,0.00000000
0.86158371,0.00000000
0.85087747,0.00000000
0.76676191,0.00000000
0.85163357,0.00000000
0.83357394,0.00000000
0.78727036,0.00000000
0.82650230,0.00000000
0.83508675,0.00000000
0.92376485,0.00000000
0.82503191,0.00000000
0.74399950,0.00000000
0.86658851,0.00000000
0.86605122,0.00000000
0.93006127,0.00000000
0.83214585,0.00000000
0.83169500,0.00000000
0.80127453,0.00000000
0.81071400,0.00000000
0.82733687,0.00000000
0.75524602,0.00000000
0.85113522,0.00000000
0.80439830,0.00000000
0.80822125,0.00000000
0.79748287,0.00000000
0.80026870,0.00000000
0.84653938,0.00000000
0.78869150,0.00000000
0.88183461,0.00000000
0.86838911,0.00000000
0.77904216,0.00000000
0.74587809,0.00000000
0.88762107,0.00000000
0.88279438,0.00000000
0.88914738,0.00000000
0.82294232,0.00000000
0.81230388,0.00000000
0.78484008,0.00000000
0.79392648,0.00000000
0.82287673,0.00000000
0.81082919,0.00000000
0.88216341,0.00000000
0.69280533,0.00000000
0.85923430,0.00000000
0.88409864,0.00000000
0.80073129,0.00000000
0.89073799,0.00000000
0.78366287,0.00000000
0.89957852,0.00000000
0.83527757,0.00000000
0.85179645,0.00000000
0.83250633,0.00000000
0.86701316,0.00000000
0.80327651,0.00000000
0.85805797,0.00000000
0.84664791,0.00000000
0.81065966,0.00000000
0.81351534,0.00000000
0.84557966,0.00000000
0.79905710,0.00000000
0.83847419,0.00000000
0.71185026,0.00000000
0.79887016,0.00000000
0.78096752,0.00000000
0.75318295,0.00000000
0.83355526,0.00000000
0.78866253,0.00000000
0.80997997,0.00000000
0.83993585,0.00000000
0.74503646,0.00000000
0.79115238,0.00000000
0.82704402,0.00000000
0.80510232,0.00000000
0.78827326,0.00000000
0.85176513,0.00000000
0.93788356,0.00000000
0.84750036,0.00000000
0.78853342,0.00000000
0.84142718,0.00000000
0.83906427,0.00000000
0.84860761,0.00000000
0.83921960,0.00000000
0.83642518,0.00000000
0.86263549,0.00000000
0.88043300,0.00000000
0.75627411,0.00000000
0.81164876,0.00000000
0.74994255,0.00000000
0.79610290,0.00000000
0.68042853,0.00000000
0.76997438,0.00000000
0.78583337,0.00000000
0.72285846,0.00000000
0.86350078,0.00000000
0.85010263,0.00000000
0.91989408,0.00000000
0.82463310,0.00000000
0.89417127,0.00000000
0.78703251,0.00000000
0.81333015,0.00000000
0.72914205,0.00000000
0.80149970,0.00000000
0.70794965,0.00000000
0.80642591,0.00000000
0.78324697,0.00000000
0.88405863,0.00000000
0.77789009,0.00000000
0.71916036,0.00000000
0.80897487,0.00000000
0.73777071,0.00000000
0.85235527,0.00000000
0.83594779,0.00000000
0.84473788,0.00000000
0.70927828,0.00000000
0.89931270,0.00000000
0.73220674,0.00000000
0.77482012,0.00000000
0.72641045,0.00000000
0.83780625,0.00000000
0.83902998,0.00000000
0.74766175,0.00000000
0.82142651,0.00000000
0.73947385,0.00000000
0.82850045,0.00000000
0.91440811,0.00000000
0.81455386,0.00000000
0.74297480,0.00000000
0.66024727,0.00000000
0.66339891,0.00000000
0.87916362,0.00000000
0.86754496,0.00000000
0.86325731,0.00000000
0.82097847,0.00000000
0.82980671,0.00000000
0.78884621,0.00000000
0.77122974,0.00000000
0.73150433,0.00000000
0.79320288,0.00000000
0.80038730,0.00000000
0.83249057,0.00000000
0.75408467,0.00000000
0.81033638,0.00000000
0.69910646,0.00000000
0.80063153,0.00000000
0.81727885,0.00000000
0.80797494,0.00000000
0.81093648,0.00000000
0.82599870,0.00000000
0.88033596,0.00000000
0.84575850,0.00000000
0.80406950,0.00000000
0.86874263,0.00000000
0.80713047,0.00000000
0.82646343,0.00000000
0.77117577,0.00000000
0.79423341,0.00000000
0.77558949,0.00000000
0.63647918,0.00000000
0.79059916,0.00000000
0.75046331,0.00000000
0.79366323,0.00000000
0.80124696,0.00000000
0.80513931,0.00000000
0.83035614,0.00000000
0.83154327,0.00000000
0.84284155,0.00000000
0.78722441,0.00000000
0.85427010,0.00000000
0.83224104,0.00000000
0.84752578,0.00000000
0.85880205,0.00000000
0.80510960,0.00000000
0.85357770,0.00000000
0.86281082,0.00000000
0.92939518,0.00000000
0.85161035,0.00000000
0.87160988,0.00000000
0.91232130,0.00000000
0.90551483,0.00000000
0.90615458,0.00000000
0.89676372,0.00000000
0.83359188,0.00000000
0.89751944,0.00000000
0.94063824,0.00000000
0.91163882,0.00000000
0.94654464,0.00000000
0.96256802,0.00000000
0.88526926,0.00000000
0.87254742,0.00000000
0.93976171,0.00000000
0.90536477,0.00000000
0.88463156,0.00000000
0.83717843,0.00000000
0.84959865,0.00000000
0.91213859,0.00000000
0.80998766,0.00000000
0.86304748,0.00000000
0.83281292,0.00000000
0.93321472,0.00000000
0.93014085,0.00000000
0.95402589,0.00000000
0.93751917,0.00000000
0.87694544,0.00000000
0.96318400,0.00000000
0.91182389,0.00000000
0.88516886,0.00000000
0.88503162,0.00000000
0.84833819,0.00000000
0.90688727,0.00000000
0.88860548,0.00000000
0.87257127,0.00000000
0.83134006,0.00000000
0.82427475,0.00000000
0.89774892,0.00000000
0.85888618,0.00000000
0.82939941,0.00000000
0.82806154,0.00000000
0.81435016,0.00000000
0.85056342,0.00000000
0.89286017,0.00000000
0.85269044,0.00000000
0.88970511,0.00000000
0.84119054,0.00000000
0.81562697,0.00000000
0.88699077,0.00000000
0.87201461,0.00000000
0.84601253,0.00000000
0.93246519,0.00000000
0.86814697,0.00000000
0.94283574,0.00000000
0.80443554,0.00000000
0.86116724,0.00000000
0.89237264,0.00000000
0.93646395,0.00000000
0.86531114,0.00000000
0.85562892,0.00000000
0.85157620,0.00000000
0.77691946,0.00000000
0.87144534,0.00000000
0.85648953,0.00000000
0.90993021,0.00000000
0.95494769,0.00000000
0.93274084,0.00000000
0.91531974,0.00000000
0.92929666,0.00000000
0.80146471,0.00000000
0.90202104,0.00000000
0.91133147,0.00000000
0.87831971,0.00000000
0.91801641,0.00000000
0.90378330,0.00000000
0.88538110,0.00000000
0.82158840,0.00000000
0.93659185,0.00000000
0.95214204,0.00000000
0.96385355,0.00000000
0.90950461,0.00000000
0.86486251,0.00000000
0.85501184,0.00000000
0.83903704,0.00000000
0.78610129,0.00000000
0.79719050,0.00000000
0.83813617,0.00000000
0.88716272,0.00000000
0.82606677,0.00000000
0.89234023,0.00000000
0.89439590,0.00000000
0.85276693,0.00000000
0.75341481,0.00000000
0.81155209,0.00000000
0.83704079,0.00000000
0.89987028,0.00000000
0.92156041,0.00000000
0.89592087,0.00000000
0.82174778,0.00000000
0.91542488,0.00000000
0.91333210,0.00000000
0.86740529,0.00000000
0.90300414,0.00000000
0.88193826,0.00000000
0.86558013,0.00000000
0.89133329,0.00000000
0.84667031,0.00000000
0.94620717,0.00000000
0.89732439,0.00000000
0.91043363,0.00000000
0.84876622,0.00000000
0.92322481,0.00000000
0.79461458,0.00000000
0.91096713,0.00000000
0.87989853,0.00000000
0.71768461,0.00000000
0.86790275,0.00000000
0.80497461,0.00000000
0.83284015,0.00000000
0.90214639,0.00000000
0.85894851,0.00000000
0.89209237,0.00000000
0.92918016,0.00000000
0.86114960,0.00000000
0.88846700,0.00000000
0.86882411,0.00000000
0.93971584,0.00000000
0.95873780,0.00000000
0.96342965,0.00000000
0.89316292,0.00000000
0.94793636,0.00000000
0.94511792,0.00000000
0.92517463,0.00000000
0.90744784,0.00000000
0.90244961,0.00000000
0.94671316,0.00000000
0.93812909,0.00000000
0.87399992,0.00000000
0.91436643,0.00000000
0.90471440,0.00000000
0.84920293,0.00000000
0.94801186,0.00000000
0.96968302,0.00000000
0.93583062,0.00000000
0.95416373,0.00000000
0.89431288,0.00000000
0.93367896,0.00000000
0.91857689,0.00000000
0.93717476,0.00000000
0.90023916,0.00000000
0.87443878,0.00000000
0.79653021,0.00000000
0.95067756,0.00000000
0.91548369,0.00000000
0.89035971,0.00000000
0.78277999,0.00000000
0.87697154,0.00000000
0.90597922,0.00000000
0.83945268,0.00000000
0.96022659,0.00000000
0.92622817,0.00000000
0.89157164,0.00000000
0.89596347,0.00000000
0.89951506,0.00000000
0.93990958,0.00000000
0.96212042,0.00000000
0.89397525,0.00000000
0.91099401,0.00000000
0.84396691,0.00000000
0.88245153,0.00000000
0.75623397,0.00000000
0.93877249,0.00000000
0.75420354,0.00000000
0.96802690,0.00000000
0.93457462,0.00000000
0.89887523,0.00000000
0.85147438,0.00000000
0.91536869,0.00000000
0.89488411,0.00000000
0.91055439,0.00000000
0.93051766,0.00000000
0.91194472,0.00000000
0.93570040,0.00000000
0.82362854,0.00000000
0.91996897,0.00000000
0.74991876,0.00000000
0.90831097,0.00000000
0.91023762,0.00000000
0.69507584,0.00000000
0.90843014,0.00000000
0.80750826,0.00000000
0.92058066,0.00000000
0.92516306,0.00000000
0.91638410,0.00000000
0.88946876,0.00000000
0.91962903,0.00000000
0.94827838,0.00000000
0.85149707,0.00000000
0.88782668,0.00000000
0.88998753,0.00000000
0.88630324,0.00000000
0.93216508,0.00000000
0.90480835,0.00000000
0.93717255,0.00000000
0.87405452,0.00000000
0.95006293,0.00000000
0.91232578,0.00000000
0.82245689,0.00000000
0.86939933,0.00000000
0.89485187,0.00000000
0.91196417,0.00000000
0.90193925,0.00000000
0.94131658,0.00000000
0.95396087,0.00000000
0.89511115,0.00000000
0.92300829,0.00000000
0.90249545,0.00000000
0.89854739,0.00000000
0.87888285,0.00000000
0.91944765,0.00000000
0.87033977,0.00000000
0.92496278,0.00000000
0.93554158,0.00000000
0.89887353,0.00000000
0.90372425,0.00000000
0.85897825,0.00000000
0.87917347,0.00000000
0.96392430,0.00000000
0.80603955,0.00000000
0.91450068,0.00000000
0.87720605,0.00000000
0.97639773,0.00000000
0.91155760,0.00000000
0.94956479,0.00000000
0.91719123,0.00000000
0.92705317,0.00000000
0.81219186,0.00000000
0.92509458,0.00000000
0.88316009,0.00000000
0.90376331,0.00000000
0.77534473,0.00000000
0.93943390,0.00000000
0.92388362,0.00000000
0.96854570,0.00000000
0.94417678,0.00000000
0.90435995,0.00000000
0.83960883,0.00000000
0.88437532,0.00000000
0.80144559,0.00000000
0.88440502,0.00000000
0.91463632,0.00000000
0.90661805,0.00000000
0.94133836,0.00000000
0.85859188,0.00000000
0.96903348,0.00000000
0.91043477,0.00000000
0.88973580,0.00000000
0.92661217,0.00000000
0.93446541,0.00000000
0.91566579,0.00000000
0.85108721,0.00000000
0.95985184,0.00000000
0.95792078,0.00000000
0.93718534,0.00000000
0.95459094,0.00000000
0.82699684,0.00000000
0.89496481,0.00000000
0.88738688,0.00000000
0.89124582,0.00000000
0.95681575,0.00000000
0.96599355,0.00000000
0.91884461,0.00000000
0.93522305,0.00000000
0.94727604,0.00000000
0.88003974,0.00000000
0.91285867,0.00000000
0.87235328,0.00000000
0.86084831,0.00000000
0.85713770,0.00000000
0.93391200,0.00000000
0.96127901,0.00000000
0.96742734,0.00000000
0.90341102,0.00000000
0.91249431,0.00000000
0.96773314,0.00000000
0.90655981,0.00000000
0.94892546,0.00000000
0.88973186,0.00000000
0.96144077,0.00000000
0.92163780,0.00000000
0.93849565,0.00000000
0.92684031,0.00000000
0.94551927,0.00000000
0.99210256,0.00000000
0.96385225,0.00000000
0.92997961,0.00000000
0.95413126,0.00000000
0.95541276,0.00000000
0.93334040,0.00000000
0.88379760,0.00000000
0.85582454,0.00000000
0.95589803,0.00000000
0.95197769,0.00000000
0.92008212,0.00000000
0.94052839,0.00000000
0.90906489,0.00000000
0.91445357,0.00000000
0.91595562,0.00000000
0.91704934,0.00000000
0.92818635,0.00000000
0.93473926,0.00000000
0.92900616,0.00000000
0.92767592,0.00000000
0.89260094,0.00000000
0.78619886,0.00000000
0.74436301,0.00000000
0.90666069,0.00000000
0.94271837,0.00000000
0.95787464,0.00000000
0.93147997,0.00000000
0.92980217,0.00000000
0.92636850,0.00000000
0.93476958,0.00000000
0.89197726,0.00000000
0.95183564,0.00000000
0.82219676,0.00000000
0.91956810,0.00000000
0.91709462,0.00000000
0.94191980,0.00000000
0.92786680,0.00000000
0.89108871,0.00000000
0.89908518,0.00000000
0.89341695,0.00000000
0.91668508,0.00000000
0.90776400,0.00000000
0.90336712,0.00000000
0.91674145,0.00000000
0.90268244,0.00000000
0.92343681,0.00000000
0.92107171,0.00000000
0.92996207,0.00000000
0.94711690,0.00000000
0.91036698,0.00000000
0.95524897,0.00000000
0.93513796,0.00000000
0.88846414,0.00000000
0.83833026,0.00000000
0.93223959,0.00000000
0.93319287,0.00000000
0.88901485,0.00000000
0.93728267,0.00000000
0.90908312,0.00000000
0.93519620,0.00000000
0.93171121,0.00000000
0.93065536,0.00000000
0.96060271,0.00000000
0.97439000,0.00000000
0.97024095,0.00000000
0.93122980,0.00000000
0.92382595,0.00000000
0.97185929,0.00000000
0.92317537,0.00000000
0.94924430,0.00000000
0.95505080,0.00000000
0.91707670,0.00000000
0.96171966,0.00000000
0.85785561,0.00000000
0.95021040,0.00000000
0.91513835,0.00000000
0.92070407,0.00000000
0.91905805,0.00000000
0.94260424,0.00000000
0.91183389,0.00000000
0.84885644,0.00000000
0.76524535,0.00000000
0.90000569,0.00000000
0.87970938,0.00000000
0.97183372,0.00000000
0.93531853,0.00000000
0.89990749,0.00000000
0.94528149,0.00000000
0.89983864,0.00000000
0.92253348,0.00000000
0.95655247,0.00000000
0.91182572,0.00000000
0.92472276,0.00000000
0.91152259,0.00000000
0.85724256,0.00000000
0.93551103,0.00000000
0.92062321,0.00000000
0.80718907,0.00000000
0.89616795,0.00000000
0.75146379,0.00000000
0.90624314,0.00000000
0.77988769,0.00000000
0.93030586,0.00000000
0.86969814,0.00000000
0.89115378,0.00000000
0.87455520,0.00000000
0.91523826,0.00000000
0.86192954,0.00000000
0.90032799,0.00000000
0.93748973,0.00000000
0.93219984,0.00000000
0.83795360,0.00000000
0.87778148,0.00000000
0.83048418,0.00000000
0.87865728,0.00000000
0.81939289,0.00000000
0.88333673,0.00000000
0.85933208,0.00000000
0.90432898,0.00000000
0.86257828,0.00000000
0.88623707,0.00000000
0.89451764,0.00000000
0.90701023,0.00000000
0.90007850,0.00000000
0.95619262,0.00000000
0.88555963,0.00000000
0.96325360,0.00000000
0.93230504,0.00000000
0.90640704,0.00000000
0.94942704,0.00000000
0.91197744,0.00000000
0.91168347,0.00000000
0.89596666,0.00000000
0.90540373,0.00000000
0.91203476,0.00000000
0.90833562,0.00000000
0.92794841,0.00000000
0.91710094,0.00000000
0.89054783,0.00000000
0.90423390,0.00000000
0.88002932,0.00000000
0.87394695,0.00000000
0.86709206,0.00000000
0.85026997,0.00000000
0.92952370,0.00000000
0.89150075,0.00000000
0.90085205,0.00000000
0.90743386,0.00000000
0.95029433,0.00000000
0.96076908,0.00000000
0.94638074,0.00000000
0.87289860,0.00000000
0.91869871,0.00000000
0.84335558,0.00000000
0.93732914,0.00000000
0.90135362,0.00000000
0.89281968,0.00000000
0.94753665,0.00000000
0.91897360,0.00000000
0.93077457,0.00000000
0.94063411,0.00000000
0.91663448,0.00000000
0.92478669,0.00000000
0.90399598,0.00000000
0.85924912,0.00000000
0.88898673,0.00000000
0.91256624,0.00000000
0.90140385,0.00000000
0.81989275,0.00000000
0.89535174,0.00000000
0.83202249,0.00000000
0.88929922,0.00000000
0.91680530,0.00000000
0.84672183,0.00000000
0.94987738,0.00000000
0.91870954,0.00000000
0.88212317,0.00000000
0.89520389,0.00000000
0.91623372,0.00000000
0.93344289,0.00000000
0.89834088,0.00000000
0.92846687,0.00000000
0.78407100,0.00000000
0.86184034,0.00000000
0.85828637,0.00000000
0.92344375,0.00000000
0.85996959,0.00000000
0.92277009,0.00000000
0.86740890,0.00000000
0.89082477,0.00000000
0.94534754,0.00000000
0.84927988,0.00000000
0.86485826,0.00000000
0.87911469,0.00000000
0.91784583,0.00000000
0.88675954,0.00000000
0.89701930,0.00000000
0.90100893,0.00000000
0.79894436,0.00000000
0.83548616,0.00000000
0.77743875,0.00000000
0.83292891,0.00000000
0.82552188,0.00000000
0.80644039,0.00000000
0.82400828,0.00000000
0.83515364,0.00000000
0.83835550,0.00000000
0.79916091,0.00000000
0.80095208,0.00000000
0.75195858,0.00000000
0.83918605,0.00000000
0.79164520,0.00000000
0.81728218,0.00000000
0.84303296,0.00000000
0.80538912,0.00000000
0.79463482,0.00000000
0.81175641,0.00000000
0.91446543,0.00000000
0.89891441,0.00000000
0.92414581,0.00000000
0.90544987,0.00000000
0.90189422,0.00000000
0.81778724,0.00000000
0.76587649,0.00000000
0.84922935,0.00000000
0.89337924,0.00000000
0.90740701,0.00000000
0.94842787,0.00000000
0.93350516,0.00000000
0.97472272,0.00000000
0.96825409,0.00000000
0.92455262,0.00000000
0.87933622,0.00000000
0.88362984,0.00000000
0.87602762,0.00000000
0.92217933,0.00000000
0.90186288,0.00000000
0.90465890,0.00000000
0.85570697,0.00000000
0.83318626,0.00000000
0.88149160,0.00000000
0.87863705,0.00000000
0.84590019,0.00000000
0.86604358,0.00000000
0.87026047,0.00000000
0.84608380,0.00000000
0.88366131,0.00000000
0.84308392,0.00000000
0.85556466,0.00000000
0.87433157,0.00000000
0.82986382,0.00000000
0.80624808,0.00000000
0.85020728,0.00000000
0.84055688,0.00000000
0.86802674,0.00000000
0.89440893,0.00000000
0.83308442,0.00000000
0.87062018,0.00000000
0.87856649,0.00000000
0.88684886,0.00000000
0.86136861,0.00000000
0.86470657,0.00000000
0.88242365,0.00000000
0.94354098,0.00000000
0.90277860,0.00000000
0.88348472,0.00000000
0.88017863,0.00000000
0.95222272,0.00000000
0.91350142,0.00000000
0.92292142,0.00000000
0.87584486,0.00000000
0.91202338,0.00000000
0.88044412,0.00000000
0.91621949,0.00000000
0.91131872,0.00000000
0.88919406,0.00000000
0.87228976,0.00000000
0.81196658,0.00000000
0.86809098,0.00000000
0.83664402,0.00000000
0.82860334,0.00000000
0.81900432,0.00000000
0.89626897,0.00000000
0.94845930,0.00000000
0.87323363,0.00000000
0.93038093,0.00000000
0.87166896,0.00000000
0.88299168,0.00000000
0.83014239,0.00000000
0.91254932,0.00000000
0.87204045,0.00000000
0.80874447,0.00000000
0.89084322,0.00000000
0.90756630,0.00000000
0.94292728,0.00000000
0.92830605,0.00000000
0.85361506,0.00000000
0.74152868,0.00000000
0.91126624,0.00000000
0.90808606,0.00000000
0.95044233,0.00000000
0.88458654,0.00000000
0.94195528,0.00000000
0.96723945,0.00000000
0.93644819,0.00000000
0.96050383,0.00000000
0.91508832,0.00000000
0.94628092,0.00000000
0.92961394,0.00000000
0.90400056,0.00000000
0.93877584,0.00000000
0.96335847,0.00000000
0.94026398,0.00000000
0.89416482,0.00000000
0.93182542,0.00000000
0.92739768,0.00000000
0.90202393,0.00000000
0.91747954,0.00000000
0.87934509,0.00000000
0.93576103,0.00000000
0.91736959,0.00000000
0.94710953,0.00000000
0.92413903,0.00000000
0.90298351,0.00000000
0.94994692,0.00000000
0.93630727,0.00000000
0.86931282,0.00000000
0.91699825,0.00000000
0.94070037,0.00000000
0.88829426,0.00000000
0.95450580,0.00000000
0.88722775,0.00000000
0.94190832,0.00000000
0.94076907,0.00000000
0.90330927,0.00000000
0.94095923,0.00000000
0.91628469,0.00000000
0.92177583,0.00000000
0.90393632,0.00000000
0.89737728,0.00000000
0.88969750,0.00000000
0.91265621,0.00000000
0.90596162,0.00000000
0.90114484,0.00000000
0.90780351,0.00000000
0.90948024,0.00000000
0.89957170,0.00000000
0.89716667,0.00000000
0.94193625,0.00000000
0.95081122,0.00000000
0.91146401,0.00000000
0.93646417,0.00000000
0.95089521,0.00000000
0.92690157,0.00000000
0.88583962,0.00000000
0.90059945,0.00000000
0.90021463,0.00000000
0.93531575,0.00000000
0.94304014,0.00000000
0.91875924,0.00000000
0.95175010,0.00000000
0.95508473,0.00000000
0.92279444,0.00000000
0.94280423,0.00000000
0.93513142,0.00000000
0.91743256,0.00000000
0.94252031,0.00000000
0.90464104,0.00000000
0.96443425,0.00000000
0.92007098,0.00000000
0.94188641,0.00000000
0.94689029,0.00000000
0.93355362,0.00000000
0.95508366,0.00000000
0.96033838,0.00000000
0.90866718,0.00000000
0.90311125,0.00000000
0.96376784,0.00000000
0.95954198,0.00000000
0.93034143,0.00000000
0.91764725,0.00000000
0.89292840,0.00000000
0.94112877,0.00000000
0.94938198,0.00000000
0.97232527,0.00000000
0.92358237,0.00000000
0.98328348,0.00000000
0.95086393,0.00000000
0.93927769,0.00000000
0.95583269,0.00000000
0.95537953,0.00000000
0.93853113,0.00000000
0.95181592,0.00000000
0.97313518,0.00000000
0.92734245,0.00000000
0.94114713,0.00000000
0.94989316,0.00000000
0.93789258,0.00000000
0.98088562,0.00000000
0.94372123,0.00000000
0.96841700,0.00000000
0.94638882,0.00000000
0.92303255,0.00000000
0.93348098,0.00000000
0.93038494,0.00000000
0.95774293,0.00000000
0.93057025,0.00000000
0.93344421,0.00000000
0.95324814,0.00000000
0.95339554,0.00000000
0.96404178,0.00000000
0.95255490,0.00000000
0.94940391,0.00000000
0.93368459,0.00000000
0.95035732,0.00000000
0.97720660,0.00000000
0.92830277,0.00000000
0.95260542,0.00000000
0.93831713,0.00000000
0.95754160,0.00000000
0.96601507,0.00000000
0.97616919,0.00000000
0.95658502,0.00000000
0.93740314,0.00000000
0.94887866,0.00000000
0.93935189,0.00000000
0.91046153,0.00000000
0.96728762,0.00000000
0.94283707,0.00000000
0.96425222,0.00000000
0.95305291,0.00000000
0.95373426,0.00000000
0.95852303,0.00000000
0.94842799,0.00000000
0.92656835,0.00000000
0.96638705,0.00000000
0.93747254,0.00000000
0.96904509,0.00000000
0.92210155,0.00000000
0.95096497,0.00000000
0.92200253,0.00000000
0.95849895,0.00000000
0.92352164,0.00000000
0.95895876,0.00000000
0.93679573,0.00000000
0.93164118,0.00000000
0.94932632,0.00000000
0.93345129,0.00000000
0.92937141,0.00000000
0.94750045,0.00000000
0.95342322,0.00000000
0.94382164,0.00000000
0.97662512,0.00000000
0.93811944,0.00000000
0.93634122,0.00000000
0.93502186,0.00000000
0.95022931,0.00000000
0.93775426,0.00000000
0.92202532,0.00000000
0.96287945,0.00000000
0.95257440,0.00000000
0.93385418,0.00000000
0.96618236,0.00000000
0.95451829,0.00000000
0.96144617,0.00000000
0.98194792,0.00000000
0.97198739,0.00000000
0.95886690,0.00000000
0.96505186,0.00000000
0.92748809,0.00000000
0.92456037,0.00000000
0.93471401,0.00000000
0.92432278,0.00000000
0.92245650,0.00000000
0.91074165,0.00000000
0.93503428,0.00000000
0.92189823,0.00000000
0.92328755,0.00000000
0.94311422,0.00000000
0.89864424,0.00000000
0.93113319,0.00000000
0.93145935,0.00000000
0.93796553,0.00000000
0.92807397,0.00000000
0.93759908,0.00000000
0.93430095,0.00000000
0.91798531,0.00000000
0.94484493,0.00000000
0.95444912,0.00000000
0.95506928,0.00000000
0.94105974,0.00000000
0.94169748,0.00000000
0.93065505,0.00000000
0.95161493,0.00000000
0.94966232,0.00000000
0.95325093,0.00000000
0.95393839,0.00000000
0.94282225,0.00000000
0.93920849,0.00000000
0.92812494,0.00000000
0.92472646,0.00000000
0.93095341,0.00000000
0.91064394,0.00000000
0.94097992,0.00000000
0.93284281,0.00000000
0.91246365,0.00000000
0.92633171,0.00000000
0.94475963,0.00000000
0.93542154,0.00000000
0.95568285,0.00000000
0.93867193,0.00000000
0.95651936,0.00000000
0.89976589,0.00000000
0.95900572,0.00000000
0.95807850,0.00000000
0.93536752,0.00000000
0.96922770,0.00000000
0.92337800,0.00000000
0.93205520,0.00000000
0.92996828,0.00000000
0.93210101,0.00000000
0.90645505,0.00000000
0.97106332,0.00000000
0.92483847,0.00000000
0.94242623,0.00000000
0.95130080,0.00000000
0.95368656,0.00000000
0.93184729,0.00000000
0.93239008,0.00000000
0.95650776,0.00000000
0.96608646,0.00000000
0.97278164,0.00000000
0.94637599,0.00000000
0.92943903,0.00000000
0.95544798,0.00000000
0.96124651,0.00000000
0.96482148,0.00000000
0.94784010,0.00000000
0.93509998,0.00000000
0.90352690,0.00000000
0.91074012,0.00000000
0.90326398,0.00000000
0.93977541,0.00000000
0.92466467,0.00000000
0.90870759,0.00000000
0.91894270,0.00000000
0.90141909,0.00000000
0.91485764,0.00000000
0.90881134,0.00000000
0.93575012,0.00000000
0.92559710,0.00000000
0.90027981,0.00000000
0.87413655,0.00000000
0.91080853,0.00000000
0.92717757,0.00000000
0.95547305,0.00000000
0.95032991,0.00000000
0.91988369,0.00000000
0.91009385,0.00000000
0.88369094,0.00000000
0.91160063,0.00000000
0.90932486,0.00000000
0.92923247,0.00000000
0.89432406,0.00000000
0.90065953,0.00000000
0.90855111,0.00000000
0.89555390,0.00000000
0.89733091,0.00000000
0.87850930,0.00000000
0.90070942,0.00000000
0.93586829,0.00000000
0.90679650,0.00000000
0.92289690,0.00000000
0.92321720,0.00000000
0.93690738,0.00000000
0.93668486,0.00000000
0.96526585,0.00000000
0.94946253,0.00000000
0.94872527,0.00000000
0.93476523,0.00000000
0.91987355,0.00000000
0.93509288,0.00000000
0.91637372,0.00000000
0.90920889,0.00000000
0.88444504,0.00000000
0.91349196,0.00000000
0.87586125,0.00000000
0.93204298,0.00000000
0.94597518,0.00000000
0.95136822,0.00000000
0.92383006,0.00000000
0.91259510,0.00000000
0.93014707,0.00000000
0.94225278,0.00000000
0.92177907,0.00000000
0.91841848,0.00000000
0.94101900,0.00000000
0.91406493,0.00000000
0.93300872,0.00000000
0.94895678,0.00000000
0.92096796,0.00000000
0.92641984,0.00000000
0.92910414,0.00000000
0.92967525,0.00000000
0.92099329,0.00000000
0.89934292,0.00000000
0.92103746,0.00000000
0.90100232,0.00000000
0.89980481,0.00000000
0.92675978,0.00000000
0.90369191,0.00000000
0.90189606,0.00000000
0.92580797,0.00000000
0.93838977,0.00000000
0.93074442,0.00000000
0.93310572,0.00000000
0.92332227,0.00000000
0.93992355,0.00000000
0.95168492,0.00000000
0.95070405,0.00000000
0.94728228,0.00000000
0.93990643,0.00000000
0.96615303,0.00000000
0.93666483,0.00000000
0.93986467,0.00000000
0.95206141,0.00000000
0.95074155,0.00000000
0.93445747,0.00000000
0.94046467,0.00000000
0.93705595,0.00000000
0.93007944,0.00000000
0.95125857,0.00000000
0.93708609,0.00000000
0.92379852,0.00000000
0.94788340,0.00000000
0.93777657,0.00000000
0.94563925,0.00000000
0.91076380,0.00000000
0.89755057,0.00000000
0.93764838,0.00000000
0.96322785,0.00000000
0.94188695,0.00000000
0.95354626,0.00000000
0.90483889,0.00000000
0.90223501,0.00000000
0.92905761,0.00000000
0.93131403,0.00000000
0.92002200,0.00000000
0.92291291,0.00000000
0.91601894,0.00000000
0.90046401,0.00000000
0.89812513,0.00000000
0.90088743,0.00000000
0.91436932,0.00000000
0.88113827,0.00000000
0.90071851,0.00000000
0.89752143,0.00000000
0.90299973,0.00000000
0.88425007,0.00000000
0.90871810,0.00000000
0.90327716,0.00000000
0.88512166,0.00000000
0.90227344,0.00000000
0.91293278,0.00000000
0.92130181,0.00000000
0.90953582,0.00000000
0.91141326,0.00000000
0.90451698,0.00000000
0.89214537,0.00000000
0.89992727,0.00000000
0.90599910,0.00000000
0.93709299,0.00000000
0.92819436,0.00000000
0.92313854,0.00000000
0.90831754,0.00000000
0.90306848,0.00000000
0.91662630,0.00000000
0.90746309,0.00000000
0.90022005,0.00000000
0.91789116,0.00000000
0.91081752,0.00000000
0.89141859,0.00000000
0.92148766,0.00000000
0.91153904,0.00000000
0.93064734,0.00000000
0.90466317,0.00000000
0.89715056,0.00000000
0.89023482,0.00000000
0.88874705,0.00000000
0.87736197,0.00000000
0.88552999,0.00000000
0.90645177,0.00000000
0.91253639,0.00000000
0.90461122,0.00000000
0.89485573,0.00000000
0.91849814,0.00000000
0.93188487,0.00000000
0.91981205,0.00000000
0.92333313,0.00000000
0.92341066,0.00000000
0.91247184,0.00000000
0.93240125,0.00000000
0.91040660,0.00000000
0.90467585,0.00000000
0.90106283,0.00000000
0.90835435,0.00000000
0.91770213,0.00000000
0.94225977,0.00000000
0.91364698,0.00000000
0.91295200,0.00000000
0.91356347,0.00000000
0.91510654,0.00000000
0.91075672,0.00000000
0.91631654,0.00000000
0.93461499,0.00000000
0.92141651,0.00000000
0.90725178,0.00000000
0.91573254,0.00000000
0.92652346,0.00000000
0.94085086,0.00000000
0.92281285,0.00000000
0.92270819,0.00000000
0.89962153,0.00000000
0.90813441,0.00000000
0.92399552,0.00000000
0.88213251,0.00000000
0.87998701,0.00000000
0.91782593,0.00000000
0.90181475,0.00000000
0.90999424,0.00000000
0.88651346,0.00000000
0.87973858,0.00000000
0.87715690,0.00000000
0.89414472,0.00000000
0.90057246,0.00000000
0.90862321,0.00000000
0.90778264,0.00000000
0.92602690,0.00000000
0.90406072,0.00000000
0.88155795,0.00000000
0.91873376,0.00000000
0.88201725,0.00000000
0.89857658,0.00000000
0.94327585,0.00000000
0.91774916,0.00000000
0.92053665,0.00000000
0.94642624,0.00000000
0.93212792,0.00000000
0.91533989,0.00000000
0.91520532,0.00000000
0.91447710,0.00000000
0.90588667,0.00000000
0.96862666,0.00000000
0.92270483,0.00000000
0.94488337,0.00000000
0.94284436,0.00000000
0.94350279,0.00000000
0.91902536,0.00000000
0.95909269,0.00000000
0.96800320,0.00000000
0.92099170,0.00000000
0.93933731,0.00000000
0.90903144,0.00000000
0.90352148,0.00000000
0.88393897,0.00000000
0.90141950,0.00000000
0.92951132,0.00000000
0.92560412,0.00000000
0.90200173,0.00000000
0.91216580,0.00000000
0.91319136,0.00000000
0.85980415,0.00000000
0.86426587,0.00000000
0.91112653,0.00000000
0.95491042,0.00000000
0.93602224,0.00000000
0.94055530,0.00000000
0.95396438,0.00000000
0.90369334,0.00000000
0.92422296,0.00000000
0.94790268,0.00000000
0.92656243,0.00000000
0.94858427,0.00000000
0.95427353,0.00000000
0.97004484,0.00000000
0.97765425,0.00000000
0.95320141,0.00000000
0.95853584,0.00000000
0.95363923,0.00000000
0.96121963,0.00000000
0.94495585,0.00000000
0.89429495,0.00000000
0.91616268,0.00000000
0.95001827,0.00000000
0.94152110,0.00000000
0.97755950,0.00000000
0.95413014,0.00000000
0.96794724,0.00000000
0.94174969,0.00000000
0.95081613,0.00000000
0.92538541,0.00000000
0.97494276,0.00000000
0.97002398,0.00000000
0.94930561,0.00000000
0.93972121,0.00000000
0.95879480,0.00000000
0.95427663,0.00000000
0.94387558,0.00000000
0.94284449,0.00000000
0.95988085,0.00000000
0.94717373,0.00000000
0.96118706,0.00000000
0.96641791,0.00000000
0.96381150,0.00000000
0.96452904,0.00000000
0.97338403,0.00000000
0.97274949,0.00000000
0.93929415,0.00000000
0.94881863,0.00000000
0.95430741,0.00000000
0.95312246,0.00000000
0.93569781,0.00000000
0.96457035,0.00000000
0.92468505,0.00000000
0.93610421,0.00000000
0.94466884,0.00000000
0.94183829,0.00000000
0.95003302,0.00000000
0.95974677,0.00000000
0.94003047,0.00000000
0.94425161,0.00000000
0.92693626,0.00000000
0.93589595,0.00000000
0.93120103,0.00000000
0.90513802,0.00000000
0.90644267,0.00000000
0.92074424,0.00000000
0.91847470,0.00000000
0.88845705,0.00000000
0.89522441,0.00000000
0.85858471,0.00000000
0.92920532,0.00000000
0.93512261,0.00000000
0.92189245,0.00000000
0.94339905,0.00000000
0.90402840,0.00000000
0.89000752,0.00000000
0.93755667,0.00000000
0.90681074,0.00000000
0.93536522,0.00000000
0.92731686,0.00000000
0.95653206,0.00000000
0.93663403,0.00000000
0.96088243,0.00000000
0.95395571,0.00000000
0.94275946,0.00000000
0.94340552,0.00000000
0.93477340,0.00000000
0.91307668,0.00000000
0.92336823,0.00000000
0.95475478,0.00000000
0.92182002,0.00000000
0.94343795,0.00000000
0.93644790,0.00000000
0.94193657,0.00000000
0.95203946,0.00000000
0.92417976,0.00000000
0.93327574,0.00000000
0.91045134,0.00000000
0.96245932,0.00000000
0.91460145,0.00000000
0.92964702,0.00000000
0.90331217,0.00000000
0.87845727,0.00000000
0.94566915,0.00000000
0.94474499,0.00000000
0.95681196,0.00000000
0.95110039,0.00000000
0.93532794,0.00000000
0.92640970,0.00000000
0.91206704,0.00000000
0.90456906,0.00000000
0.92081838,0.00000000
0.89085367,0.00000000
0.89101847,0.00000000
0.92162113,0.00000000
0.91033282,0.00000000
0.87075878,0.00000000
0.87586888,0.00000000
0.92688465,0.00000000
0.88308088,0.00000000
0.91302838,0.00000000
0.88686748,0.00000000
0.87184530,0.00000000
0.89660950,0.00000000
0.93861732,0.00000000
0.91537959,0.00000000
0.93669147,0.00000000
0.90076198,0.00000000
0.92425297,0.00000000
0.94863770,0.00000000
0.89444066,0.00000000
0.89808696,0.00000000
0.94172291,0.00000000
0.93708791,0.00000000
0.94130100,0.00000000
0.95484873,0.00000000
0.92906072,0.00000000
0.92337023,0.00000000
0.94845846,0.00000000
0.92967814,0.00000000
0.96810290,0.00000000
0.97328952,0.00000000
0.96833475,0.00000000
0.93518263,0.00000000
0.90323672,0.00000000
0.94640182,0.00000000
0.91636608,0.00000000
0.93409262,0.00000000
0.96145115,0.00000000
0.93468177,0.00000000
0.90265915,0.00000000
0.95222797,0.00000000
0.98020404,0.00000000
0.97366558,0.00000000
0.95037095,0.00000000
0.95916478,0.00000000
0.93779090,0.00000000
0.94625485,0.00000000
0.91963801,0.00000000
0.96040356,0.00000000
0.91048333,0.00000000
0.95217225,0.00000000
0.96550803,0.00000000
0.97028857,0.00000000
0.96996979,0.00000000
0.96082372,0.00000000
0.96456907,0.00000000
0.93882525,0.00000000
0.97319793,0.00000000
0.95239050,0.00000000
0.96555702,0.00000000
0.94634344,0.00000000
