647.000,484.000,17.000,11.000
648.154,482.154,16.233,12.794
648.872,481.500,16.335,12.795
649.292,483.807,16.683,12.186
649.887,484.213,16.683,12.331
650.482,483.328,17.003,12.911
650.969,483.361,17.259,13.297
651.451,483.143,17.546,12.908
651.863,482.182,16.875,13.457
652.153,483.845,17.546,13.274
652.428,482.945,17.152,13.089
652.990,483.066,17.259,12.366
653.237,481.369,17.119,13.724
652.988,482.524,17.462,13.585
652.910,482.679,17.462,13.740
652.832,481.051,17.462,14.050
653.149,480.418,17.208,13.898
652.603,481.660,17.028,14.050
652.618,480.404,17.679,14.422
652.685,479.835,17.705,14.119
651.805,479.691,17.673,14.535
651.732,479.643,17.656,14.762
651.325,479.122,17.494,14.340
651.300,480.017,17.705,14.407
651.060,480.017,18.025,15.144
650.554,479.444,18.032,14.781
650.523,480.363,17.928,14.659
650.578,480.735,18.534,14.405
650.798,479.122,18.258,14.725
650.881,480.409,18.258,14.461
650.710,480.681,18.372,14.405
651.081,480.455,18.588,14.428
651.559,479.646,18.984,14.560
651.533,480.357,18.032,15.083
651.502,479.875,18.819,15.584
653.146,479.901,18.398,14.601
653.298,479.178,18.819,14.560
653.524,478.917,19.105,14.178
653.700,478.577,18.588,15.815
654.192,477.268,19.433,16.051
654.425,476.663,19.393,15.663
654.772,478.051,19.120,15.338
654.460,477.333,18.639,14.808
654.831,477.195,18.870,15.217
655.183,476.537,18.573,15.002
655.286,475.894,18.535,15.820
655.096,477.452,19.088,15.119
654.979,476.745,19.152,16.056
655.071,477.812,19.393,15.983
655.285,477.173,19.393,16.764
655.669,476.681,19.501,16.105
655.261,477.772,19.180,15.095
655.393,476.932,19.675,15.705
654.433,477.468,19.819,15.450
654.993,477.314,19.715,16.773
655.100,477.484,19.574,15.958
654.800,477.862,19.997,16.622
654.427,476.423,19.647,15.593
653.453,477.258,19.819,15.983
654.178,478.190,20.278,16.208
653.873,476.544,19.720,16.032
653.503,474.943,20.278,16.316
653.892,475.286,20.560,16.178
653.801,476.217,20.560,16.433
653.938,476.512,21.101,16.399
653.833,475.594,21.123,15.833
654.510,474.515,20.212,16.325
654.245,477.529,20.560,14.972
654.367,475.532,20.671,15.592
654.257,476.701,20.494,16.316
653.917,476.530,20.545,16.177
654.184,476.402,20.815,16.579
654.574,477.338,21.123,15.945
654.992,476.315,21.101,16.325
655.263,475.360,21.386,16.546
655.538,473.938,21.025,16.500
655.770,473.071,21.386,17.071
656.641,472.247,21.224,16.255
656.973,471.257,21.761,16.546
657.436,470.292,21.671,16.766
657.717,471.857,21.956,16.602
658.410,470.798,21.686,16.987
658.083,472.204,21.917,16.871
658.487,473.089,21.301,17.103
658.584,472.281,21.301,16.987
658.950,475.343,21.686,15.793
659.775,472.584,21.573,16.658
659.536,473.461,21.633,17.109
660.068,472.656,22.149,16.987
660.724,472.799,21.968,18.027
661.023,473.248,21.851,16.488
661.531,473.356,22.127,17.793
661.229,473.248,22.531,16.928
661.943,474.717,22.250,17.626
662.382,473.805,22.531,17.649
662.282,474.786,22.131,18.009
663.623,475.946,21.571,18.009
663.185,476.494,22.250,18.495
663.849,475.773,22.602,18.090
663.562,475.701,22.894,17.140
664.043,475.267,22.131,19.170
663.732,474.762,22.546,17.522
664.320,473.318,22.531,18.129
664.483,473.265,23.097,17.140
664.425,472.831,22.771,16.928
664.587,472.838,22.921,18.495
663.426,473.200,23.169,17.107
663.644,473.909,23.212,15.928
663.540,474.324,23.112,17.334
663.345,474.319,23.056,16.856
663.650,475.476,23.396,17.310
663.029,474.284,23.623,17.869
663.755,475.579,23.376,18.186
663.568,474.583,23.044,17.231
663.484,476.555,23.452,16.568
663.196,475.947,23.040,16.717
663.493,474.702,23.396,16.401
663.176,475.157,23.040,16.796
663.473,474.663,23.988,16.717
663.149,473.175,24.312,16.816
662.987,474.856,23.623,17.019
663.696,474.248,24.191,17.140
663.321,473.589,23.915,17.926
663.487,473.210,24.082,17.563
663.736,473.895,24.082,16.982
664.188,472.539,24.677,17.869
663.752,473.238,24.078,17.859
663.999,472.078,25.203,17.812
663.674,473.160,25.513,17.986
664.212,473.721,24.952,17.553
663.914,474.261,24.498,17.859
663.767,472.980,25.339,18.531
663.989,472.453,25.330,18.410
663.815,473.650,25.721,17.974
664.229,473.323,25.852,17.931
663.924,472.975,25.373,17.931
663.532,473.509,25.813,18.284
663.817,472.858,26.679,18.410
663.622,471.244,25.956,19.100
662.913,471.159,27.014,18.549
663.634,472.150,26.653,19.450
662.969,470.691,26.831,19.422
663.222,472.762,26.785,19.330
662.440,472.578,27.016,18.961
662.519,472.317,27.450,18.755
661.403,472.818,27.541,19.302
661.031,473.350,27.914,18.330
661.968,473.593,27.041,19.347
661.498,474.246,27.614,18.869
661.314,474.660,27.614,19.560
659.954,473.972,28.147,20.424
660.292,474.771,28.526,19.690
660.108,473.923,28.514,20.103
659.766,473.697,28.814,20.554
659.270,472.944,29.415,20.737
659.813,472.170,28.823,20.355
658.406,470.556,29.357,21.399
657.725,468.978,29.456,20.968
658.246,470.257,29.615,20.660
656.908,468.553,29.962,21.246
657.439,469.273,30.012,19.907
657.542,469.617,29.415,20.835
655.941,469.330,30.265,20.610
655.866,469.880,30.015,21.211
655.514,470.633,30.315,21.423
654.037,471.343,30.870,20.920
653.960,470.323,31.993,21.584
653.837,470.775,30.914,21.688
653.478,468.976,31.216,22.943
652.662,468.886,31.498,22.259
652.291,468.085,31.816,22.430
650.749,466.293,32.384,23.605
652.115,466.213,31.262,22.877
650.296,465.608,32.384,24.301
646.816,466.735,36.404,25.381
646.465,465.694,34.970,25.084
647.044,464.842,35.242,24.467
644.122,464.443,37.012,25.147
645.153,463.172,35.688,26.028
645.298,464.223,34.726,25.023
643.418,462.390,37.425,26.032
645.434,463.150,35.205,24.637
646.155,463.899,34.355,25.088
644.089,463.161,36.716,25.796
644.830,462.785,35.978,25.557
645.364,461.526,35.520,24.961
645.955,460.500,34.937,24.252
641.944,459.164,38.805,25.051
645.401,458.808,35.205,25.263
645.835,458.593,34.937,25.693
646.135,459.674,34.937,25.513
645.355,459.584,34.998,25.693
645.685,460.724,34.937,25.453
644.904,461.685,36.018,24.612
644.664,461.144,36.018,26.593
644.932,462.283,35.048,26.363
645.001,463.503,35.520,26.304
644.056,463.487,36.918,27.258
643.202,462.821,38.119,27.890
643.519,463.988,37.026,28.572
642.110,463.201,38.206,28.048
642.470,463.201,38.140,27.917
642.798,462.415,38.140,28.638
642.839,462.496,38.722,27.412
642.279,461.457,38.206,28.638
641.155,461.538,38.789,28.476
641.521,460.473,38.722,28.476
641.854,460.473,38.722,28.476
640.989,461.005,38.789,27.944
641.498,459.790,39.224,29.187
640.427,460.368,40.820,28.778
641.094,459.984,40.178,28.442
639.004,460.190,42.317,28.574
640.623,459.490,41.111,29.835
641.005,457.267,39.852,30.260
641.044,457.934,41.860,29.969
641.658,456.083,41.343,30.048
640.886,457.282,42.321,29.695
641.731,455.791,41.343,31.398
641.657,457.346,42.216,30.465
642.163,456.370,41.925,31.480
642.237,458.379,42.507,30.675
642.745,460.370,42.216,31.481
641.650,459.677,43.822,31.917
640.224,460.929,45.548,30.765
641.537,461.604,44.572,30.765
642.506,461.632,44.275,31.306
643.326,462.750,43.381,32.126
642.205,462.755,45.023,32.116
642.826,463.888,44.545,32.146
643.352,462.852,44.254,33.229
643.446,460.746,44.836,33.974
643.402,459.120,44.375,33.222
640.475,457.010,46.608,33.974
640.887,455.988,46.583,34.977
641.001,457.593,47.166,33.065
640.556,457.211,46.080,33.829
640.991,458.713,46.001,35.173
640.957,460.513,46.874,33.746
641.503,461.778,46.583,35.618
641.474,462.790,46.071,35.144
640.025,463.126,46.955,34.471
639.662,463.610,47.680,34.874
638.562,463.490,47.830,34.949
639.013,462.095,48.732,35.114
638.134,461.881,49.825,35.542
637.346,462.236,49.204,35.508
637.912,461.081,48.912,35.550
636.971,460.978,48.705,35.756
635.927,461.646,50.125,36.591
635.521,461.528,49.475,36.654
634.253,460.608,49.871,37.382
633.486,460.779,51.320,36.867
634.251,459.628,50.659,37.516
631.042,459.652,52.876,37.294
632.013,459.955,51.824,37.399
630.388,460.237,52.241,37.366
631.185,461.654,50.028,38.163
627.659,462.526,52.964,37.906
628.388,463.831,52.406,38.539
627.218,463.831,52.496,38.809
627.570,465.489,52.697,38.120
628.166,465.279,52.406,38.539
628.616,464.288,52.406,39.350
627.141,463.478,52.988,39.787
627.310,465.330,52.006,38.751
627.560,463.996,52.406,39.800
627.582,464.305,53.280,39.182
626.391,464.305,53.371,39.182
626.895,462.199,53.280,41.104
626.637,461.121,53.137,41.569
626.308,460.744,54.735,41.099
625.542,460.953,54.652,40.680
625.827,461.628,55.027,40.750
626.157,461.663,55.318,41.726
626.203,463.602,54.550,40.647
625.492,463.692,55.972,41.506
625.865,463.784,54.550,42.385
625.527,462.770,56.191,42.674
625.581,462.047,55.398,42.847
625.381,462.595,56.773,41.751
625.868,461.034,56.773,43.117
625.927,460.306,55.963,43.483
624.590,460.851,58.637,43.483
625.008,459.856,57.094,44.159
624.797,460.418,58.520,44.142
624.871,460.650,57.659,43.474
624.943,459.260,58.520,44.443
625.017,459.643,57.659,44.800
624.659,458.571,57.659,45.107
624.710,459.285,58.985,44.800
624.730,459.633,58.224,45.240
624.370,460.199,58.224,45.240
624.009,460.766,59.976,44.106
624.524,461.591,58.224,45.549
622.309,461.591,60.079,45.961
623.427,462.616,60.165,44.543
621.878,462.621,60.662,45.679
623.287,461.711,60.165,46.338
623.039,461.018,61.723,46.345
621.356,461.281,62.412,46.997
621.515,461.548,63.179,47.655
621.629,461.824,62.181,47.104
621.673,460.951,63.179,48.849
621.357,461.503,61.913,47.746
621.124,460.839,63.470,49.075
620.811,461.396,63.200,49.193
621.708,460.780,63.872,48.968
618.794,460.051,64.993,48.968
620.313,459.098,64.442,49.406
618.956,458.815,65.121,50.423
619.070,457.564,64.547,50.855
619.818,457.104,65.583,50.280
618.438,458.542,66.158,50.395
618.929,459.010,66.792,51.539
618.704,460.562,66.303,50.668
618.663,459.783,66.849,50.949
618.609,460.207,68.128,51.389
618.765,461.479,66.986,51.099
618.636,459.990,66.421,52.196
618.082,459.524,68.710,53.127
618.298,460.181,67.915,53.146
616.690,459.627,69.081,54.252
616.668,459.177,68.757,53.804
616.625,458.616,68.476,54.927
616.160,458.883,69.038,54.885
615.834,458.524,71.419,54.244
614.424,458.990,71.748,54.558
614.387,456.510,70.817,56.378
614.105,456.223,71.002,55.561
612.418,457.026,72.234,55.342
612.844,456.220,72.394,55.561
611.557,456.809,72.934,55.781
611.910,455.885,71.844,56.220
611.859,456.696,73.732,56.001
610.651,455.657,73.954,56.401
609.407,456.131,74.370,56.879
609.772,455.193,75.467,57.057
608.694,456.619,75.387,55.258
608.166,456.521,74.370,55.454
607.424,455.835,75.981,57.340
608.031,457.196,74.370,57.136
606.700,456.387,77.164,58.754
607.193,456.860,75.773,57.539
605.972,457.260,76.093,59.125
606.071,457.083,76.972,59.882
606.186,456.409,76.334,59.462
606.264,455.750,78.069,60.780
606.363,455.074,77.457,60.336
606.438,454.402,78.403,59.899
605.057,453.399,78.965,60.118
603.808,453.911,79.252,60.612
604.217,452.926,80.382,61.052
604.767,452.386,78.860,61.148
603.171,453.199,81.356,61.052
604.067,451.984,80.692,61.930
602.650,453.785,81.120,61.017
603.428,452.553,81.539,63.482
603.569,453.462,82.409,63.248
604.005,452.558,81.105,63.178
602.204,451.843,84.851,64.464
602.872,453.572,82.921,62.191
603.705,452.251,83.274,63.248
602.397,453.887,83.413,63.761
602.911,452.170,83.554,65.149
602.931,452.020,82.921,64.708
602.917,452.901,84.126,66.477
602.659,452.373,84.192,66.183
603.772,451.810,84.360,65.962
603.772,451.137,83.911,67.159
603.265,450.837,86.129,66.404
601.615,449.934,86.853,66.239
603.373,450.509,85.771,66.761
601.543,449.785,86.853,66.845
601.943,450.556,88.189,66.981
600.585,449.380,88.286,69.335
601.826,450.539,88.310,68.738
599.938,451.507,89.433,68.518
600.358,453.094,89.849,68.015
599.875,451.872,89.093,69.051
600.125,453.725,90.791,68.015
599.035,454.011,90.450,69.020
598.272,454.584,91.976,69.458
599.118,453.295,91.566,70.595
598.187,452.994,91.494,70.392
597.221,454.685,93.427,69.748
598.368,454.981,92.424,70.772
596.767,453.899,92.872,71.478
597.214,452.945,93.283,71.919
595.451,451.986,95.988,73.837
595.904,452.827,94.407,74.009
595.849,453.968,93.847,73.402
595.937,453.301,94.999,74.571
595.896,452.655,94.576,75.694
595.361,452.345,98.020,76.144
595.561,453.377,96.928,74.427
593.850,452.321,99.500,74.667
594.930,450.823,98.719,77.491
594.916,450.174,98.049,76.513
594.989,451.109,99.292,76.378
594.004,450.016,101.261,76.993
593.279,448.668,100.586,78.096
594.913,451.133,100.160,76.541
594.072,449.896,102.894,77.434
593.583,448.318,101.723,78.262
594.083,449.231,102.153,78.401
594.656,449.927,103.514,78.799
593.897,448.581,102.859,79.137
594.400,447.517,104.381,79.640
593.639,448.262,103.712,78.514
593.124,446.887,105.826,79.640
594.123,446.391,103.276,80.080
592.954,447.281,105.613,80.120
593.847,445.920,106.405,81.185
594.571,446.689,106.259,81.509
593.588,445.460,108.038,82.288
592.770,445.948,107.406,81.500
593.571,448.054,108.429,80.853
593.384,446.272,108.617,82.729
592.565,444.865,109.115,83.832
593.092,445.587,109.401,84.302
593.480,446.330,109.973,84.550
594.013,445.159,109.293,85.928
592.372,446.586,110.247,85.209
592.760,445.518,110.829,87.150
592.593,446.914,110.572,86.329
592.720,446.069,111.686,87.823
592.558,447.481,111.216,86.986
592.584,446.627,110.572,86.920
592.430,445.852,111.275,88.273
592.062,447.290,111.414,87.185
592.047,446.423,112.829,88.722
591.892,445.648,112.537,88.465
591.732,443.858,112.256,89.245
591.291,443.345,114.543,90.270
591.146,444.909,114.221,89.381
591.123,444.015,113.659,90.968
592.166,443.688,114.628,91.417
591.641,443.249,115.063,92.091
591.051,442.921,115.624,92.540
590.460,442.593,117.221,92.989
591.776,442.039,115.635,92.215
591.190,441.549,116.185,93.197
590.456,441.211,117.027,93.663
591.538,440.881,116.960,94.113
590.768,442.765,117.659,92.446
590.630,441.940,118.353,94.097
591.827,443.493,117.018,93.107
591.368,442.998,119.399,94.097
591.254,442.323,118.992,95.448
592.221,444.335,118.125,93.773
591.893,443.835,119.203,94.772
591.398,443.272,120.618,95.898
590.906,442.710,120.956,97.024
591.896,444.543,120.061,95.528
593.124,444.020,120.824,96.573
592.453,443.570,121.301,97.474
591.737,443.345,122.079,97.706
592.878,445.197,121.984,95.969
592.786,444.445,121.517,97.257
592.179,441.936,122.079,98.142
593.182,441.707,122.263,98.380
592.384,441.485,122.981,98.605
593.428,441.150,121.998,99.054
592.355,441.152,123.482,99.050
591.602,440.814,124.324,99.503
592.768,440.479,123.104,99.952
591.685,442.701,124.604,97.729
591.634,440.047,125.149,100.163
592.802,441.944,123.934,98.609
592.274,441.386,125.432,99.725
591.791,440.824,125.727,100.850
592.836,440.486,124.764,101.300
591.737,439.360,126.288,102.201
592.514,439.247,125.870,102.199
593.221,439.246,128.092,102.201
592.656,438.796,128.304,102.872
591.916,440.758,128.864,101.251
593.708,439.945,126.424,102.876
594.279,439.945,128.938,102.876
593.715,441.801,129.145,103.085
593.113,441.342,129.656,104.002
594.204,443.331,129.800,102.351
593.929,442.505,129.656,103.771
595.158,442.165,129.521,104.452
596.044,441.940,128.913,104.902
594.762,441.940,130.778,104.669
596.003,441.598,131.808,104.182
597.622,440.900,129.743,105.343
596.473,439.725,131.340,104.416
595.980,441.490,131.620,103.232
597.780,440.542,131.526,104.894
595.359,440.793,133.547,105.098
597.162,442.361,133.735,104.332
595.410,441.288,134.399,104.349
595.742,442.482,133.024,104.332
595.668,441.522,135.060,104.128
596.190,442.498,133.067,104.315
596.138,441.529,132.462,104.128
596.066,440.691,134.487,105.803
595.878,439.791,133.907,107.365
593.196,441.847,136.388,105.653
593.535,440.534,134.747,106.114
593.336,442.073,138.500,105.433
591.161,440.312,137.525,108.712
592.760,441.967,135.553,106.628
592.681,441.141,139.079,108.279
589.762,442.472,140.742,107.828
590.585,440.896,139.589,108.761
588.858,442.253,140.082,107.281
589.634,443.084,140.251,108.074
587.005,441.631,141.562,107.774
587.956,441.289,141.393,109.697
586.262,439.972,141.787,109.086
584.909,439.957,142.998,110.362
585.449,438.522,140.910,112.980
584.664,438.171,141.471,111.408
584.441,439.776,139.401,110.715
580.797,439.193,142.462,111.881
580.787,438.292,141.471,111.408
580.564,439.897,141.162,110.715
578.464,438.864,142.606,112.781
578.103,439.601,142.565,112.832
577.722,438.838,142.565,114.103
576.918,438.374,143.152,115.033
575.983,438.036,144.249,113.394
575.880,437.104,143.432,115.001
575.085,436.751,143.992,113.394
572.804,437.356,145.737,113.721
573.021,436.250,145.818,113.614
571.991,435.091,145.818,115.933
571.402,434.415,145.953,114.938
569.086,436.064,147.470,116.055
568.900,435.112,146.793,117.959
567.952,435.565,147.634,117.580
567.284,436.510,147.914,117.275
566.897,435.830,147.634,116.262
566.652,436.445,148.649,116.608
566.632,435.432,147.897,118.634
565.814,435.889,146.883,118.514
564.770,435.717,149.499,118.859
564.188,435.042,148.793,119.943
565.253,434.795,148.002,120.168
563.922,434.774,149.595,119.943
563.106,434.416,150.155,118.247
562.993,433.547,149.581,119.985
562.170,433.209,150.423,120.392
561.344,432.737,150.995,121.066
560.523,432.377,151.826,121.515
559.694,432.721,152.668,121.645
559.003,432.087,152.137,122.638
557.906,432.659,152.416,122.316
559.138,433.891,151.048,121.495
558.201,433.633,151.023,122.011
557.111,433.520,152.388,122.236
556.281,433.182,153.230,122.911
555.448,433.669,153.797,122.763
554.757,433.144,154.077,123.537
553.925,432.782,152.980,123.986
552.685,432.756,154.633,123.761
551.849,432.281,155.198,122.218
551.718,432.198,154.633,123.210
551.022,431.559,154.917,124.487
550.046,431.222,156.036,124.884
549.205,430.745,155.759,125.838
547.945,432.204,157.159,124.604
547.524,431.475,156.878,124.662
549.205,430.774,156.318,126.063
548.083,430.549,157.439,126.513
547.097,433.038,158.279,124.362
546.955,431.962,157.720,126.513
548.234,432.362,156.294,126.564
546.959,432.275,157.719,126.738
545.972,433.636,160.258,125.432
545.973,435.261,159.404,125.023
545.970,437.005,159.975,122.949
546.817,435.335,160.246,123.762
545.966,436.556,159.692,124.142
546.248,435.145,159.692,124.424
546.530,434.722,161.103,126.117
546.530,436.367,159.960,123.112
544.979,434.667,161.375,125.108
547.675,434.030,160.254,124.673
547.956,433.509,161.674,126.281
548.100,432.268,160.240,125.045
548.233,433.807,161.960,124.519
548.944,432.022,161.108,125.527
549.229,434.441,162.531,124.104
550.225,435.295,161.108,122.681
551.356,433.266,160.817,124.204
551.919,434.493,161.674,124.299
552.627,432.710,160.824,124.170
553.194,433.920,161.674,123.167
552.065,434.736,162.236,121.818
553.760,435.092,160.817,121.387
553.073,435.663,161.911,122.762
554.465,436.384,161.103,121.603
553.776,437.795,162.201,122.141
555.313,438.206,159.692,121.603
554.208,438.992,161.622,122.542
555.596,437.739,158.001,122.232
553.936,439.055,161.043,122.103
555.317,436.962,158.842,122.640
555.880,438.160,159.674,120.525
553.813,438.730,160.753,119.662
553.675,438.869,160.753,119.662
553.536,439.008,160.753,120.773
555.195,439.379,157.993,120.309
554.112,440.164,159.884,119.015
553.973,440.302,159.884,119.015
552.455,440.440,161.265,120.120
552.282,440.593,161.332,118.979
554.654,440.390,160.475,118.552
553.431,440.296,158.503,119.015
552.892,437.898,161.231,120.235
551.309,438.108,162.725,118.979
551.866,437.690,161.332,118.979
550.629,437.487,164.085,118.552
550.325,436.748,163.018,119.193
549.488,438.842,164.971,116.680
550.070,437.490,164.085,118.552
549.766,439.263,164.971,116.680
550.348,438.744,164.085,117.719
550.340,438.638,163.824,117.931
550.201,440.307,163.824,116.262
550.504,439.790,164.600,117.295
548.250,441.141,167.996,117.375
549.311,439.383,150.129,118.360
551.181,441.130,152.266,115.135
549.100,439.042,167.299,116.923
550.108,440.075,142.031,116.818
550.396,440.405,154.103,116.158
548.348,440.836,145.329,115.566
549.874,440.202,143.575,116.574
550.660,440.185,143.299,116.349
549.376,440.168,145.091,116.125
550.646,439.701,143.852,116.798
549.357,439.683,145.652,114.497
549.249,441.326,145.091,113.797
549.285,440.371,143.221,115.451
550.305,440.130,142.211,115.675
549.671,442.685,143.221,113.137
549.336,441.849,142.871,114.552
548.543,441.497,143.432,115.001
549.806,441.143,141.935,115.451
550.457,441.127,141.659,115.226
549.059,441.112,142.663,112.952
548.726,440.409,142.311,114.103
547.936,440.057,143.127,114.807
549.183,439.720,141.659,113.173
548.490,439.240,143.553,113.878
550.087,441.112,141.639,112.440
549.666,440.491,142.987,111.408
547.898,440.870,143.492,111.913
550.150,442.297,142.792,111.342
548.284,441.127,143.492,113.429
549.988,442.882,141.107,110.176
550.147,443.302,142.536,110.833
549.198,442.103,142.169,112.980
548.760,444.063,142.031,111.342
550.693,443.006,141.947,111.188
550.708,446.764,140.910,108.199
549.497,445.261,141.849,110.958
549.605,446.749,142.137,108.235
550.561,444.926,141.965,111.632
550.444,444.013,141.191,110.179
550.645,442.937,141.288,110.085
550.895,444.310,141.288,109.585
551.285,443.050,139.510,108.867
549.519,441.994,141.562,110.734
551.629,440.970,139.849,109.523
549.598,439.904,140.934,109.423
549.953,441.161,140.721,109.395
550.201,439.918,140.721,111.632
549.745,439.231,140.630,110.746
551.526,440.827,138.319,108.804
551.420,442.420,140.251,108.074
550.024,440.967,141.562,108.761
552.682,441.893,139.976,109.146
550.859,440.751,142.136,109.202
553.530,441.683,139.291,109.585
551.364,440.760,142.136,111.183
553.487,442.252,140.407,107.444
554.284,440.596,140.536,110.509
556.155,442.182,137.793,107.588
556.209,441.048,139.394,109.611
558.057,441.624,136.688,107.716
557.841,440.780,140.524,109.162
560.117,442.014,136.964,105.949
560.603,440.737,139.368,107.299
563.123,441.685,135.553,105.648
564.046,440.594,136.344,107.589
565.739,442.225,134.170,106.511
567.168,441.566,135.146,107.589
568.537,443.412,133.616,105.105
570.238,444.877,134.017,104.552
572.276,446.172,133.735,104.095
574.447,446.510,133.171,104.600
576.199,447.937,130.850,103.875
577.613,448.713,131.760,103.492
579.345,447.783,133.447,105.119
581.097,449.362,130.889,101.250
583.354,448.098,131.451,103.546
585.068,449.643,129.190,100.689
587.023,448.550,130.310,102.648
586.862,449.150,129.936,99.826
587.502,447.737,130.481,100.598
587.992,446.373,131.340,100.342
588.769,447.069,140.600,99.180
589.267,447.916,128.957,98.906
589.981,446.494,137.025,98.811
592.755,445.779,125.184,99.541
592.288,445.237,135.509,98.613
591.716,446.831,127.157,96.815
590.882,445.263,131.934,99.728
592.098,445.990,127.436,97.816
590.968,446.821,132.825,98.166
591.083,447.438,124.595,96.932
591.309,448.580,131.626,96.628
591.550,448.280,123.232,96.550
591.518,448.680,130.728,95.095
591.064,448.258,122.711,95.269
591.336,448.456,131.265,95.957
591.382,448.367,122.863,95.685
591.588,449.531,121.798,93.574
590.396,450.285,124.182,93.993
589.671,450.711,132.998,93.358
590.352,453.883,121.596,92.591
588.431,454.469,132.666,93.334
588.946,457.629,121.596,90.806
588.668,456.910,122.151,93.298
587.653,457.740,121.827,92.066
588.753,460.079,118.992,91.206
587.753,461.040,118.696,89.700
587.186,459.405,121.070,92.765
587.907,459.336,118.992,91.418
588.435,460.087,118.353,91.797
588.785,459.050,117.027,91.994
588.614,458.224,116.746,93.439
588.019,457.894,117.308,91.379
588.129,458.949,116.466,91.138
588.100,458.032,116.937,91.112
588.306,457.103,115.904,92.765
587.714,457.397,116.258,92.591
587.158,456.869,116.538,91.774
588.681,458.229,114.528,91.126
588.247,457.756,115.805,92.071
587.746,457.193,115.978,91.333
587.614,458.548,115.418,88.830
588.049,457.265,115.971,91.193
586.264,456.488,117.067,90.067
586.817,456.495,115.343,90.260
586.791,455.589,114.577,90.230
586.664,454.893,114.221,91.417
586.690,454.566,115.191,90.230
586.729,455.799,114.501,89.601
585.080,454.902,115.565,89.568
585.447,455.911,116.257,89.585
585.878,456.714,114.782,89.820
585.853,455.814,114.221,90.603
585.548,457.341,114.221,88.567
585.806,456.264,114.106,90.519
585.444,457.749,114.017,89.381
585.460,456.967,113.379,89.127
583.685,456.170,114.509,90.720
583.383,457.649,114.297,89.601
585.019,456.864,112.039,89.347
582.864,456.402,114.142,90.270
584.148,457.763,112.592,89.381
583.733,457.206,112.817,90.294
583.150,456.880,113.177,89.935
582.745,456.375,113.177,89.935
582.341,457.891,113.177,88.924
581.214,459.117,113.622,88.283
580.452,458.123,113.339,88.465
580.553,457.220,112.537,90.070
579.970,456.895,112.896,88.906
579.848,458.219,112.336,88.064
578.278,457.453,113.288,88.599
578.352,456.618,112.537,87.662
576.882,455.652,113.288,87.007
577.380,454.358,113.686,87.007
578.076,453.063,113.686,87.007
577.181,451.769,113.089,87.007
577.720,452.574,113.400,87.185
578.274,451.369,112.690,87.803
576.880,450.473,113.089,89.396
576.573,448.803,112.896,89.108
577.920,450.120,113.220,88.283
578.101,449.239,113.257,89.845
577.737,448.689,113.379,90.743
578.777,450.394,114.346,88.349
579.098,451.224,114.106,88.503
579.441,452.239,112.616,88.484
579.321,453.459,112.056,87.844
579.344,452.696,112.407,89.171
580.583,454.153,111.935,88.264
580.405,453.488,111.496,89.396
581.325,453.163,111.656,87.444
581.289,452.313,113.115,87.362
581.700,451.196,112.690,87.803
581.900,450.300,112.690,87.803
582.099,449.404,113.885,87.803
582.613,448.283,113.257,89.845
583.866,447.733,111.762,89.127
583.318,449.275,112.256,87.844
584.893,450.390,112.292,87.604
585.034,449.507,111.414,89.171
586.051,451.179,112.574,87.624
586.192,450.194,111.695,89.396
585.611,449.869,112.256,89.845
586.638,451.555,112.214,88.283
588.055,450.787,112.375,88.023
588.096,450.001,111.695,87.803
587.938,449.218,112.407,89.171
587.573,450.674,112.336,88.064
587.595,449.908,112.690,87.803
587.794,449.012,111.496,89.396
588.714,451.289,110.655,87.244
588.460,452.535,112.740,86.526
588.967,451.226,112.124,88.154
590.475,454.288,111.098,85.613
589.301,453.085,112.273,86.259
591.432,453.838,111.164,86.723
590.001,452.965,111.668,86.700
591.830,453.939,111.164,86.526
591.971,452.968,111.275,86.700
592.167,452.083,112.258,88.273
592.009,453.305,111.776,86.027
594.029,454.050,110.881,86.307
594.170,455.043,110.992,86.087
594.507,454.077,110.708,87.041
595.994,455.329,110.685,86.307
596.177,454.472,109.535,85.476
596.209,455.480,112.188,85.209
597.004,453.962,110.011,85.695
597.133,453.025,111.115,86.596
597.250,453.268,112.258,84.734
598.220,453.581,111.686,84.303
598.408,454.089,111.893,83.677
601.173,452.255,110.635,84.820
601.755,452.935,110.829,84.432
601.027,451.592,109.963,84.602
603.100,452.377,108.906,84.769
603.241,453.353,110.165,83.009
602.760,452.898,109.018,83.344
603.381,451.574,110.453,83.509
604.295,451.920,110.165,84.550
604.783,452.572,108.608,83.440
603.815,455.029,110.545,82.147
605.198,455.017,109.307,84.082
605.680,456.334,107.766,83.754
605.816,457.233,109.021,83.862
606.296,457.971,109.593,84.111
605.239,458.618,109.395,83.009
606.048,459.037,110.453,83.891
606.821,459.466,108.327,82.452
606.002,458.602,109.965,83.043
605.997,458.931,110.551,81.811
605.047,458.858,109.402,83.671
605.717,458.160,109.593,83.153
604.141,458.650,109.689,82.362
605.237,458.854,110.164,83.671
603.503,457.355,110.550,84.165
601.815,458.501,110.644,82.645
601.574,458.822,109.976,82.386
601.290,457.131,110.545,83.290
599.894,457.668,110.071,82.601
599.512,458.456,110.835,82.553
599.367,458.731,109.976,81.620
598.424,458.968,109.775,81.526
597.382,458.210,108.827,83.990
596.233,457.096,110.934,83.727
594.736,458.023,110.644,81.873
593.833,459.697,110.355,81.956
592.784,457.791,111.308,84.053
592.295,458.775,112.093,83.634
592.053,456.920,111.412,84.820
591.326,459.243,110.531,81.342
588.803,459.614,110.825,82.881
590.044,458.985,111.031,82.793
587.163,459.274,111.800,82.601
587.210,457.240,111.513,84.165
588.231,458.174,110.829,83.074
586.978,456.489,110.263,83.946
586.256,457.246,111.513,84.357
586.307,455.753,110.829,84.820
584.463,454.492,111.218,85.597
584.913,455.432,109.730,84.107
585.466,457.811,109.973,82.816
584.080,456.796,111.600,83.700
583.736,457.022,112.093,84.989
583.059,457.463,112.273,83.520
581.937,459.240,114.711,83.462
582.425,456.848,113.541,85.695
583.472,457.410,111.841,84.177
582.959,455.714,112.672,85.039
583.996,457.837,111.972,82.753
583.018,455.767,114.120,86.700
583.932,455.514,112.690,85.812
584.696,456.636,112.543,83.570
583.709,456.690,113.353,83.656
585.367,454.621,114.327,85.258
584.239,452.790,115.398,86.351
585.510,456.746,114.257,84.042
584.790,453.664,114.521,86.675
585.763,454.287,113.972,85.030
585.590,456.200,114.120,84.752
585.492,454.229,114.120,86.132
586.547,454.795,114.790,86.986
585.913,453.265,113.857,88.244
586.272,454.459,114.543,85.456
585.105,454.596,115.690,86.965
586.239,454.842,116.236,86.674
587.647,456.752,114.828,85.669
586.474,454.902,115.982,87.582
587.473,455.241,115.400,87.106
587.457,454.753,115.834,87.479
588.522,453.737,114.106,88.301
587.256,454.651,115.432,86.674
588.403,454.859,115.947,88.064
586.609,453.306,116.293,88.537
585.856,451.876,117.596,88.755
586.956,454.106,116.828,87.979
585.455,452.397,117.596,88.755
584.918,452.786,117.442,87.365
584.740,452.801,117.596,87.537
583.623,450.872,117.596,88.755
583.086,451.260,118.465,88.184
581.961,451.362,117.442,88.184
582.104,452.185,117.563,88.988
581.406,451.146,117.729,89.015
582.432,451.556,116.088,90.040
580.118,453.201,117.442,89.207
579.359,451.656,117.729,90.450
578.309,453.081,118.590,90.079
577.544,451.522,118.877,90.504
578.438,454.008,118.542,89.270
576.909,451.239,118.303,91.098
577.375,452.670,117.787,89.069
575.763,453.107,119.780,90.245
575.303,453.487,120.492,89.693
575.199,453.591,119.452,89.693
576.381,453.803,119.995,88.647
575.430,451.641,120.656,90.286
575.118,452.453,121.072,89.497
576.827,452.352,120.573,89.074
575.871,452.877,124.355,90.515
578.093,450.298,121.611,92.909
578.803,450.935,123.176,90.997
580.577,451.467,122.597,90.781
579.599,450.625,124.763,90.987
581.744,450.193,127.737,91.210
581.860,449.335,127.720,92.278
586.095,448.906,124.037,92.701
584.805,449.760,128.550,90.994
587.996,449.335,126.932,91.842
590.520,450.738,129.233,90.333
591.237,449.334,129.748,92.492
594.181,449.023,126.934,93.115
598.023,448.794,125.996,92.919
599.938,447.166,127.149,90.975
604.436,446.514,125.053,92.711
607.885,445.005,125.053,93.574
612.577,443.055,126.283,94.658
615.682,443.933,124.892,92.902
620.561,440.794,125.699,91.633
625.977,438.212,125.408,94.002
630.580,438.427,122.514,92.919
637.367,438.961,121.969,91.210
641.986,437.067,120.752,92.253
647.345,436.217,119.557,91.837
653.547,437.593,119.970,91.816
657.434,436.228,125.223,91.816
661.243,437.927,122.326,89.706
668.829,436.136,119.970,91.186
672.849,438.550,119.684,90.130
677.128,437.416,118.827,90.317
681.111,438.563,118.957,88.854
688.034,438.678,117.685,89.655
691.980,437.862,117.605,89.232
696.020,438.380,117.114,88.399
698.790,436.770,118.089,88.974
705.406,437.669,115.343,87.998
707.839,438.324,116.727,86.084
715.049,440.042,114.543,86.459
719.027,438.960,112.375,86.626
721.073,440.382,114.212,86.153
727.536,442.547,111.216,85.398
731.053,441.935,111.596,85.453
734.626,444.368,111.686,84.303
738.512,446.432,109.364,82.120
742.438,446.622,110.825,83.452
746.428,447.517,110.165,82.046
747.762,449.278,109.973,81.956
750.663,449.385,110.255,81.171
757.444,450.914,108.259,80.767
760.173,450.965,108.429,80.103
763.261,450.899,108.038,79.675
766.290,450.726,107.562,79.462
769.355,451.218,107.354,78.479
772.591,452.534,106.773,76.950
776.222,451.241,107.139,78.266
779.487,451.453,106.116,77.843
782.652,452.863,105.249,76.114
786.069,452.847,104.162,76.146
789.216,453.060,103.582,75.722
792.348,453.272,103.001,75.298
795.464,452.954,104.187,75.403
798.898,454.072,102.646,74.232
802.247,453.545,103.302,74.762
804.241,453.595,103.188,72.196
808.409,454.037,102.121,72.350
812.318,454.763,101.531,71.932
814.837,454.459,102.309,72.540
818.703,455.176,101.826,72.141
822.602,454.870,99.520,70.350
825.103,455.523,100.215,70.050
827.811,455.923,98.833,70.259
830.110,456.633,99.916,67.502
831.516,455.493,98.914,69.783
835.329,455.069,98.284,67.300
836.362,455.613,99.643,68.331
837.337,455.668,99.515,69.214
840.259,456.560,99.318,66.599
841.809,457.896,97.849,66.537
843.067,457.879,98.726,65.279
844.428,457.336,98.903,67.332
845.623,457.795,97.986,65.596
847.245,459.280,96.509,65.356
848.570,460.778,97.198,64.904
848.809,462.210,96.720,64.745
847.851,463.501,97.526,64.700
848.254,464.831,97.039,62.518
849.326,466.903,96.768,64.148
849.654,468.152,96.270,62.125
850.645,470.060,96.148,62.031
850.646,470.778,96.920,60.903
851.188,471.185,96.606,62.709
852.043,470.388,96.768,62.119
851.420,470.954,96.303,61.298
851.038,469.863,95.682,62.247
850.805,471.926,96.920,61.831
850.415,470.895,95.993,60.790
850.805,471.441,95.979,60.924
848.892,471.900,95.214,60.312
848.290,472.249,94.743,59.918
845.505,472.748,94.875,59.373
843.855,473.073,94.862,59.176
841.462,474.447,94.247,57.929
836.315,474.537,95.212,60.266
833.598,475.112,95.190,57.750
834.094,476.056,94.048,58.538
826.591,476.204,94.493,56.755
823.563,475.854,93.660,56.870
819.414,475.658,93.341,56.676
815.279,475.464,93.021,56.482
810.870,473.821,93.862,56.868
809.138,473.673,94.979,55.844
803.896,474.134,93.341,54.631
801.492,475.124,92.567,54.653
798.874,474.507,91.103,54.462
796.038,474.088,91.555,53.889
793.600,473.481,89.824,53.698
789.421,474.185,90.256,52.846
788.544,473.448,89.793,52.933
784.978,471.473,90.435,54.123
783.693,471.081,89.365,51.826
780.166,470.363,89.725,52.033
776.918,469.651,90.054,52.223
776.272,467.423,87.769,51.863
772.208,466.882,87.929,51.596
769.844,466.206,87.389,51.596
766.305,465.629,87.065,51.405
762.780,466.127,86.741,51.750
759.093,466.797,87.948,50.945
756.010,468.272,86.741,49.739
753.201,467.486,86.439,50.127
751.122,468.249,85.579,50.449
748.784,467.818,85.123,50.127
745.341,468.241,85.979,50.591
744.485,467.652,84.126,50.449
740.720,468.330,84.476,52.226
739.578,468.362,83.965,50.831
738.047,468.220,82.309,49.936
736.004,466.704,82.410,50.397
734.359,468.155,82.343,48.528
732.119,467.613,82.013,51.638
729.778,464.054,79.775,51.704
726.211,466.250,81.510,49.754
723.850,462.426,81.896,50.898
720.357,464.035,80.460,49.494
718.568,462.456,79.482,50.625
716.123,463.881,77.509,49.047
713.114,465.669,78.338,48.930
709.730,464.578,77.043,50.121
704.779,463.978,78.101,48.828
703.385,466.185,76.422,48.508
698.997,467.492,76.532,48.824
695.837,465.676,76.968,49.025
694.203,466.068,75.806,48.486
690.411,467.458,75.489,48.624
688.527,466.729,73.423,49.111
685.935,465.484,74.265,48.947
682.876,465.019,75.300,48.908
680.897,465.648,73.423,47.895
678.080,464.116,72.745,50.719
674.824,464.191,73.423,49.354
673.559,465.359,72.939,49.068
670.889,466.361,72.516,48.985
668.171,466.224,72.214,48.302
665.628,467.138,71.610,48.372
664.716,467.004,70.953,47.696
662.195,468.123,70.401,47.439
659.560,469.095,70.795,47.352
657.123,468.167,70.099,48.512
655.768,469.479,71.055,47.760
654.890,470.416,69.065,47.058
653.795,469.658,68.734,48.572
652.880,469.340,68.822,46.191
650.435,471.181,69.530,46.692
650.527,470.347,68.434,46.763
649.427,472.834,68.248,47.240
648.878,474.099,66.381,46.535
648.156,473.382,66.264,47.634
647.071,474.013,67.534,47.049
646.468,475.491,65.799,46.014
645.759,476.829,64.343,46.544
644.626,475.780,65.733,47.547
643.427,475.798,65.217,47.512
642.123,476.573,64.368,46.630
640.850,476.226,65.373,46.994
637.332,474.736,67.078,46.976
635.866,474.024,67.646,46.486
636.260,474.081,66.071,45.473
635.838,473.265,64.162,45.343
637.016,473.029,62.887,46.031
637.556,472.921,62.239,46.031
633.613,474.856,64.962,44.097
633.398,475.824,62.596,45.280
634.222,474.490,62.866,45.072
632.517,474.223,62.866,45.392
632.370,475.936,63.269,45.070
632.423,476.418,62.626,44.962
632.303,476.310,62.973,45.179
631.245,474.812,62.305,44.641
631.260,472.856,62.382,45.177
631.017,471.789,62.334,46.244
630.994,471.895,61.198,45.818
631.686,469.033,61.299,46.769
631.144,470.262,62.274,46.356
631.951,469.240,60.338,47.001
632.252,469.831,61.556,46.997
632.126,471.070,60.942,46.571
631.980,470.269,60.485,46.996
632.890,470.858,61.021,45.819
633.494,471.072,60.662,46.557
633.351,470.376,60.203,46.564
633.545,470.962,60.662,45.391
631.940,470.021,61.141,45.908
632.179,470.280,61.087,46.557
632.105,470.649,60.378,45.605
632.249,470.970,61.141,46.118
632.345,470.054,60.096,46.564
631.638,469.474,60.344,46.345
630.525,469.952,60.874,45.179
631.337,470.060,60.720,45.278
631.232,470.217,59.775,44.752
630.572,470.433,60.578,44.113
631.245,471.158,61.199,44.527
631.524,471.048,59.490,44.539
630.869,472.089,60.285,43.076
630.907,471.788,59.700,43.474
630.651,472.502,59.700,43.984
630.761,473.368,58.352,44.200
630.751,472.507,58.781,44.596
629.889,471.731,58.864,44.815
631.085,470.952,58.739,45.034
630.982,470.282,58.224,45.034
628.918,470.853,59.787,45.020
629.053,469.431,59.934,45.991
627.882,467.410,60.482,46.443
627.792,466.770,61.087,46.345
626.902,467.140,61.055,43.900
626.734,465.678,61.495,45.471
626.196,465.719,60.874,45.179
623.962,464.146,61.876,45.803
622.507,464.245,62.121,43.900
621.784,462.671,60.954,45.062
620.325,461.565,61.246,45.278
618.860,460.454,62.593,44.649
617.174,460.083,62.465,44.542
615.579,458.605,62.171,45.493
614.272,460.574,63.186,43.367
612.774,461.772,62.296,44.017
611.251,462.140,61.981,43.912
608.157,463.604,63.254,43.912
607.696,463.816,63.332,44.121
608.076,465.196,61.935,43.164
605.286,466.481,62.545,42.456
606.943,465.550,61.303,44.113
606.751,464.082,61.790,44.226
605.710,463.713,62.401,44.752
607.852,463.394,61.299,45.179
608.314,464.240,62.276,44.121
609.407,462.663,61.981,43.807
610.495,461.043,61.790,45.062
613.074,460.878,60.768,45.179
615.409,462.982,60.195,44.122
617.134,462.883,59.025,44.527
618.410,466.185,59.564,43.797
618.862,465.010,59.685,44.815
620.331,465.257,59.025,45.459
619.044,464.575,59.726,45.471
619.005,463.786,58.967,45.689
619.146,462.699,59.518,44.534
618.505,461.780,59.049,45.034
617.481,460.479,59.335,44.320
617.676,460.586,59.976,43.900
617.264,460.483,59.049,43.900
618.010,460.595,57.251,44.800
617.998,460.146,58.087,44.378
617.855,462.435,57.557,44.494
616.676,461.833,58.290,45.698
616.619,461.383,58.093,45.252
616.193,461.956,58.224,45.240
615.832,462.523,57.194,44.106
615.672,463.058,56.811,46.454
614.604,462.583,58.121,45.549
614.192,464.129,58.121,44.415
615.291,465.314,58.169,44.698
615.189,465.824,59.394,44.800
616.512,468.032,57.161,45.770
616.994,469.791,56.711,44.610
617.661,468.855,57.599,44.866
617.988,468.326,58.679,44.596
617.998,468.678,57.839,45.020
618.819,468.114,58.454,45.020
618.573,467.438,58.224,45.240
618.213,468.005,58.121,45.652
618.900,468.670,58.403,46.598
619.454,468.445,57.713,45.689
620.796,471.092,58.018,46.373
621.295,472.011,57.437,44.534
622.188,470.211,57.275,45.799
624.675,471.165,56.506,43.892
624.313,470.599,57.629,47.924
624.206,470.812,57.315,46.338
627.701,471.821,55.814,44.320
627.137,471.582,57.938,46.987
629.445,470.297,55.726,47.153
631.030,471.821,56.163,46.373
631.012,470.703,56.608,46.251
633.166,471.882,56.506,47.994
634.758,470.473,56.981,46.108
635.012,470.340,58.739,45.240
636.009,469.143,59.025,45.977
638.860,468.607,58.445,45.689
638.467,469.292,58.403,44.320
639.707,469.613,59.088,45.209
642.845,468.918,57.885,47.012
645.127,468.900,57.608,47.467
647.142,470.152,56.098,44.752
646.434,469.904,57.917,47.460
646.608,468.737,57.989,45.698
646.130,466.544,57.194,46.888
646.216,464.704,57.437,47.344
648.274,464.851,55.831,45.898
647.146,464.952,57.376,47.932
647.050,465.281,57.989,46.118
646.428,469.286,58.403,45.356
646.157,468.262,58.224,45.755
646.896,468.980,58.403,45.873
647.587,470.482,57.541,45.263
648.259,470.039,56.711,45.020
648.281,469.700,57.782,44.581
647.986,469.029,57.659,44.800
648.853,469.590,57.557,45.209
651.481,470.249,56.506,43.892
651.120,469.683,56.528,47.224
651.736,469.996,57.678,45.252
653.194,469.548,57.121,44.815
654.640,470.224,56.564,44.987
655.234,468.768,55.881,45.372
655.487,468.212,58.407,44.664
656.591,467.471,56.711,44.815
657.259,467.142,57.599,45.877
656.998,466.894,57.709,45.240
657.753,466.439,56.711,45.020
657.065,469.045,57.275,43.464
655.287,466.465,58.229,44.122
655.358,465.677,57.376,44.378
654.237,463.917,58.003,43.957
653.933,463.159,58.609,44.159
653.133,463.400,58.475,43.474
651.651,461.895,58.811,44.664
650.657,462.174,59.049,43.900
650.076,462.285,58.475,43.882
648.442,462.494,59.103,43.667
647.888,463.305,58.475,43.882
646.255,462.397,59.103,43.768
646.619,463.259,58.781,42.657
645.443,463.070,58.520,42.834
645.945,461.863,57.917,43.940
644.185,462.209,58.912,43.452
644.597,464.031,58.493,42.753
645.087,462.783,57.917,43.940
645.145,463.129,56.993,43.048
645.170,465.141,56.146,42.607
645.201,466.246,55.398,42.945
643.093,465.658,57.065,43.240
643.154,466.771,57.341,43.603
643.067,468.864,56.710,42.332
642.988,469.832,57.457,42.945
642.349,468.408,57.142,44.001
642.866,467.785,56.107,43.940
642.050,468.452,57.739,43.702
642.162,467.679,56.811,43.940
640.853,467.138,57.629,43.922
640.767,469.293,58.205,42.542
641.255,468.053,57.629,43.122
641.455,467.103,57.629,43.722
641.512,469.356,57.917,43.337
641.713,466.591,57.917,42.131
643.532,465.370,55.864,43.285
644.462,464.346,55.582,43.559
644.067,463.952,55.582,43.066
645.679,463.424,54.613,42.847
645.230,461.265,54.832,44.157
645.644,461.170,54.399,43.066
646.252,459.702,53.668,43.575
646.495,460.721,53.571,42.604
645.810,459.260,54.267,43.126
646.353,458.987,53.571,42.410
645.811,459.745,53.029,41.945
645.285,462.186,53.325,41.317
645.050,460.556,54.171,42.227
645.819,461.884,53.019,42.069
645.287,463.441,53.325,42.263
644.766,463.187,53.607,41.916
644.386,463.805,53.607,41.726
644.006,463.282,53.702,41.536
644.951,462.777,53.892,41.317
644.856,463.202,53.325,41.506
643.627,462.682,54.176,42.074
644.057,464.036,53.220,41.181
642.923,464.501,53.889,41.287
642.827,466.707,54.459,40.750
641.314,466.849,54.176,41.506
641.884,467.262,53.512,41.726
639.745,469.496,54.462,40.680
639.936,469.603,54.459,41.506
638.979,468.858,53.889,41.754
638.740,468.349,53.607,41.536
637.652,468.884,53.703,41.506
637.463,469.404,52.852,41.506
636.991,468.997,53.043,41.475
634.922,468.573,53.889,41.099
634.826,467.849,53.325,41.317
632.898,468.382,53.889,40.064
631.557,467.479,54.153,40.661
630.043,466.649,53.889,41.099
629.947,466.965,53.325,41.034
628.019,467.356,52.572,41.193
625.867,468.681,53.602,40.319
624.382,466.789,53.688,41.778
623.187,469.048,53.987,39.540
622.046,469.753,53.399,40.535
620.307,470.750,53.976,40.319
618.857,471.639,54.444,40.319
617.489,472.425,54.265,40.534
616.032,473.318,53.889,40.440
615.380,475.203,53.602,40.038
613.243,475.310,53.967,40.847
611.637,474.573,53.889,41.099
609.839,474.890,54.176,41.034
608.184,475.930,55.027,40.277
606.955,474.795,54.176,41.317
605.148,475.874,54.462,39.730
603.941,474.691,53.602,40.880
602.152,473.970,53.889,41.099
600.354,474.286,52.852,40.277
599.479,474.620,53.029,40.165
597.860,475.638,53.029,39.887
596.392,473.215,52.742,40.592
594.477,473.599,52.013,40.010
593.935,474.013,53.097,40.189
590.314,471.619,53.029,40.258
588.694,470.925,53.862,40.443
587.187,469.630,53.602,40.786
585.398,469.897,52.478,40.064
583.655,469.219,51.454,40.224
582.432,469.847,52.260,39.787
580.092,469.143,51.815,40.006
578.169,469.555,53.280,40.189
576.523,468.714,52.013,40.661
574.547,468.334,51.454,40.224
573.871,468.962,51.805,39.787
572.096,468.371,52.169,39.787
571.998,467.666,50.808,40.006
571.506,467.296,50.253,40.564
569.107,466.119,50.524,40.655
568.330,466.963,50.530,39.787
567.842,466.146,50.875,39.980
565.754,466.759,51.882,39.749
564.017,467.150,50.803,39.969
563.523,467.758,51.158,39.749
560.943,469.976,52.516,40.293
560.732,470.318,49.975,40.628
559.824,471.255,51.158,40.745
559.221,472.037,49.435,40.189
558.329,472.969,50.593,39.310
554.433,474.178,51.936,40.027
554.219,471.945,50.808,41.104
554.540,471.899,49.709,41.196
554.448,473.014,49.438,40.606
553.414,471.436,49.975,41.331
552.727,471.616,50.166,39.787
551.394,471.362,49.160,40.295
550.722,472.347,49.339,39.937
550.281,472.280,49.865,40.070
547.992,472.168,51.309,39.579
546.936,474.210,51.068,38.120
544.932,471.754,50.028,40.288
544.553,471.637,48.264,40.340
543.716,471.885,49.673,39.845
541.483,470.170,51.023,40.693
541.179,468.271,51.357,42.843
540.336,468.532,50.409,42.321
539.442,471.553,50.993,39.610
537.565,472.809,51.596,38.809
536.142,473.768,49.966,39.579
534.055,473.077,51.913,39.358
533.301,473.922,51.973,39.206
533.391,473.152,51.158,39.749
533.074,472.202,53.784,40.021
532.518,473.045,53.409,39.359
533.265,473.578,51.638,38.843
533.331,472.740,52.406,39.350
532.676,472.931,53.808,38.785
533.764,472.733,52.913,37.717
534.252,472.429,53.279,38.325
535.358,472.215,53.422,38.572
535.666,472.017,53.353,38.785
536.667,472.655,54.445,38.239
538.074,472.916,52.913,38.266
537.968,472.779,54.027,38.359
539.898,473.100,54.653,38.449
541.267,471.615,54.031,38.935
542.326,471.384,54.307,37.923
543.804,469.861,55.083,39.787
545.577,468.594,54.453,38.653
546.846,468.222,54.307,37.923
549.053,469.339,54.354,37.329
550.697,467.631,54.780,39.568
552.455,469.080,55.193,39.383
554.419,468.752,55.193,39.851
556.247,468.552,55.488,38.747
558.496,468.013,54.897,38.335
559.988,467.483,55.688,39.212
562.200,467.070,55.847,39.851
563.461,467.519,54.648,39.521
564.546,466.344,55.642,39.359
567.257,467.590,55.488,38.371
568.902,466.970,55.990,39.425
571.129,465.522,55.488,39.218
573.241,465.112,55.847,39.851
574.502,463.764,55.499,39.993
576.346,463.528,55.783,40.277
578.860,463.326,56.078,40.490
580.719,463.889,56.373,40.130
582.725,465.226,56.373,40.226
584.732,465.656,55.322,40.130
584.501,466.245,55.877,40.750
586.260,466.363,56.373,40.512
588.129,466.257,55.900,40.724
587.893,466.363,56.469,40.512
589.810,465.009,55.900,40.628
591.580,465.640,55.322,40.130
592.579,466.228,55.405,39.994
593.619,465.992,55.405,40.466
595.278,468.356,56.078,39.920
597.274,469.687,55.033,38.969
598.551,466.561,54.897,39.917
600.231,463.666,56.146,39.030
602.535,464.842,56.146,38.465
603.159,463.139,54.990,41.871
604.337,464.289,55.900,38.803
605.907,466.478,55.193,39.757
607.735,464.726,54.359,41.569
608.734,465.063,55.227,39.366
609.219,469.217,54.818,39.383
611.133,466.298,54.897,41.778
611.497,468.362,55.516,39.380
614.144,467.926,54.829,40.252
615.037,469.712,54.359,38.747
616.996,470.125,54.951,39.672
618.840,470.690,54.257,40.319
620.200,468.560,54.453,40.346
623.444,470.300,52.666,38.371
624.385,470.216,53.847,39.530
625.951,467.492,52.751,40.258
626.969,466.798,54.602,40.443
629.159,465.859,54.077,41.099
630.292,465.135,52.285,41.317
630.940,465.882,53.037,40.847
630.703,466.286,52.854,40.038
630.662,466.500,53.862,39.610
631.495,468.166,53.492,38.962
631.235,469.796,54.104,39.456
632.189,467.591,51.918,40.258
632.332,469.868,52.913,39.456
633.705,470.005,53.280,40.189
634.106,470.188,53.781,39.824
635.502,470.188,53.037,39.824
636.799,470.402,52.466,40.224
637.812,468.147,52.466,41.881
638.276,468.961,51.914,41.099
638.875,469.705,52.751,40.443
640.541,467.993,52.104,41.553
642.738,468.751,51.544,40.038
643.564,467.192,51.896,41.062
645.913,467.918,50.993,40.998
646.326,466.171,52.181,42.111
648.434,464.938,51.820,42.227
648.575,464.891,52.008,41.099
649.222,463.507,52.751,41.738
649.829,465.943,51.914,40.252
650.702,463.823,52.181,41.653
651.161,465.379,51.731,40.973
650.928,467.819,51.918,41.183
651.530,468.606,52.751,41.276
652.274,468.196,53.322,41.067
652.037,467.569,52.196,41.099
652.640,467.183,53.037,40.661
652.547,463.786,52.571,41.034
652.594,464.391,52.199,41.499
651.939,464.093,52.854,40.880
651.755,462.480,54.153,41.778
652.651,461.871,52.742,41.754
652.125,464.315,52.196,40.628
650.089,466.583,53.029,41.183
650.223,468.933,52.480,41.628
650.083,469.728,51.544,42.096
649.475,470.757,52.386,40.038
649.343,471.814,52.006,41.145
650.502,471.451,52.385,40.847
650.456,470.940,52.106,41.127
650.270,470.102,53.781,41.127
651.254,470.432,52.285,41.412
651.765,468.406,53.322,42.564
652.246,468.190,51.882,41.945
651.807,469.144,52.480,41.067
651.807,468.742,52.199,40.847
651.439,468.342,52.289,41.461
650.829,468.025,51.918,41.067
650.320,468.753,52.289,40.628
649.996,468.244,51.363,41.646
649.066,469.155,51.641,41.499
648.275,468.969,52.571,41.685
647.663,469.686,52.196,41.287
648.267,471.161,53.037,41.034
649.153,471.659,51.731,41.722
650.175,471.119,52.385,41.313
650.736,471.757,51.638,40.038
650.880,471.291,51.077,40.970
651.976,471.178,51.540,41.013
652.525,468.213,50.901,41.697
653.266,468.238,52.104,40.628
653.220,466.063,51.918,42.294
653.410,464.357,52.008,42.791
652.752,465.519,52.096,41.506
653.168,463.540,53.322,42.564
652.884,463.324,52.647,41.945
652.687,464.923,52.666,41.193
652.640,465.500,51.544,42.003
652.780,465.454,51.731,41.909
652.265,465.360,52.480,41.067
651.894,467.657,52.571,40.661
651.711,466.702,52.289,41.923
651.334,466.032,52.760,41.569
651.193,466.691,52.666,41.099
651.146,466.192,52.480,41.909
650.865,467.021,52.760,41.287
648.807,466.148,53.602,42.377
648.664,465.838,53.602,41.945
648.281,466.471,53.702,40.680
647.536,468.476,52.760,40.880
647.677,466.305,52.199,42.336
647.114,467.240,53.041,41.317
646.737,466.738,52.196,42.133
645.938,466.644,53.137,42.133
645.323,466.325,52.751,41.726
644.801,467.062,52.196,42.321
644.237,467.990,53.041,41.506
642.167,468.617,52.478,41.945
641.885,467.300,52.760,42.227
640.279,468.180,53.419,41.506
640.326,468.700,53.041,42.546
637.800,467.329,53.316,43.092
636.988,468.321,53.307,42.165
634.747,469.063,53.037,42.771
633.939,468.950,53.029,42.996
632.983,468.838,53.307,43.222
630.286,468.725,53.874,42.385
629.753,468.307,53.307,42.165
627.512,468.004,54.462,41.726
625.697,466.891,54.749,42.232
624.493,463.773,54.550,41.033
622.873,463.949,57.029,41.726
623.346,460.986,55.398,40.886
621.998,461.747,54.749,41.563
622.046,461.030,53.985,41.945
617.889,460.505,56.851,42.805
617.987,462.494,57.647,41.502
614.846,464.027,58.339,40.200
616.260,465.105,56.482,41.537
612.863,465.106,57.744,41.343
612.811,466.559,57.947,40.200
612.961,465.891,57.550,41.537
611.242,465.677,57.751,41.769
610.849,466.260,58.440,42.475
610.354,466.087,57.629,42.621
608.905,464.999,58.038,42.110
609.199,463.767,56.359,41.898
607.724,464.621,56.871,40.775
607.678,463.286,57.060,42.192
606.249,462.208,57.356,43.066
606.057,464.229,56.644,40.815
602.905,464.748,60.053,42.288
602.919,463.156,57.195,44.159
601.707,464.217,56.993,42.441
600.934,466.122,59.622,41.489
599.785,466.359,60.427,42.906
598.260,464.851,59.190,43.168
598.405,466.632,57.782,41.534
596.803,465.338,57.849,42.847
597.114,465.351,56.528,42.621
594.729,465.572,58.144,41.982
593.690,464.277,59.430,41.898
593.890,464.616,59.130,41.821
594.088,466.114,57.142,41.811
592.165,464.958,57.849,42.847
592.075,465.772,56.928,41.821
591.615,466.484,56.280,41.181
592.528,466.413,55.805,42.385
592.142,465.657,55.505,42.629
592.385,466.096,56.383,41.556
591.074,466.106,56.579,41.343
591.608,464.456,54.832,42.895
590.880,464.068,55.221,42.410
591.123,464.504,56.094,41.343
590.495,464.514,55.612,41.323
590.447,466.350,56.284,40.820
589.391,465.150,55.996,42.165
589.099,465.357,57.164,41.556
589.392,467.015,55.505,41.068
588.767,466.051,56.660,41.945
587.976,464.963,56.378,42.259
587.241,465.110,56.182,41.769
586.703,466.002,57.356,41.828
586.456,464.855,55.300,42.847
584.451,465.403,56.871,41.751
585.378,466.184,56.383,40.970
585.088,466.008,57.060,43.061
584.251,464.641,57.042,44.001
583.612,465.124,57.213,42.834
582.851,465.238,58.237,42.607
583.756,464.330,56.128,43.422
582.600,464.845,57.944,42.195
582.352,464.746,57.944,42.195
583.392,465.439,57.251,42.690
582.798,466.380,57.944,42.690
582.403,466.421,57.142,42.607
583.042,466.528,57.251,42.195
582.595,468.310,57.553,41.489
582.447,468.073,57.947,43.044
582.806,468.184,56.528,42.621
581.111,467.321,57.454,43.066
581.765,468.346,57.540,41.811
580.576,468.162,57.454,42.179
581.118,467.078,57.356,43.263
580.281,466.199,57.329,43.722
580.591,466.542,57.414,42.834
579.035,467.452,57.938,41.811
578.045,466.184,57.454,43.066
578.699,467.209,58.336,41.811
577.756,466.918,57.746,42.393
577.409,466.918,57.845,42.393
576.964,465.716,58.237,43.503
577.586,466.651,57.700,42.239
577.217,465.485,57.845,43.285
575.572,465.609,58.520,42.834
576.477,465.509,58.118,42.834
575.121,464.415,58.229,43.722
575.739,464.651,58.407,43.048
574.375,465.260,60.330,42.231
573.821,466.570,58.811,42.542
573.564,464.715,59.425,43.036
573.320,465.110,60.017,42.651
573.370,466.531,59.407,42.753
572.355,466.283,60.630,43.048
572.417,465.861,60.608,43.687
571.393,465.651,61.110,42.457
571.843,467.694,61.129,42.147
572.302,466.929,61.129,43.474
572.319,466.506,61.199,42.663
572.666,466.712,61.428,42.866
572.980,466.916,61.728,43.076
573.296,466.294,62.028,44.113
574.685,464.714,60.720,43.807
573.565,466.321,62.131,43.595
575.983,465.745,60.640,44.539
576.961,464.603,62.223,44.014
578.448,466.019,62.821,42.861
579.683,466.015,61.807,43.494
581.244,463.830,60.974,43.910
581.184,464.454,62.028,43.492
583.687,462.788,61.391,44.846
585.598,464.621,60.930,43.072
585.811,463.082,60.608,43.379
587.878,463.543,60.800,43.076
589.359,464.981,60.095,42.046
590.910,464.986,60.428,43.755
592.064,463.676,59.564,43.591
593.067,464.449,59.802,43.984
593.908,465.007,59.564,43.282
594.911,463.176,58.985,43.678
595.626,462.053,60.006,44.596
596.427,461.052,59.232,45.252
596.700,461.411,58.373,44.326
597.109,462.348,59.802,44.188
597.949,463.007,59.564,43.282
597.626,461.686,58.577,44.596
598.815,462.859,59.275,44.200
598.200,463.833,58.864,43.072
597.822,463.744,59.721,43.250
598.905,464.346,58.985,42.861
599.497,463.041,58.811,44.159
600.124,464.098,58.985,42.861
598.898,463.095,58.912,43.856
600.392,465.021,58.986,42.963
600.075,463.767,59.115,42.744
599.822,463.514,59.115,43.048
600.883,464.221,59.216,42.239
599.924,462.717,58.621,42.533
601.020,463.373,59.830,43.122
600.830,463.095,58.577,43.474
600.309,463.207,59.721,43.048
600.211,463.812,59.407,42.651
601.419,465.331,58.407,42.542
601.108,465.192,59.130,42.621
602.317,465.789,58.118,42.030
603.444,465.607,57.251,42.195
602.998,464.531,58.243,43.066
602.959,463.441,58.922,42.533
604.065,463.189,58.118,42.834
603.610,461.595,59.130,42.821
604.678,463.301,59.418,43.553
604.282,461.606,59.700,43.066
604.174,463.336,59.407,42.651
605.382,461.925,58.407,44.159
604.480,462.166,58.475,43.474
604.413,461.166,58.609,42.744
604.961,461.021,58.520,42.834
603.653,460.920,58.621,42.834
604.609,460.820,58.118,42.834
603.253,462.627,58.329,41.021
604.375,462.939,57.947,42.259
604.129,462.872,57.944,42.195
602.990,464.556,58.835,41.700
603.538,464.102,58.336,42.607
603.692,464.796,58.029,42.021
603.487,464.610,58.538,42.393
603.741,464.396,58.629,42.621
604.842,464.295,57.829,42.621
604.389,462.710,58.834,44.001
605.028,462.871,57.251,42.657
604.433,463.003,58.538,43.285
604.802,461.909,58.205,42.744
605.290,462.671,58.229,42.021
604.294,462.485,59.430,42.195
603.441,462.065,58.621,42.834
604.397,462.769,58.922,42.231
604.343,462.474,57.429,42.621
604.729,462.588,58.439,42.393
604.434,463.174,59.130,42.021
604.985,462.774,58.629,42.621
605.685,464.475,58.229,42.121
606.726,464.232,57.540,42.408
606.772,463.150,58.043,43.285
607.438,463.274,58.118,42.834
608.283,463.281,57.829,42.621
606.934,462.193,58.038,43.503
608.402,464.337,58.219,41.125
607.705,463.917,58.241,41.965
608.894,463.703,57.251,42.195
609.728,465.583,56.961,41.391
609.432,463.842,57.651,43.117
610.844,463.990,57.029,42.621
611.426,464.104,57.251,42.195
610.979,461.845,56.567,42.869
611.472,462.190,56.961,42.179
612.162,462.190,59.622,42.179
613.216,461.762,56.811,42.834
612.402,462.775,56.854,41.601
613.320,461.627,59.017,42.629
613.166,462.228,57.716,42.231
614.092,462.940,57.251,41.601
613.793,462.758,57.947,41.769
614.976,462.552,56.961,41.982
615.807,463.345,56.672,41.181
615.999,462.100,56.870,42.604
616.249,462.312,57.356,41.982
617.924,462.214,56.173,41.982
617.234,461.256,55.993,42.824
618.365,462.470,55.888,42.063
618.553,462.733,56.482,42.410
619.144,462.956,56.672,43.044
619.548,464.074,57.251,41.403
619.299,463.899,57.749,41.751
618.215,461.419,59.130,42.869
620.092,463.047,57.599,41.431
620.849,461.211,57.065,41.965
621.732,461.996,57.849,41.181
620.849,460.525,57.163,42.847
622.291,462.535,58.439,41.601
623.182,463.922,55.963,41.502
623.551,462.949,56.191,42.192
624.138,463.170,56.383,41.556
624.573,463.956,56.482,40.760
624.961,464.550,56.284,41.397
625.735,464.480,56.094,41.343
625.783,463.428,56.577,42.192
626.422,462.463,55.006,41.475
627.608,464.471,56.668,41.397
627.798,462.848,55.124,42.895
628.631,463.420,55.603,41.556
628.820,463.537,56.191,41.130
629.689,464.213,55.805,41.419
630.364,465.033,55.805,41.419
631.040,464.019,55.805,42.192
632.214,464.240,55.603,41.751
632.017,465.226,56.577,40.550
633.220,464.947,55.516,41.109
633.892,464.947,55.516,41.109
634.565,464.947,56.476,41.973
636.074,466.814,56.578,41.068
637.137,466.687,55.805,41.130
638.722,466.697,56.668,40.916
639.830,465.432,56.674,42.192
641.987,466.330,57.163,40.985
643.977,466.830,57.938,41.634
646.634,466.558,58.144,40.602
648.978,467.739,58.237,39.800
651.642,466.978,56.963,39.778
653.943,465.368,58.189,41.754
657.780,465.841,57.251,40.016
661.913,464.239,56.668,40.628
664.602,462.942,57.821,40.628
666.921,464.235,57.259,39.596
671.186,461.388,56.373,40.990
674.753,461.221,55.805,41.130
678.163,460.175,56.668,40.628
683.158,459.935,55.516,40.916
686.551,458.418,54.558,40.321
688.719,457.418,55.488,41.099
690.146,457.413,57.341,39.572
697.318,456.751,53.507,40.703
700.217,454.932,53.415,40.132
704.314,456.761,52.571,39.824
707.128,454.858,53.111,40.776
710.952,454.198,52.947,40.880
711.793,456.397,55.473,39.290
716.798,454.993,54.070,40.880
720.858,455.957,53.136,39.521
722.850,456.019,55.320,39.212
725.533,455.606,52.667,39.851
725.725,456.570,54.491,38.475
726.830,456.018,55.228,39.304
727.876,456.399,56.128,39.103
734.780,456.577,50.879,39.312
736.311,456.085,50.414,39.131
737.119,455.615,50.755,38.912
740.859,457.619,51.468,38.467
741.126,456.818,51.824,38.912
742.366,457.004,53.127,38.359
744.120,456.807,53.422,38.572
745.884,456.609,53.717,38.785
749.399,456.411,51.357,39.182
751.035,454.121,51.506,39.710
752.612,456.954,52.788,39.659
754.430,455.612,51.822,39.396
758.339,457.563,49.619,39.116
759.507,458.173,50.647,38.871
755.802,458.553,57.167,38.111
763.618,459.273,49.299,38.354
769.640,462.869,48.135,38.996
770.467,463.740,49.005,38.212
773.818,463.261,47.700,38.038
776.881,463.974,47.818,37.553
778.084,462.085,48.899,38.694
781.382,463.327,48.657,37.516
784.924,461.812,48.417,38.409
788.102,461.544,47.685,37.819
791.280,463.785,48.134,37.929
794.560,463.503,47.818,38.323
797.561,463.304,48.098,37.773
800.823,463.885,47.818,37.553
803.046,463.527,48.559,37.164
808.191,464.590,47.624,37.589
810.317,465.185,48.559,37.334
814.922,464.605,47.305,37.382
818.031,465.204,47.259,37.114
821.238,464.852,47.568,36.894
825.693,465.314,47.484,36.726
829.012,464.767,47.568,36.726
832.374,465.146,47.568,35.802
835.979,465.276,47.998,36.455
838.547,464.174,48.576,35.970
842.413,464.846,48.576,36.222
844.850,464.972,48.996,35.970
852.876,466.485,48.996,35.382
854.484,466.298,49.290,36.007
855.964,466.885,50.472,35.508
860.535,468.056,50.260,35.718
862.363,468.226,50.175,35.718
864.744,468.566,51.536,35.548
866.936,469.476,51.368,35.106
869.319,467.894,50.770,34.952
872.216,467.278,51.148,34.831
874.625,466.602,51.486,33.817
877.478,465.632,50.877,34.419
879.469,465.529,51.602,35.130
881.831,463.419,50.470,34.303
883.173,464.196,51.879,34.085
885.948,463.654,50.472,33.817
888.431,462.792,50.904,34.213
889.990,464.192,51.879,33.584
893.039,464.610,51.211,34.085
893.852,462.743,51.350,33.701
896.637,465.224,50.877,33.166
898.138,465.629,50.598,33.677
900.684,466.192,50.904,33.383
902.199,467.695,50.598,33.759
904.744,468.299,50.572,32.718
905.976,468.676,50.392,33.269
908.693,469.313,50.291,33.391
910.375,469.928,49.963,32.324
912.322,468.854,50.016,32.216
913.570,469.176,50.740,31.733
915.906,467.807,50.338,31.411
916.742,467.024,51.146,32.336
918.179,466.395,51.452,31.149
920.146,467.150,51.787,31.894
920.680,467.115,51.126,31.149
921.911,465.561,51.146,32.496
922.544,466.385,52.424,31.668
923.967,466.237,51.126,31.149
923.437,466.123,52.906,31.536
924.950,465.893,51.440,32.242
925.882,466.032,52.105,31.149
926.730,465.723,51.380,31.444
926.164,464.853,52.271,31.572
925.717,464.657,52.349,31.149
925.472,464.348,52.595,30.957
925.351,463.132,53.568,31.768
926.309,463.404,52.067,31.058
925.603,463.791,52.754,30.605
925.724,462.503,52.271,30.766
924.636,462.100,52.673,30.203
924.880,462.154,52.906,29.935
923.239,459.993,53.387,30.895
923.350,460.111,53.898,30.496
921.353,459.458,54.062,31.067
921.638,460.881,53.163,30.355
919.950,461.239,53.076,30.283
920.232,464.139,53.237,29.317
920.920,465.593,51.065,30.066
919.906,467.118,51.836,30.159
919.894,467.244,51.621,29.748
920.101,468.609,52.229,29.060
920.775,468.467,51.584,30.123
920.800,468.037,50.743,29.403
920.894,468.471,51.563,29.620
921.072,467.888,51.914,29.217
921.588,468.137,51.584,28.874
922.102,467.454,50.013,28.999
922.157,467.871,49.673,29.238
922.042,467.488,50.592,28.702
921.927,467.756,49.597,28.778
920.037,469.066,51.250,28.134
920.873,468.230,49.349,28.514
920.922,466.322,48.722,29.158
918.467,468.362,51.139,28.553
919.085,466.259,48.525,29.544
920.916,466.127,46.459,29.047
923.997,466.311,41.916,28.900
925.065,467.104,40.620,28.644
930.503,470.050,33.993,26.043
934.473,469.564,29.775,25.393
934.668,471.475,28.669,24.762
937.388,470.850,23.070,26.603
940.919,470.794,19.160,23.462
941.271,470.917,17.264,28.574
943.626,468.419,14.114,29.963
940.053,466.917,16.774,32.884
911.762,462.481,44.954,114.643
871.568,461.165,89.469,54.315
872.198,462.642,90.860,55.270
873.444,464.136,92.346,54.271
875.433,465.130,93.625,56.260
877.991,464.728,94.913,55.609
880.175,464.146,95.932,57.210
881.935,463.630,97.910,57.647
885.115,463.092,99.079,57.369
885.404,462.165,101.825,59.524
888.868,459.775,102.699,61.183
890.744,459.346,104.833,62.518
892.754,458.837,106.811,61.915
895.441,457.994,108.449,64.091
895.197,457.458,112.614,65.664
899.190,458.626,113.233,65.737
903.188,457.743,114.929,68.023
904.869,457.222,118.472,68.533
909.206,458.260,119.912,68.985
912.532,457.245,122.183,69.377
917.507,457.968,124.969,70.514
921.494,456.547,128.656,71.664
927.273,454.823,130.388,73.379
932.853,454.842,133.935,73.145
937.420,454.964,136.292,75.674
942.246,455.338,142.114,75.333
948.893,454.276,144.558,77.250
954.517,453.966,146.854,78.294
961.201,452.981,149.796,80.049
966.922,451.939,154.166,81.914
973.995,450.800,157.129,83.967
980.073,449.752,164.302,85.833
986.740,446.235,167.636,90.723
992.714,445.385,173.481,92.177
1000.732,444.898,179.720,93.657
1008.290,445.252,185.895,96.323
1016.239,444.077,188.766,99.210
1025.365,442.418,194.637,102.253
1033.087,441.539,202.371,104.577
1043.726,440.257,208.169,107.724
1052.822,438.983,216.048,110.870
1062.526,437.350,216.178,114.757
1072.446,435.701,205.178,117.740
1084.799,433.896,194.472,118.550
1096.265,432.644,183.404,125.007
1108.238,430.880,169.159,128.536
1121.096,431.691,157.019,126.028
1132.857,431.336,145.327,134.906
1147.147,430.593,132.182,127.691
1165.374,431.227,113.937,129.285
1181.984,436.062,95.790,131.772
1198.138,444.544,80.140,130.340
1217.134,463.679,61.176,123.580
1236.058,481.773,42.303,111.068
1256.935,490.258,20.773,103.177
1270.000,533.937,10.000,186.063
1267.644,604.814,11.856,115.186
1267.279,604.658,11.624,114.979
1262.428,604.789,15.957,22.649
1270.000,606.253,10.000,19.914
1270.000,608.910,10.000,17.935
1270.000,609.477,10.000,17.802
1270.000,609.977,10.000,15.452
1270.000,604.321,10.000,63.257
1270.000,596.539,10.000,123.461
1269.005,603.252,10.000,115.537
1268.222,607.954,10.681,110.827
1267.694,609.521,10.838,110.479
1267.203,610.523,10.917,107.987
1254.989,610.670,24.231,107.211
1235.366,584.676,43.168,134.911
930.000,441.000,39.000,27.000
980.390,457.947,10.000,30.825
952.252,479.433,35.660,64.749
777.179,533.241,185.566,39.874
802.480,451.180,172.931,101.653
808.194,449.943,179.833,101.472
813.943,447.905,185.115,106.360
819.066,446.262,192.300,107.115
824.033,443.729,200.200,117.071
830.910,442.467,209.444,116.835
836.362,439.819,220.462,119.313
843.675,435.841,232.458,132.462
850.688,433.593,242.311,133.798
857.869,430.160,253.558,141.747
864.666,430.031,266.922,146.181
873.086,425.961,282.924,155.509
881.342,421.774,300.870,165.143
893.002,420.902,317.265,178.043
903.680,417.155,338.250,181.256
911.686,414.582,363.383,191.359
929.243,407.347,347.796,214.800
941.696,397.631,337.121,233.139
956.465,393.525,323.535,245.841
974.213,386.545,302.159,255.846
993.336,379.172,283.400,264.470
1011.674,371.596,267.010,278.523
1032.204,367.320,244.506,293.626
1062.219,367.195,214.507,310.499
1090.926,380.853,184.999,294.552
1127.825,408.985,147.179,268.192
1162.837,450.417,115.333,265.663
1207.529,489.618,70.135,226.887
1255.985,538.389,22.989,130.103
1182.027,594.128,97.723,125.872
1008.333,581.102,270.087,137.931
798.060,546.821,479.886,48.723
731.238,417.800,231.452,86.641
540.914,455.448,250.172,264.552
325.930,664.497,468.884,50.495
333.263,664.784,456.684,52.078
730.000,436.000,36.000,17.000
707.786,473.522,53.140,15.897
723.528,475.208,37.751,15.803
731.000,436.000,36.000,17.000
732.000,435.000,37.000,18.000
732.000,434.000,37.000,18.000
709.920,470.210,54.159,21.331
732.000,435.000,38.000,18.000
733.000,434.000,39.000,18.000
733.000,434.000,39.000,18.000
734.000,433.000,39.000,18.000
735.000,432.000,38.000,18.000
709.038,467.998,56.571,23.217
736.000,431.000,39.000,16.000
736.000,430.000,39.000,17.000
736.000,428.000,39.000,18.000
736.000,428.000,39.000,18.000
754.439,464.733,106.795,23.597
814.976,473.515,33.885,24.333
735.000,426.000,41.000,19.000
736.000,426.000,42.000,19.000
735.000,426.000,43.000,19.000
736.000,426.000,42.000,19.000
736.000,426.000,43.000,18.000
736.000,426.000,44.000,19.000
736.000,426.000,45.000,19.000
753.525,462.423,10.000,29.733
738.000,429.000,44.000,19.000
738.000,429.000,44.000,19.000
749.729,465.251,48.106,27.100
740.000,430.000,45.000,19.000
740.000,430.000,47.000,19.000
742.970,473.117,21.671,22.391
722.640,481.018,42.830,15.271
721.435,481.388,42.972,17.467
743.000,431.000,47.000,20.000
743.000,431.000,48.000,20.000
761.727,469.596,40.754,29.589
720.219,482.722,46.241,18.844
720.896,480.536,45.481,17.799
721.338,480.767,44.824,17.109
720.540,478.438,45.588,16.658
720.124,475.939,45.588,17.769
720.620,474.387,44.824,17.565
719.120,473.447,46.240,16.789
720.333,472.541,44.038,17.593
720.333,473.437,44.654,18.321
719.246,473.853,45.678,18.639
717.035,474.920,45.419,18.729
716.859,477.027,45.536,18.144
717.018,477.988,44.872,18.006
717.042,478.950,44.482,18.648
716.478,479.454,45.263,19.614
715.638,480.136,46.703,19.450
716.775,479.450,46.669,19.430
716.442,477.361,47.093,19.370
717.773,476.635,46.669,18.946
717.713,475.869,46.433,19.764
758.000,409.000,62.000,27.000
758.000,409.000,62.000,27.000
758.000,409.000,62.000,27.000
717.460,473.201,47.748,21.741
717.651,474.973,47.238,20.457
716.820,475.696,48.649,20.260
716.499,475.363,49.039,20.548
716.178,476.679,48.538,20.775
716.947,476.758,48.280,20.554
716.246,476.107,48.538,20.394
715.870,476.723,49.039,20.422
715.548,477.278,49.428,20.584
716.762,476.556,49.369,20.042
716.801,476.114,50.110,21.305
717.806,476.150,49.412,21.888
716.693,476.133,49.591,20.800
717.805,476.724,49.754,20.908
717.254,475.212,50.595,20.615
717.124,474.334,50.595,20.875
716.994,473.977,51.701,21.981
716.439,474.702,52.541,21.071
716.500,474.110,52.152,21.853
715.974,473.742,51.434,22.179
716.723,474.491,51.298,22.995
715.379,475.495,52.190,22.367
714.677,477.016,52.360,21.931
714.256,476.279,52.930,21.839
714.120,477.266,51.434,22.587
714.685,478.142,51.675,22.205
713.785,477.951,51.570,22.179
712.968,476.522,52.182,23.404
713.357,476.598,52.806,23.672
711.985,476.642,53.348,24.010
712.221,476.257,53.307,23.124
712.988,477.098,53.184,22.853
712.196,475.988,54.487,22.971
713.370,477.458,53.561,23.229
712.376,476.002,55.266,23.655
713.388,476.078,54.692,25.243
713.379,474.165,55.158,25.641
714.141,475.503,54.010,25.532
712.002,473.734,55.083,25.045
712.188,473.436,56.201,24.746
712.750,473.353,55.528,25.363
712.792,473.042,54.916,25.985
712.344,474.477,55.280,25.701
712.261,473.806,55.294,25.607
712.186,475.128,55.294,25.532
712.110,474.373,55.294,26.514
711.484,473.454,55.083,25.654
711.303,473.742,56.125,26.589
710.908,473.700,56.758,25.743
712.116,473.407,56.791,26.329
712.055,472.304,56.758,25.820
713.625,471.964,56.623,27.580
714.018,471.118,56.553,26.487
713.838,470.095,57.379,25.820
714.716,469.754,57.625,27.580
715.115,469.217,57.229,27.134
715.670,469.663,58.647,26.715
717.314,469.817,58.462,27.998
716.803,471.498,57.944,27.392
717.361,471.907,59.390,28.174
718.259,471.883,58.331,29.371
719.357,471.289,57.963,29.563
719.191,472.286,59.043,29.231
719.389,472.532,58.396,29.908
719.088,473.030,58.745,28.910
719.488,471.390,59.842,30.293
721.523,470.797,57.656,30.453
721.944,470.980,58.661,30.675
721.425,471.095,59.445,30.445
722.234,470.235,58.682,30.795
723.688,470.321,59.110,31.223
723.042,470.531,60.144,30.803
