0.00000000,0.00000000
0.96300999,0.00000000
0.93615062,0.00000000
0.97284980,0.00000000
0.96227336,0.00000000
0.95062163,0.00000000
0.95069906,0.00000000
0.95181913,0.00000000
0.97582549,0.00000000
0.94184591,0.00000000
0.92631219,0.00000000
0.90567534,0.00000000
0.97068544,0.00000000
0.95312499,0.00000000
0.95742784,0.00000000
0.95062160,0.00000000
0.97201732,0.00000000
0.92718246,0.00000000
0.94189319,0.00000000
0.94353392,0.00000000
0.91602749,0.00000000
0.94108739,0.00000000
0.95705748,0.00000000
0.95342640,0.00000000
0.93379177,0.00000000
0.95121077,0.00000000
0.93445455,0.00000000
0.94839519,0.00000000
0.92467937,0.00000000
0.94492845,0.00000000
0.92771288,0.00000000
0.91668396,0.00000000
0.94162016,0.00000000
0.91791273,0.00000000
0.95224335,0.00000000
0.96838028,0.00000000
0.96689644,0.00000000
0.94983573,0.00000000
0.93599368,0.00000000
0.91839709,0.00000000
0.93600124,0.00000000
0.94235219,0.00000000
0.92920734,0.00000000
0.95656782,0.00000000
0.92679501,0.00000000
0.94362933,0.00000000
0.94549046,0.00000000
0.95323991,0.00000000
0.95253905,0.00000000
0.94711469,0.00000000
0.97333865,0.00000000
0.93050240,0.00000000
0.96480103,0.00000000
0.92642242,0.00000000
0.96652179,0.00000000
0.93051089,0.00000000
0.89167212,0.00000000
0.93106413,0.00000000
0.92853707,0.00000000
0.95373500,0.00000000
0.94742210,0.00000000
0.92839066,0.00000000
0.97166677,0.00000000
0.94890306,0.00000000
0.95154023,0.00000000
0.97561084,0.00000000
0.94880408,0.00000000
0.97471705,0.00000000
0.94389436,0.00000000
0.95380265,0.00000000
0.97228226,0.00000000
0.94566109,0.00000000
0.95915030,0.00000000
0.96544976,0.00000000
0.95879620,0.00000000
0.96235792,0.00000000
0.96183067,0.00000000
0.94775954,0.00000000
0.92319606,0.00000000
0.98027076,0.00000000
0.88074856,0.00000000
0.92178551,0.00000000
0.91066125,0.00000000
0.86269777,0.00000000
0.85867811,0.00000000
0.88106229,0.00000000
0.84676050,0.00000000
0.88721857,0.00000000
0.96539956,0.00000000
0.95865612,0.00000000
0.97559699,0.00000000
0.94461348,0.00000000
0.97881935,0.00000000
0.96191303,0.00000000
0.97302392,0.00000000
0.95910664,0.00000000
0.96406274,0.00000000
0.95524429,0.00000000
0.94514960,0.00000000
0.95363133,0.00000000
0.94271218,0.00000000
0.96950680,0.00000000
0.93215319,0.00000000
0.98042533,0.00000000
0.95614981,0.00000000
0.97497484,0.00000000
0.95835483,0.00000000
0.96611615,0.00000000
0.96506629,0.00000000
0.95280442,0.00000000
0.95997405,0.00000000
0.93024563,0.00000000
0.96151078,0.00000000
0.94641755,0.00000000
0.97042566,0.00000000
0.94898327,0.00000000
0.93855585,0.00000000
0.96333694,0.00000000
0.94262453,0.00000000
0.96178998,0.00000000
0.94547788,0.00000000
0.95716697,0.00000000
0.96505825,0.00000000
0.95331950,0.00000000
0.92752119,0.00000000
0.91575350,0.00000000
0.92562323,0.00000000
0.92022454,0.00000000
0.94207660,0.00000000
0.92163332,0.00000000
0.90764026,0.00000000
0.92066899,0.00000000
0.92842212,0.00000000
0.93160452,0.00000000
0.96289803,0.00000000
0.95826944,0.00000000
0.93460098,0.00000000
0.93789283,0.00000000
0.95395278,0.00000000
0.91233866,0.00000000
0.96817776,0.00000000
0.91888208,0.00000000
0.91448413,0.00000000
0.92571840,0.00000000
0.94699401,0.00000000
0.95715894,0.00000000
0.94909419,0.00000000
0.94337356,0.00000000
0.93585879,0.00000000
0.96944022,0.00000000
0.95334552,0.00000000
0.92500651,0.00000000
0.93709721,0.00000000
0.96012268,0.00000000
0.93397553,0.00000000
0.93954821,0.00000000
0.91591486,0.00000000
0.91995921,0.00000000
0.94119338,0.00000000
0.92116952,0.00000000
0.93507255,0.00000000
0.93143451,0.00000000
0.94623538,0.00000000
0.91837180,0.00000000
0.95409358,0.00000000
0.96897531,0.00000000
0.97573490,0.00000000
0.93862493,0.00000000
0.95954203,0.00000000
0.95109844,0.00000000
0.97885898,0.00000000
0.99073046,0.00000000
0.97009239,0.00000000
0.97621488,0.00000000
0.97470198,0.00000000
0.95951434,0.00000000
0.93929079,0.00000000
0.95493722,0.00000000
0.93878340,0.00000000
0.96495600,0.00000000
0.98550203,0.00000000
0.94063090,0.00000000
0.92458550,0.00000000
0.92824748,0.00000000
0.90403828,0.00000000
0.93333291,0.00000000
0.94604021,0.00000000
0.95309305,0.00000000
0.93072471,0.00000000
0.94636846,0.00000000
0.94910376,0.00000000
0.92606952,0.00000000
0.93210244,0.00000000
0.95447147,0.00000000
0.95111840,0.00000000
0.93267684,0.00000000
0.95463039,0.00000000
0.94695674,0.00000000
0.95012863,0.00000000
0.94420256,0.00000000
0.91929787,0.00000000
0.95991309,0.00000000
0.96563884,0.00000000
0.94149208,0.00000000
0.95509423,0.00000000
0.95229355,0.00000000
0.94144493,0.00000000
0.96213843,0.00000000
0.93517882,0.00000000
0.96151463,0.00000000
0.95320275,0.00000000
0.92571888,0.00000000
0.92097830,0.00000000
0.95008353,0.00000000
0.94400518,0.00000000
0.94101753,0.00000000
0.93232934,0.00000000
0.92870646,0.00000000
0.90598661,0.00000000
0.89049179,0.00000000
0.90781395,0.00000000
0.90279977,0.00000000
0.93981149,0.00000000
0.93852548,0.00000000
0.97722605,0.00000000
0.93707250,0.00000000
0.94033570,0.00000000
0.93572288,0.00000000
0.90067041,0.00000000
0.93340527,0.00000000
0.94124585,0.00000000
0.93193170,0.00000000
0.95795918,0.00000000
0.92420135,0.00000000
0.89485988,0.00000000
0.91607740,0.00000000
0.97357693,0.00000000
0.95622541,0.00000000
0.97355330,0.00000000
0.96135156,0.00000000
0.95616383,0.00000000
0.95264670,0.00000000
0.98005935,0.00000000
0.94325909,0.00000000
0.95937743,0.00000000
0.94960481,0.00000000
0.96729120,0.00000000
0.93665378,0.00000000
0.94368863,0.00000000
0.95243341,0.00000000
0.93246598,0.00000000
0.93794893,0.00000000
0.95807094,0.00000000
0.95478892,0.00000000
0.94750578,0.00000000
0.95399020,0.00000000
0.93075812,0.00000000
0.94571432,0.00000000
0.96120494,0.00000000
0.95364281,0.00000000
0.92570384,0.00000000
0.93032600,0.00000000
0.92017124,0.00000000
0.93402454,0.00000000
0.92219135,0.00000000
0.92368590,0.00000000
0.90926292,0.00000000
0.93676872,0.00000000
0.95202789,0.00000000
0.93664017,0.00000000
0.93719348,0.00000000
0.94076343,0.00000000
0.94802972,0.00000000
0.93351861,0.00000000
0.97723148,0.00000000
0.96889651,0.00000000
0.95417579,0.00000000
0.90889165,0.00000000
0.93767208,0.00000000
0.96949524,0.00000000
0.92439944,0.00000000
0.94696718,0.00000000
0.92473213,0.00000000
0.94586214,0.00000000
0.94814099,0.00000000
0.97238958,0.00000000
0.95221832,0.00000000
0.93317905,0.00000000
0.97898994,0.00000000
0.97126724,0.00000000
0.95251202,0.00000000
0.97979734,0.00000000
0.93929675,0.00000000
0.94928658,0.00000000
0.97438849,0.00000000
0.87779574,0.00000000
0.81794169,0.00000000
0.83289041,0.00000000
0.94849667,0.00000000
0.93884616,0.00000000
0.93673965,0.00000000
0.93391778,0.00000000
0.94283542,0.00000000
0.95257563,0.00000000
0.90595206,0.00000000
0.95186695,0.00000000
0.97410304,0.00000000
0.92112548,0.00000000
0.95654181,0.00000000
0.97817166,0.00000000
0.95857295,0.00000000
0.97047163,0.00000000
0.96004976,0.00000000
0.96599217,0.00000000
0.97564674,0.00000000
0.95228194,0.00000000
0.97686392,0.00000000
0.94077544,0.00000000
0.91450116,0.00000000
0.94664173,0.00000000
0.96880061,0.00000000
0.91165149,0.00000000
0.89627083,0.00000000
0.92814308,0.00000000
0.93668187,0.00000000
0.93037381,0.00000000
0.95658267,0.00000000
0.97896769,0.00000000
0.93153516,0.00000000
0.95951640,0.00000000
0.93084916,0.00000000
0.93128354,0.00000000
0.97687631,0.00000000
0.91442555,0.00000000
0.91818452,0.00000000
0.96013455,0.00000000
0.94140081,0.00000000
0.96138260,0.00000000
0.98436361,0.00000000
0.96683659,0.00000000
0.93636047,0.00000000
0.92708616,0.00000000
0.91973447,0.00000000
0.85620456,0.00000000
0.86730583,0.00000000
0.94552114,0.00000000
0.93359484,0.00000000
0.88469767,0.00000000
0.94683187,0.00000000
0.92393422,0.00000000
0.86852606,0.00000000
0.91518561,0.00000000
0.88888912,0.00000000
0.90653875,0.00000000
0.87216783,0.00000000
0.91788905,0.00000000
0.94007363,0.00000000
0.93929872,0.00000000
0.91323548,0.00000000
0.92426220,0.00000000
0.94871486,0.00000000
0.93398929,0.00000000
0.95934093,0.00000000
0.95136348,0.00000000
0.95302617,0.00000000
0.93302722,0.00000000
0.96143765,0.00000000
0.94145504,0.00000000
0.92679376,0.00000000
0.95054170,0.00000000
0.93514380,0.00000000
0.95239761,0.00000000
0.88612165,0.00000000
0.93539664,0.00000000
0.90920191,0.00000000
0.94320066,0.00000000
0.93827129,0.00000000
0.96996698,0.00000000
0.94813306,0.00000000
0.94588678,0.00000000
0.92724072,0.00000000
0.93044001,0.00000000
0.94048398,0.00000000
0.89414490,0.00000000
0.94440998,0.00000000
0.95174887,0.00000000
0.95210730,0.00000000
0.93557251,0.00000000
0.95142069,0.00000000
0.97862319,0.00000000
0.97235742,0.00000000
0.96076682,0.00000000
0.94350246,0.00000000
0.93084719,0.00000000
0.92452023,0.00000000
0.90579706,0.00000000
0.92114776,0.00000000
0.91537103,0.00000000
0.93600600,0.00000000
0.89455306,0.00000000
0.97743408,0.00000000
0.90540318,0.00000000
0.91412485,0.00000000
0.92329499,0.00000000
0.91598159,0.00000000
0.94876431,0.00000000
0.91141347,0.00000000
0.91277940,0.00000000
0.90442076,0.00000000
0.93800872,0.00000000
0.89543201,0.00000000
0.97984746,0.00000000
0.88467532,0.00000000
0.92335584,0.00000000
0.94385626,0.00000000
0.91580830,0.00000000
0.89635385,0.00000000
0.91534255,0.00000000
0.92709509,0.00000000
0.88532963,0.00000000
0.95763045,0.00000000
0.92259990,0.00000000
0.94325597,0.00000000
0.95955873,0.00000000
0.96684641,0.00000000
0.94666107,0.00000000
0.96895585,0.00000000
0.92994466,0.00000000
0.95727445,0.00000000
0.93856805,0.00000000
0.94424120,0.00000000
0.96267083,0.00000000
0.95276047,0.00000000
0.95260599,0.00000000
0.96131091,0.00000000
0.97714385,0.00000000
0.97489141,0.00000000
0.93321706,0.00000000
0.95468419,0.00000000
0.96436891,0.00000000
0.96075432,0.00000000
0.95218635,0.00000000
0.97894479,0.00000000
0.96288110,0.00000000
0.96466345,0.00000000
0.89152626,0.00000000
0.84671137,0.00000000
0.89111635,0.00000000
0.92413841,0.00000000
0.94696230,0.00000000
0.94607724,0.00000000
0.93628919,0.00000000
0.93243173,0.00000000
0.96223056,0.00000000
0.94833581,0.00000000
0.93578486,0.00000000
0.94335046,0.00000000
0.91964743,0.00000000
0.94375128,0.00000000
0.97252859,0.00000000
0.96585146,0.00000000
0.95356950,0.00000000
0.94978922,0.00000000
0.96303124,0.00000000
0.97223930,0.00000000
0.95095974,0.00000000
0.98713203,0.00000000
0.94778245,0.00000000
0.99220233,0.00000000
0.96186769,0.00000000
0.96085487,0.00000000
0.96165811,0.00000000
0.97199512,0.00000000
0.96624923,0.00000000
0.96927386,0.00000000
0.98477247,0.00000000
0.97631027,0.00000000
0.96477380,0.00000000
0.96820483,0.00000000
0.95849026,0.00000000
0.98471400,0.00000000
0.96613111,0.00000000
0.95391353,0.00000000
0.96378878,0.00000000
0.97686297,0.00000000
0.96256994,0.00000000
0.97521303,0.00000000
0.97218774,0.00000000
0.97714352,0.00000000
0.94147485,0.00000000
0.94275957,0.00000000
0.94179495,0.00000000
0.93971909,0.00000000
0.94583728,0.00000000
0.93670357,0.00000000
0.93854842,0.00000000
0.93115693,0.00000000
0.94893537,0.00000000
0.96037086,0.00000000
0.94210670,0.00000000
0.94889282,0.00000000
0.97850982,0.00000000
0.95916435,0.00000000
0.96741763,0.00000000
0.95298132,0.00000000
0.98018539,0.00000000
0.95381524,0.00000000
0.96740941,0.00000000
0.92873078,0.00000000
0.97105607,0.00000000
0.95806712,0.00000000
0.95202335,0.00000000
0.94174799,0.00000000
0.96373709,0.00000000
0.95265935,0.00000000
0.97991896,0.00000000
0.94831486,0.00000000
0.96621666,0.00000000
0.93921036,0.00000000
0.94598659,0.00000000
0.93704962,0.00000000
0.96582105,0.00000000
0.93962459,0.00000000
0.97351167,0.00000000
0.96668404,0.00000000
0.90021495,0.00000000
0.92611391,0.00000000
0.91810712,0.00000000
0.93868510,0.00000000
0.93756778,0.00000000
0.93562570,0.00000000
0.90951583,0.00000000
0.94077235,0.00000000
0.96880113,0.00000000
0.93868307,0.00000000
0.93274715,0.00000000
0.93065154,0.00000000
0.90709982,0.00000000
0.90431940,0.00000000
0.89100799,0.00000000
0.95375652,0.00000000
0.91759868,0.00000000
0.94498118,0.00000000
0.97857024,0.00000000
0.94861809,0.00000000
0.94320520,0.00000000
0.95731896,0.00000000
0.95261680,0.00000000
0.95699371,0.00000000
0.88529123,0.00000000
0.91109022,0.00000000
0.88266201,0.00000000
0.90830966,0.00000000
0.90676186,0.00000000
0.90536948,0.00000000
0.90305951,0.00000000
0.92085955,0.00000000
0.93240636,0.00000000
0.93974855,0.00000000
0.94661941,0.00000000
0.92502639,0.00000000
0.92748087,0.00000000
0.93929358,0.00000000
0.94200631,0.00000000
0.94074609,0.00000000
0.91164914,0.00000000
0.93040960,0.00000000
0.91274370,0.00000000
0.90859099,0.00000000
0.94618565,0.00000000
0.91105692,0.00000000
0.94494523,0.00000000
0.93393354,0.00000000
0.96314789,0.00000000
0.93383144,0.00000000
0.93789992,0.00000000
0.91531347,0.00000000
0.89076037,0.00000000
0.89610185,0.00000000
0.86517980,0.00000000
0.91910982,0.00000000
0.95206032,0.00000000
0.91469051,0.00000000
0.95437675,0.00000000
0.93622324,0.00000000
0.95278432,0.00000000
0.95815871,0.00000000
0.91491900,0.00000000
0.93620706,0.00000000
0.93463619,0.00000000
0.94407347,0.00000000
0.89076854,0.00000000
0.81235203,0.00000000
0.81333223,0.00000000
0.70318153,0.00000000
0.80819266,0.00000000
0.84038337,0.00000000
0.78105728,0.00000000
0.80274592,0.00000000
0.83796129,0.00000000
0.79562876,0.00000000
0.88226018,0.00000000
0.81631775,0.00000000
0.83876458,0.00000000
0.84011220,0.00000000
0.87553435,0.00000000
0.84421273,0.00000000
0.85759347,0.00000000
0.84617401,0.00000000
0.90203246,0.00000000
0.86835474,0.00000000
0.91354538,0.00000000
0.95153537,0.00000000
0.96026156,0.00000000
0.91516829,0.00000000
0.87799868,0.00000000
0.88109967,0.00000000
0.89074413,0.00000000
0.91135534,0.00000000
0.88060407,0.00000000
0.92186710,0.00000000
0.94488846,0.00000000
0.92957876,0.00000000
0.93365312,0.00000000
0.89750707,0.00000000
0.92630293,0.00000000
0.91604643,0.00000000
0.94901125,0.00000000
0.94571148,0.00000000
0.94236053,0.00000000
0.92702757,0.00000000
0.88413774,0.00000000
0.88604239,0.00000000
0.93070483,0.00000000
0.88366629,0.00000000
0.86877572,0.00000000
0.83773019,0.00000000
0.91116156,0.00000000
0.85021497,0.00000000
0.87470532,0.00000000
0.89968597,0.00000000
0.87790601,0.00000000
0.92519151,0.00000000
0.91888300,0.00000000
0.94957260,0.00000000
0.93618120,0.00000000
0.93196641,0.00000000
0.86828927,0.00000000
0.92276368,0.00000000
0.91909386,0.00000000
0.91108029,0.00000000
0.93515748,0.00000000
0.90132643,0.00000000
0.92416203,0.00000000
0.91997229,0.00000000
0.92961116,0.00000000
0.92080126,0.00000000
0.91325648,0.00000000
0.95745291,0.00000000
0.94958071,0.00000000
0.94553778,0.00000000
0.94745880,0.00000000
0.96819359,0.00000000
0.97308233,0.00000000
0.94393342,0.00000000
0.95781353,0.00000000
0.92801859,0.00000000
0.96438308,0.00000000
0.93791603,0.00000000
0.94900656,0.00000000
0.96991622,0.00000000
0.95891695,0.00000000
0.97251595,0.00000000
0.95238735,0.00000000
0.94308788,0.00000000
0.96934382,0.00000000
0.93053774,0.00000000
0.95762589,0.00000000
0.86593897,0.00000000
0.87599022,0.00000000
0.84577346,0.00000000
0.91342256,0.00000000
0.88927063,0.00000000
0.89578786,0.00000000
0.88128867,0.00000000
0.89659606,0.00000000
0.94854162,0.00000000
0.90884320,0.00000000
0.93715375,0.00000000
0.94748501,0.00000000
0.97989204,0.00000000
0.94205404,0.00000000
0.94184539,0.00000000
0.91740839,0.00000000
0.93450269,0.00000000
0.93017953,0.00000000
0.87308104,0.00000000
0.88092918,0.00000000
0.93360559,0.00000000
0.88870750,0.00000000
0.93601677,0.00000000
0.91411835,0.00000000
0.88505389,0.00000000
0.91809535,0.00000000
0.91781449,0.00000000
0.90024904,0.00000000
0.92735825,0.00000000
0.95130542,0.00000000
0.94484275,0.00000000
0.93725902,0.00000000
0.92664372,0.00000000
0.92788124,0.00000000
0.92643209,0.00000000
0.95309487,0.00000000
0.95574191,0.00000000
0.95568495,0.00000000
0.96273597,0.00000000
0.98021869,0.00000000
0.96615273,0.00000000
0.97771938,0.00000000
0.98498601,0.00000000
0.89461553,0.00000000
0.94631652,0.00000000
0.88580696,0.00000000
0.95081728,0.00000000
0.92333878,0.00000000
0.92610125,0.00000000
0.91911596,0.00000000
0.94256345,0.00000000
0.95972083,0.00000000
0.95183204,0.00000000
0.98033112,0.00000000
0.92249552,0.00000000
0.90769475,0.00000000
0.90776560,0.00000000
0.93249421,0.00000000
0.87145566,0.00000000
0.87234527,0.00000000
0.90322292,0.00000000
0.91310726,0.00000000
0.87460500,0.00000000
0.91436124,0.00000000
0.85962840,0.00000000
0.89179180,0.00000000
0.86069634,0.00000000
0.89644330,0.00000000
0.88010797,0.00000000
0.91833284,0.00000000
0.91016537,0.00000000
0.90935817,0.00000000
0.86211314,0.00000000
0.87082185,0.00000000
0.86652537,0.00000000
0.85486752,0.00000000
0.86544749,0.00000000
0.86374132,0.00000000
0.88132540,0.00000000
0.88139036,0.00000000
0.88183319,0.00000000
0.89816817,0.00000000
0.92710326,0.00000000
0.91936929,0.00000000
0.91044386,0.00000000
0.88370702,0.00000000
0.91254304,0.00000000
0.92480056,0.00000000
0.91123446,0.00000000
0.87620780,0.00000000
0.90881191,0.00000000
0.88048010,0.00000000
0.95171198,0.00000000
0.94347734,0.00000000
0.97282631,0.00000000
0.95118902,0.00000000
0.94161823,0.00000000
0.97375968,0.00000000
0.86797282,0.00000000
0.90199021,0.00000000
0.87707901,0.00000000
0.91322169,0.00000000
0.95118909,0.00000000
0.93392633,0.00000000
0.94004614,0.00000000
0.93837159,0.00000000
0.93817408,0.00000000
0.96166001,0.00000000
0.97795115,0.00000000
0.93936283,0.00000000
0.94871618,0.00000000
0.92264033,0.00000000
0.93251831,0.00000000
0.94900447,0.00000000
0.93092603,0.00000000
0.96888239,0.00000000
0.96652328,0.00000000
0.96464478,0.00000000
0.97457710,0.00000000
0.97436649,0.00000000
0.96879609,0.00000000
0.97870514,0.00000000
0.96338498,0.00000000
0.97627539,0.00000000
0.94141615,0.00000000
0.96841784,0.00000000
0.95077776,0.00000000
0.95731204,0.00000000
0.95228232,0.00000000
0.97041130,0.00000000
0.92268506,0.00000000
0.93127929,0.00000000
0.95523578,0.00000000
0.98685831,0.00000000
0.93648129,0.00000000
0.98296998,0.00000000
0.96284556,0.00000000
0.94790794,0.00000000
0.95551105,0.00000000
0.97342964,0.00000000
0.96619747,0.00000000
0.96248848,0.00000000
0.95295284,0.00000000
0.93802541,0.00000000
0.97051032,0.00000000
0.95855841,0.00000000
0.97078436,0.00000000
0.93172833,0.00000000
0.91517936,0.00000000
0.96388502,0.00000000
0.95023285,0.00000000
0.96393889,0.00000000
0.97479592,0.00000000
0.96044096,0.00000000
0.97824142,0.00000000
0.94897217,0.00000000
0.95429202,0.00000000
0.96184349,0.00000000
0.94753257,0.00000000
0.94914134,0.00000000
0.93518930,0.00000000
0.92025415,0.00000000
0.92394353,0.00000000
0.91549123,0.00000000
0.93419342,0.00000000
0.92370627,0.00000000
0.93144181,0.00000000
0.94179700,0.00000000
0.95648416,0.00000000
0.92600509,0.00000000
0.94632068,0.00000000
0.94104628,0.00000000
0.96472460,0.00000000
0.94281992,0.00000000
0.94128915,0.00000000
0.93671138,0.00000000
0.93671159,0.00000000
0.93996840,0.00000000
0.93831728,0.00000000
0.96078911,0.00000000
0.95554602,0.00000000
0.95685791,0.00000000
0.95323033,0.00000000
0.93553951,0.00000000
0.96573691,0.00000000
0.97852353,0.00000000
0.93323299,0.00000000
0.96412926,0.00000000
0.95016266,0.00000000
0.96732752,0.00000000
0.95496552,0.00000000
0.92792470,0.00000000
0.95855510,0.00000000
0.94303191,0.00000000
0.95739648,0.00000000
0.97462878,0.00000000
0.95161065,0.00000000
0.91533585,0.00000000
0.96144915,0.00000000
0.90678098,0.00000000
0.94566728,0.00000000
0.93893490,0.00000000
0.93224599,0.00000000
0.96888869,0.00000000
0.95151132,0.00000000
0.90463074,0.00000000
0.93393039,0.00000000
0.97041460,0.00000000
0.94818176,0.00000000
0.95242878,0.00000000
0.94706010,0.00000000
0.98543745,0.00000000
0.92391188,0.00000000
0.92574473,0.00000000
0.93178788,0.00000000
0.93526773,0.00000000
0.92983222,0.00000000
0.89259227,0.00000000
0.90412623,0.00000000
0.92779936,0.00000000
0.85394528,0.00000000
0.91081377,0.00000000
0.89161542,0.00000000
0.82299503,0.00000000
0.89383790,0.00000000
0.93481558,0.00000000
0.89573840,0.00000000
0.95208897,0.00000000
0.96931772,0.00000000
0.95671474,0.00000000
0.95940489,0.00000000
0.93529442,0.00000000
0.94488872,0.00000000
0.94586619,0.00000000
0.92341752,0.00000000
0.95795503,0.00000000
0.95477649,0.00000000
0.96124691,0.00000000
0.94646760,0.00000000
0.94181681,0.00000000
0.94190180,0.00000000
0.95483306,0.00000000
0.94276943,0.00000000
0.96168179,0.00000000
0.97072092,0.00000000
0.94484971,0.00000000
0.95170176,0.00000000
0.97457115,0.00000000
0.94433000,0.00000000
0.97375939,0.00000000
0.96267410,0.00000000
0.96095651,0.00000000
0.97734169,0.00000000
0.93912892,0.00000000
0.93694491,0.00000000
0.93189929,0.00000000
0.93230938,0.00000000
0.96021184,0.00000000
0.95154169,0.00000000
0.92414763,0.00000000
0.94110564,0.00000000
0.93569112,0.00000000
0.94027116,0.00000000
0.94826257,0.00000000
0.94190820,0.00000000
0.95641394,0.00000000
0.96006235,0.00000000
0.93408803,0.00000000
0.92492255,0.00000000
0.94797782,0.00000000
0.92405526,0.00000000
0.95606786,0.00000000
0.96938479,0.00000000
0.93697196,0.00000000
0.95092400,0.00000000
0.94483191,0.00000000
0.95158292,0.00000000
0.95954192,0.00000000
0.93787099,0.00000000
0.94981666,0.00000000
0.90749507,0.00000000
0.93775619,0.00000000
0.95341342,0.00000000
0.94212412,0.00000000
0.91617016,0.00000000
0.95070488,0.00000000
0.93116892,0.00000000
0.91566327,0.00000000
0.94689109,0.00000000
0.94621430,0.00000000
0.92426017,0.00000000
0.96199870,0.00000000
0.95921910,0.00000000
0.94560007,0.00000000
0.94049268,0.00000000
0.93876932,0.00000000
0.89504411,0.00000000
0.95728453,0.00000000
0.95286585,0.00000000
0.91007274,0.00000000
0.89765012,0.00000000
0.93010671,0.00000000
0.92283114,0.00000000
0.92535517,0.00000000
0.93231086,0.00000000
0.92837264,0.00000000
0.93106718,0.00000000
0.89303024,0.00000000
0.95257613,0.00000000
0.91987447,0.00000000
0.91856804,0.00000000
0.92119605,0.00000000
0.91733008,0.00000000
0.93425645,0.00000000
0.95844270,0.00000000
0.95012794,0.00000000
0.93493102,0.00000000
0.94642303,0.00000000
0.91875021,0.00000000
0.92747153,0.00000000
0.95435701,0.00000000
0.93847866,0.00000000
0.91027300,0.00000000
0.92853875,0.00000000
0.93380292,0.00000000
0.93826516,0.00000000
0.92118437,0.00000000
0.90150795,0.00000000
0.91469784,0.00000000
0.92752326,0.00000000
0.90185975,0.00000000
0.91711943,0.00000000
0.93486323,0.00000000
0.94870721,0.00000000
0.93882651,0.00000000
0.94028873,0.00000000
0.94000404,0.00000000
0.92355851,0.00000000
0.94521121,0.00000000
0.92830412,0.00000000
0.94887663,0.00000000
0.93327245,0.00000000
0.93541253,0.00000000
0.92436429,0.00000000
0.93169707,0.00000000
0.94899697,0.00000000
0.90730480,0.00000000
0.95472649,0.00000000
0.94529877,0.00000000
0.92715994,0.00000000
0.94309100,0.00000000
0.91463390,0.00000000
0.94505738,0.00000000
0.95528090,0.00000000
0.94587014,0.00000000
0.93393518,0.00000000
0.93764385,0.00000000
0.95307955,0.00000000
0.92568035,0.00000000
0.89456979,0.00000000
0.92357239,0.00000000
0.94471913,0.00000000
0.90209073,0.00000000
0.92462232,0.00000000
0.96671166,0.00000000
0.90670743,0.00000000
0.89978521,0.00000000
0.94478896,0.00000000
0.92112670,0.00000000
0.93600450,0.00000000
0.95199749,0.00000000
0.91672551,0.00000000
0.91984046,0.00000000
0.91486463,0.00000000
0.93413975,0.00000000
0.92027550,0.00000000
0.94161402,0.00000000
0.90966461,0.00000000
0.94813053,0.00000000
0.96448227,0.00000000
0.93527381,0.00000000
0.89612745,0.00000000
0.92712895,0.00000000
0.94003924,0.00000000
0.91963812,0.00000000
0.96491224,0.00000000
0.94540598,0.00000000
0.94391660,0.00000000
0.96412350,0.00000000
0.95992967,0.00000000
0.94750480,0.00000000
0.95507226,0.00000000
0.93851530,0.00000000
0.92870553,0.00000000
0.95889385,0.00000000
0.96441120,0.00000000
0.94196525,0.00000000
0.93416354,0.00000000
0.94491368,0.00000000
0.94445335,0.00000000
0.96067025,0.00000000
0.93829430,0.00000000
0.93353133,0.00000000
0.90939486,0.00000000
0.95616084,0.00000000
0.94137071,0.00000000
0.94376704,0.00000000
0.92432905,0.00000000
0.93223036,0.00000000
0.93872005,0.00000000
0.93056928,0.00000000
0.93768718,0.00000000
0.95130069,0.00000000
0.94289586,0.00000000
0.97127524,0.00000000
0.98017845,0.00000000
0.96884259,0.00000000
0.94999010,0.00000000
0.94366797,0.00000000
0.95090367,0.00000000
0.94142348,0.00000000
0.94658232,0.00000000
0.95283486,0.00000000
0.96287379,0.00000000
0.95737914,0.00000000
0.96516068,0.00000000
0.97330345,0.00000000
0.96021595,0.00000000
0.94360208,0.00000000
0.96699787,0.00000000
0.94513013,0.00000000
0.95853700,0.00000000
0.94842258,0.00000000
0.94636202,0.00000000
0.95012140,0.00000000
0.97145929,0.00000000
0.92379059,0.00000000
0.92256256,0.00000000
0.93719092,0.00000000
0.95879917,0.00000000
0.93863633,0.00000000
0.92016879,0.00000000
0.90860267,0.00000000
0.92487717,0.00000000
0.95940833,0.00000000
0.91385677,0.00000000
0.92236799,0.00000000
0.92640452,0.00000000
0.94491142,0.00000000
0.94438510,0.00000000
0.95713356,0.00000000
0.94645594,0.00000000
0.92476431,0.00000000
0.92607802,0.00000000
0.92751812,0.00000000
0.91805924,0.00000000
0.92507890,0.00000000
0.92228723,0.00000000
0.94746508,0.00000000
0.92989875,0.00000000
0.90345885,0.00000000
0.93928418,0.00000000
0.93021866,0.00000000
0.90664824,0.00000000
0.89873535,0.00000000
0.88977654,0.00000000
0.90260120,0.00000000
0.93421650,0.00000000
0.92946476,0.00000000
0.92803094,0.00000000
0.94014776,0.00000000
0.96324494,0.00000000
0.92246134,0.00000000
0.92914280,0.00000000
0.91696200,0.00000000
0.94150236,0.00000000
0.94797799,0.00000000
0.95450225,0.00000000
0.90626738,0.00000000
0.91113983,0.00000000
0.89141512,0.00000000
0.94378627,0.00000000
0.96536874,0.00000000
0.91685131,0.00000000
0.93040559,0.00000000
0.92267735,0.00000000
0.95068869,0.00000000
0.95829353,0.00000000
0.95810450,0.00000000
0.92756430,0.00000000
0.94642311,0.00000000
0.90628536,0.00000000
0.95377334,0.00000000
0.95971157,0.00000000
0.95920594,0.00000000
0.95391607,0.00000000
0.96623359,0.00000000
0.94539818,0.00000000
0.96452477,0.00000000
0.96168166,0.00000000
0.95872787,0.00000000
0.97261490,0.00000000
0.97539888,0.00000000
0.98159299,0.00000000
0.97971739,0.00000000
0.98887179,0.00000000
0.95787954,0.00000000
0.96727070,0.00000000
0.94625608,0.00000000
0.95677137,0.00000000
0.97256478,0.00000000
0.94175046,0.00000000
0.97266958,0.00000000
0.97500106,0.00000000
0.98682960,0.00000000
0.95152410,0.00000000
0.95843879,0.00000000
0.93931096,0.00000000
0.91472970,0.00000000
0.95285388,0.00000000
0.90897427,0.00000000
0.92970847,0.00000000
0.94534848,0.00000000
0.93269572,0.00000000
0.91500675,0.00000000
0.96958319,0.00000000
0.97489314,0.00000000
0.94906769,0.00000000
0.95748194,0.00000000
0.92864703,0.00000000
0.95888445,0.00000000
0.94987807,0.00000000
0.97074997,0.00000000
0.96682664,0.00000000
0.98080114,0.00000000
0.95896376,0.00000000
0.97292272,0.00000000
0.96210389,0.00000000
0.96794584,0.00000000
0.95375519,0.00000000
0.97287522,0.00000000
0.96123513,0.00000000
0.98856045,0.00000000
0.97253528,0.00000000
0.95935462,0.00000000
0.97122202,0.00000000
0.93100826,0.00000000
0.96561459,0.00000000
0.94475158,0.00000000
0.94289148,0.00000000
0.95837599,0.00000000
0.93161163,0.00000000
0.95627730,0.00000000
0.92667465,0.00000000
0.97859476,0.00000000
0.98224925,0.00000000
0.92783053,0.00000000
0.98192907,0.00000000
0.97515342,0.00000000
0.97026653,0.00000000
0.94845114,0.00000000
0.97714930,0.00000000
0.96865818,0.00000000
0.92311666,0.00000000
0.94644302,0.00000000
0.89121770,0.00000000
0.92672535,0.00000000
0.95989675,0.00000000
0.88257246,0.00000000
0.92602656,0.00000000
0.88631065,0.00000000
0.91366632,0.00000000
0.91789407,0.00000000
0.94281609,0.00000000
0.91049517,0.00000000
0.97230648,0.00000000
0.99288035,0.00000000
0.97774895,0.00000000
0.97830127,0.00000000
0.95648557,0.00000000
0.95453911,0.00000000
0.96859296,0.00000000
0.96801348,0.00000000
0.99387582,0.00000000
0.93675370,0.00000000
0.94638449,0.00000000
0.97432304,0.00000000
0.97417406,0.00000000
0.97501715,0.00000000
0.94042983,0.00000000
0.94373847,0.00000000
0.97277021,0.00000000
0.96745558,0.00000000
0.93148372,0.00000000
0.95133963,0.00000000
0.94311387,0.00000000
0.93224122,0.00000000
0.91622149,0.00000000
0.95337461,0.00000000
0.96109502,0.00000000
0.96696327,0.00000000
0.96219590,0.00000000
0.93211167,0.00000000
0.94679471,0.00000000
0.91883227,0.00000000
0.95816852,0.00000000
0.95568335,0.00000000
0.96036151,0.00000000
0.95977263,0.00000000
0.91101822,0.00000000
0.96543625,0.00000000
0.97144604,0.00000000
0.97191238,0.00000000
0.95552759,0.00000000
0.95138434,0.00000000
0.98273022,0.00000000
0.94722642,0.00000000
0.96601584,0.00000000
0.95021262,0.00000000
0.96105201,0.00000000
0.96256122,0.00000000
0.95640582,0.00000000
0.96026049,0.00000000
0.96690106,0.00000000
0.99339671,0.00000000
0.96508155,0.00000000
0.96246136,0.00000000
0.96701868,0.00000000
0.84058519,0.00000000
0.97599116,0.00000000
0.95888624,0.00000000
0.94659918,0.00000000
0.98569284,0.00000000
0.97257481,0.00000000
0.94090293,0.00000000
0.95869015,0.00000000
0.94143796,0.00000000
0.96046184,0.00000000
0.94944756,0.00000000
0.95819566,0.00000000
0.93685778,0.00000000
0.88609729,0.00000000
0.95589879,0.00000000
0.97577747,0.00000000
0.93450583,0.00000000
0.94462563,0.00000000
0.97424463,0.00000000
0.96691730,0.00000000
0.96387315,0.00000000
0.89998315,0.00000000
0.92825124,0.00000000
0.89227305,0.00000000
0.92859858,0.00000000
0.94308702,0.00000000
0.92584378,0.00000000
0.96789610,0.00000000
0.95753593,0.00000000
0.96773037,0.00000000
0.93817922,0.00000000
0.94765038,0.00000000
0.97276167,0.00000000
0.96314166,0.00000000
0.95987618,0.00000000
0.97291510,0.00000000
0.96040802,0.00000000
0.98089979,0.00000000
0.95537554,0.00000000
0.96506532,0.00000000
0.97355559,0.00000000
0.95457996,0.00000000
0.98290349,0.00000000
0.97067278,0.00000000
0.96691795,0.00000000
0.97904544,0.00000000
0.94736708,0.00000000
0.95158046,0.00000000
0.93005876,0.00000000
0.93411996,0.00000000
0.95240266,0.00000000
0.97644925,0.00000000
0.95207477,0.00000000
0.95271071,0.00000000
0.94609082,0.00000000
0.96870333,0.00000000
0.95518911,0.00000000
0.94238386,0.00000000
0.95380128,0.00000000
0.95478497,0.00000000
0.94935072,0.00000000
0.95799628,0.00000000
0.91464105,0.00000000
0.92685138,0.00000000
0.92955453,0.00000000
0.94451523,0.00000000
0.94032776,0.00000000
0.96061979,0.00000000
0.94933151,0.00000000
0.98386011,0.00000000
0.93017681,0.00000000
0.91841854,0.00000000
0.85873063,0.00000000
0.93021224,0.00000000
0.89102749,0.00000000
0.89756065,0.00000000
0.96497267,0.00000000
0.96520618,0.00000000
0.92635845,0.00000000
0.95088647,0.00000000
0.91360062,0.00000000
0.93829256,0.00000000
0.95313122,0.00000000
0.93534559,0.00000000
0.91774484,0.00000000
0.94266999,0.00000000
0.93378697,0.00000000
0.91442245,0.00000000
0.93406479,0.00000000
0.94325313,0.00000000
0.95320473,0.00000000
0.93326116,0.00000000
0.91987664,0.00000000
0.95200945,0.00000000
0.93142990,0.00000000
0.96020218,0.00000000
0.89964791,0.00000000
0.94270532,0.00000000
0.97120872,0.00000000
0.92123136,0.00000000
0.88878236,0.00000000
0.97137895,0.00000000
0.95907053,0.00000000
0.86286153,0.00000000
0.88735728,0.00000000
0.95141201,0.00000000
0.91465013,0.00000000
0.95994286,0.00000000
0.97118051,0.00000000
0.94829564,0.00000000
0.96129077,0.00000000
0.93360752,0.00000000
0.93892595,0.00000000
0.90033221,0.00000000
0.94963198,0.00000000
0.89249345,0.00000000
0.85832248,0.00000000
0.97029778,0.00000000
0.90965215,0.00000000
0.92127171,0.00000000
0.91376515,0.00000000
0.91172339,0.00000000
0.91498118,0.00000000
0.96887512,0.00000000
0.92985268,0.00000000
0.96739272,0.00000000
0.97755361,0.00000000
0.91337566,0.00000000
0.93866687,0.00000000
0.95551706,0.00000000
0.97609123,0.00000000
0.90721100,0.00000000
0.96390989,0.00000000
0.91107351,0.00000000
0.91356196,0.00000000
0.90499540,0.00000000
0.94367398,0.00000000
0.95059931,0.00000000
0.97004837,0.00000000
0.94707243,0.00000000
0.95803891,0.00000000
0.93894108,0.00000000
0.95349531,0.00000000
0.94007427,0.00000000
0.94563212,0.00000000
0.96235844,0.00000000
0.93664107,0.00000000
0.95337617,0.00000000
0.92833867,0.00000000
0.94601564,0.00000000
0.92531577,0.00000000
0.96861733,0.00000000
0.97578520,0.00000000
0.96416285,0.00000000
0.95018186,0.00000000
0.95840733,0.00000000
0.89918367,0.00000000
0.95182122,0.00000000
0.93944584,0.00000000
0.94597465,0.00000000
0.93319899,0.00000000
0.93879044,0.00000000
0.92531576,0.00000000
0.98231423,0.00000000
0.94874362,0.00000000
0.88706214,0.00000000
0.87199900,0.00000000
0.93101227,0.00000000
0.88481008,0.00000000
0.95176867,0.00000000
0.93655063,0.00000000
0.97867938,0.00000000
0.97799509,0.00000000
0.96080561,0.00000000
0.95951575,0.00000000
0.93932257,0.00000000
0.96261223,0.00000000
0.93158794,0.00000000
0.94442713,0.00000000
0.88791814,0.00000000
0.95455790,0.00000000
0.93111967,0.00000000
0.90827787,0.00000000
0.93823111,0.00000000
0.96166483,0.00000000
0.95849536,0.00000000
0.95213417,0.00000000
0.97359973,0.00000000
0.97488128,0.00000000
0.96010442,0.00000000
0.97699206,0.00000000
0.95525024,0.00000000
0.95281520,0.00000000
0.92854311,0.00000000
0.95097878,0.00000000
0.89645220,0.00000000
0.91323332,0.00000000
0.92586545,0.00000000
0.90953983,0.00000000
0.93978882,0.00000000
0.90709159,0.00000000
0.92633820,0.00000000
0.90493047,0.00000000
0.90970178,0.00000000
0.91989759,0.00000000
0.90438053,0.00000000
0.94262945,0.00000000
0.93516438,0.00000000
0.92560516,0.00000000
0.96781022,0.00000000
0.91220056,0.00000000
0.92800255,0.00000000
0.90174475,0.00000000
0.92965882,0.00000000
0.89397791,0.00000000
0.91693786,0.00000000
0.93686277,0.00000000
0.90445265,0.00000000
0.89841301,0.00000000
0.90602331,0.00000000
0.87615081,0.00000000
0.89262399,0.00000000
0.88496146,0.00000000
0.89833063,0.00000000
0.86336356,0.00000000
0.91577164,0.00000000
0.90144682,0.00000000
0.80959400,0.00000000
0.89059601,0.00000000
0.93501348,0.00000000
0.96742210,0.00000000
0.80569047,0.00000000
0.90516718,0.00000000
0.92834239,0.00000000
0.92614079,0.00000000
0.88098816,0.00000000
0.93888799,0.00000000
0.88166882,0.00000000
0.91227666,0.00000000
0.94148742,0.00000000
0.87313502,0.00000000
0.92933327,0.00000000
0.94475490,0.00000000
0.96345354,0.00000000
0.98172509,0.00000000
0.96082741,0.00000000
0.94426435,0.00000000
0.96312264,0.00000000
0.91170175,0.00000000
0.95292050,0.00000000
0.94276127,0.00000000
0.93575644,0.00000000
0.92122283,0.00000000
0.92630926,0.00000000
0.92028926,0.00000000
0.92189517,0.00000000
0.93707903,0.00000000
0.95517320,0.00000000
0.95953794,0.00000000
0.96385952,0.00000000
0.96926255,0.00000000
0.97208903,0.00000000
0.95980701,0.00000000
0.94999366,0.00000000
0.93712751,0.00000000
0.95211501,0.00000000
0.94996530,0.00000000
0.93085146,0.00000000
0.97148942,0.00000000
0.92339820,0.00000000
0.97318679,0.00000000
0.92177338,0.00000000
0.96512681,0.00000000
0.93596091,0.00000000
0.95673543,0.00000000
0.87707362,0.00000000
0.90384859,0.00000000
0.87621892,0.00000000
0.87298788,0.00000000
0.88343466,0.00000000
0.87343094,0.00000000
0.86331732,0.00000000
0.90432957,0.00000000
0.91573541,0.00000000
0.86382971,0.00000000
0.87781370,0.00000000
0.88896795,0.00000000
0.88150716,0.00000000
0.89139540,0.00000000
0.87300340,0.00000000
0.86126440,0.00000000
0.91151769,0.00000000
0.86978375,0.00000000
0.82892798,0.00000000
0.88241317,0.00000000
0.87775912,0.00000000
0.88857982,0.00000000
0.88196396,0.00000000
0.88077339,0.00000000
0.86583222,0.00000000
0.89617038,0.00000000
0.92198155,0.00000000
0.95488726,0.00000000
0.85480668,0.00000000
0.69263543,0.00000000
0.86755125,0.00000000
0.88412649,0.00000000
0.91469162,0.00000000
0.95125099,0.00000000
0.92358087,0.00000000
0.93511390,0.00000000
0.87899909,0.00000000
0.89168081,0.00000000
0.93070645,0.00000000
0.92040322,0.00000000
0.92361874,0.00000000
0.93169973,0.00000000
0.88716192,0.00000000
0.86804201,0.00000000
0.89095178,0.00000000
0.94889330,0.00000000
0.92438354,0.00000000
0.87734189,0.00000000
0.80025591,0.00000000
0.84429025,0.00000000
0.92161153,0.00000000
0.87523591,0.00000000
0.84094812,0.00000000
0.95612434,0.00000000
0.84447141,0.00000000
0.94501494,0.00000000
0.94680448,0.00000000
0.92146877,0.00000000
0.90421343,0.00000000
0.92959456,0.00000000
0.96415910,0.00000000
0.93734526,0.00000000
0.92214085,0.00000000
0.94600750,0.00000000
0.96526112,0.00000000
0.95339825,0.00000000
0.95068403,0.00000000
0.95357352,0.00000000
0.95046998,0.00000000
0.96194256,0.00000000
0.93388852,0.00000000
0.93818310,0.00000000
0.92621930,0.00000000
0.87611188,0.00000000
0.89761100,0.00000000
0.86370997,0.00000000
0.86672099,0.00000000
0.89735906,0.00000000
0.92522952,0.00000000
0.97641914,0.00000000
0.95749411,0.00000000
0.97074888,0.00000000
0.97170996,0.00000000
0.98254847,0.00000000
0.96178121,0.00000000
0.97809652,0.00000000
0.90746842,0.00000000
0.96123941,0.00000000
0.95952541,0.00000000
0.95627097,0.00000000
0.96250546,0.00000000
0.97249904,0.00000000
0.95946021,0.00000000
0.91821167,0.00000000
0.95959435,0.00000000
0.96988642,0.00000000
0.97051864,0.00000000
0.95912854,0.00000000
0.94605504,0.00000000
0.97038198,0.00000000
0.92474493,0.00000000
0.91193289,0.00000000
0.93693565,0.00000000
0.92803896,0.00000000
0.91482693,0.00000000
0.94586570,0.00000000
0.95460200,0.00000000
0.93329497,0.00000000
0.97033333,0.00000000
0.96998286,0.00000000
0.95577320,0.00000000
0.96477536,0.00000000
0.95761705,0.00000000
0.95820390,0.00000000
0.94463963,0.00000000
0.89982207,0.00000000
0.96704052,0.00000000
0.94062426,0.00000000
0.97173204,0.00000000
0.96314067,0.00000000
0.95793347,0.00000000
0.92759885,0.00000000
0.93653985,0.00000000
0.93357990,0.00000000
0.93920349,0.00000000
0.91533330,0.00000000
0.91595730,0.00000000
0.91420154,0.00000000
0.93689428,0.00000000
0.94485260,0.00000000
0.94715381,0.00000000
0.92392982,0.00000000
0.92926381,0.00000000
0.89559795,0.00000000
0.86035238,0.00000000
0.97176276,0.00000000
0.96537109,0.00000000
0.97426371,0.00000000
0.96618628,0.00000000
0.96785126,0.00000000
0.86797005,0.00000000
0.78871515,0.00000000
0.90783452,0.00000000
0.91639456,0.00000000
0.95854822,0.00000000
0.97514084,0.00000000
0.96398910,0.00000000
0.97078495,0.00000000
0.94904223,0.00000000
0.94233493,0.00000000
0.97817398,0.00000000
0.91353134,0.00000000
0.85377391,0.00000000
0.92089974,0.00000000
0.78938257,0.00000000
0.92061125,0.00000000
0.88884935,0.00000000
0.87784976,0.00000000
0.88528110,0.00000000
0.89920092,0.00000000
0.89196511,0.00000000
0.93406573,0.00000000
0.93925887,0.00000000
0.95031679,0.00000000
0.94018262,0.00000000
0.91743361,0.00000000
0.93703792,0.00000000
0.94902864,0.00000000
0.93729192,0.00000000
0.96005962,0.00000000
0.93878112,0.00000000
0.93049514,0.00000000
0.94830933,0.00000000
0.94603375,0.00000000
0.95544963,0.00000000
0.94933548,0.00000000
0.92257638,0.00000000
0.91780633,0.00000000
0.96953241,0.00000000
0.95792290,0.00000000
0.94176097,0.00000000
0.94628958,0.00000000
0.95080878,0.00000000
0.93125120,0.00000000
0.92949887,0.00000000
0.94010292,0.00000000
0.94745328,0.00000000
0.93348781,0.00000000
0.95181685,0.00000000
0.94371554,0.00000000
0.93603853,0.00000000
0.96709822,0.00000000
0.98852583,0.00000000
0.99095429,0.00000000
0.97313013,0.00000000
0.98422946,0.00000000
0.96014781,0.00000000
0.96549768,0.00000000
0.92898358,0.00000000
0.96319061,0.00000000
0.95422166,0.00000000
0.97041134,0.00000000
0.96819860,0.00000000
0.96339422,0.00000000
0.96893928,0.00000000
0.92627775,0.00000000
0.94916149,0.00000000
0.91916393,0.00000000
0.96504765,0.00000000
0.96856416,0.00000000
0.97560839,0.00000000
0.98633050,0.00000000
0.95422660,0.00000000
0.94663777,0.00000000
0.94945077,0.00000000
0.94745712,0.00000000
0.96324425,0.00000000
0.93490031,0.00000000
0.95541698,0.00000000
0.94041639,0.00000000
0.95138212,0.00000000
0.92610949,0.00000000
0.97649335,0.00000000
0.96665144,0.00000000
0.97461862,0.00000000
0.96200361,0.00000000
0.96379168,0.00000000
0.97140857,0.00000000
0.93958911,0.00000000
0.95245100,0.00000000
0.98353375,0.00000000
0.95932424,0.00000000
0.96906005,0.00000000
0.99250523,0.00000000
0.97569110,0.00000000
0.93442206,0.00000000
0.94240625,0.00000000
0.93054622,0.00000000
0.92990109,0.00000000
0.93256170,0.00000000
0.94594358,0.00000000
0.94476317,0.00000000
0.91778961,0.00000000
0.93901892,0.00000000
0.96035566,0.00000000
0.96421944,0.00000000
0.93608079,0.00000000
0.94464031,0.00000000
0.94531562,0.00000000
0.93340073,0.00000000
0.94650147,0.00000000
0.97019402,0.00000000
0.93057888,0.00000000
0.96806869,0.00000000
0.95100346,0.00000000
0.95193058,0.00000000
0.95482371,0.00000000
0.92437000,0.00000000
0.96722999,0.00000000
0.93187459,0.00000000
0.96906080,0.00000000
0.98071382,0.00000000
0.93702548,0.00000000
0.86268694,0.00000000
0.95236572,0.00000000
0.97716224,0.00000000
0.96517432,0.00000000
0.97558536,0.00000000
0.95415836,0.00000000
0.95771475,0.00000000
0.94761746,0.00000000
0.93208398,0.00000000
0.96057828,0.00000000
0.95078034,0.00000000
0.96881488,0.00000000
0.96302173,0.00000000
0.94697888,0.00000000
0.93305773,0.00000000
0.93388510,0.00000000
0.90465039,0.00000000
0.92988288,0.00000000
0.92004851,0.00000000
0.90362125,0.00000000
0.93538658,0.00000000
0.91284327,0.00000000
0.90892012,0.00000000
0.92014744,0.00000000
0.96482600,0.00000000
0.93804372,0.00000000
0.96961243,0.00000000
0.93519109,0.00000000
0.96234014,0.00000000
0.88499562,0.00000000
0.93336334,0.00000000
0.95872648,0.00000000
0.96743359,0.00000000
0.97137142,0.00000000
0.97057759,0.00000000
0.96456308,0.00000000
0.95736313,0.00000000
0.94674792,0.00000000
0.95304962,0.00000000
0.92657551,0.00000000
0.92017882,0.00000000
0.92082627,0.00000000
0.91861282,0.00000000
0.94400959,0.00000000
0.95204621,0.00000000
0.93865684,0.00000000
0.90321224,0.00000000
0.90677403,0.00000000
0.91087850,0.00000000
0.92696969,0.00000000
0.93397219,0.00000000
0.91974209,0.00000000
0.93214542,0.00000000
0.93053542,0.00000000
0.92599686,0.00000000
0.92890188,0.00000000
0.95089107,0.00000000
0.94510711,0.00000000
0.95236970,0.00000000
0.92171243,0.00000000
0.91891038,0.00000000
0.91852366,0.00000000
0.92096599,0.00000000
0.91390069,0.00000000
0.93205092,0.00000000
0.92824814,0.00000000
0.95130136,0.00000000
0.96647952,0.00000000
0.94474952,0.00000000
0.93753075,0.00000000
0.93599294,0.00000000
0.95135558,0.00000000
0.93211125,0.00000000
0.92752239,0.00000000
0.92443024,0.00000000
0.93361461,0.00000000
0.94360421,0.00000000
0.93206118,0.00000000
0.94263246,0.00000000
0.94949274,0.00000000
0.96631295,0.00000000
0.83359432,0.00000000
0.83646787,0.00000000
0.94286074,0.00000000
0.92926687,0.00000000
0.97613944,0.00000000
0.91857281,0.00000000
0.90481048,0.00000000
0.70992839,0.00000000
0.78945292,0.00000000
0.87923081,0.00000000
0.94878883,0.00000000
0.96047193,0.00000000
0.93411699,0.00000000
0.93993638,0.00000000
0.93227755,0.00000000
0.92654428,0.00000000
0.95384911,0.00000000
0.95043167,0.00000000
0.96409450,0.00000000
0.95400641,0.00000000
0.96150750,0.00000000
0.97006854,0.00000000
0.95463135,0.00000000
0.96985230,0.00000000
0.94259277,0.00000000
0.93260618,0.00000000
0.97028595,0.00000000
0.98451811,0.00000000
0.97500000,0.00000000
0.95367165,0.00000000
0.96889715,0.00000000
0.94340905,0.00000000
0.94628640,0.00000000
0.95389786,0.00000000
0.97050405,0.00000000
0.97388289,0.00000000
0.95076238,0.00000000
0.96310089,0.00000000
0.95929629,0.00000000
0.96704363,0.00000000
0.95874228,0.00000000
0.95950481,0.00000000
0.95633203,0.00000000
0.96951924,0.00000000
0.98301856,0.00000000
0.97481079,0.00000000
0.96411332,0.00000000
0.95457940,0.00000000
0.95381249,0.00000000
0.96466223,0.00000000
0.96993267,0.00000000
0.96474623,0.00000000
0.95631710,0.00000000
0.98455860,0.00000000
0.97841164,0.00000000
0.98209754,0.00000000
0.95962873,0.00000000
0.95402010,0.00000000
0.93120837,0.00000000
0.96099746,0.00000000
0.95879598,0.00000000
0.94793435,0.00000000
0.92697785,0.00000000
0.95108122,0.00000000
0.95083756,0.00000000
0.99115969,0.00000000
0.92408748,0.00000000
0.95207356,0.00000000
0.97291449,0.00000000
0.95459334,0.00000000
0.96548579,0.00000000
0.95524316,0.00000000
0.94379845,0.00000000
0.96095107,0.00000000
0.93328180,0.00000000
0.96943542,0.00000000
0.95889970,0.00000000
0.96274254,0.00000000
0.95177213,0.00000000
0.95289125,0.00000000
0.95183036,0.00000000
0.95580732,0.00000000
0.95297210,0.00000000
0.98188168,0.00000000
0.96953393,0.00000000
0.97615219,0.00000000
0.96429836,0.00000000
0.96775438,0.00000000
0.95386868,0.00000000
0.98311252,0.00000000
0.98642451,0.00000000
0.95280861,0.00000000
0.95442412,0.00000000
0.96533189,0.00000000
0.93664061,0.00000000
0.88069641,0.00000000
0.88158491,0.00000000
0.89945371,0.00000000
0.93144879,0.00000000
0.94792102,0.00000000
0.95983662,0.00000000
0.97848269,0.00000000
0.96471167,0.00000000
0.95543450,0.00000000
0.97687281,0.00000000
0.96722695,0.00000000
0.96129630,0.00000000
0.95125559,0.00000000
0.96387717,0.00000000
0.95855245,0.00000000
0.94780099,0.00000000
0.94324816,0.00000000
0.96973178,0.00000000
0.94142508,0.00000000
0.95976628,0.00000000
0.94539104,0.00000000
0.94171876,0.00000000
0.95134319,0.00000000
0.94502917,0.00000000
0.96406555,0.00000000
0.96251386,0.00000000
0.95139220,0.00000000
0.94021667,0.00000000
0.92927509,0.00000000
0.97396606,0.00000000
0.94922420,0.00000000
