753.000,472.000,136.000,86.000
757.101,472.545,133.864,87.077
760.929,473.942,135.500,87.956
764.189,475.073,133.570,89.193
771.075,474.198,134.882,88.755
776.727,475.630,135.191,89.397
784.013,474.546,136.908,89.365
791.745,473.576,137.842,89.531
801.229,474.933,136.906,87.486
809.646,473.101,138.915,88.958
818.108,474.171,138.464,87.486
828.438,474.675,139.426,86.920
837.703,470.924,138.543,93.980
845.935,478.593,137.626,90.303
853.615,480.237,135.875,90.806
860.557,484.680,135.570,88.154
866.554,488.441,135.191,86.767
872.924,495.785,133.956,91.186
879.181,497.942,134.961,87.315
882.467,499.165,137.094,97.706
887.551,504.475,136.653,89.404
890.502,505.741,136.955,92.855
898.608,503.780,141.773,87.280
901.820,504.011,145.143,85.483
903.665,508.377,146.584,79.874
905.044,508.458,147.294,80.145
904.051,508.491,147.539,80.515
902.790,508.616,145.479,80.700
899.759,509.018,148.502,82.935
897.826,512.283,146.371,82.181
894.368,512.965,146.040,83.891
891.376,516.794,146.041,85.099
887.869,518.291,147.030,90.806
881.477,521.076,150.319,82.224
878.054,518.779,150.485,98.394
872.415,523.150,148.853,86.729
868.770,524.633,151.591,94.004
862.547,527.638,146.341,79.627
857.703,525.094,147.818,94.007
853.220,525.818,153.005,81.225
850.964,520.470,150.823,84.113
848.991,521.013,148.679,93.178
848.639,521.421,150.795,81.288
846.030,518.851,148.036,87.093
843.115,518.013,148.859,86.721
841.976,516.989,147.494,83.534
839.539,515.444,146.371,84.624
837.313,514.250,149.931,81.882
836.095,511.879,146.371,87.290
834.044,511.334,146.845,86.340
832.564,510.510,147.776,85.958
832.902,509.495,146.423,85.958
834.911,508.674,146.447,85.577
837.092,509.330,146.121,83.818
840.345,507.803,141.388,76.456
845.070,501.497,136.516,80.328
846.883,498.063,141.902,85.100
849.380,497.471,145.053,81.000
851.129,495.635,148.936,82.718
855.188,498.791,136.154,76.184
856.728,500.349,137.565,74.497
858.246,500.319,137.769,74.962
857.295,500.338,143.132,75.333
856.233,498.881,142.343,77.831
853.729,496.630,138.696,73.254
852.544,493.848,140.864,77.000
851.425,491.670,138.930,74.680
849.046,490.639,137.769,76.334
847.409,488.714,142.072,78.335
844.769,489.037,142.074,73.254
841.944,488.017,142.199,78.158
836.834,488.253,140.807,80.642
833.971,486.921,136.495,73.267
826.592,486.644,140.621,79.438
820.513,487.428,139.025,75.120
812.890,488.364,137.697,77.135
807.155,488.916,139.870,76.443
802.326,486.753,138.138,75.800
798.994,486.914,137.214,81.221
793.750,492.398,136.486,88.874
788.750,502.420,134.793,83.611
779.396,508.933,130.753,82.704
768.398,515.739,145.881,87.404
764.913,517.836,121.197,104.690
760.986,531.376,124.764,89.117
757.714,535.402,119.275,99.431
753.009,540.405,128.902,93.351
752.675,546.673,119.029,96.189
753.387,548.841,118.678,88.418
752.221,552.850,117.729,97.424
750.566,549.412,118.249,94.642
749.876,551.343,116.870,99.266
747.510,554.835,115.781,88.830
748.126,555.787,117.393,88.755
748.306,556.380,115.600,84.296
746.037,559.996,115.200,91.686
740.981,561.733,118.097,84.914
739.047,565.073,116.950,78.836
737.625,569.053,119.217,89.172
734.426,569.426,115.285,85.121
731.694,573.061,119.160,83.213
730.596,571.953,116.367,93.413
727.093,571.611,117.935,88.451
725.703,575.735,115.396,97.186
723.587,575.543,116.870,105.841
721.027,578.376,117.539,106.631
719.958,581.267,122.365,94.799
719.477,582.526,121.818,94.221
717.077,583.711,123.185,93.783
715.213,584.569,129.710,88.624
710.106,586.818,124.472,101.938
703.755,587.025,124.313,87.538
697.744,594.828,124.417,82.596
692.523,596.318,124.095,82.865
685.922,595.506,125.314,87.537
682.553,600.707,124.505,85.309
677.453,606.379,128.507,83.055
671.706,607.521,131.304,86.569
662.382,611.502,134.359,81.598
658.715,611.219,138.549,82.584
654.550,610.546,142.595,81.147
650.601,609.076,143.379,82.793
646.170,607.723,145.697,85.935
642.148,602.731,143.208,72.836
638.663,603.957,144.449,75.703
636.897,605.757,146.933,75.039
636.862,607.052,146.792,72.448
638.154,611.046,147.515,73.138
639.283,616.191,148.586,72.628
642.196,626.700,147.338,67.009
646.379,631.933,146.537,65.305
647.680,632.817,147.858,70.595
648.975,636.197,147.314,69.974
643.024,636.164,147.815,69.835
642.209,643.189,145.575,65.763
641.068,645.283,149.819,64.320
640.877,645.594,151.184,63.305
639.795,642.145,152.564,59.614
640.976,634.497,151.348,57.329
643.692,624.350,150.021,58.217
648.168,619.033,146.120,59.496
650.883,614.448,145.729,55.045
653.169,608.926,144.749,55.493
654.965,603.628,145.468,55.493
657.283,596.077,150.555,54.027
661.589,584.444,151.335,57.428
663.925,578.825,147.782,55.045
664.316,570.952,153.863,57.970
662.395,565.143,152.032,58.430
659.180,561.834,146.170,60.510
655.507,557.388,148.235,59.784
650.604,552.579,145.783,58.276
646.521,547.752,145.828,53.163
645.444,537.603,139.858,55.096
643.705,530.637,141.927,56.524
641.576,525.855,142.594,58.367
636.367,522.354,147.169,55.508
632.445,522.582,151.392,54.327
630.420,518.512,151.810,58.109
632.404,512.958,146.713,59.626
632.036,508.253,150.263,57.966
633.640,506.179,149.114,58.747
634.472,503.287,149.512,60.030
637.751,500.691,148.832,56.310
640.015,497.268,153.850,58.749
642.036,499.579,151.904,57.560
644.264,499.844,157.204,56.278
648.748,498.374,151.064,57.521
650.949,493.734,156.365,61.016
655.392,488.252,153.544,60.440
661.297,482.943,156.794,59.667
665.740,471.346,160.105,58.853
673.597,456.989,158.791,57.795
680.573,440.360,157.903,62.815
687.469,425.859,160.877,63.872
696.213,408.442,162.075,67.633
701.583,391.324,161.186,66.025
709.245,371.653,167.968,67.559
717.399,350.963,170.885,69.849
727.687,333.959,172.658,67.705
732.355,319.074,170.038,71.264
737.733,313.232,177.812,69.051
739.349,306.889,186.129,68.632
743.355,302.227,183.557,67.304
744.530,298.926,183.432,69.900
747.187,294.898,189.902,72.516
752.323,290.716,185.743,69.830
755.546,283.658,191.160,70.487
758.312,278.892,188.884,69.087
758.108,275.486,191.807,70.870
756.126,273.075,192.267,72.655
754.299,270.124,189.531,77.847
752.060,268.689,191.094,82.175
751.676,268.090,187.591,82.620
751.552,269.042,190.331,82.958
751.854,265.480,192.242,86.056
750.849,264.196,193.222,88.367
748.826,263.379,194.130,89.739
750.539,260.969,193.873,92.446
750.679,259.196,196.810,93.847
750.843,257.407,196.210,95.248
753.449,254.682,197.566,97.141
755.336,252.167,196.846,98.562
758.014,250.086,196.235,99.095
760.387,247.434,196.235,99.932
760.561,244.921,197.290,100.469
760.739,242.395,200.038,101.007
761.417,239.670,198.396,99.625
758.943,234.281,199.683,101.109
756.029,231.607,201.811,101.902
753.276,228.862,199.852,107.105
747.376,229.942,200.512,106.998
737.116,230.968,205.203,106.998
732.627,231.367,200.831,111.836
727.089,232.057,197.799,114.657
724.031,227.246,197.280,126.090
719.766,223.372,198.864,129.420
717.391,221.922,199.441,129.749
715.630,220.432,196.840,130.153
712.401,219.452,196.565,134.036
708.257,219.487,196.723,135.918
705.371,216.998,192.339,139.912
704.584,216.292,194.241,140.340
699.529,216.360,191.125,135.573
695.544,217.782,189.109,135.308
692.769,225.566,183.452,135.428
688.535,234.251,180.872,137.311
683.011,244.826,176.137,143.940
681.218,254.339,168.889,148.177
676.365,260.662,169.729,156.113
671.861,265.332,172.214,161.125
666.543,276.491,176.176,154.154
657.232,282.913,181.261,150.225
654.615,289.909,177.237,150.122
651.114,295.064,175.092,152.878
648.880,303.349,173.006,151.381
643.970,307.075,173.751,152.356
639.008,309.979,174.555,155.992
630.393,320.189,179.882,147.477
621.180,330.326,181.999,146.447
615.667,333.536,179.613,147.224
613.636,333.874,174.555,148.828
614.763,335.689,176.173,144.552
617.501,334.444,172.616,136.814
619.512,333.629,178.439,147.366
617.176,334.263,174.019,145.449
614.324,338.794,170.801,149.133
609.581,339.839,171.338,159.510
604.510,343.426,174.855,160.284
594.739,348.155,168.924,160.545
591.181,363.813,171.755,153.294
590.240,365.673,159.330,157.379
590.298,367.293,168.094,157.628
587.260,368.806,167.648,160.146
587.402,378.652,164.738,153.581
584.689,387.249,163.791,156.780
584.816,391.888,160.972,160.010
586.297,393.851,160.580,159.617
588.666,395.739,157.124,164.178
590.994,399.664,157.935,159.865
596.786,398.466,153.989,161.943
603.593,398.817,158.395,159.028
609.729,401.140,153.747,157.876
610.749,403.288,155.142,156.078
612.587,401.855,154.893,158.633
615.578,401.061,154.251,159.906
618.130,400.776,162.363,152.294
619.074,399.518,160.161,157.329
619.422,397.179,165.183,161.688
618.587,398.522,166.526,160.637
614.364,399.219,170.713,162.849
614.635,403.900,167.501,160.160
614.703,404.236,167.036,161.129
614.412,409.208,167.290,159.074
614.758,409.365,172.478,162.352
618.546,409.095,167.584,160.545
622.472,409.502,169.591,161.046
625.801,409.552,171.875,158.628
628.741,404.546,166.986,162.026
632.247,403.268,169.849,157.670
630.341,401.498,170.058,155.640
633.628,400.182,164.460,155.992
634.090,400.258,163.216,157.124
635.212,400.899,166.743,153.596
636.815,399.777,163.216,155.200
640.033,396.119,164.110,156.462
643.206,392.581,160.330,157.124
646.180,386.328,165.818,157.559
646.555,383.868,164.744,150.503
644.780,382.536,164.197,156.633
648.836,378.957,165.719,157.369
646.058,379.113,167.721,154.794
647.640,378.104,169.075,158.104
648.750,377.655,166.526,154.421
646.264,376.824,167.325,158.332
646.754,374.123,166.017,151.666
644.948,372.765,170.265,157.876
646.399,371.959,167.036,154.893
643.899,371.121,172.034,157.859
645.724,369.820,168.054,158.149
643.186,371.475,169.865,154.512
645.329,369.838,171.422,155.513
647.613,368.094,166.526,156.384
648.470,367.758,170.629,154.471
650.868,365.979,170.385,153.477
653.527,364.068,164.744,155.034
654.258,363.786,170.966,153.357
653.190,363.638,173.751,153.329
653.500,362.883,169.538,156.145
655.225,363.773,166.088,154.038
657.909,360.432,169.685,151.756
660.855,358.268,168.288,151.588
666.363,348.713,165.903,153.756
664.605,347.914,170.698,156.633
670.332,345.625,167.764,150.725
666.901,343.554,168.252,152.319
665.411,341.793,171.874,153.276
668.431,341.367,165.508,153.477
663.736,340.550,173.304,152.558
663.435,339.647,169.670,153.713
659.724,339.914,170.629,150.593
659.289,341.344,167.325,147.413
656.735,342.679,166.139,146.630
654.137,341.895,165.395,151.638
649.933,342.547,167.460,147.796
647.310,343.959,171.131,152.536
646.458,345.785,168.951,150.826
643.347,347.676,169.100,148.961
640.858,346.872,168.042,150.253
637.703,346.595,168.306,154.307
633.447,349.536,170.365,151.973
630.358,353.037,170.101,152.382
627.136,355.131,170.101,151.738
621.478,358.626,172.410,152.146
618.863,361.762,171.158,155.274
614.936,365.900,172.478,154.512
613.956,368.023,175.092,152.225
611.859,370.524,172.742,154.748
610.877,372.650,175.360,148.205
612.407,374.154,172.947,152.619
612.062,377.302,173.637,153.477
611.661,378.908,174.438,152.225
615.708,381.634,172.214,153.949
618.644,381.308,172.214,151.992
618.200,380.477,173.751,149.115
622.924,378.682,170.101,145.295
623.961,374.868,169.915,146.630
624.505,371.357,172.622,147.330
629.430,370.019,170.431,146.175
630.231,368.177,170.725,145.433
631.313,368.292,172.349,146.781
636.230,364.249,170.164,145.627
637.165,360.479,172.076,144.027
642.838,352.127,173.652,147.179
648.023,344.076,170.966,145.033
649.359,336.227,172.076,147.179
657.006,332.382,167.296,144.990
661.182,325.405,171.722,146.167
662.362,321.418,173.169,144.941
668.071,313.014,174.754,148.113
669.431,308.785,175.900,147.228
675.230,304.114,177.511,147.228
677.568,299.078,174.777,147.913
676.684,296.682,178.155,148.194
678.944,293.716,177.539,149.575
678.344,291.855,178.411,151.340
677.359,291.817,180.053,151.087
679.231,293.073,180.270,149.895
679.175,292.313,178.736,151.087
678.352,292.148,178.736,149.112
678.078,289.821,178.958,149.841
677.640,289.263,181.475,149.315
678.049,288.098,182.305,149.338
678.599,288.367,180.874,150.122
678.571,287.490,182.581,153.857
677.889,287.215,182.268,152.058
675.070,286.616,183.575,153.923
674.610,287.827,184.158,153.857
674.305,287.207,184.431,154.760
673.862,286.808,183.626,156.234
670.029,288.612,186.882,156.357
669.715,288.091,185.799,159.452
668.175,290.266,187.157,158.894
667.176,289.288,182.596,161.886
664.171,291.071,182.067,155.910
662.820,291.477,186.454,157.121
662.156,291.223,186.071,159.685
663.030,291.676,185.013,156.363
665.258,293.206,185.325,157.049
670.795,294.855,182.452,157.169
671.463,295.430,188.578,157.714
673.591,296.624,186.393,159.125
678.896,298.635,184.055,158.549
679.564,300.921,184.772,157.741
680.724,302.915,184.502,157.510
679.494,303.201,186.620,158.986
680.777,305.143,186.123,158.894
676.782,304.397,191.015,165.547
677.190,305.250,185.925,165.623
673.931,306.237,190.688,164.701
672.093,305.948,187.624,166.344
671.474,306.006,189.571,165.167
666.381,306.066,190.193,164.692
664.433,305.889,187.360,164.692
661.754,305.592,188.850,161.068
660.505,305.815,187.507,161.319
658.859,306.395,189.059,161.901
657.440,308.556,185.243,156.878
656.581,308.526,188.667,158.986
658.353,308.284,187.204,161.203
659.126,307.877,187.744,158.539
660.703,305.914,188.392,158.318
662.604,304.531,188.392,161.775
663.437,304.993,188.824,161.550
662.038,307.091,189.873,159.801
661.438,306.797,190.725,162.134
660.304,306.863,191.232,159.536
662.557,307.954,188.824,161.200
661.295,308.244,190.999,162.366
662.630,308.312,192.209,159.762
665.104,306.486,190.066,164.116
665.705,306.137,190.985,161.277
667.301,304.835,190.608,160.364
669.809,302.726,189.095,162.481
671.294,301.440,189.635,160.838
672.749,301.434,188.824,162.599
674.232,300.325,189.365,160.609
676.383,298.574,189.951,159.922
678.129,298.224,188.554,158.176
677.692,296.771,189.083,161.775
678.736,295.367,187.694,160.380
677.321,293.854,188.787,159.235
676.589,291.885,189.904,159.006
676.141,290.264,190.451,162.945
677.202,289.563,189.035,157.646
677.005,287.844,189.083,161.775
678.050,287.141,182.791,163.882
677.577,287.614,186.510,155.656
677.351,286.973,186.620,162.738
677.432,286.286,187.158,156.779
679.384,287.462,185.313,153.741
679.382,288.244,184.978,159.954
683.980,287.223,181.987,157.860
682.041,289.840,185.526,156.018
683.845,291.198,182.599,152.620
683.583,292.321,176.774,158.061
683.283,296.051,178.712,154.282
681.489,298.342,175.981,153.359
679.288,300.960,178.736,155.695
677.094,304.622,176.440,153.049
672.490,305.439,176.761,155.037
667.341,306.674,178.105,156.215
662.158,306.252,179.448,159.064
656.518,308.005,181.259,161.645
650.514,308.985,183.672,164.825
644.165,310.273,184.184,163.294
635.577,313.805,186.432,164.213
630.044,317.123,181.041,165.633
622.802,324.017,183.390,161.896
614.397,327.302,185.358,163.267
608.891,331.641,184.184,163.642
602.939,335.235,183.919,160.278
600.733,336.329,181.459,160.151
597.981,339.641,180.138,161.374
594.570,347.318,180.138,159.668
588.852,354.462,182.063,158.965
583.814,363.767,182.599,161.818
575.304,373.088,184.820,159.007
568.195,379.153,184.283,160.604
563.139,385.351,182.332,161.651
557.389,388.851,184.208,164.619
553.956,390.965,184.100,166.666
547.116,393.643,187.962,169.727
543.093,398.028,186.351,169.182
538.813,400.814,185.308,169.658
534.148,402.176,187.534,167.289
527.896,404.245,187.624,169.181
521.125,405.729,182.263,169.066
513.084,404.805,186.037,168.453
506.083,404.973,181.240,167.408
501.166,406.041,181.659,164.923
494.234,406.341,183.390,170.217
481.594,409.042,180.021,172.241
464.392,414.047,185.860,175.986
447.219,418.738,186.885,173.123
431.167,421.377,186.573,175.408
417.610,419.985,187.610,172.036
402.072,417.521,198.184,177.682
390.336,419.954,190.474,166.805
377.143,421.321,196.530,172.632
371.439,422.840,195.034,176.231
364.282,422.984,196.357,182.252
358.699,428.905,197.297,181.392
353.587,435.532,197.297,180.256
355.925,440.680,192.244,180.913
360.243,445.304,192.191,178.383
366.262,444.419,193.498,182.007
373.973,444.130,193.855,179.579
380.095,449.840,195.065,178.996
386.699,451.404,193.081,175.868
393.528,454.426,192.714,176.101
400.295,457.679,192.453,171.438
408.147,455.023,196.024,173.840
416.326,452.110,192.976,172.273
430.647,438.186,193.912,172.366
446.677,424.035,189.317,163.318
465.969,406.380,192.993,162.353
492.949,382.927,187.979,161.378
512.322,362.501,191.074,161.088
532.356,344.013,182.962,161.892
547.665,332.932,186.123,160.273
563.987,318.354,187.009,163.158
578.815,304.121,185.677,165.047
590.998,293.014,187.962,163.064
604.324,280.916,187.962,167.974
611.875,278.473,191.710,162.545
620.726,272.741,191.693,165.874
628.706,267.812,193.591,164.302
634.421,266.027,196.805,172.160
638.809,269.153,196.878,169.595
643.999,275.694,191.618,169.677
647.707,275.655,192.870,169.755
647.440,279.042,188.696,171.312
645.620,280.055,196.658,169.285
647.176,275.958,198.659,166.158
649.402,270.663,198.207,169.476
644.960,270.948,197.178,172.943
639.298,270.544,198.521,171.534
629.501,277.198,200.369,171.534
625.011,284.274,198.955,171.488
623.195,284.990,200.739,169.685
619.314,284.805,198.151,172.273
609.185,285.799,203.232,167.694
606.549,286.467,198.151,170.425
604.742,286.997,199.924,168.996
606.399,286.813,201.029,171.574
605.072,287.112,201.825,178.409
594.969,290.774,207.584,180.590
592.533,291.900,204.702,177.951
592.839,292.972,199.122,178.101
591.690,295.269,196.515,180.296
589.372,298.778,196.255,177.420
592.209,299.672,190.207,176.007
597.232,296.130,198.471,183.092
603.716,297.215,199.243,180.158
608.161,300.080,200.971,182.011
610.932,301.036,200.792,180.483
614.125,301.697,201.269,179.541
617.683,302.006,203.289,178.924
621.997,301.770,203.823,179.776
621.596,303.525,206.923,178.567
622.345,310.484,206.195,180.421
622.329,318.049,201.207,180.738
621.021,322.538,198.861,182.830
618.540,326.164,198.861,184.738
621.663,330.284,199.520,184.172
623.582,332.202,195.299,186.091
625.427,335.550,192.754,186.647
624.983,339.647,193.262,185.668
624.921,340.338,193.007,188.457
627.529,341.815,190.845,189.700
629.179,344.036,190.595,189.452
630.826,346.254,190.345,194.914
631.119,349.988,184.361,191.689
634.143,351.785,184.708,195.242
639.053,357.020,184.012,194.657
638.916,362.206,188.457,194.145
642.328,366.163,188.147,193.512
645.822,368.900,187.656,194.153
646.778,371.957,189.949,191.478
649.001,374.945,189.700,189.700
650.448,377.531,189.845,188.706
652.090,379.740,189.595,188.457
653.730,381.948,189.345,188.209
656.502,383.017,185.313,189.094
664.854,391.386,176.852,190.716
671.654,394.823,180.533,194.505
677.503,398.279,179.715,198.474
675.461,401.078,187.960,199.306
674.068,401.869,191.133,197.336
675.182,401.420,190.460,197.845
685.288,393.840,189.683,195.513
693.349,385.917,184.747,196.318
691.949,382.298,187.927,198.600
691.946,384.925,189.480,194.893
693.206,384.275,188.499,195.808
696.284,384.083,188.884,198.886
695.230,389.195,191.380,198.755
691.292,393.633,186.752,200.036
685.934,399.563,185.079,198.243
687.539,405.448,188.393,200.287
687.282,401.810,202.898,205.619
684.384,405.183,205.421,203.375
677.837,406.206,210.331,205.011
681.986,402.706,206.607,211.595
695.685,406.758,195.956,195.119
705.532,409.135,197.415,220.133
702.857,414.899,194.419,220.703
699.293,421.574,193.254,252.971
696.308,423.213,198.339,255.008
691.926,423.753,199.000,200.350
689.502,422.004,208.643,209.443
682.866,423.723,217.310,196.375
687.680,418.484,219.265,205.612
690.584,412.861,221.111,208.354
687.265,409.180,223.022,203.685
689.964,402.210,217.197,203.969
692.839,388.783,219.030,204.708
699.392,383.091,216.941,197.874
703.771,371.301,217.307,198.645
706.291,364.490,222.255,194.369
703.377,355.542,226.001,194.369
704.315,345.700,224.125,196.005
704.315,336.677,226.643,200.621
708.825,330.309,222.744,197.142
708.135,321.854,226.643,196.005
713.793,312.192,225.461,197.173
713.793,303.115,237.705,194.639
718.505,298.355,234.309,187.361
720.660,295.502,232.100,186.771
719.198,293.045,231.273,188.769
723.172,289.150,196.140,188.194
723.146,289.767,193.116,191.192
719.684,287.266,195.039,193.116
718.086,288.205,195.125,182.298
723.870,283.044,187.711,183.935
732.123,275.637,185.721,186.837
741.017,270.908,187.713,185.847
746.191,268.414,188.590,188.216
748.829,269.733,187.463,186.331
747.143,267.481,190.461,190.461
746.694,260.934,192.501,186.783
746.124,257.505,193.262,183.770
742.046,257.733,184.822,175.770
738.155,257.972,185.390,177.094
734.014,258.388,186.418,178.077
737.512,254.432,182.341,174.318
741.888,246.225,182.875,178.232
742.544,243.112,182.649,178.670
737.300,240.219,185.904,176.139
737.895,240.278,184.350,174.571
734.170,235.973,187.133,174.921
736.828,235.423,188.334,177.831
737.491,235.234,186.642,180.042
737.180,240.803,186.896,175.514
733.793,242.604,179.890,170.098
730.241,242.561,182.441,171.936
731.019,242.342,180.531,174.147
730.714,243.107,180.785,174.392
731.831,243.874,179.617,176.772
734.967,245.587,177.269,177.269
737.294,245.427,176.523,179.009
739.004,244.106,177.020,179.158
742.981,247.012,175.129,177.269
743.788,247.478,176.338,177.749
744.706,250.165,177.339,176.275
743.060,252.238,180.276,176.026
742.245,253.578,179.053,175.129
742.748,254.956,176.629,176.275
741.002,257.271,177.295,173.410
736.588,258.640,173.481,166.808
736.458,255.174,171.017,172.039
734.329,257.681,172.523,170.805
728.831,259.571,179.053,170.805
724.861,264.433,167.734,174.737
721.346,268.533,172.021,170.308
719.976,270.417,172.021,170.308
722.717,271.274,170.308,171.336
722.328,269.688,170.059,172.112
724.089,268.363,170.308,172.021
721.861,262.880,172.021,173.392
721.108,265.578,172.145,171.799
719.416,267.844,172.774,168.988
718.550,268.164,171.770,171.085
716.926,266.198,172.272,167.125
716.447,267.220,170.514,168.816
716.447,265.012,169.156,170.854
715.516,263.569,169.654,168.972
716.908,264.619,169.585,167.550
715.594,265.327,169.510,167.484
711.000,263.091,172.630,169.596
709.934,264.620,172.021,168.252
709.073,265.963,171.017,167.269
708.221,266.285,170.012,167.303
700.706,267.883,175.926,165.795
701.415,266.606,174.165,171.085
700.351,267.114,173.528,172.836
700.446,265.130,172.297,174.377
699.454,267.955,172.892,172.545
700.865,269.193,172.836,172.836
703.163,269.067,172.048,172.394
705.432,267.373,168.889,173.370
706.607,266.677,170.308,174.420
707.884,270.010,169.135,171.551
709.547,270.493,169.562,171.950
711.180,269.214,170.059,174.165
712.454,272.541,168.889,171.302
714.116,273.025,169.313,171.698
715.747,275.848,169.810,174.936
716.775,277.022,169.135,179.145
716.614,280.821,164.574,177.475
715.754,286.411,170.059,176.218
716.542,290.278,169.870,177.497
716.992,292.108,172.794,180.443
719.568,292.142,173.655,180.021
722.455,291.838,174.255,185.589
724.220,294.587,176.848,186.934
726.333,299.557,178.813,186.461
729.073,303.927,179.550,187.230
734.396,308.316,177.717,187.998
736.469,310.770,178.331,187.486
736.652,314.432,179.430,183.091
740.293,315.182,178.322,188.491
740.229,320.202,182.490,182.490
741.639,322.708,181.131,181.496
742.861,322.660,181.591,183.044
736.883,321.060,189.530,183.687
726.269,322.098,192.075,178.996
717.632,321.398,189.676,177.798
714.298,318.376,186.783,180.533
718.343,314.883,183.107,184.945
725.099,313.341,178.812,187.660
725.401,315.500,182.242,184.808
722.762,318.557,171.708,188.254
707.045,325.161,177.929,184.412
699.174,335.764,173.724,173.724
693.207,327.363,172.446,183.572
688.605,332.598,167.048,180.226
674.085,334.054,172.446,182.181
655.678,338.958,174.856,176.275
636.197,341.638,181.465,183.575
615.761,344.564,188.692,181.744
593.342,356.110,195.351,171.257
571.642,352.756,197.007,181.993
560.180,362.606,196.799,175.186
556.738,359.879,196.622,178.038
555.007,357.849,200.083,183.971
558.616,353.786,194.401,185.181
558.996,354.112,191.743,183.770
562.449,354.705,186.341,179.579
562.243,355.512,186.387,181.993
561.422,354.337,193.191,183.605
557.308,361.272,205.568,180.673
551.326,369.070,211.745,180.504
546.741,382.942,215.041,173.521
545.214,386.950,216.548,168.985
548.493,391.739,221.868,161.707
555.529,393.721,219.551,159.260
559.784,395.520,219.648,164.642
565.299,396.373,220.420,166.362
582.393,391.420,210.372,169.371
592.654,384.205,210.651,166.781
592.177,376.426,220.610,160.955
587.816,376.185,210.471,150.875
584.622,371.370,217.217,150.875
586.239,369.194,217.609,145.073
586.918,368.460,220.520,139.426
580.588,366.182,223.699,144.333
573.023,368.211,199.622,154.662
581.399,366.415,203.620,163.881
583.012,370.100,218.678,164.192
588.453,363.086,226.755,169.498
585.985,367.332,225.408,175.143
581.368,369.796,228.279,163.852
581.286,380.478,222.249,147.908
589.993,366.179,240.063,160.163
590.645,386.571,235.618,142.942
594.104,375.313,231.641,155.530
597.768,389.966,256.248,143.712
600.646,407.651,232.436,125.631
603.263,407.507,218.305,128.656
600.974,414.101,258.800,124.197
603.943,414.420,226.642,128.586
611.004,415.846,258.303,126.418
616.100,412.506,261.134,129.482
616.697,425.333,258.097,120.396
612.598,420.546,256.053,122.552
612.586,416.562,255.722,125.910
614.016,413.428,262.560,124.635
614.549,415.624,261.133,123.142
615.452,414.338,262.560,125.354
615.623,416.727,261.854,122.392
623.882,411.926,261.477,123.386
628.013,403.481,262.926,127.686
630.037,403.155,263.279,126.872
627.287,409.467,261.821,119.742
626.612,404.077,259.269,125.910
628.574,402.291,264.750,126.588
631.510,402.516,268.412,125.772
627.099,404.367,264.732,125.012
624.354,406.419,261.847,123.822
625.071,401.965,260.051,128.042
628.378,405.365,265.123,123.067
630.373,396.371,267.644,132.375
625.950,400.028,264.059,132.594
620.469,409.373,267.901,126.644
621.325,411.493,265.821,129.777
623.031,407.991,272.074,131.948
622.180,411.020,268.845,133.475
622.749,407.987,254.815,134.612
619.675,408.940,263.928,135.300
624.568,408.894,258.681,133.501
626.249,411.629,265.369,133.243
626.339,413.460,268.202,134.854
626.056,415.408,255.824,136.287
622.430,419.278,261.581,133.780
620.956,413.104,253.289,130.766
622.686,407.471,262.939,130.377
623.304,404.454,259.850,132.705
622.396,404.275,271.702,135.665
619.554,403.337,262.787,134.467
618.529,403.233,263.332,137.309
616.192,401.840,256.966,135.145
613.313,400.746,272.799,133.601
615.182,397.224,257.979,135.678
615.654,396.120,270.524,138.634
614.060,394.102,262.081,137.631
611.273,392.962,256.628,134.967
611.756,396.344,261.998,133.422
610.667,394.205,251.454,138.449
608.593,394.671,257.844,138.264
604.393,396.107,253.765,133.501
606.660,395.020,252.917,136.413
606.002,390.748,245.684,136.037
605.075,387.360,232.160,139.516
601.575,390.845,234.477,133.267
601.227,392.310,258.904,135.296
598.788,391.015,242.797,134.138
596.302,387.654,239.102,137.610
591.645,389.634,218.272,136.556
588.092,394.308,256.835,129.973
584.498,392.009,234.037,135.303
577.210,390.205,216.556,135.704
573.614,395.943,254.977,130.062
572.734,393.873,218.445,134.932
569.920,398.104,255.348,131.283
568.521,394.808,222.210,137.140
570.877,399.038,254.563,129.380
570.319,395.450,217.546,135.830
570.678,406.232,256.408,121.149
569.450,401.914,216.543,130.490
562.244,425.412,254.521,113.121
559.751,415.737,216.030,129.414
558.664,433.256,248.658,118.138
565.629,443.938,213.110,112.217
575.881,443.070,234.099,118.288
589.315,455.237,219.557,112.943
601.080,459.393,224.077,114.717
608.420,461.512,233.163,121.399
613.227,466.325,219.171,122.547
613.863,481.327,233.325,111.248
612.108,491.133,227.799,109.705
609.794,489.937,238.760,116.847
608.359,486.782,234.267,119.811
614.051,484.924,233.960,119.162
613.071,463.303,234.251,134.669
614.245,470.172,245.773,118.441
611.739,452.517,244.295,129.493
608.511,458.138,249.325,121.101
605.394,456.365,262.523,121.861
601.622,447.450,249.293,131.094
595.521,450.702,261.133,129.661
590.780,447.695,244.438,130.883
581.547,453.678,256.098,126.079
573.997,457.011,250.337,126.607
562.914,454.686,241.828,131.971
552.560,459.151,245.368,130.195
543.976,460.224,237.141,128.049
530.908,464.190,243.026,125.005
520.782,462.444,243.026,129.195
508.581,463.555,257.141,129.457
499.478,467.663,262.931,128.544
492.138,474.498,258.097,123.342
480.815,474.734,257.883,125.370
477.571,471.146,253.927,130.745
470.696,473.793,255.642,130.556
466.506,471.786,259.269,135.303
469.327,470.403,257.379,133.567
473.298,468.888,253.891,132.142
478.504,463.456,260.712,130.173
479.083,456.649,262.503,126.827
478.504,454.695,258.914,127.814
472.850,453.413,261.847,127.464
420.566,461.561,406.639,254.150
405.800,437.456,304.291,278.558
428.566,445.607,280.323,268.667
397.903,439.875,286.721,249.371
414.405,417.897,301.891,252.646
434.343,392.760,285.233,248.749
445.775,403.015,294.363,233.038
452.979,407.342,294.111,229.103
457.620,410.665,296.263,227.135
473.341,413.111,291.305,239.379
490.503,413.828,290.292,227.897
506.445,402.691,286.720,227.008
519.562,398.721,286.534,222.689
527.793,393.743,289.796,225.060
536.186,391.240,279.146,229.042
537.046,382.742,279.958,235.914
536.118,390.648,267.928,233.987
536.248,392.354,268.670,233.583
536.616,401.770,261.412,235.321
540.651,422.068,260.296,235.459
534.965,433.708,261.755,240.934
532.613,446.586,260.928,235.790
536.406,443.771,260.296,240.426
543.370,448.812,257.886,235.853
548.382,446.758,261.686,237.492
556.410,450.676,262.106,235.147
560.665,447.418,265.531,240.668
568.892,444.733,274.389,241.989
576.631,440.398,268.194,246.532
585.642,438.578,268.703,243.480
595.516,442.500,267.398,238.199
604.922,438.823,273.847,241.511
610.583,443.758,269.733,242.965
619.434,447.422,274.569,238.199
628.268,448.817,270.719,235.408
628.725,450.313,270.815,228.879
631.100,446.668,267.062,229.195
632.400,440.920,265.453,226.328
635.079,434.833,262.058,224.271
637.519,429.054,259.120,221.756
635.630,421.916,265.296,229.316
636.448,416.594,257.242,234.530
630.330,423.216,259.642,233.579
614.643,420.147,267.340,245.144
599.614,432.989,258.429,237.919
588.887,419.450,265.989,252.094
583.506,419.560,248.246,255.502
585.096,424.778,250.613,248.596
582.966,427.637,254.373,246.377
568.800,413.482,268.670,262.655
557.431,415.591,244.612,262.161
558.116,407.821,250.336,265.539
556.285,415.140,254.515,256.580
546.904,406.791,245.131,274.301
541.732,417.761,255.995,262.745
541.991,406.857,246.648,274.688
541.777,417.535,255.939,272.098
541.378,412.537,258.849,279.980
539.882,404.905,263.997,282.315
546.123,396.246,260.811,278.308
552.496,404.358,261.006,268.556
557.327,409.781,260.360,264.072
563.138,398.033,257.658,277.599
563.503,422.285,264.422,251.041
566.259,406.488,260.458,262.521
567.765,394.374,261.631,274.189
568.268,401.156,266.525,267.062
567.429,398.449,267.668,269.805
564.132,402.673,260.280,267.809
561.552,408.088,253.807,267.555
560.103,415.077,257.228,267.142
559.625,408.537,258.708,273.926
559.517,416.038,243.474,265.318
557.627,425.069,249.290,271.166
555.848,434.229,258.569,271.056
550.043,428.310,265.942,285.543
547.277,437.000,252.713,276.440
543.435,437.611,264.632,279.981
539.013,445.222,271.297,268.573
536.893,448.222,253.387,266.353
540.284,454.976,255.448,262.731
551.287,460.283,275.461,256.786
562.871,459.335,269.327,256.020
588.176,438.029,264.984,277.603
607.771,408.028,278.984,293.097
628.228,394.909,288.432,290.721
643.731,416.194,284.677,258.586
657.314,400.434,294.996,271.093
667.206,414.796,301.263,247.466
672.942,354.813,306.740,305.646
677.400,382.011,304.565,276.989
681.453,390.296,310.409,259.837
684.926,379.848,310.283,267.094
687.351,384.307,313.501,257.601
692.236,382.287,310.556,262.778
694.848,391.314,321.915,249.870
695.690,327.745,318.527,315.120
698.912,380.008,317.158,261.973
694.837,370.835,317.810,262.439
695.291,361.530,316.324,263.122
690.658,320.482,320.395,306.540
687.754,350.798,322.439,274.136
685.862,297.967,328.604,316.103
685.607,365.028,342.021,255.548
682.037,334.792,355.669,289.980
678.596,354.432,363.837,268.699
679.029,346.096,366.726,282.242
680.834,311.454,361.184,319.336
681.269,366.426,367.114,277.375
679.568,312.190,366.682,341.130
675.328,382.948,368.084,279.602
678.236,309.498,363.554,349.423
674.540,383.626,367.379,277.496
677.941,310.120,365.691,347.790
678.753,375.509,372.633,280.546
682.524,304.754,366.385,348.260
671.991,283.014,376.015,363.862
671.204,272.449,373.887,366.483
669.225,273.436,377.844,356.359
670.884,258.477,374.527,368.652
668.460,259.811,375.655,366.729
666.856,239.628,375.150,375.893
662.702,244.869,379.697,363.908
662.864,233.417,375.655,368.217
657.155,236.642,379.630,360.276
658.175,234.650,377.589,353.897
660.344,216.190,373.252,367.397
657.920,219.735,378.099,357.341
659.323,204.872,375.293,364.255
654.604,207.211,389.912,362.536
650.180,205.652,387.474,360.388
653.209,204.113,381.416,361.971
654.229,195.411,388.301,368.960
655.121,195.727,382.729,363.024
648.829,193.754,387.854,363.240
651.155,190.536,383.202,370.428
642.846,190.173,392.276,363.610
646.235,188.300,381.718,370.380
636.077,188.282,389.237,366.651
637.819,187.808,385.753,362.305
639.860,178.125,395.142,367.452
639.081,167.316,398.987,366.183
643.530,162.247,399.269,360.260
641.929,155.569,394.878,362.984
638.530,150.623,394.097,362.266
633.625,138.880,394.829,375.164
626.888,143.880,396.748,366.703
621.439,141.730,394.668,365.660
615.752,137.506,396.918,363.462
620.314,132.184,398.439,366.503
616.840,129.569,406.918,363.319
623.978,124.147,408.039,358.766
632.698,117.420,405.918,366.092
631.239,113.020,416.548,373.351
638.218,122.081,402.591,374.962
626.372,125.203,411.503,381.943
621.874,133.693,408.599,380.831
609.879,142.548,413.643,378.910
605.131,149.751,397.783,369.257
593.759,152.510,405.946,373.716
597.988,154.652,397.489,368.651
593.641,152.747,404.650,367.098
595.406,153.477,397.264,364.865
592.139,148.487,405.321,364.179
589.507,148.351,397.513,360.607
585.910,149.038,395.613,362.266
576.058,146.006,400.918,353.172
570.092,144.042,407.577,353.334
565.810,136.179,410.824,358.427
560.822,138.780,406.211,354.763
555.721,131.510,415.654,366.262
555.050,129.570,403.720,360.771
547.607,138.083,413.260,362.844
541.918,135.856,406.041,363.422
541.184,135.342,409.047,367.527
540.097,135.220,412.772,376.306
535.848,136.405,407.858,369.992
533.770,137.159,413.571,377.034
539.004,147.837,399.150,354.097
537.695,142.058,410.045,357.379
539.626,134.517,413.847,357.135
541.124,130.740,415.468,367.766
541.524,138.585,406.843,369.289
539.335,139.344,418.980,366.995
540.828,146.241,408.144,358.696
549.600,144.074,405.918,364.560
556.239,143.892,406.499,364.156
563.168,148.896,406.499,361.076
567.028,156.885,408.749,353.533
568.247,153.323,407.832,356.853
569.867,150.829,410.699,355.736
572.523,152.773,408.447,360.260
573.257,150.915,410.050,353.227
576.384,152.295,411.416,358.846
586.026,154.875,407.509,355.225
595.629,157.370,405.816,351.758
596.584,153.987,409.957,354.741
606.900,155.780,404.592,355.736
607.960,158.991,412.343,353.112
619.342,159.854,407.913,352.914
622.063,151.781,416.900,353.871
626.758,146.491,415.198,362.913
626.928,149.264,421.074,351.930
631.772,148.040,417.549,355.918
629.050,152.325,417.590,345.805
623.277,150.225,423.810,351.527
623.548,148.340,424.040,356.843
622.289,151.624,425.779,348.718
629.219,148.564,416.548,356.380
626.133,153.193,421.948,352.523
625.611,151.921,422.222,356.611
629.292,155.426,419.520,355.038
627.418,159.159,422.495,352.981
626.895,166.387,418.132,348.572
626.520,168.687,418.117,352.380
618.895,171.991,412.622,354.225
620.849,185.311,410.245,348.249
618.724,189.251,409.201,347.934
616.350,193.258,410.170,339.920
616.655,202.533,408.813,334.076
618.338,203.100,404.709,331.462
619.750,203.823,404.818,328.548
622.176,200.229,407.265,330.629
629.732,200.311,408.308,320.918
635.411,189.096,407.816,325.239
633.779,187.721,412.537,326.531
632.816,181.967,415.935,324.812
639.155,169.972,414.294,320.103
646.593,152.909,410.351,317.056
653.979,145.409,417.957,320.506
667.282,127.576,415.535,314.400
676.849,135.763,418.826,310.322
682.697,119.844,423.732,345.049
678.726,128.576,433.207,306.153
683.958,125.676,434.403,311.954
683.784,115.858,434.752,302.853
696.326,130.728,427.101,291.998
694.993,129.701,431.181,296.879
699.258,137.734,426.233,292.274
704.000,145.426,420.280,288.192
702.298,148.062,425.077,289.192
701.474,233.001,435.148,208.450
701.437,172.661,427.386,262.821
702.475,153.134,430.006,283.763
689.490,166.335,434.995,267.152
680.450,241.912,431.240,193.103
668.999,180.727,435.075,258.272
663.819,166.304,440.068,276.384
656.191,185.777,434.373,266.769
658.756,179.487,423.113,291.614
648.756,290.830,369.963,191.312
630.221,320.422,313.267,171.551
616.481,340.741,311.964,160.160
608.149,359.931,308.929,155.808
597.027,375.466,312.285,151.970
593.078,385.582,311.896,152.240
588.934,386.672,317.131,150.059
589.844,386.586,320.551,146.301
586.608,398.149,331.360,147.464
578.299,407.243,341.781,140.785
566.035,415.267,349.619,162.950
558.348,417.437,348.749,168.164
549.975,418.144,351.438,173.538
539.363,413.971,358.329,182.871
528.480,417.299,361.141,183.388
523.042,416.762,362.741,194.252
517.408,416.135,364.980,196.568
511.131,415.746,358.227,198.419
507.163,416.742,361.360,203.899
501.501,416.557,361.819,203.184
496.240,411.765,357.686,207.339
494.052,408.561,357.154,208.294
491.266,399.084,364.364,215.232
487.269,386.692,363.386,216.461
485.985,374.809,364.271,224.512
487.850,364.596,371.986,228.914
483.364,354.015,375.116,225.537
493.905,342.173,365.097,224.764
489.562,327.859,372.063,233.328
483.320,318.306,372.750,235.918
476.118,319.881,385.374,226.830
465.819,317.304,378.158,226.066
460.580,316.205,373.417,230.020
452.473,316.204,374.374,224.155
435.575,307.685,381.502,228.437
426.637,306.699,380.472,225.093
415.946,304.430,386.037,230.802
400.507,302.761,385.258,235.336
393.006,302.279,383.985,230.270
377.239,300.736,389.920,234.547
364.581,292.107,392.236,238.489
353.739,291.952,388.202,233.289
337.637,290.545,394.507,230.079
324.339,287.338,389.130,230.461
309.748,285.106,386.548,236.124
302.228,285.231,379.816,230.430
288.978,284.948,378.477,232.772
289.824,285.447,364.304,226.427
281.147,286.577,360.966,225.891
280.374,287.453,350.505,209.845
275.426,286.535,355.515,221.993
279.439,282.264,340.180,219.852
279.327,285.472,346.971,215.079
283.860,286.390,330.798,208.321
286.798,287.501,351.735,207.151
294.642,285.184,327.944,206.383
300.303,286.827,345.785,204.659
311.234,285.267,319.660,202.984
320.686,287.357,333.889,200.334
334.892,292.256,332.919,191.571
347.603,294.983,329.751,193.198
358.882,298.615,335.488,193.006
368.247,301.416,331.016,201.665
376.508,307.073,337.253,191.386
384.877,309.155,332.725,194.344
392.862,310.587,335.599,196.572
398.670,312.707,334.267,205.189
402.758,317.264,332.382,183.492
408.319,312.632,338.559,201.159
415.175,317.115,338.947,199.504
419.568,319.485,333.287,194.244
424.777,311.700,344.765,205.739
428.115,316.449,341.291,203.708
434.625,315.389,334.602,201.078
437.321,307.922,351.539,192.645
440.198,308.425,354.117,206.221
446.914,310.411,345.012,193.596
450.794,312.033,354.839,205.869
451.759,313.750,357.239,193.775
455.493,313.713,355.565,208.598
461.515,317.682,347.884,201.751
462.590,315.156,357.399,198.319
464.411,314.156,359.617,199.255
464.202,315.202,358.965,194.484
462.318,315.151,352.157,195.643
464.009,310.546,363.482,200.125
464.388,313.990,355.708,193.238
459.100,312.478,352.640,202.034
458.043,313.587,360.630,199.282
460.151,312.852,351.583,200.215
459.563,308.832,367.636,202.943
458.571,303.683,353.216,200.666
458.301,304.388,359.617,198.722
454.512,299.372,362.911,203.937
455.104,299.468,356.826,203.200
454.479,295.910,353.222,205.462
452.053,293.484,359.693,201.687
452.861,293.484,353.222,201.148
452.262,294.243,355.489,199.095
453.128,289.901,348.962,196.591
453.554,285.966,356.498,193.453
457.249,285.952,350.158,188.223
458.679,285.532,345.245,190.090
461.066,284.692,341.496,191.258
461.911,286.158,340.829,189.350
457.823,289.766,338.830,188.748
462.200,293.520,347.290,178.707
467.267,293.598,342.142,178.552
474.082,294.314,342.365,177.120
478.547,294.583,338.367,174.116
481.121,298.093,330.791,168.067
489.734,297.596,326.787,165.755
490.587,297.108,330.205,166.732
494.570,296.391,324.587,164.407
496.296,295.766,327.151,161.956
497.694,294.273,322.511,161.256
502.292,293.147,321.080,161.225
504.695,295.374,316.731,157.682
503.849,294.162,320.212,157.870
501.423,295.658,324.612,158.029
499.208,293.545,315.899,159.989
493.726,296.101,320.110,161.181
489.625,303.025,318.309,155.062
488.234,308.511,315.308,154.763
488.458,309.831,305.575,158.315
486.288,313.271,304.192,150.995
485.583,314.944,298.304,147.221
483.220,316.364,293.797,145.220
478.288,317.816,295.800,145.211
476.299,316.100,296.873,145.738
474.304,314.378,297.947,145.848
476.002,312.621,294.966,142.685
475.221,310.448,298.172,144.158
477.739,306.128,296.043,142.831
479.193,306.731,300.134,141.215
480.453,303.553,299.262,140.974
481.639,303.313,304.292,141.455
487.217,302.625,303.932,137.849
494.557,301.080,303.182,140.529
501.112,300.273,304.946,141.730
515.404,302.047,299.254,140.262
520.229,301.623,303.552,140.700
528.448,303.298,300.351,139.419
535.637,302.538,301.543,140.529
541.312,304.377,304.620,138.913
547.055,305.490,305.897,138.745
550.191,306.353,306.228,139.082
554.138,304.823,314.037,138.424
556.372,306.447,312.906,138.930
561.378,307.073,312.906,140.182
563.982,311.348,312.730,137.501
567.966,314.911,313.067,137.434
570.457,318.440,314.727,138.264
574.521,323.245,314.953,137.008
577.770,328.977,315.107,140.094
579.240,335.497,313.429,135.469
581.190,342.976,314.482,134.130
583.406,347.949,314.161,132.408
584.553,352.514,313.909,132.666
585.382,357.133,311.024,131.603
586.107,361.749,311.601,131.691
586.929,366.333,306.306,133.882
585.103,372.013,308.740,131.853
585.068,378.926,305.173,129.345
585.733,383.546,305.830,131.241
585.390,388.585,304.110,130.390
587.135,391.185,304.606,136.754
589.444,393.351,308.163,132.829
590.764,396.149,306.333,132.906
593.972,399.143,306.385,133.791
596.834,402.421,307.144,138.984
598.575,404.893,308.625,134.455
599.184,408.111,308.224,133.727
599.969,411.122,307.468,133.399
600.753,412.097,306.711,135.099
602.850,413.599,309.040,135.765
602.723,415.028,313.397,136.598
603.265,412.084,313.141,138.759
605.051,413.876,310.403,135.593
605.417,413.495,313.779,138.408
605.018,413.442,312.906,137.262
605.127,410.744,316.836,138.927
605.126,412.133,311.796,136.568
607.724,411.825,313.211,135.945
608.551,408.726,312.384,138.424
607.832,412.593,312.156,136.516
608.132,413.912,315.690,137.598
611.192,413.454,316.244,137.262
612.027,414.497,315.410,138.930
611.689,416.051,316.922,136.243
613.240,416.746,317.983,138.597
613.812,416.290,326.083,141.611
614.663,417.401,328.684,139.820
617.191,419.924,327.920,142.070
618.206,420.940,330.213,140.470
620.744,421.318,329.449,143.595
621.203,422.529,332.888,145.094
621.684,423.761,336.328,143.072
624.262,426.339,335.564,145.382
625.327,429.601,337.857,145.049
627.161,430.324,338.621,147.593
627.679,431.589,342.061,145.510
630.295,434.208,341.297,146.525
632.152,439.865,342.061,144.615
633.107,444.943,332.581,144.697
633.812,446.139,343.031,146.260
634.106,451.587,323.170,144.776
632.368,453.794,340.075,144.694
632.712,456.398,341.607,147.038
634.347,462.159,342.825,144.938
635.302,467.249,343.146,145.022
638.460,472.305,341.297,144.292
641.637,474.708,346.938,152.368
644.360,478.636,348.854,147.274
647.733,483.760,346.647,146.554
650.944,486.194,352.407,148.453
652.295,488.557,351.993,150.593
654.597,491.519,351.998,154.805
654.449,493.230,356.967,151.851
659.959,495.957,353.405,153.391
660.892,497.122,356.202,151.526
661.274,499.844,357.764,153.061
661.100,500.440,360.457,156.557
661.975,501.649,350.619,154.615
661.514,503.426,356.202,155.722
659.412,502.979,350.028,153.786
659.222,499.938,362.956,155.685
658.968,500.711,352.998,154.615
659.131,497.569,357.349,156.691
659.207,497.274,349.144,155.859
660.435,497.643,362.106,153.720
661.094,493.278,363.150,156.782
662.561,492.365,364.993,157.176
664.196,488.438,366.521,160.713
667.246,488.161,368.193,158.352
663.845,487.119,374.512,158.987
666.844,482.548,360.205,162.263
667.293,480.390,367.056,160.768
665.076,477.140,360.792,161.433
663.290,471.357,356.149,163.819
658.994,466.676,356.518,163.989
654.693,461.991,356.886,164.158
655.236,454.878,352.408,166.751
653.356,451.395,352.771,164.497
650.830,447.323,352.518,164.926
649.923,443.375,350.953,165.098
648.601,443.064,350.226,161.383
649.118,438.599,348.240,162.702
643.507,434.614,351.356,163.045
643.305,433.707,348.407,160.545
638.909,429.181,349.144,160.597
637.540,422.220,346.667,163.138
631.331,418.542,350.987,161.445
624.711,413.928,353.740,161.614
618.703,409.041,355.225,162.293
609.788,404.135,359.594,162.971
601.505,398.852,362.587,164.328
596.098,396.952,362.648,162.263
588.954,391.135,363.336,164.667
583.539,389.232,363.391,162.595
576.378,383.403,364.084,165.006
570.955,381.498,364.133,164.400
563.001,379.462,366.329,162.595
559.465,376.695,362.648,162.263
549.892,368.450,365.764,167.096
546.255,363.438,364.629,161.782
537.476,354.861,375.380,161.433
531.516,344.912,371.038,163.592
528.615,338.417,365.989,167.211
516.977,330.897,382.331,164.422
510.955,326.807,377.818,160.560
506.018,318.796,377.827,161.292
500.692,310.971,372.168,167.550
490.375,305.291,376.312,163.418
483.505,301.645,383.104,164.754
477.476,297.549,385.108,162.891
473.038,292.780,383.958,166.415
471.628,288.912,375.640,168.076
461.670,286.391,385.491,167.080
460.262,282.511,379.666,168.740
456.516,276.172,378.545,171.789
450.679,268.088,381.534,169.571
446.911,265.282,384.487,169.073
444.237,255.931,385.243,169.405
435.935,249.119,391.622,167.181
430.430,244.601,395.462,170.069
429.803,240.323,392.041,172.394
427.084,237.035,395.918,172.726
427.585,233.312,392.821,173.889
420.970,230.255,398.202,180.002
421.302,233.462,391.646,172.517
420.987,233.357,383.432,175.848
416.753,235.001,383.063,171.001
415.164,237.516,377.533,171.094
412.130,240.645,374.952,169.924
409.126,246.282,366.308,169.765
407.058,252.782,358.960,164.253
403.225,256.137,358.361,162.405
400.412,257.205,349.987,163.167
399.892,259.400,347.680,161.645
399.503,263.315,345.134,158.562
403.038,266.743,339.938,156.390
403.552,268.290,341.681,156.065
404.753,271.441,336.042,154.385
408.076,270.163,334.871,151.468
412.800,271.527,327.227,146.486
415.587,269.396,330.417,146.803
419.051,266.994,322.607,147.641
420.079,265.699,323.172,144.991
418.342,263.681,316.681,143.828
415.623,264.678,309.730,139.272
417.923,262.812,307.624,138.015
420.272,260.834,302.101,137.019
421.879,263.376,298.073,136.006
428.585,266.061,292.724,136.282
430.656,271.449,288.184,131.501
437.185,276.017,285.257,133.665
442.113,283.779,278.531,131.833
447.470,291.758,282.397,129.304
457.405,296.328,274.007,122.461
465.336,302.189,270.979,123.572
473.028,304.654,264.384,117.911
481.080,302.777,261.014,117.421
487.097,301.171,260.201,116.424
491.326,295.227,253.138,119.944
496.207,291.043,245.118,119.944
497.627,286.499,242.622,119.424
498.681,279.780,238.810,120.938
495.285,276.637,236.758,118.039
492.849,273.074,234.267,120.146
491.315,271.292,231.284,119.676
489.350,269.827,230.551,118.607
485.074,269.852,230.160,118.557
480.784,269.942,231.466,116.063
478.050,271.529,229.715,117.483
476.054,275.629,228.440,113.562
473.793,276.913,224.572,113.254
473.416,276.410,220.858,112.025
470.074,276.009,220.610,115.032
470.907,274.800,220.539,113.621
472.391,272.302,219.157,113.860
470.366,267.581,217.517,113.185
468.227,265.112,218.653,115.296
468.425,260.401,215.394,119.310
469.496,257.429,213.893,120.114
466.285,254.539,221.922,120.435
465.029,250.960,221.490,121.378
466.823,250.282,218.557,122.405
467.317,251.194,218.224,121.236
462.122,253.518,226.010,122.775
466.352,255.179,224.891,121.788
461.233,259.113,228.504,118.557
462.411,261.690,227.798,121.976
461.862,265.287,227.561,119.453
459.755,268.225,230.785,118.199
457.761,266.482,232.458,120.031
459.199,268.935,231.255,117.468
458.278,266.919,235.408,117.539
461.706,266.051,240.546,119.274
465.644,264.977,240.132,118.709
467.689,262.108,248.892,120.388
473.227,262.675,253.072,119.256
477.033,260.069,257.279,121.686
482.065,259.993,257.841,121.483
485.961,257.337,262.091,123.962
489.686,254.756,261.854,123.353
493.646,252.050,266.163,125.888
494.355,251.924,271.346,126.139
496.211,253.460,262.816,125.292
494.331,253.639,273.839,124.934
497.614,254.655,268.754,125.123
499.437,257.733,266.575,122.639
499.805,256.757,270.187,124.590
500.142,255.897,262.536,126.311
497.572,256.327,266.947,125.451
496.656,256.069,273.173,131.094
499.565,258.753,265.461,127.997
501.974,259.252,273.197,132.168
503.427,267.852,267.625,125.628
511.296,267.510,268.044,131.452
516.457,270.872,265.987,123.601
520.521,272.384,269.481,122.755
525.977,273.308,276.414,128.192
532.719,274.874,277.243,127.321
538.546,271.196,278.379,123.014
541.694,268.945,279.497,127.516
544.917,269.924,279.860,127.828
548.140,272.490,280.230,129.133
550.826,275.385,284.756,129.815
554.149,277.891,285.043,128.654
558.338,276.309,283.562,134.500
562.027,276.274,278.922,134.571
564.633,276.876,286.893,133.367
566.677,276.188,287.505,134.743
571.278,272.998,286.187,138.363
573.807,270.902,283.916,139.768
575.024,272.210,289.456,137.153
579.011,267.426,291.848,138.349
582.958,264.606,291.998,141.173
587.018,265.239,290.386,139.906
589.704,259.700,291.876,141.296
592.076,260.395,289.979,136.246
593.316,257.240,297.853,139.768
594.701,256.827,292.224,140.594
597.599,254.503,296.974,138.750
599.447,254.012,292.872,136.078
601.592,250.504,295.778,135.498
600.821,246.528,292.912,135.837
600.771,245.785,295.408,133.732
600.743,244.160,298.649,132.202
600.135,241.857,298.274,133.229
598.774,243.801,299.400,129.740
599.673,240.783,298.391,132.224
598.936,240.877,298.274,137.206
595.312,242.217,296.203,133.312
595.867,240.468,295.888,133.229
593.878,238.679,300.660,133.229
593.145,236.373,300.525,134.235
594.191,238.334,299.238,134.335
592.557,231.680,300.900,138.013
591.563,230.476,295.948,136.748
590.135,229.585,294.375,134.905
589.219,228.375,291.815,137.325
588.070,228.117,293.313,134.235
587.366,226.917,290.352,133.062
584.118,225.732,290.155,135.038
579.829,225.104,291.998,132.726
577.215,223.666,290.523,135.210
575.302,223.038,285.226,136.464
571.297,223.297,284.147,135.948
568.883,223.555,286.218,135.432
567.322,227.411,278.303,131.662
564.309,227.333,285.095,131.818
560.508,226.472,277.947,136.256
558.022,229.911,281.749,131.717
555.805,229.430,281.941,132.678
550.803,226.462,280.715,135.905
549.157,229.476,278.140,132.224
547.229,229.507,279.308,133.699
544.966,233.712,273.006,129.156
539.646,239.228,281.013,129.033
538.730,233.605,269.121,135.704
535.139,241.375,271.328,128.584
531.980,236.816,269.040,135.830
528.348,244.649,267.884,125.905
525.880,241.786,268.777,131.631
524.284,248.462,267.072,126.567
522.696,245.840,265.461,129.233
521.609,252.259,267.264,124.550
521.219,249.166,265.488,128.179
520.688,253.448,261.752,125.892
518.092,249.477,264.397,129.471
518.327,254.161,263.187,128.999
518.490,255.160,264.336,126.999
516.086,255.591,266.579,128.706
514.816,256.186,265.781,127.516
513.874,256.530,266.559,126.827
512.030,256.616,267.670,126.655
509.083,260.217,267.296,128.302
506.690,258.015,269.488,132.705
503.970,261.505,269.248,133.299
503.602,262.934,271.500,133.096
501.162,264.003,270.671,133.622
498.306,267.620,272.955,134.003
496.452,266.030,271.683,137.183
495.791,268.110,271.072,138.436
490.594,267.931,275.650,141.508
488.738,270.625,273.823,137.703
487.274,269.900,273.641,139.153
482.272,269.542,275.831,139.869
480.209,271.847,276.810,138.012
477.393,270.829,277.358,140.048
476.744,272.965,276.683,138.539
472.718,274.776,283.558,140.406
469.406,276.231,280.589,137.497
466.970,274.597,279.563,140.764
463.363,276.661,281.614,139.417
460.168,275.361,282.053,139.241
457.193,276.749,282.053,142.018
456.772,274.029,280.891,142.649
452.565,273.629,286.501,140.646
454.015,274.859,286.413,139.792
451.767,273.030,287.302,143.451
453.478,271.955,288.353,142.753
454.265,273.465,284.748,141.359
454.839,272.240,286.413,142.604
456.804,273.933,286.934,142.051
459.205,272.606,286.579,141.875
459.988,274.107,287.839,138.873
461.436,271.907,291.746,140.470
464.273,272.448,288.909,139.390
466.927,268.230,288.421,143.005
469.198,266.932,288.353,142.753
471.610,265.599,293.279,142.577
473.800,263.640,286.852,143.631
473.836,262.745,297.341,142.577
472.876,263.134,293.079,141.799
475.319,258.924,296.356,145.321
476.752,260.082,291.411,143.003
474.098,261.287,297.537,143.455
475.587,261.857,293.732,142.315
476.776,262.631,300.765,140.766
474.230,262.115,296.376,141.799
476.207,262.373,301.868,141.283
475.311,264.339,295.800,139.833
475.396,266.660,302.145,140.485
476.657,265.917,298.387,141.971
477.044,266.003,299.262,141.799
481.166,263.118,301.735,144.684
484.824,260.600,301.947,146.791
486.933,258.510,306.162,148.020
491.266,254.097,313.693,146.617
493.166,253.581,321.053,142.499
502.533,251.177,324.158,153.301
508.880,247.954,328.420,156.624
514.565,248.139,330.677,156.254
519.208,247.967,336.868,152.501
