277.000,136.000,221.000,95.000
273.473,136.496,219.930,93.427
275.185,138.128,215.358,91.886
275.277,137.319,210.386,92.660
276.723,138.347,201.061,90.883
275.224,137.239,193.775,93.099
274.954,137.498,187.049,92.582
275.680,136.599,180.851,96.226
275.509,136.111,178.817,91.654
276.381,136.002,177.843,93.669
275.041,136.542,177.937,94.400
276.254,135.970,178.106,93.467
277.891,136.409,177.420,94.400
277.719,135.929,175.431,93.287
280.400,135.444,177.241,94.767
279.967,136.354,175.769,94.765
279.142,136.149,176.385,95.693
278.110,136.132,177.409,94.427
276.378,135.665,176.986,95.878
275.303,134.773,178.091,93.746
274.087,134.058,176.644,95.693
273.013,135.252,176.447,95.130
275.039,135.045,176.548,96.063
273.917,135.120,177.750,94.609
276.595,135.951,179.664,94.765
276.859,136.591,178.352,95.313
274.901,136.200,182.008,94.790
274.072,136.494,184.982,92.885
274.904,137.764,186.206,92.184
276.349,136.845,186.206,92.709
277.619,136.099,186.560,96.043
277.320,136.125,188.498,94.651
278.165,137.417,189.752,92.601
277.148,138.029,191.521,93.237
276.293,136.741,192.964,94.475
277.240,137.429,189.715,93.640
275.663,136.432,192.603,94.298
274.446,135.227,193.147,94.547
273.320,135.952,193.504,93.640
275.160,136.394,191.980,93.294
274.354,136.922,196.810,92.774
275.060,136.760,195.128,92.828
275.286,136.797,195.755,92.485
275.825,136.662,195.755,92.485
276.364,136.527,197.912,92.485
275.814,136.134,197.116,90.830
275.966,135.431,198.419,91.970
275.853,136.490,200.270,91.204
276.664,137.167,200.270,91.204
277.476,137.843,200.270,89.039
276.713,136.330,200.725,91.798
277.386,137.137,201.010,91.541
277.114,137.816,202.097,91.541
275.379,136.694,204.477,91.333
277.193,137.210,202.491,91.942
277.105,137.841,203.214,89.862
276.682,137.846,202.976,91.204
277.022,136.555,204.477,91.333
277.741,136.798,203.586,92.216
277.644,137.590,204.330,90.081
277.402,137.539,205.357,91.541
276.542,136.072,205.978,92.004
278.372,136.594,203.972,92.614
278.282,137.228,206.353,90.520
278.298,137.338,205.228,91.942
278.836,137.911,204.702,92.446
278.925,138.379,205.075,90.685
280.129,139.473,205.126,91.774
279.153,139.770,205.978,90.356
279.170,139.607,206.491,92.047
279.968,139.792,207.380,90.849
278.555,139.819,207.729,90.245
279.070,140.531,209.441,91.288
279.309,140.447,209.517,90.901
278.392,141.083,210.522,89.907
278.359,138.627,210.036,92.339
278.142,139.575,211.030,90.720
277.789,140.039,210.902,92.287
276.418,139.763,213.086,92.002
278.844,139.458,212.725,92.050
279.593,139.260,214.027,91.886
280.806,138.897,214.409,92.050
280.614,136.566,213.948,93.339
280.844,137.366,212.356,92.021
281.409,136.874,211.786,94.407
282.257,137.076,212.356,93.154
280.848,136.900,212.639,94.913
279.857,135.398,211.205,95.355
280.043,135.908,211.402,95.756
281.097,134.742,207.299,95.523
281.384,134.061,204.753,96.603
282.088,131.948,203.063,99.419
283.425,132.700,204.089,98.486
286.304,131.081,205.151,100.302
283.498,129.834,207.031,101.362
280.530,128.579,210.935,103.001
282.991,127.248,209.260,104.187
284.440,128.490,211.684,102.294
287.450,128.958,208.905,101.948
284.685,127.638,212.390,103.128
287.524,128.264,209.969,102.467
284.740,126.935,215.537,103.657
286.909,127.310,217.183,103.506
285.345,130.438,218.209,100.850
285.396,129.754,219.890,101.922
287.167,130.973,216.048,100.982
286.688,130.613,216.414,103.772
288.943,133.875,214.007,99.950
288.361,131.376,216.928,102.601
294.389,135.789,209.950,98.853
285.927,137.301,213.885,97.562
279.814,138.083,222.641,84.141
287.785,147.532,232.468,73.195
295.911,168.461,242.329,64.238
304.770,175.318,234.117,61.281
308.731,172.101,230.035,72.997
314.964,176.405,224.320,70.879
319.000,173.445,220.543,76.041
327.434,166.895,210.154,76.962
328.877,159.798,210.068,86.319
333.877,150.378,204.383,82.508
337.999,143.769,201.861,89.485
340.157,143.835,199.160,88.545
339.405,142.332,200.398,89.155
338.706,140.877,200.725,93.939
338.093,137.221,201.907,101.801
333.378,136.723,205.595,104.807
333.518,134.121,205.020,109.717
362.191,133.752,176.788,106.853
338.329,132.977,200.575,105.378
360.881,132.095,179.055,107.724
361.682,133.945,178.009,103.746
360.337,132.751,178.249,106.949
364.257,134.218,174.559,106.782
362.331,131.514,177.043,110.276
365.842,131.562,173.377,110.458
343.615,129.701,196.385,108.638
339.967,129.295,199.877,109.157
360.967,129.474,177.980,109.390
360.752,126.563,177.571,107.661
341.177,128.292,195.937,106.976
340.786,125.782,197.879,107.934
340.518,125.024,198.414,105.060
337.947,123.484,200.955,107.851
334.709,120.542,203.601,108.136
331.913,119.043,205.330,108.756
329.576,118.378,209.106,108.591
327.948,120.790,209.647,107.991
322.249,122.987,215.323,107.812
322.802,126.238,216.963,103.752
320.945,126.402,218.573,103.424
311.879,128.123,226.766,98.175
297.441,123.752,241.010,102.138
299.509,122.671,237.817,102.415
300.546,121.978,236.681,101.926
297.224,121.289,239.901,101.437
295.122,120.190,242.857,98.329
281.851,113.926,242.460,100.018
281.223,113.447,234.054,100.353
277.538,112.636,229.444,101.054
272.946,112.508,229.170,99.480
269.389,108.163,223.290,97.595
265.436,106.109,215.823,98.155
263.397,105.023,211.443,97.701
260.677,106.125,205.953,96.936
264.271,102.495,201.314,97.401
261.933,99.557,200.658,99.627
263.445,102.370,195.934,99.666
263.818,102.147,194.909,100.111
263.678,104.104,198.265,96.755
265.914,107.505,200.455,96.618
268.897,109.560,197.555,94.737
268.711,111.422,202.861,93.207
270.636,113.372,206.177,92.614
277.178,116.247,206.925,91.567
279.482,116.274,207.831,92.890
280.208,116.548,206.935,91.508
279.760,114.892,208.382,91.512
278.275,114.726,212.735,90.184
278.585,114.841,213.504,89.400
276.618,114.725,215.778,89.078
275.395,114.287,216.558,89.400
278.627,116.633,216.224,86.936
278.807,115.610,217.513,85.412
280.220,117.072,213.047,84.946
280.777,118.830,214.899,84.665
278.282,120.373,217.729,84.822
280.197,120.059,215.532,86.267
280.620,120.310,213.047,86.584
280.194,119.516,215.532,85.995
280.814,118.346,215.928,86.153
281.435,118.540,213.047,86.584
281.009,117.747,212.266,87.628
279.799,117.312,213.047,86.311
279.570,117.821,215.136,86.923
279.598,118.322,213.437,87.564
278.777,117.775,213.437,88.111
277.563,117.339,214.217,88.433
276.897,116.902,214.446,88.755
278.636,117.926,215.664,88.364
277.749,118.676,215.778,88.524
276.919,118.123,215.778,89.907
278.176,117.856,214.658,90.720
278.683,117.915,211.128,90.883
278.189,117.268,211.283,91.343
278.972,116.769,208.604,94.011
277.473,115.504,206.832,94.015
275.653,114.499,205.726,95.745
277.025,114.015,202.702,96.712
277.065,114.102,198.974,96.540
276.324,112.674,200.178,97.451
275.463,113.302,198.265,96.196
278.048,111.882,196.137,97.100
276.250,112.850,188.114,95.164
279.678,112.436,192.252,95.992
277.563,110.359,185.053,96.880
279.460,109.462,191.448,99.210
278.812,109.638,178.109,96.924
278.928,108.895,188.665,98.148
278.110,107.804,190.027,100.875
281.114,107.248,181.526,99.216
281.079,108.771,180.791,98.052
280.019,107.936,180.777,99.454
281.221,107.428,181.328,100.201
280.579,107.013,178.559,100.760
280.673,107.159,181.328,100.201
280.031,106.744,178.559,100.760
280.124,106.890,179.179,100.201
280.693,107.653,178.577,99.210
281.459,107.398,181.311,99.454
281.147,107.604,180.858,99.580
282.390,105.010,182.671,102.350
282.878,105.836,182.516,101.246
283.787,106.386,178.249,103.956
282.396,105.200,177.486,103.874
280.790,107.064,185.053,103.956
281.140,106.846,192.126,103.837
279.692,110.150,195.870,101.186
280.289,108.829,204.270,100.442
281.525,109.747,211.829,99.179
280.957,109.432,216.448,103.872
280.827,109.742,212.806,103.252
280.140,106.784,210.324,102.937
274.220,107.574,217.155,101.948
273.377,111.738,216.754,102.265
274.122,116.061,223.016,102.265
276.373,116.954,222.146,101.993
278.550,117.876,221.412,101.656
280.721,116.993,222.481,101.620
281.439,116.005,218.936,103.295
282.192,115.854,221.045,103.295
283.457,115.446,218.212,103.809
281.857,115.466,219.300,103.466
282.611,115.316,223.222,101.053
283.883,114.130,223.383,103.123
283.951,113.378,221.119,104.628
282.703,117.861,229.708,104.496
285.591,116.763,227.654,103.902
286.325,115.711,224.028,103.232
283.486,114.927,224.529,104.496
283.208,114.430,222.937,105.795
280.537,116.257,224.895,104.602
277.188,118.800,226.372,104.739
277.281,120.016,224.028,104.772
276.754,119.658,222.937,105.489
277.340,122.643,221.458,103.204
276.995,122.189,220.028,104.717
275.385,122.234,221.119,105.237
275.604,124.113,220.376,103.922
276.354,123.932,218.572,104.890
276.203,127.267,218.572,101.859
277.676,128.621,221.001,101.541
279.822,130.767,216.408,100.850
281.298,130.341,218.779,102.294
282.514,131.746,219.943,100.982
282.881,130.869,217.118,100.048
281.940,130.128,219.590,101.236
282.131,131.170,217.118,100.645
282.004,132.331,220.926,99.802
283.413,132.906,216.027,96.870
280.783,131.522,220.420,97.031
280.665,129.702,223.582,97.159
281.185,130.468,229.035,95.038
282.765,130.092,230.901,95.199
281.436,131.039,229.399,94.196
280.536,130.485,232.965,94.715
280.042,129.623,232.166,95.843
278.756,129.164,232.946,92.880
279.433,127.871,229.825,94.876
278.155,127.414,234.153,95.199
277.666,126.551,233.337,96.326
276.376,126.090,234.117,96.648
275.082,127.134,234.897,95.465
274.768,126.323,237.323,96.487
275.504,126.972,238.883,92.764
273.599,128.333,240.308,93.619
275.794,128.019,234.117,95.148
275.287,127.131,236.926,96.326
274.808,127.778,236.068,95.941
270.274,126.961,242.727,93.658
272.892,126.655,239.304,95.480
273.602,127.181,239.700,95.638
272.494,129.224,238.277,94.280
269.472,129.541,241.921,94.847
272.507,129.370,239.490,94.280
273.899,129.229,234.897,92.152
271.427,129.046,238.075,94.287
272.505,129.066,237.719,93.347
272.403,127.439,231.960,96.004
271.014,128.553,230.557,94.672
270.103,127.994,228.240,95.199
268.820,126.599,227.559,96.218
270.952,126.732,222.111,95.360
270.599,127.165,216.401,94.785
270.735,127.261,212.689,94.019
270.335,127.269,198.199,95.702
269.930,127.711,191.568,94.819
269.816,126.766,186.123,94.817
269.198,126.537,182.833,93.945
268.169,125.185,180.428,97.174
267.442,124.988,183.207,98.099
269.859,124.609,182.671,99.395
268.710,124.693,189.553,96.529
268.860,124.425,192.235,98.964
267.777,124.478,191.916,97.477
267.239,124.146,198.749,100.060
267.972,123.583,197.001,96.663
269.272,124.419,201.857,98.857
267.986,123.166,209.525,99.949
268.187,123.321,208.834,100.217
268.042,123.611,214.337,100.217
267.442,123.212,213.481,100.721
266.415,124.827,219.061,98.959
267.809,125.395,222.164,96.939
267.998,126.213,224.728,98.833
267.771,127.248,225.779,97.061
264.671,127.722,230.792,96.411
265.983,127.546,227.272,97.061
265.918,126.667,228.892,97.034
266.280,128.296,229.661,95.568
264.527,128.023,234.946,96.411
264.055,128.869,238.304,95.623
267.785,129.545,235.980,95.480
267.620,131.887,238.115,91.698
266.145,131.241,239.288,93.879
267.830,132.858,237.719,93.347
267.728,132.721,238.519,92.724
270.011,132.650,238.417,94.057
267.262,132.934,242.117,98.285
266.823,131.993,244.850,97.693
267.554,132.533,245.247,98.780
267.697,132.993,243.092,98.795
267.351,133.697,245.643,98.319
267.889,132.449,246.435,95.214
270.592,131.911,242.869,97.209
269.272,132.214,245.508,94.142
268.033,131.759,245.550,96.270
267.854,131.822,245.907,97.377
269.113,131.895,245.247,94.754
267.540,131.668,245.953,96.428
269.215,131.732,245.072,97.535
270.057,132.194,245.247,97.851
268.928,132.735,243.782,98.009
269.125,133.124,245.247,94.754
269.992,131.066,243.512,98.259
270.054,130.032,245.247,96.303
271.769,130.189,243.662,100.910
270.136,129.751,243.472,97.703
270.571,130.143,244.454,101.547
268.745,129.781,246.213,101.642
270.888,129.303,243.510,101.964
268.589,129.148,246.213,101.642
270.732,130.571,243.510,100.064
269.614,129.952,243.872,100.675
268.282,131.046,244.652,97.547
269.111,129.736,244.850,99.548
268.662,130.423,243.872,99.112
268.314,131.128,246.435,99.570
268.264,131.982,244.652,100.057
267.520,132.845,244.262,99.271
267.794,131.992,244.338,100.353
270.146,131.356,241.202,100.998
267.873,131.205,243.872,100.675
267.169,130.730,244.025,100.998
266.346,131.906,245.043,99.588
269.433,131.050,241.058,100.675
267.285,130.818,244.106,100.514
267.325,129.008,243.398,100.370
265.954,128.462,242.696,100.836
264.231,128.149,242.696,100.836
262.509,126.896,242.070,101.776
260.080,126.891,245.043,101.159
262.211,126.415,240.780,102.426
262.402,126.653,240.398,101.320
263.167,125.725,237.932,102.551
262.698,125.100,237.932,101.926
262.611,125.574,237.482,101.288
259.264,125.892,240.137,100.963
260.280,125.886,239.663,101.288
260.868,125.960,237.551,103.948
261.018,126.960,237.881,102.264
260.715,126.274,237.551,105.197
260.110,124.407,233.377,106.081
261.136,125.131,229.120,106.208
259.885,124.544,228.186,104.572
259.282,123.656,225.992,106.967
258.084,123.621,226.210,107.660
258.320,121.485,217.296,109.742
258.146,123.182,220.118,106.967
258.551,120.150,212.243,109.961
259.662,122.472,211.552,109.603
260.771,121.125,210.860,109.245
260.052,119.783,211.994,112.536
260.009,120.713,205.897,108.513
260.349,119.926,210.302,107.096
259.671,119.657,210.455,106.130
259.598,119.174,209.405,109.190
257.767,121.713,215.488,108.349
257.745,121.086,214.307,108.072
257.661,120.590,216.912,107.542
255.777,119.649,216.708,107.895
256.365,117.265,217.981,108.684
254.112,116.447,222.179,107.854
253.235,119.199,225.793,108.864
255.549,119.596,227.764,107.756
256.200,121.407,226.147,105.702
255.630,122.855,237.196,104.354
257.305,125.552,238.889,103.372
258.124,125.005,240.398,103.522
257.550,125.549,241.545,105.281
256.404,126.485,246.072,103.727
254.898,126.483,249.085,103.092
253.420,126.081,250.756,103.253
253.478,127.128,250.641,102.125
252.976,127.926,253.567,101.491
253.543,126.643,251.148,103.414
253.602,128.015,254.257,102.929
254.631,128.910,252.198,103.408
255.020,128.262,254.651,104.058
257.752,129.083,250.819,103.394
256.356,130.122,251.676,102.284
257.262,130.842,255.965,101.808
258.242,131.333,257.560,102.119
259.430,133.368,260.055,97.074
259.966,133.863,276.798,99.902
258.769,131.840,278.527,99.950
258.016,132.359,279.364,102.924
259.453,132.530,276.831,100.203
258.062,132.248,278.945,100.100
257.309,131.763,279.782,98.727
254.819,130.894,281.103,98.137
255.983,132.724,281.103,96.806
255.224,132.262,281.961,97.729
257.027,133.959,281.345,96.660
252.757,135.406,282.621,94.427
251.751,131.582,266.638,99.458
252.322,133.039,265.823,96.870
254.521,132.979,264.957,99.881
254.455,132.116,265.415,97.699
255.839,132.243,261.678,101.316
253.930,132.020,264.518,97.849
252.815,131.976,264.816,100.514
252.271,131.273,264.924,97.999
253.410,131.551,262.969,104.865
249.499,131.755,268.462,99.135
250.778,130.363,264.924,99.306
251.102,129.368,264.600,102.593
249.025,129.159,266.443,99.050
249.905,127.959,265.007,102.751
247.828,127.420,266.516,104.821
244.877,127.622,269.742,105.755
246.847,127.745,267.830,106.861
247.665,128.005,268.226,107.358
248.288,128.696,264.943,107.336
248.056,129.349,267.434,107.041
248.675,129.699,268.226,107.358
249.298,127.332,269.019,106.656
245.766,127.411,267.605,107.517
246.078,126.143,264.943,109.374
244.666,125.641,265.723,109.696
243.250,125.138,266.503,110.018
245.602,124.635,261.801,110.340
242.815,123.677,262.611,114.637
243.048,124.672,260.755,111.951
244.427,124.190,256.628,111.206
245.251,123.995,251.598,110.919
244.881,123.900,248.993,110.106
244.339,124.227,246.096,111.771
245.482,122.981,241.485,114.265
244.136,122.895,239.852,111.443
243.993,124.307,239.484,111.236
243.850,123.739,233.564,116.945
244.061,122.933,244.731,116.239
244.529,122.973,249.875,116.158
244.257,122.371,243.937,122.139
241.437,123.985,240.243,118.566
242.523,125.103,247.202,118.697
242.239,125.426,234.729,118.051
242.329,123.149,243.545,120.939
241.411,124.507,237.477,118.910
241.642,122.015,246.105,122.211
242.489,123.407,238.161,120.122
242.358,122.846,247.567,123.614
241.129,121.972,238.469,122.561
240.946,122.004,238.493,124.892
239.553,120.846,240.934,123.751
239.380,123.266,240.934,123.751
239.207,120.501,245.082,124.097
238.839,122.491,235.693,125.005
238.806,121.758,241.601,127.159
239.153,120.721,237.746,129.935
238.991,120.888,236.662,130.305
238.456,121.332,232.458,125.197
241.250,122.771,232.336,128.810
240.411,122.442,228.474,129.123
240.383,122.643,234.037,128.376
238.321,122.951,229.829,128.454
238.971,122.818,234.037,128.376
236.909,123.126,226.010,128.454
230.163,123.555,234.043,127.257
230.347,122.542,232.638,128.936
231.570,122.182,231.231,129.309
230.179,122.102,234.359,129.123
231.765,121.555,228.054,124.646
231.660,120.734,228.602,130.003
229.293,121.188,233.682,128.749
230.872,120.642,227.399,129.496
230.473,121.123,228.885,132.314
231.247,122.078,230.125,130.056
231.214,119.504,227.071,132.083
231.734,120.717,224.991,129.309
230.795,118.746,229.261,130.177
232.573,119.100,224.666,131.200
230.808,116.997,228.885,131.626
229.823,117.795,226.336,129.682
229.058,115.031,228.552,131.435
230.155,115.827,225.316,133.662
229.471,115.557,225.640,133.854
228.787,117.376,225.965,134.047
228.101,113.967,230.125,135.286
228.028,115.566,227.799,131.735
228.912,113.139,233.658,134.856
229.790,111.210,229.412,133.023
230.502,112.332,226.939,134.625
229.815,110.660,227.264,134.117
229.453,112.329,226.939,134.625
228.765,108.556,227.264,136.218
232.870,110.808,227.154,135.588
231.964,109.421,227.913,134.500
231.600,108.991,227.588,137.114
235.401,108.581,224.231,136.873
233.196,107.934,227.588,138.517
236.374,107.124,225.500,136.225
234.641,107.459,227.913,137.310
233.136,106.341,229.861,139.900
236.361,106.970,227.720,136.129
233.133,106.262,231.003,138.602
235.808,105.002,228.518,137.183
234.442,107.269,230.186,136.551
237.299,103.443,226.958,138.164
235.153,106.200,230.186,138.679
237.577,105.077,228.199,139.137
239.323,105.093,227.561,140.175
239.720,105.433,228.914,140.568
240.317,105.677,229.875,141.158
237.672,105.923,234.082,137.419
237.621,105.311,233.108,140.439
240.087,104.906,231.072,137.991
237.947,107.015,233.207,137.706
237.979,105.926,232.424,138.809
240.173,104.474,230.195,137.757
237.923,103.800,230.057,140.175
241.811,103.750,227.318,141.354
241.610,103.669,229.875,141.876
241.895,103.355,228.944,140.694
239.633,102.944,230.234,141.876
240.097,106.248,228.944,139.247
239.039,104.693,228.557,141.999
238.982,103.917,230.835,138.862
236.394,103.406,233.859,140.961
238.036,102.968,230.211,142.927
238.013,102.885,229.894,143.457
238.400,102.968,229.483,139.290
239.599,102.052,229.235,137.183
236.298,104.225,232.641,139.585
238.282,102.963,230.835,142.469
238.572,103.377,232.436,142.730
239.185,103.629,230.844,143.320
236.248,102.817,233.441,140.210
238.157,105.194,231.796,139.440
236.997,103.959,233.397,142.271
238.091,103.981,230.844,141.132
234.684,103.395,235.490,138.332
237.935,102.853,231.156,143.389
237.908,104.164,230.844,142.591
235.296,105.365,232.799,142.004
236.250,105.352,230.527,140.939
231.602,104.668,236.573,142.666
235.539,103.568,233.112,140.823
231.684,103.982,237.556,141.808
233.907,106.129,235.318,141.558
233.450,104.869,233.671,140.057
232.577,104.272,234.693,142.337
233.844,106.964,234.357,140.980
230.114,103.890,238.539,141.303
232.827,105.784,235.318,141.558
229.080,105.255,239.522,143.713
231.016,104.633,237.879,137.152
229.878,105.575,236.901,139.247
227.586,104.280,238.212,142.927
223.956,106.613,239.556,137.892
222.992,107.551,238.212,140.018
220.691,105.520,239.522,140.057
220.913,106.978,235.411,136.773
219.371,106.043,235.263,140.439
221.557,108.161,233.077,140.210
220.024,107.640,235.056,142.337
218.176,107.403,237.653,139.516
218.116,108.966,235.220,140.403
217.166,107.522,240.030,139.290
217.805,108.691,236.188,140.980
214.658,110.892,236.638,140.595
213.928,109.248,234.447,139.865
212.918,108.458,228.852,140.358
214.360,108.694,227.403,140.961
211.132,108.515,226.327,141.678
215.256,109.412,223.457,140.961
211.197,109.922,229.800,140.295
212.798,109.573,226.958,141.714
213.135,109.671,228.438,137.566
211.567,108.484,230.510,140.295
209.403,107.676,233.757,140.110
212.194,107.830,231.072,137.267
211.453,106.912,235.764,142.315
209.796,106.566,237.977,139.706
209.736,108.130,237.003,140.595
209.025,107.119,237.328,139.325
208.966,108.680,236.354,135.840
210.213,106.657,238.522,140.961
209.772,108.474,238.302,136.959
211.015,109.320,239.071,139.247
209.310,107.003,239.195,137.309
210.673,107.835,244.447,139.632
209.996,105.466,248.394,141.040
209.797,107.043,251.415,138.634
209.198,107.602,252.986,138.264
207.173,109.665,254.038,139.009
209.298,109.951,250.917,134.675
208.470,109.543,252.574,138.437
206.411,108.789,255.196,135.082
204.290,106.824,255.720,138.639
206.923,108.627,253.094,135.033
206.497,108.030,252.466,136.968
205.070,106.915,253.831,134.359
207.032,106.073,250.277,136.783
205.025,105.146,252.807,138.266
207.199,104.306,254.447,133.959
205.403,102.155,259.888,133.456
207.516,102.172,261.998,131.558
207.681,101.419,264.640,135.665
209.940,99.481,266.570,134.612
209.750,98.912,269.983,133.854
209.216,100.361,268.006,136.287
206.981,102.681,269.415,131.263
207.587,103.522,269.709,129.204
207.540,101.235,261.581,130.790
204.694,102.958,262.461,132.526
204.387,107.189,261.581,131.538
204.520,111.341,259.830,130.657
204.482,115.385,258.429,127.369
202.588,119.145,257.496,127.477
202.584,120.502,257.141,125.488
203.109,121.381,257.531,124.449
204.543,121.912,256.456,124.103
205.615,122.529,255.740,122.512
205.447,122.781,255.722,121.654
205.811,122.862,254.640,121.140
204.066,125.405,251.448,123.438
202.474,128.580,254.280,124.142
201.214,131.964,252.176,119.508
199.706,131.918,252.759,119.252
200.575,131.744,237.809,116.471
202.205,127.677,233.217,116.608
202.595,124.241,233.097,118.199
202.553,121.225,236.170,118.915
205.504,120.599,235.974,117.484
206.374,117.946,237.237,118.452
209.859,119.437,235.974,116.141
210.105,120.461,237.141,114.756
209.486,121.051,238.049,114.237
209.320,121.381,239.700,114.237
209.620,119.221,247.712,115.908
211.035,120.872,250.986,114.300
212.053,121.720,238.097,114.300
209.931,122.082,238.049,113.577
210.127,122.254,235.353,113.233
209.878,122.684,238.791,113.025
210.445,122.581,235.353,113.891
209.835,123.168,239.522,113.372
208.425,123.066,238.049,114.237
208.260,123.396,241.351,114.237
208.843,123.296,248.834,114.105
209.336,124.295,238.394,111.093
209.015,123.828,240.990,112.679
208.339,123.379,241.681,113.247
209.629,123.042,247.712,113.590
210.295,122.102,253.094,115.134
211.448,122.951,241.220,112.410
209.752,122.454,249.886,113.075
209.791,121.084,255.195,112.784
209.333,121.091,259.508,112.770
205.103,120.936,250.150,112.396
209.002,119.399,248.394,115.134
208.907,121.086,247.906,114.809
208.936,120.411,241.433,113.119
208.114,120.010,245.063,113.590
208.006,119.328,247.284,114.619
207.907,120.668,249.505,113.626
207.570,121.848,250.853,113.289
207.722,120.413,239.745,113.119
205.289,120.271,249.886,113.405
205.142,118.980,239.390,112.951
204.033,118.839,248.190,113.891
206.591,115.521,238.698,115.141
206.028,115.959,237.499,114.929
205.407,116.549,247.338,114.410
205.519,115.847,253.848,115.477
206.683,116.703,245.010,112.739
207.099,113.525,250.830,116.433
206.937,112.888,241.573,114.627
207.451,114.896,249.209,114.942
207.763,114.116,255.357,116.164
208.947,114.982,243.339,113.397
208.528,114.462,250.830,115.103
209.101,113.504,240.160,117.699
207.643,114.447,251.828,115.477
210.214,113.418,252.836,117.193
212.206,112.731,241.271,115.465
212.207,112.987,249.957,115.622
212.159,112.203,251.074,116.850
213.811,111.602,243.309,117.708
213.206,112.205,250.615,118.873
211.652,112.186,244.045,118.566
210.692,112.873,241.535,117.872
209.562,115.756,243.459,118.859
208.309,116.591,247.327,116.850
208.991,116.420,252.096,116.850
208.911,118.140,237.134,116.505
207.385,116.845,239.852,117.431
208.980,117.739,239.352,117.995
207.119,118.830,244.421,120.527
207.326,119.982,245.725,117.879
207.207,122.711,241.535,119.575
205.173,123.990,245.263,116.678
205.545,124.078,240.117,116.164
206.462,122.254,239.622,117.134
205.096,123.086,237.988,116.141
206.816,121.520,237.215,117.608
204.608,122.761,237.279,117.468
205.621,121.679,237.927,117.961
206.430,122.925,238.996,116.141
205.474,123.604,240.574,117.117
204.404,121.989,238.343,117.659
204.256,120.823,246.348,117.309
204.629,120.968,241.181,117.699
203.501,119.465,239.053,118.009
203.351,120.648,240.696,116.986
204.024,121.321,240.696,115.306
203.918,121.583,240.574,115.449
203.751,121.917,249.583,114.448
202.897,120.889,240.455,114.470
203.212,120.992,254.107,113.933
200.130,119.363,259.250,114.125
201.881,119.554,261.262,113.053
197.253,119.292,251.934,112.888
197.944,117.658,239.745,115.820
197.363,118.177,249.583,115.449
197.496,117.478,239.807,116.507
196.584,118.169,250.331,112.114
195.203,116.491,243.359,115.134
195.887,116.409,250.705,114.962
196.398,115.381,256.488,116.678
194.134,116.255,247.860,113.891
194.507,115.294,253.848,115.477
195.671,114.093,241.926,114.795
194.178,116.102,270.937,113.447
191.635,114.881,252.846,114.132
195.257,115.479,243.222,114.637
196.233,115.321,249.957,114.619
195.380,116.329,243.863,114.300
194.672,116.002,244.610,115.622
195.440,115.906,244.421,115.477
194.093,117.758,242.738,114.467
193.006,117.601,244.244,114.448
192.305,117.262,241.295,115.795
194.146,117.596,254.013,114.791
195.576,118.534,266.893,114.969
191.207,117.806,273.527,112.917
189.762,117.294,274.307,114.295
188.237,118.757,275.939,113.497
187.723,118.128,275.550,114.045
195.148,119.388,272.066,113.657
192.775,119.164,274.697,113.401
192.032,120.416,274.771,111.957
191.406,119.504,278.131,113.079
190.886,118.504,277.039,114.367
189.945,117.906,277.496,114.850
188.840,117.387,278.274,115.173
190.962,119.020,272.955,114.419
189.151,118.933,279.758,113.884
189.374,118.012,275.028,115.012
187.622,117.817,277.107,114.689
189.733,119.442,274.670,113.940
187.877,120.806,276.258,113.337
187.522,120.098,280.154,114.045
187.032,119.177,276.128,115.173
192.583,118.900,275.385,115.012
191.009,118.705,274.257,114.689
189.263,118.511,273.487,115.433
186.225,117.540,277.429,116.662
187.351,117.522,274.097,117.059
187.384,116.870,273.314,116.571
184.384,117.292,277.885,116.083
187.727,117.066,272.278,115.817
184.796,117.354,276.717,115.595
186.330,117.127,275.440,116.408
183.807,117.225,276.542,116.571
188.636,117.242,272.637,115.817
185.174,116.464,274.939,116.662
185.628,116.689,273.314,116.571
185.842,117.111,274.670,116.083
183.325,117.209,278.274,116.246
184.873,118.784,276.979,115.258
186.729,118.468,275.055,115.173
184.279,117.285,282.093,115.758
183.908,116.572,278.494,116.461
185.375,116.373,277.363,117.221
190.059,116.472,273.775,116.300
186.575,115.330,278.599,116.440
188.095,115.120,277.363,116.139
186.337,115.003,276.927,115.656
187.977,114.806,275.440,115.334
186.235,114.691,281.776,114.850
189.535,113.767,274.457,117.059
189.748,113.114,275.824,116.571
187.221,113.212,276.927,116.733
193.498,113.230,271.576,117.059
188.915,113.896,276.099,116.083
193.894,113.832,271.879,116.571
193.583,110.768,274.286,118.417
188.978,113.350,277.363,115.418
190.836,113.034,279.738,116.408
192.734,112.727,277.748,117.384
193.445,112.826,278.133,116.461
190.961,112.708,280.940,117.059
192.696,112.402,283.645,116.945
191.198,111.796,284.452,117.428
193.542,111.188,285.989,117.911
192.037,112.417,286.793,116.556
195.552,111.373,285.989,117.911
194.047,110.764,286.793,118.394
196.415,111.999,288.333,117.032
196.082,110.950,286.793,118.394
194.389,110.339,292.394,118.877
193.924,111.188,291.086,118.300
193.394,111.983,294.747,117.824
194.105,110.439,295.937,120.166
193.642,111.603,299.130,119.350
194.578,112.280,299.904,120.642
199.107,112.833,297.319,119.156
199.728,111.388,298.337,121.294
199.285,112.266,301.507,118.395
201.410,112.466,299.526,120.642
201.562,113.399,296.939,120.298
201.206,114.094,295.378,117.394
202.429,112.416,295.168,120.005
196.701,113.279,299.091,119.410
197.618,113.986,299.526,119.508
198.556,114.665,292.727,119.666
197.667,115.672,292.256,118.776
198.626,114.603,289.593,118.673
201.629,113.808,289.896,119.522
200.111,115.057,287.714,118.142
198.879,114.320,287.964,119.985
200.686,115.879,286.211,119.100
199.984,115.540,286.875,119.039
202.011,115.089,284.672,120.310
202.745,115.194,282.462,119.361
199.477,117.148,286.793,117.659
198.374,118.251,286.793,117.659
201.315,117.515,287.161,119.497
203.294,117.213,282.092,119.361
204.076,117.410,282.364,118.233
203.007,117.286,281.210,118.847
203.730,116.289,281.595,119.010
204.455,116.391,279.413,118.072
205.235,116.510,277.126,117.106
206.017,115.551,277.363,117.221
202.755,115.650,276.664,117.384
203.307,115.912,277.363,117.221
204.018,116.011,274.858,116.300
204.623,116.136,270.425,116.408
204.158,116.802,270.290,115.433
204.198,117.223,269.502,114.945
204.227,117.561,271.208,114.620
201.032,117.657,272.652,114.782
202.063,117.671,276.612,115.108
203.927,119.148,274.670,114.297
201.874,118.130,276.648,114.915
203.756,117.724,278.957,116.083
201.683,117.417,278.059,115.978
199.359,118.936,280.550,115.098
202.236,118.217,282.708,115.817
201.253,119.263,282.501,114.811
200.756,120.042,281.331,114.336
200.264,120.818,286.266,114.937
195.582,119.452,288.366,115.492
196.249,120.229,284.842,115.398
196.666,120.909,286.913,115.129
201.196,119.556,279.671,117.106
198.695,121.247,279.604,114.811
201.481,120.546,272.955,115.495
202.090,120.674,271.027,115.595
202.116,121.014,269.909,115.270
202.158,121.434,268.767,114.782
202.201,121.854,267.625,114.295
202.247,122.273,266.483,113.807
202.295,121.645,265.341,115.411
201.199,122.623,266.483,113.807
201.247,121.646,265.690,114.714
200.516,122.356,266.452,113.644
200.548,122.693,268.131,113.319
197.388,124.532,269.912,114.529
199.574,123.335,269.063,114.809
199.574,122.279,270.823,114.809
200.072,122.469,269.121,114.782
200.101,122.808,268.358,114.457
200.131,123.146,267.596,114.132
200.162,122.083,269.285,115.208
200.082,121.495,268.739,115.678
199.538,122.119,268.767,113.723
200.155,121.202,266.833,114.857
199.614,121.120,267.215,114.671
201.016,120.594,265.461,113.970
202.485,120.130,263.568,114.201
201.649,120.989,264.199,112.831
201.702,120.023,263.403,113.726
200.974,119.685,264.165,113.709
202.866,118.908,262.116,114.220
201.495,118.817,263.818,113.709
200.975,119.511,263.818,115.442
203.155,119.186,262.606,115.043
203.196,118.911,263.220,114.549
203.733,119.862,260.755,112.994
202.828,120.684,261.534,115.474
203.030,122.017,260.434,113.157
203.683,119.484,260.160,115.130
203.760,119.848,261.392,113.709
205.016,120.784,260.260,114.942
204.639,121.137,259.630,114.583
205.014,121.130,260.260,113.562
203.671,121.122,259.850,115.642
204.794,121.660,260.380,113.873
205.043,121.725,260.572,115.810
204.951,119.830,262.146,116.471
204.197,121.418,259.459,113.644
206.424,121.191,258.098,115.817
205.658,121.981,258.937,116.314
204.749,120.338,262.146,119.252
205.839,121.525,257.487,116.170
204.075,122.145,259.630,116.660
205.927,122.596,260.111,114.714
205.664,122.571,259.255,116.492
206.118,120.931,259.042,116.638
206.467,122.846,256.256,116.986
205.979,121.711,257.925,118.909
206.243,122.954,259.500,115.372
207.378,123.092,253.418,116.829
206.213,122.223,256.436,118.223
206.468,121.362,258.019,119.595
206.412,122.782,255.668,115.701
205.182,121.435,259.506,118.051
204.834,122.599,260.902,115.022
202.856,122.562,261.738,114.056
203.218,122.125,261.707,116.660
202.944,122.409,261.557,115.043
203.532,120.217,262.116,116.303
204.861,118.224,262.606,117.141
203.770,116.393,265.840,117.644
203.874,116.421,264.924,116.524
203.754,117.712,265.867,114.295
203.303,116.896,266.071,114.878
205.023,117.607,264.032,116.608
204.646,117.616,265.840,115.537
203.417,118.494,267.245,114.132
203.463,118.913,266.103,113.644
203.512,118.286,267.746,114.201
203.618,118.658,266.483,116.608
203.712,119.748,269.827,114.782
204.094,120.087,268.358,114.457
204.124,120.425,270.054,114.132
204.811,120.520,270.439,114.295
205.499,119.910,270.823,115.162
205.807,120.195,269.148,114.945
205.849,120.615,270.823,114.457
202.659,122.474,272.266,112.856
204.643,120.958,270.054,114.132
201.462,119.997,274.307,115.350
202.555,119.971,273.901,115.758
203.255,121.852,271.789,114.137
200.547,121.787,275.088,114.620
202.222,120.054,279.563,115.951
200.256,119.600,278.445,114.696
202.845,121.150,275.055,114.100
200.985,120.742,280.904,114.206
200.476,121.532,279.770,113.701
199.990,120.520,282.885,115.012
203.462,119.515,277.748,116.300
200.981,121.195,280.550,114.019
200.492,120.179,283.678,115.334
199.994,119.173,282.501,116.622
198.318,120.386,283.672,115.287
201.800,119.356,284.674,116.622
200.817,120.412,284.452,115.604
200.313,119.379,287.640,116.945
201.299,120.204,284.934,116.397
204.457,119.324,284.817,115.969
203.939,118.392,283.672,115.651
203.241,119.639,282.891,114.607
202.939,120.316,281.331,114.336
202.447,119.296,280.160,115.656
200.780,118.694,281.331,116.139
199.108,119.901,282.501,114.811
198.611,118.877,281.331,116.139
200.923,118.273,278.517,116.622
202.402,118.154,277.363,116.139
199.926,119.832,280.160,113.860
199.438,120.607,278.990,114.457
202.300,119.891,275.055,115.173
203.767,119.777,273.901,115.758
201.970,119.874,276.782,114.850
203.919,119.436,274.670,116.083
200.686,119.534,278.990,116.246
202.401,119.227,274.838,116.139
199.253,119.352,278.990,116.246
200.968,119.045,277.363,116.139
198.492,118.927,280.160,116.733
196.234,120.432,279.604,115.898
203.667,119.950,271.953,116.139
199.862,119.333,277.429,116.662
200.987,119.315,276.979,117.059
197.729,121.217,287.462,115.418
198.870,121.671,283.723,115.604
198.197,120.719,279.990,115.333
200.795,120.117,276.594,116.896
201.503,120.216,276.979,117.059
198.966,120.315,280.609,117.221
204.530,120.090,272.386,118.034
199.566,120.920,280.160,116.733
201.293,120.614,278.517,117.709
198.018,120.714,277.814,116.783
195.898,120.675,280.609,116.139
199.849,121.961,271.261,115.738
196.092,122.372,276.648,115.270
195.636,122.063,277.201,115.173
202.969,121.706,269.690,116.246
202.327,122.371,270.264,115.270
202.354,121.649,271.978,116.006
202.474,122.032,268.537,115.595
198.141,122.697,272.619,114.620
195.259,122.630,276.258,115.108
193.017,121.249,278.599,117.155
194.154,123.043,275.601,115.738
193.175,122.968,277.201,116.246
194.378,121.743,276.594,116.896
192.925,121.842,276.258,117.059
193.465,123.823,274.457,115.258
192.497,123.751,276.038,115.758
193.691,122.172,275.440,114.617
191.630,121.861,274.939,115.595
194.443,121.796,278.957,116.083
192.371,121.488,278.059,117.059
193.429,121.506,275.220,116.300
194.215,121.631,275.440,116.408
194.919,121.729,273.314,116.571
191.205,122.152,276.099,116.083
194.032,122.087,274.031,115.495
194.987,122.134,273.901,115.758
195.687,122.231,274.286,114.850
197.152,122.117,270.645,115.433
197.179,122.457,269.883,115.108
197.207,122.796,269.121,114.782
197.236,123.135,268.358,114.457
197.266,123.473,270.054,114.132
194.084,123.568,271.494,114.295
195.109,123.582,268.387,114.620
195.153,122.948,270.054,115.186
195.267,122.266,268.767,114.782
195.310,122.686,267.625,114.295
195.356,122.055,269.285,114.857
195.467,122.431,263.076,114.457
196.627,123.336,260.060,114.037
198.784,123.484,256.436,115.810
197.562,124.090,258.189,113.562
198.155,123.988,256.318,112.739
200.111,121.848,253.087,116.678
198.966,123.054,255.032,113.233
198.919,121.161,254.447,114.977
199.011,122.110,254.947,115.138
199.168,120.653,255.320,114.963
199.511,121.511,255.320,115.306
199.669,120.052,252.942,115.130
199.380,121.241,251.470,114.801
200.273,120.133,253.767,116.678
200.661,121.256,252.300,113.397
201.165,121.736,251.970,114.132
201.133,120.379,252.714,114.808
202.280,121.148,252.466,113.269
202.867,119.532,249.261,116.164
201.109,119.018,249.030,116.850
200.231,120.726,252.836,115.143
201.256,119.530,250.103,114.460
200.661,120.541,251.970,114.132
201.987,119.183,251.356,116.507
201.904,118.497,249.122,114.795
200.819,120.014,251.970,114.132
202.145,118.657,251.356,113.789
202.177,119.332,249.261,114.132
201.532,118.319,251.226,115.820
201.752,117.462,248.395,117.193
201.922,119.341,251.470,115.143
201.269,118.317,249.030,116.850
201.757,120.025,251.470,115.143
201.103,119.001,249.030,116.850
201.592,120.709,251.470,112.410
202.423,121.027,250.481,114.467
201.831,119.923,247.933,116.335
200.956,119.582,251.726,113.957
200.987,120.258,247.933,114.300
201.212,121.438,249.505,113.626
200.875,120.258,250.853,112.951
201.212,118.741,250.853,115.649
200.065,120.272,249.396,114.633
200.471,121.370,250.615,114.470
199.947,120.268,252.342,113.622
200.286,121.116,252.342,113.961
200.439,121.711,251.695,114.469
200.269,122.560,251.695,114.469
201.458,121.371,251.356,113.789
201.490,120.015,247.567,116.502
201.792,122.138,250.365,115.318
202.132,121.288,249.005,116.678
201.425,120.945,249.737,117.022
202.085,122.656,247.390,115.312
201.672,122.146,250.245,116.330
202.768,121.544,244.978,117.193
202.138,121.804,249.629,116.335
203.108,121.290,244.619,117.022
202.480,123.582,248.245,115.148
203.666,122.904,246.551,116.502
203.823,122.818,246.915,116.335
204.162,122.649,246.915,116.674
204.320,122.563,243.543,116.507
203.699,122.823,248.156,115.649
204.658,122.310,243.185,116.674
203.859,122.654,248.156,115.986
204.637,124.262,245.581,114.808
205.398,123.845,247.420,115.642
204.816,123.415,244.181,116.502
205.008,123.587,243.459,116.158
205.201,123.759,244.421,116.487
205.513,123.924,243.459,116.158
205.705,124.096,242.738,115.477
205.408,124.186,242.326,115.968
205.395,124.435,243.695,115.134
205.395,124.267,242.688,115.134
205.255,124.272,246.315,115.795
205.657,124.004,244.496,115.992
205.513,124.007,243.773,115.649
205.371,124.010,239.016,115.306
204.786,124.445,244.177,114.105
204.235,124.020,242.939,114.953
204.890,123.934,245.646,114.791
204.339,123.509,242.377,115.642
203.862,123.681,244.002,115.298
204.687,123.595,246.380,115.470
203.952,123.251,245.485,115.820
204.121,125.108,245.823,113.794
204.026,124.356,245.343,115.298
203.140,124.098,244.758,115.477
203.982,123.930,244.421,115.477
202.635,125.781,244.758,113.457
202.559,125.119,246.913,114.448
202.458,124.436,246.441,115.477
203.105,124.096,244.135,115.820
201.615,124.099,244.758,115.477
202.457,126.288,238.698,113.121
202.319,126.231,244.240,112.903
202.350,125.465,246.173,114.105
202.247,124.782,244.031,115.134
202.415,124.614,247.052,115.134
202.016,126.128,249.875,113.794
201.678,124.946,242.784,113.119
201.349,126.449,237.141,111.771
201.522,126.235,244.622,112.852
201.745,125.443,246.173,114.105
201.641,124.760,248.394,115.134
201.547,124.076,246.213,116.164
201.716,123.907,244.858,113.454
200.355,125.579,243.910,113.113
200.221,124.917,248.169,114.105
200.565,126.336,249.505,111.603
201.341,126.666,244.276,112.614
201.574,125.841,247.796,113.933
200.568,126.920,246.105,111.774
200.387,125.674,247.132,113.933
199.235,126.837,245.739,113.289
199.465,128.010,249.289,112.614
199.576,126.582,241.345,112.449
199.262,128.082,235.710,112.086
198.902,128.111,237.083,111.702
197.925,127.948,236.757,112.679
198.197,128.016,235.885,112.871
197.561,128.265,236.178,112.046
198.085,128.274,236.431,112.354
197.904,128.351,235.816,112.852
197.886,128.591,237.158,113.025
196.212,128.746,238.212,112.389
197.031,128.582,237.884,113.372
197.326,128.737,238.610,112.732
196.668,128.573,238.282,112.732
195.373,128.495,240.216,113.217
196.291,128.315,238.049,114.237
196.126,128.645,239.700,113.907
196.606,128.724,238.410,113.418
196.324,128.817,239.632,112.903
196.653,128.652,239.632,113.562
196.619,128.645,240.360,114.237
196.405,128.717,239.794,114.425
195.907,130.873,239.794,111.771
195.552,130.400,239.850,112.389
194.857,130.064,238.939,112.732
195.021,129.900,239.268,112.732
195.350,129.736,239.268,113.389
195.315,129.728,238.348,113.075
194.527,129.735,238.282,112.732
195.200,129.657,240.872,113.217
194.282,129.391,240.394,113.418
195.109,129.226,238.410,113.418
195.486,131.293,238.973,111.587
193.595,130.815,239.157,112.217
194.706,130.479,240.872,112.560
194.155,130.057,239.666,113.734
194.618,130.050,238.410,113.418
194.994,130.142,238.973,113.562
195.472,132.199,239.337,112.086
196.017,131.798,238.903,113.217
196.640,131.790,238.973,113.562
195.140,131.868,239.666,113.075
195.964,131.704,237.688,113.075
195.685,131.797,238.903,112.560
196.013,131.633,238.903,113.217
196.636,131.625,238.973,113.562
193.818,131.703,240.985,113.734
194.579,131.524,239.131,113.761
194.955,131.616,239.700,113.247
194.955,131.451,238.709,113.907
195.120,131.616,238.049,113.247
194.839,131.709,237.624,113.389
195.004,131.874,236.967,113.389
195.020,129.827,238.247,114.857
194.593,132.282,238.770,112.596
194.854,132.136,237.263,112.560
195.379,132.144,242.101,114.834
195.309,132.171,237.237,114.448
194.738,132.606,239.700,113.907
195.218,132.685,238.410,114.080
195.233,132.937,238.049,113.247
194.952,133.030,237.624,113.389
195.117,133.194,238.610,113.389
195.593,133.273,237.328,112.903
195.315,133.366,236.901,113.044
195.479,133.530,237.884,113.372
195.116,133.686,239.268,113.389
195.081,133.678,238.348,114.064
195.066,133.921,238.049,113.907
195.081,134.173,237.688,114.064
194.916,134.502,237.688,113.734
194.274,134.753,237.986,113.891
194.258,134.996,237.688,113.734
194.274,135.247,238.973,113.562
194.751,135.326,237.688,113.734
194.109,135.577,237.986,113.562
194.273,135.741,237.328,113.562
194.289,135.992,238.610,113.389
194.108,136.070,237.986,112.903
193.977,133.781,238.903,114.857
193.034,134.163,239.794,114.425
193.200,134.329,239.131,114.756
193.034,134.660,239.131,114.756
192.869,134.992,239.131,113.761
193.245,135.084,238.049,114.237
193.079,135.414,238.049,114.237
192.914,135.745,239.700,113.247
192.914,135.580,238.709,113.907
193.079,133.434,239.700,115.558
192.656,135.907,240.213,114.942
192.670,136.159,239.852,114.105
192.383,136.251,239.433,114.252
192.549,136.417,238.770,114.252
192.564,136.669,240.063,114.080
192.382,136.748,239.433,113.590
192.909,136.754,238.049,113.247
193.286,136.847,236.967,113.718
193.122,137.176,236.967,113.389
191.825,137.427,237.919,113.217
192.137,135.204,238.610,115.032
191.711,135.674,239.131,114.756
191.545,136.005,239.131,113.761
191.921,136.098,238.049,113.907
191.936,136.349,237.688,113.734
191.952,136.600,237.328,113.891
191.788,134.625,237.328,115.208
192.557,135.268,237.115,114.252
192.105,135.692,237.688,113.075
192.482,135.785,236.606,113.217
192.498,133.742,236.246,114.682
191.612,134.380,237.688,113.734
193.274,134.631,237.328,113.562
193.290,134.882,236.967,112.732
191.704,134.976,239.484,112.871
192.618,134.795,237.328,113.562
192.634,135.046,236.967,113.389
192.650,135.296,236.606,112.560
193.028,135.390,237.158,112.699
192.846,135.468,236.539,112.217
193.371,135.476,236.794,112.526
193.189,135.553,237.811,112.699
191.842,135.545,238.212,113.044
192.300,135.536,236.967,112.732
192.023,135.630,238.175,112.871
192.644,135.622,238.247,112.560
191.331,135.458,238.575,112.560
192.151,135.294,238.247,112.560
192.808,135.130,240.872,112.560
192.257,136.685,239.666,111.097
192.205,136.048,237.484,112.046
192.368,135.884,240.424,112.699
192.912,135.532,236.370,113.075
192.336,135.797,240.792,112.217
191.929,137.264,239.303,110.928
191.879,136.628,237.121,111.874
192.694,136.465,236.794,111.874
192.694,138.259,240.056,110.895
191.530,137.521,240.424,112.046
192.437,137.013,239.268,112.732
191.451,136.849,240.582,112.732
192.733,136.513,239.337,113.075
191.414,136.348,241.315,113.075
190.718,137.995,240.394,111.434
192.628,137.354,241.488,112.389
191.066,136.846,242.633,110.438
192.130,135.707,238.212,112.389
192.294,137.509,241.161,111.406
192.438,136.767,240.216,112.560
191.743,136.431,239.303,111.587
192.634,135.953,238.175,112.217
191.652,135.789,237.848,112.217
192.470,135.625,237.521,112.217
193.125,135.462,237.521,112.217
190.507,135.298,240.792,112.217
192.075,136.765,241.607,110.928
191.315,135.872,241.161,111.078
192.954,135.052,238.539,112.389
190.660,136.855,241.161,110.423
191.355,135.880,239.118,112.046
192.627,135.544,237.884,112.389
191.316,135.381,239.850,112.389
192.593,135.045,238.610,112.732
193.251,134.880,238.610,112.732
193.251,134.716,237.624,112.732
191.810,134.724,239.850,112.389
193.088,136.360,241.240,111.746
191.773,135.703,240.254,112.732
192.891,135.366,239.337,113.075
193.550,135.201,237.688,113.075
193.927,135.295,238.247,112.560
193.927,135.131,237.263,112.560
192.489,137.102,237.848,110.908
194.030,136.628,236.068,111.531
194.030,136.465,236.718,111.531
193.054,136.303,238.019,111.531
193.666,135.968,237.447,111.874
192.688,135.805,238.751,111.874
193.303,135.470,236.539,112.217
193.176,135.478,235.816,111.874
193.700,135.487,236.068,112.506
193.989,135.641,235.164,111.874
192.420,135.736,237.653,111.359
191.728,135.401,236.757,111.702
192.542,135.238,236.431,111.702
193.194,135.076,236.431,111.702
191.891,136.867,238.385,110.725
193.049,136.302,236.718,111.531
193.375,136.139,236.718,111.531
191.099,135.976,237.694,111.531
192.201,135.642,236.794,111.874
192.201,135.479,237.447,111.874
191.222,137.273,238.751,112.526
192.131,137.092,236.606,110.919
191.283,136.709,237.653,112.333
192.003,136.604,235.885,112.217
192.381,136.698,239.036,112.679
193.252,136.508,234.995,112.732
191.047,136.774,238.751,112.852
191.775,136.670,236.967,113.389
191.792,136.920,236.606,113.545
191.627,137.248,236.606,112.560
192.005,137.342,237.158,112.699
191.824,137.420,236.539,112.871
191.987,137.583,235.885,112.871
192.004,135.546,237.158,114.332
191.574,136.010,235.710,113.734
191.143,136.519,236.246,113.372
190.979,136.847,237.884,112.389
193.272,134.389,236.246,114.682
192.386,135.028,237.688,113.734
192.402,135.279,237.328,113.562
191.761,135.530,237.624,112.732
192.286,135.537,236.246,113.372
192.122,135.865,237.884,113.372
191.759,136.021,237.624,113.718
191.743,136.263,237.328,113.562
191.759,136.514,236.967,112.732
192.136,136.608,237.521,113.199
192.430,136.763,236.606,113.545
192.266,137.091,236.606,113.217
192.282,137.341,236.246,113.372
192.118,137.669,236.246,113.044
192.135,137.919,237.521,113.199
192.428,135.777,234.637,115.514
192.386,136.831,236.040,114.064
191.758,137.333,236.967,113.718
191.594,137.662,238.610,113.718
191.890,137.818,237.688,114.064
191.725,138.148,237.688,114.064
191.561,138.478,237.688,113.075
191.938,138.571,236.606,113.217
191.954,138.821,236.246,112.389
191.680,138.915,235.816,112.852
191.662,139.156,237.158,112.699
192.135,136.943,235.885,114.507
191.249,137.580,237.328,113.891
191.084,137.909,237.328,113.562
191.100,138.160,238.610,113.718
191.397,138.316,237.688,113.075
191.774,138.410,236.606,113.217
191.790,138.660,236.246,112.389
192.168,138.754,236.794,112.526
191.986,138.831,236.178,112.046
192.511,138.840,234.803,112.679
192.348,136.886,236.431,113.982
191.916,137.347,236.967,113.718
191.752,137.676,236.967,112.732
192.129,137.769,237.521,113.199
192.422,137.924,236.606,113.217
192.439,138.175,236.246,113.044
192.456,136.134,235.885,114.507
193.215,136.772,237.328,113.562
193.232,137.022,236.967,113.389
192.591,134.976,237.263,114.857
193.506,135.530,236.756,114.410
192.875,136.033,239.337,113.734
192.694,136.111,238.709,113.907
192.859,136.277,238.049,113.907
194.522,136.528,236.040,113.075
193.782,136.793,236.539,112.871
193.946,136.957,235.885,112.871
193.963,134.920,235.524,114.332
194.720,135.556,235.324,113.389
194.276,135.978,233.922,112.871
195.479,136.486,234.442,112.506
195.317,136.811,232.491,111.531
196.695,137.079,232.639,110.673
197.075,137.175,231.557,112.727
197.630,135.604,229.800,113.282
197.485,136.661,231.384,113.430
197.597,135.261,228.562,113.632
198.301,136.579,231.348,111.641
197.856,137.074,229.988,112.903
197.982,138.028,231.026,111.641
198.983,138.522,230.309,111.295
198.380,136.772,231.196,112.231
199.110,137.389,231.026,113.254
197.601,138.261,229.831,111.836
198.183,136.691,229.951,113.049
198.291,137.717,229.090,111.641
198.859,136.229,229.235,113.016
200.075,137.326,225.513,115.334
199.079,137.147,228.152,111.491
199.534,137.997,226.603,114.259
199.435,137.459,227.446,112.756
199.003,138.684,229.593,112.552
199.110,137.293,228.734,112.756
200.253,138.346,225.163,112.903
200.490,137.667,227.242,112.663
199.955,138.846,225.745,112.552
200.484,137.992,227.242,111.706
200.484,136.715,224.688,112.663
200.660,136.007,224.974,114.080
200.274,137.893,224.462,110.948
199.953,136.775,226.369,115.398
200.180,136.539,225.592,113.282
200.280,138.112,227.954,112.376
200.101,136.902,225.745,112.231
201.762,135.978,225.929,112.487
201.106,137.326,224.688,114.259
201.539,137.057,223.500,112.231
201.650,138.621,225.817,113.543
201.686,136.391,224.462,113.834
202.181,138.241,223.152,112.376
200.848,137.658,223.280,111.957
201.975,136.954,222.611,113.364
202.242,136.686,221.757,112.310
201.833,136.248,223.208,115.398
201.352,136.460,223.849,113.370
201.890,136.015,222.454,116.493
202.294,138.850,222.935,111.468
202.650,138.081,224.748,113.005
201.403,137.454,224.688,114.259
201.837,137.185,223.500,113.193
202.375,138.973,224.018,114.080
202.648,137.103,223.152,113.657
202.837,139.036,222.454,114.259
202.677,139.036,222.454,112.663
202.265,138.597,222.011,115.763
202.791,138.990,222.243,112.406
203.399,138.512,222.611,111.780
203.593,137.899,220.960,113.005
202.609,136.137,221.661,113.364
204.165,138.181,219.820,111.498
203.668,136.217,221.442,112.289
204.224,135.859,223.801,115.215
202.900,135.890,223.554,113.546
203.291,135.533,222.454,112.663
203.829,137.314,221.060,111.323
204.718,135.170,222.737,114.039
204.700,137.294,222.454,112.025
204.640,136.714,221.311,115.398
205.160,137.105,221.551,113.016
205.422,136.931,224.511,115.580
205.068,136.965,224.895,113.899
204.643,138.761,224.462,110.948
205.587,137.643,221.311,111.604
205.483,137.121,220.260,114.850
204.401,137.506,222.106,112.487
204.940,137.068,220.711,111.780
205.480,136.634,219.316,114.850
204.275,137.198,221.408,112.134
204.814,136.762,220.013,111.427
205.355,136.331,218.619,114.485
204.151,136.892,220.711,113.364
203.992,136.892,220.711,111.780
204.532,136.459,219.316,114.850
204.916,137.023,219.820,112.134
205.010,136.766,221.204,112.647
204.325,136.497,221.311,113.185
204.292,136.318,221.060,111.957
204.832,135.883,219.665,115.032
203.627,136.449,221.757,113.901
203.467,136.449,221.757,113.901
204.899,136.449,220.166,113.901
204.294,136.628,221.060,115.763
204.689,135.600,221.551,113.657
206.189,137.791,219.820,111.498
205.692,137.396,219.560,112.289
205.657,137.217,219.316,112.647
205.499,137.217,219.316,114.850
205.883,137.781,219.820,112.134
205.977,137.524,219.316,114.850
204.773,138.088,221.408,112.134
205.312,137.652,220.013,111.427
205.853,137.221,218.619,114.485
204.648,137.782,220.711,111.780
205.188,137.348,219.316,114.850
205.889,137.912,219.502,113.722
205.301,138.181,220.362,111.604
205.842,137.749,218.967,114.667
204.637,138.311,221.060,111.957
205.177,140.083,219.665,112.826
205.019,138.507,219.665,112.826
204.862,138.507,219.665,112.826
204.704,138.507,219.665,112.826
204.547,138.507,219.665,115.032
203.342,139.073,218.893,112.310
204.718,138.994,217.397,114.667
204.658,139.735,218.781,113.185
204.059,139.914,219.665,112.826
203.901,139.914,219.665,112.826
203.744,139.914,219.665,115.032
204.130,140.480,217.303,112.310
203.664,140.670,219.797,114.120
202.874,139.372,219.474,113.543
203.853,139.551,218.781,115.398
204.115,140.300,219.848,116.128
203.904,141.055,221.551,113.016
204.165,140.882,220.711,115.580
202.960,141.453,221.205,114.438
202.350,141.632,222.106,116.311
203.073,140.602,219.373,114.190
202.071,140.925,221.060,115.763
202.786,141.498,221.231,114.617
203.782,141.767,220.512,116.311
202.128,140.920,220.614,116.400
204.052,141.722,219.973,114.796
203.001,142.170,218.893,116.128
204.572,141.508,218.943,117.132
202.133,141.073,220.614,116.400
204.057,141.874,217.087,117.041
203.129,143.265,217.667,114.259
203.692,142.314,218.120,114.584
204.138,142.924,217.228,115.580
202.063,142.357,218.205,117.349
202.783,142.030,217.087,114.476
203.056,142.765,218.120,115.215
203.158,143.512,219.502,115.945
203.266,144.265,220.885,114.438
202.671,144.534,218.893,116.128
202.646,143.873,220.539,113.302
204.302,143.842,218.811,115.580
202.495,144.592,219.238,116.311
202.471,145.528,220.885,114.438
201.876,144.206,221.757,115.492
202.768,144.554,218.690,117.041
202.298,144.165,218.349,114.617
202.859,144.792,218.811,115.580
201.052,143.949,222.106,117.904
202.538,144.875,219.458,114.429
201.579,143.733,221.060,117.349
203.049,144.651,218.442,113.899
202.106,145.098,217.173,115.215
203.661,144.440,217.228,114.947
201.761,145.232,219.128,115.580
202.025,144.389,220.194,115.673
200.561,145.007,222.803,116.676
202.902,143.975,218.442,115.190
201.260,144.709,221.408,115.945
201.978,145.284,221.576,114.796
201.380,143.956,222.454,115.855
202.277,146.558,222.268,115.155
201.675,144.266,220.270,115.578
202.167,144.835,220.885,114.438
200.617,145.104,222.711,116.128
201.472,145.501,219.714,115.334
200.116,144.535,222.106,115.673
201.011,144.884,221.922,114.975
202.329,143.554,220.885,116.036
202.785,146.419,221.576,114.796
201.229,144.134,220.539,115.217
202.027,144.613,220.539,116.493
202.138,143.766,221.922,116.581
202.598,144.390,222.613,115.334
201.994,143.055,223.500,116.400
200.961,145.671,222.335,113.430
201.091,143.845,221.757,115.492
201.983,144.192,221.576,114.796
201.384,142.865,222.454,115.855
202.282,145.467,222.268,115.155
201.680,144.135,223.152,114.617
201.520,144.135,223.152,116.858
202.251,143.103,223.305,115.692
201.644,145.623,224.198,115.155
201.483,144.015,224.198,115.155
201.322,144.015,224.198,117.406
202.062,144.603,224.342,114.606
202.148,144.418,223.849,117.224
200.939,143.384,225.941,116.050
200.777,145.653,225.941,116.050
200.615,144.033,225.941,115.726
202.246,146.226,223.974,115.871
201.624,144.792,221.991,115.190
200.884,145.078,223.152,116.858
201.292,144.046,223.628,115.692
200.672,144.225,224.546,117.589
201.089,144.815,225.012,114.782
201.336,144.629,224.198,117.406
201.751,145.218,221.744,114.606
201.236,145.391,222.454,116.493
201.640,144.360,222.935,115.334
201.023,146.787,223.849,114.975
200.862,145.181,223.849,116.581
201.447,145.537,223.974,118.137
199.778,146.311,222.753,114.959
200.847,146.393,221.897,117.041
201.123,145.543,221.346,119.385
201.722,145.314,223.405,116.587
200.641,145.762,225.244,117.954
201.388,146.355,222.443,115.136
200.700,146.525,223.500,117.041
201.434,145.492,220.737,115.871
200.707,148.360,222.511,116.538
201.290,146.291,222.959,116.158
200.335,146.704,221.647,117.589
201.930,147.652,221.689,115.692
200.864,146.496,221.897,116.400
201.483,147.119,222.268,117.406
201.600,146.268,220.737,115.871
200.233,146.895,223.152,116.858
200.965,147.479,220.396,114.076
200.300,147.656,221.408,115.945
201.018,146.627,221.576,116.400
203.084,147.249,220.659,116.441
201.329,146.377,220.958,116.581
201.650,147.180,221.922,117.224
201.767,147.945,219.104,114.076
202.388,148.302,216.278,115.580
201.913,146.877,218.811,115.897
202.018,147.785,217.326,116.311
201.553,147.399,219.848,115.492
202.005,148.016,220.539,116.493
202.117,148.774,219.032,113.370
201.468,147.378,220.013,116.793
201.316,146.682,219.032,114.654
201.730,147.237,219.474,115.763
201.995,147.989,220.539,116.493
201.785,148.748,222.243,113.370
202.044,146.984,221.408,115.310
201.012,147.330,220.270,114.617
202.019,147.688,219.848,113.901
201.429,147.957,220.711,115.580
202.141,148.528,220.885,112.840
201.296,146.775,221.311,114.765
200.564,147.028,222.454,116.493
201.290,145.997,219.714,114.367
200.284,146.320,218.549,115.945
201.852,145.659,218.600,114.080
200.813,146.107,220.362,115.398
201.523,146.676,220.539,112.663
201.628,146.505,220.013,113.005
201.470,144.927,220.013,113.005
201.312,147.137,220.013,113.006
201.154,147.137,220.013,111.427
200.754,146.706,219.560,114.485
199.671,147.087,221.408,111.181
200.734,144.873,218.967,114.039
199.704,147.427,220.711,113.364
199.546,145.844,220.711,112.414
199.737,145.548,223.801,113.005
200.425,147.241,222.106,109.300
201.599,146.015,218.509,111.752
200.623,145.836,219.210,112.110
200.587,145.657,220.852,112.468
199.901,147.598,220.960,110.796
200.150,145.375,222.967,111.171
199.438,146.753,221.871,110.620
198.712,145.919,220.814,110.721
198.888,147.417,222.967,109.918
198.710,146.231,220.814,110.721
198.886,145.536,222.967,110.544
199.786,146.774,219.910,110.269
198.792,146.122,223.146,111.573
199.077,145.316,221.311,110.655
198.249,144.588,220.462,112.110
198.664,146.522,221.204,110.445
199.035,145.690,219.210,109.605
198.047,144.885,222.429,111.215
199.271,146.285,223.447,110.620
198.977,147.474,221.519,108.871
198.965,146.213,219.054,111.394
198.436,148.133,218.859,109.742
198.692,145.936,217.109,111.035
198.653,147.935,220.609,111.394
198.374,145.827,219.910,111.526
198.863,147.641,218.619,110.094
198.821,147.080,217.459,111.215
198.783,146.901,217.224,110.014
198.397,146.480,216.758,110.856
198.357,146.301,216.527,111.215
198.202,148.476,216.527,109.040
199.094,147.926,218.127,108.602
198.454,147.067,216.940,110.319
198.855,146.798,219.545,109.308
198.213,148.106,218.349,108.864
198.741,147.289,216.058,108.955
198.652,146.786,215.008,109.961
198.610,146.607,214.783,110.319
198.456,146.607,218.481,110.319
199.103,148.248,216.875,107.660
198.550,147.276,215.532,111.746
197.898,145.989,216.527,111.215
197.742,148.163,216.527,111.215
198.208,148.163,215.905,109.661
198.615,147.834,218.481,110.319
199.262,149.475,215.320,107.660
199.509,148.683,217.269,111.381
199.375,148.587,214.419,110.014
199.214,148.524,214.435,110.140
199.060,148.524,214.435,110.140
198.906,148.524,218.127,112.294
200.385,148.526,216.737,110.721
199.579,148.369,215.558,109.485
199.987,148.041,214.435,110.140
199.833,148.041,214.435,110.140
199.679,148.041,214.435,110.140
199.525,148.041,214.435,110.140
199.987,148.041,213.819,110.140
199.700,150.281,214.086,109.961
199.546,148.745,212.550,109.961
199.586,147.393,212.776,113.277
199.248,150.513,213.453,111.394
200.106,148.492,213.280,111.424
200.569,148.955,212.046,108.955
200.443,148.989,211.994,111.015
201.086,147.980,212.243,111.497
201.511,148.569,211.394,110.319
200.535,149.017,213.040,109.424
200.382,149.017,213.040,109.424
201.757,149.017,211.512,111.563
201.680,149.729,211.358,110.140
200.687,150.087,213.040,109.424
200.534,150.087,213.040,109.424
201.909,150.087,211.512,107.895
202.040,148.347,214.580,109.862
201.959,150.361,212.896,110.140
201.385,149.007,212.204,109.782
202.342,151.326,211.512,109.424
201.774,149.068,212.343,109.979
202.629,149.256,211.858,109.603
202.060,149.435,211.166,111.381
202.289,148.609,212.243,113.647
203.240,149.736,213.453,109.838
202.944,149.764,210.978,108.249
201.900,149.714,211.856,110.468
202.511,148.616,210.327,113.277
201.635,148.370,213.626,110.677
202.751,148.549,212.934,112.476
202.525,147.718,211.836,114.757
202.934,149.221,214.139,110.191
201.709,147.708,212.589,113.832
201.106,148.838,212.549,113.754
202.210,148.463,213.453,111.394
202.759,148.910,212.046,112.659
202.261,148.263,214.281,112.405
200.983,147.305,213.731,114.942
200.264,148.632,216.737,114.485
200.362,147.793,215.279,116.793
199.044,147.741,216.643,112.769
199.953,148.070,216.391,112.110
199.206,148.249,217.573,113.937
199.893,147.229,214.937,116.608
200.163,147.176,217.571,113.543
199.133,149.826,217.743,112.647
198.538,148.437,217.051,112.289
197.946,148.616,217.921,114.120
198.636,149.173,218.120,115.215
198.739,148.331,216.643,112.769
197.769,148.661,215.452,110.544
199.146,148.594,213.935,109.132
198.347,150.502,216.144,109.603
198.874,148.603,214.783,110.319
198.720,148.603,214.783,112.476
197.518,149.144,216.875,113.572
197.886,148.125,215.826,112.468
196.856,150.669,216.012,111.752
198.136,148.358,216.875,112.327
197.457,148.557,217.921,111.931
197.300,148.557,216.358,114.120
197.552,149.293,215.855,111.074
197.235,149.312,216.178,111.035
197.700,149.312,215.558,111.035
197.410,151.569,213.043,110.856
198.098,150.389,216.588,110.140
197.570,150.120,213.626,112.841
197.345,149.289,215.320,111.394
196.761,151.639,216.178,108.864
196.732,151.091,215.008,112.111
197.198,151.449,215.320,109.838
197.312,151.209,214.783,112.476
196.111,150.194,216.875,111.394
195.955,150.194,216.875,113.572
196.637,150.746,217.083,110.897
196.760,150.587,216.527,111.215
196.604,150.587,216.527,111.215
196.449,150.587,216.527,113.389
196.815,151.138,217.051,110.721
195.989,150.891,217.459,113.389
196.476,151.262,217.743,111.074
195.645,151.012,218.159,113.754
196.138,151.387,216.857,111.427
195.040,151.404,217.809,113.572
194.585,151.776,219.035,111.251
194.985,151.436,217.921,111.931
194.829,151.436,217.921,111.931
194.672,151.436,217.921,114.120
193.468,151.993,220.013,111.427
194.009,151.562,218.619,114.485
194.388,152.123,219.128,111.780
194.486,151.868,218.619,112.289
194.329,151.868,218.619,112.289
194.172,151.869,218.619,114.485
192.968,152.429,220.711,111.780
193.508,154.198,219.316,112.647
193.350,152.625,221.204,111.703
194.137,152.153,219.316,112.647
193.980,152.153,219.316,114.850
192.775,152.717,221.408,113.722
192.616,154.941,221.408,111.498
193.505,154.366,219.316,111.074
193.108,153.938,218.859,114.120
192.024,154.316,220.711,111.464
192.738,153.813,220.852,110.897
192.933,153.207,219.210,114.302
191.850,153.587,221.060,111.957
192.390,153.152,219.665,111.251
191.991,152.723,219.210,113.363
191.431,152.901,220.013,111.427
191.972,154.666,218.619,112.289
190.874,153.098,219.560,112.289
192.412,152.918,219.631,112.647
192.237,155.035,219.665,110.620
192.191,152.908,220.382,113.313
191.868,152.883,220.711,113.364
191.710,152.883,220.711,113.364
191.551,152.883,220.711,113.364
191.393,155.100,220.711,111.147
191.341,152.960,221.442,113.857
191.025,152.938,221.757,113.901
190.866,152.938,221.757,113.901
190.707,155.166,221.757,111.674
190.650,154.589,220.610,112.826
192.196,154.410,220.678,111.604
191.952,153.978,219.910,114.667
192.461,154.361,220.166,111.992
191.784,154.034,220.260,112.647
191.750,153.855,220.013,113.005
191.592,156.064,221.907,113.006
190.906,154.210,222.011,112.591
191.398,153.824,220.711,113.364
191.239,153.824,220.711,113.364
191.081,153.824,220.711,113.364
190.923,153.824,220.711,113.364
190.764,153.824,220.711,113.364
190.606,153.824,220.711,113.364
192.348,153.824,218.811,111.780
191.522,152.093,219.210,113.676
192.685,154.552,218.465,110.971
192.214,152.693,221.899,113.131
192.476,154.707,218.205,113.543
191.588,153.490,216.828,112.826
192.590,153.848,216.391,112.110
190.906,154.027,218.509,113.937
191.719,152.822,218.465,113.185
192.709,153.091,217.743,114.850
191.067,153.834,217.861,111.780
192.756,153.759,219.797,114.120
191.015,152.461,219.157,112.591
190.778,154.636,223.092,112.647
190.508,154.099,219.502,111.816
189.852,152.294,219.560,112.289
191.705,154.317,219.316,112.647
190.603,152.744,220.260,112.647
190.569,152.565,223.801,115.215
190.210,152.595,221.303,113.225
190.173,154.657,221.060,113.543
190.014,154.657,221.060,115.763
190.729,155.229,218.349,113.016
190.089,157.617,223.092,112.647
189.819,157.079,222.361,112.134
189.712,156.554,221.311,113.185
191.582,156.375,221.060,113.543
190.472,156.375,222.011,113.543
190.440,156.196,221.757,112.310
190.030,155.758,223.208,115.398
189.549,155.970,222.243,113.370
191.714,155.794,219.502,113.722
190.177,154.481,221.311,113.185
190.144,156.522,221.060,113.543
189.034,154.937,222.011,113.543
190.911,154.758,219.848,113.901
190.321,155.026,220.711,113.364
190.163,155.026,220.711,113.364
190.005,155.026,220.711,113.364
189.846,157.243,220.711,111.147
189.795,155.103,219.560,113.857
190.961,155.350,218.811,111.780
191.075,157.378,222.028,112.110
190.801,156.840,221.311,111.604
190.697,156.319,220.260,112.647
192.556,156.140,218.120,113.005
191.033,154.837,219.910,114.039
192.202,157.306,219.157,111.323
192.664,157.002,221.673,114.120
192.288,155.428,219.238,113.124
193.808,157.783,217.774,112.826
193.054,156.391,218.967,112.468
192.897,156.391,218.967,114.667
195.181,156.954,217.571,111.640
194.088,155.337,218.509,114.561
194.729,155.936,218.811,111.780
193.903,155.771,219.210,114.302
192.819,156.151,221.060,111.640
193.534,157.849,219.316,112.647
193.376,156.276,219.316,112.647
193.219,158.479,219.316,112.647
194.635,156.906,217.743,112.647
193.099,157.085,219.560,112.289
194.952,156.906,217.428,111.074
194.139,158.924,221.543,111.394
194.151,156.724,220.260,112.647
193.170,156.545,220.960,111.427
193.067,158.223,219.910,112.468
193.032,158.044,219.665,111.251
193.572,157.615,218.270,110.544
194.114,157.190,216.875,111.394
193.959,157.190,216.875,111.394
195.670,157.190,216.875,109.838
195.285,156.770,220.118,112.841
194.233,156.688,220.960,111.427
195.072,158.367,218.967,110.269
195.029,156.249,217.809,111.394
194.991,158.255,217.573,109.567
195.883,157.700,215.481,109.132
195.505,157.285,215.008,112.111
196.282,157.644,215.008,109.838
196.415,157.492,214.435,110.140
196.262,157.492,218.127,110.140
196.150,155.494,217.109,111.035
196.111,157.493,216.875,109.216
196.079,156.941,215.708,108.778
196.911,156.440,217.417,109.782
196.797,155.992,216.408,110.677
196.757,155.813,216.178,109.485
196.376,155.396,215.708,110.319
196.335,155.216,215.481,110.677
196.180,155.216,215.481,110.677
196.026,155.216,215.481,109.132
196.569,154.802,214.086,112.111
197.229,155.340,214.317,109.485
196.446,155.191,214.657,111.928
197.220,155.548,214.663,109.661
196.433,155.398,215.008,112.111
197.211,155.757,215.008,113.572
195.423,153.983,218.270,112.110
197.146,156.175,216.391,108.352
197.399,155.460,214.657,109.782
197.357,155.281,214.435,108.602
196.984,157.009,213.957,109.424
196.941,155.297,213.737,109.782
196.787,155.297,213.737,108.249
196.418,154.889,216.912,111.198
196.281,154.791,216.875,109.838
196.824,152.825,215.481,110.677
196.670,154.990,215.481,108.513
197.563,154.445,217.063,108.072
198.152,153.590,214.657,111.928
197.062,153.947,216.527,109.661
197.605,155.689,215.132,108.338
197.581,153.618,213.957,110.952
196.839,153.845,215.132,108.955
197.383,153.431,215.577,109.782
197.626,155.320,214.783,110.319
197.472,153.779,214.783,110.319
197.318,153.779,214.783,108.778
197.862,155.510,213.389,109.603
197.709,155.510,217.063,108.072
198.299,154.655,214.657,108.249
198.214,154.157,213.607,111.381
197.297,154.598,215.132,108.955
199.374,156.331,215.884,106.102
200.607,155.118,215.844,110.650
199.530,155.015,216.758,108.998
199.615,154.445,215.358,108.602
199.528,153.944,214.307,111.746
198.438,154.299,213.387,109.485
199.814,156.383,211.858,107.460
199.386,154.517,211.506,108.170
199.339,154.338,211.297,107.012
198.982,156.047,214.419,107.812
198.954,155.420,213.257,111.198
198.037,155.859,214.783,108.778
200.112,155.447,211.858,109.603
199.543,155.626,212.691,111.381
198.959,154.616,214.167,110.011
198.846,154.641,214.086,108.118
199.565,154.168,212.343,111.198
198.365,154.697,214.435,110.140
198.212,154.697,214.435,112.294
197.632,155.236,215.905,109.661
198.039,154.907,214.783,112.476
198.393,155.449,215.320,109.838
198.507,155.208,214.783,112.476
197.927,155.750,216.253,109.527
198.508,155.353,214.783,110.319
197.430,155.353,215.708,110.319
197.389,155.174,215.481,109.132
197.011,154.760,215.008,112.111
195.922,155.118,216.875,111.394
197.322,155.118,215.320,113.572
197.256,155.849,216.704,114.302
195.618,156.587,219.665,111.251
197.725,156.157,213.886,110.544
196.197,156.270,215.708,114.325
196.124,155.536,215.855,112.647
196.670,158.168,216.012,109.567
196.205,156.252,215.708,111.860
197.022,158.663,215.320,111.394
197.988,157.291,214.627,114.757
197.546,155.922,214.255,113.411
197.604,155.191,214.139,115.498
198.150,156.527,216.198,115.032
197.979,155.962,214.016,113.005
198.089,156.678,212.549,113.754
199.193,156.303,211.897,115.128
197.900,157.901,213.232,114.120
197.447,156.588,212.890,112.688
197.509,157.414,214.317,113.207
197.598,156.581,212.890,113.313
198.872,157.541,213.453,113.572
198.701,156.982,212.549,111.573
197.430,157.609,214.783,112.476
198.095,156.594,212.208,115.128
198.352,156.537,212.007,115.868
198.340,156.758,212.346,111.662
196.967,155.889,212.010,114.017
199.668,157.201,211.586,113.572
198.906,156.826,213.110,112.768
198.906,156.049,213.110,114.942
199.445,155.808,212.346,112.289
199.578,156.614,212.080,112.841
199.407,155.129,211.185,111.785
199.166,154.413,212.896,113.832
198.716,155.543,212.549,113.754
198.265,155.168,213.453,115.128
198.806,154.927,215.512,112.468
197.794,153.816,214.419,115.313
198.649,155.149,215.855,114.850
198.478,154.585,214.937,112.826
199.048,155.212,215.354,113.754
199.141,154.376,216.737,112.289
198.393,152.992,215.108,115.683
199.254,154.331,216.541,111.427
197.998,154.347,215.009,113.572
198.090,153.512,216.391,112.110
198.903,153.692,213.203,113.937
196.562,153.223,217.573,111.752
198.279,153.223,215.700,113.937
198.373,152.387,217.083,116.238
197.786,151.965,216.985,113.901
198.351,154.794,217.428,112.647
197.599,152.464,215.796,113.230
199.650,153.024,214.825,114.302
199.165,152.462,217.051,112.289
198.573,152.641,215.108,114.120
198.542,153.557,216.737,110.721
198.667,153.399,216.178,113.207
199.343,152.382,216.391,112.110
198.596,154.746,214.763,109.567
198.781,152.092,214.086,114.568
199.808,151.663,215.169,112.289
198.799,152.111,216.875,113.572
199.481,152.663,214.255,114.667
199.024,152.284,213.914,113.857
200.304,151.684,214.482,111.931
198.370,152.131,214.317,113.207
198.459,151.298,212.890,115.498
200.604,152.813,213.627,110.897
198.948,153.102,212.935,112.476
199.032,153.822,214.317,113.207
199.121,152.989,212.890,111.752
199.389,152.072,213.589,114.202
198.942,151.645,213.232,111.931
199.518,152.272,213.626,112.841
199.605,151.440,212.208,111.394
199.876,152.067,210.128,112.294
199.414,153.143,212.589,112.294
199.497,152.314,211.185,110.856
198.067,152.851,212.204,111.928
199.844,152.023,211.737,112.041
197.992,152.795,215.132,112.659
198.660,153.338,212.549,110.014
198.088,153.544,213.389,111.746
198.742,152.532,213.626,112.223
197.311,153.126,213.387,113.207
198.834,154.032,213.453,111.394
197.840,154.480,212.354,112.659
197.805,153.833,213.971,110.856
198.922,154.012,213.280,110.498
197.268,154.191,212.589,112.294
198.899,153.362,212.423,110.856
197.914,153.809,214.086,112.111
198.574,154.347,214.317,111.035
197.838,152.981,212.698,114.387
198.678,154.298,214.139,111.752
197.678,153.198,215.829,110.856
197.524,155.365,215.829,110.856
197.369,153.817,215.829,110.856
199.072,153.817,213.971,110.856
197.411,153.996,216.058,110.498
197.371,153.817,215.829,110.856
197.216,153.817,215.829,110.856
197.061,153.817,215.829,110.856
198.764,153.817,213.971,110.856
198.030,153.996,215.132,110.498
197.875,153.996,215.132,110.498
197.721,153.996,215.132,112.659
198.389,154.539,215.354,111.573
197.647,154.718,216.527,111.215
199.356,154.718,214.663,111.215
197.689,153.349,215.210,112.405
198.396,155.947,212.549,111.573
197.125,155.033,214.783,110.319
196.971,155.033,214.783,112.476
199.192,155.574,213.453,111.394
198.198,154.479,215.132,112.041
197.171,154.803,216.875,113.572
197.853,153.784,214.255,111.526
198.769,156.286,213.971,110.856
198.034,154.922,215.132,112.041
197.007,155.246,216.875,111.394
198.718,155.246,215.008,113.572
198.810,155.977,216.391,110.544
198.007,154.272,213.972,112.405
198.438,154.867,214.663,113.389
198.528,155.596,213.232,111.931
197.249,154.677,215.481,112.223
198.091,157.184,215.354,111.573
197.350,155.810,213.731,111.215
196.495,154.625,215.132,112.041
198.890,154.949,213.453,113.572
198.719,155.948,215.354,111.573
197.977,156.128,216.527,111.215
197.822,156.128,214.973,111.215
197.239,156.307,215.829,110.856
197.084,156.307,215.829,113.024
197.758,155.290,214.482,111.931
196.755,155.738,216.178,113.207
197.431,156.286,216.391,112.110
196.684,156.465,217.573,111.752
198.401,156.465,215.700,111.752
196.724,156.644,217.809,111.394
195.750,156.465,218.509,111.752
197.592,156.286,214.825,112.110
195.654,155.180,217.459,112.768
196.799,155.420,216.737,112.289
196.050,155.599,217.921,111.931
195.894,155.599,217.921,111.931
195.738,155.599,217.921,111.931
195.581,155.599,217.921,111.931
195.425,155.599,217.921,110.368
195.035,155.175,217.459,113.389
195.837,155.546,217.428,112.647
195.085,155.726,218.619,114.485
195.781,156.286,215.961,111.780
195.168,156.479,216.875,111.394
195.012,154.924,216.875,111.394
196.724,154.924,216.875,113.572
195.521,155.476,218.967,110.897
195.125,157.233,218.509,111.752
195.088,155.489,218.270,112.110
196.811,155.489,216.391,110.544
196.008,157.500,216.758,110.856
195.036,155.768,217.459,112.768
196.182,156.007,216.737,110.721
195.375,155.850,217.109,113.207
196.174,156.219,217.083,112.468
195.423,156.398,218.270,112.110
194.327,156.398,219.210,112.110
196.176,156.219,217.083,112.468
195.426,156.398,218.270,112.110
194.330,156.398,219.210,112.110
196.179,156.219,217.083,112.468
194.489,158.590,219.210,109.918
194.743,156.389,217.459,111.215
194.705,156.210,219.094,113.754
195.810,156.495,218.465,110.655
195.515,156.125,217.809,111.394
197.350,155.946,215.700,111.752
195.673,156.125,217.809,113.572
194.588,156.498,216.828,111.251
196.276,156.427,216.875,113.572
194.130,156.978,217.083,110.897
196.117,156.820,218.391,113.389
195.322,157.101,219.665,111.251
194.924,156.672,219.210,110.544
195.760,158.339,217.224,111.573
194.670,156.781,218.159,110.638
195.156,158.581,216.875,111.394
195.000,158.581,216.875,109.838
195.543,158.161,219.191,112.841
195.148,156.593,219.665,111.881
195.340,156.299,218.967,110.897
195.881,158.057,217.573,111.752
194.789,158.057,218.509,110.191
194.693,157.546,217.459,111.215
194.654,157.367,217.224,110.014
195.197,156.946,215.829,113.024
195.870,155.929,216.045,111.931
196.995,158.290,215.354,111.573
196.254,156.915,216.527,111.215
196.098,156.915,216.527,113.389
196.777,157.465,216.737,110.721
195.971,157.308,217.109,111.035
195.932,157.129,216.875,111.394
197.644,157.129,215.008,111.394
195.973,157.308,217.109,111.035
195.934,157.129,216.875,111.394
197.646,155.573,215.008,112.949
196.208,156.172,214.763,113.937
197.742,157.086,214.825,112.110
196.736,155.980,213.731,111.215
197.733,158.499,213.280,110.498
197.002,157.140,214.435,111.678
197.836,157.461,214.317,111.035
197.100,157.640,212.698,110.677
198.096,157.998,212.243,109.961
196.451,156.647,214.307,113.277
198.096,157.409,214.139,110.191
196.871,157.435,212.589,112.294
198.503,156.605,212.423,110.856
199.360,157.053,212.243,109.961
200.472,157.232,210.021,109.603
198.597,156.161,212.556,110.226
199.693,156.383,210.364,109.782
198.726,156.831,211.994,111.015
199.369,157.358,212.243,109.961
200.480,157.537,211.552,109.603
198.842,157.716,212.081,111.381
199.358,156.799,212.589,110.140
198.630,159.124,213.737,109.782
197.557,157.591,214.657,109.782
199.360,159.565,212.589,107.986
198.769,157.687,212.556,110.226
198.025,157.909,213.737,109.782
199.712,157.909,211.897,109.782
198.988,158.088,213.040,111.563
197.787,158.620,213.589,108.955
197.909,158.386,213.040,109.424
197.756,158.386,213.040,107.895
198.302,157.980,211.645,108.707
198.150,157.980,215.289,110.833
197.899,158.058,212.698,109.132
199.581,158.001,210.860,109.245
198.862,158.180,211.994,108.886
198.710,158.180,211.994,108.886
198.558,158.180,211.994,108.886
198.406,158.180,211.994,111.015
200.585,158.708,210.707,108.425
199.406,158.746,211.856,110.468
198.486,157.648,213.389,109.603
200.170,159.791,211.552,109.603
199.448,158.444,212.691,109.245
199.295,158.444,211.166,111.381
199.524,159.154,212.243,108.425
199.671,159.013,210.127,110.833
199.896,158.189,211.206,110.035
200.832,158.585,210.860,111.381
199.065,159.294,211.322,109.039
198.577,159.371,211.994,111.015
199.220,158.363,212.243,109.961
200.332,160.685,210.021,109.603
199.368,159.614,211.645,108.707
199.216,159.614,211.645,110.833
198.016,158.607,213.737,109.782
199.703,160.753,211.897,109.782
198.979,159.404,213.040,110.952
199.974,159.810,212.589,112.294
198.198,160.529,213.043,110.856
199.195,160.887,211.050,108.602
198.920,160.924,211.297,110.650
197.721,161.447,211.858,111.746
199.494,160.620,211.394,114.017
198.636,160.468,211.867,110.283
197.722,160.808,211.858,111.746
199.495,159.981,211.394,114.017
200.190,161.382,210.314,113.389
199.307,161.192,210.843,109.750
200.233,160.011,208.991,112.721
199.375,161.391,209.479,112.111
198.932,161.023,211.897,113.462
201.743,160.593,209.692,110.283
199.352,161.201,210.515,111.198
199.599,160.468,211.552,113.277
200.542,160.038,209.975,111.035
198.857,160.844,210.289,111.563
198.820,160.202,210.364,110.395
199.334,160.777,209.335,111.381
199.163,160.227,211.206,109.424
200.270,160.406,210.515,111.198
198.680,159.673,213.389,113.277
202.071,159.059,208.785,110.460
200.314,159.846,211.994,111.015
200.958,160.373,210.707,109.039
199.426,160.539,211.038,110.833
199.935,159.624,211.552,109.603
201.043,159.803,209.335,109.245
200.085,158.737,210.948,111.981
201.572,159.658,211.050,108.602
200.388,159.694,212.206,110.650
201.309,158.595,211.897,110.395
200.410,158.992,210.633,108.072
200.276,158.943,210.599,110.285
200.909,159.463,208.114,107.719
202.186,158.187,210.654,110.870
199.747,158.821,211.552,108.684
201.370,158.809,209.823,110.833
201.615,158.078,210.860,109.855
199.807,158.472,211.733,111.198
200.320,159.091,209.479,108.425
199.783,157.800,210.251,111.611
201.260,158.714,210.364,109.782
202.118,157.641,210.169,112.536
201.506,158.750,211.394,108.778
200.317,158.786,212.556,110.833
199.398,159.222,212.550,112.111
201.179,159.938,212.080,109.132
199.982,159.971,211.733,111.198
200.495,159.054,212.243,109.961
199.769,159.233,213.389,111.746
201.969,158.222,212.080,110.677
200.067,158.670,214.657,111.928
202.394,159.027,210.314,109.661
200.490,159.414,212.906,111.015
202.956,159.852,211.050,109.217
201.420,160.017,212.906,111.015
202.348,158.917,209.820,111.678
200.236,159.865,210.978,111.928
203.583,159.221,209.205,111.678
201.338,158.728,210.633,113.277
202.161,160.028,209.298,112.841
202.822,159.840,211.050,110.140
201.849,160.288,209.945,111.381
201.811,159.646,210.021,113.277
202.497,159.492,211.737,112.041
200.645,160.264,212.354,112.659
202.159,161.165,212.423,113.024
201.987,160.609,211.526,110.725
202.568,161.080,209.138,111.928
202.126,160.712,211.552,111.134
202.548,161.299,209.479,112.111
202.106,160.930,211.897,113.462
203.053,160.500,210.314,112.768
202.341,161.635,210.502,112.659
203.437,161.264,208.620,111.860
202.736,160.862,210.021,113.277
201.878,160.708,210.502,114.202
202.128,160.649,210.314,112.768
201.416,160.240,213.280,114.202
202.379,161.376,210.418,111.931
202.234,160.825,209.479,113.647
202.479,160.764,209.298,112.223
201.774,161.895,212.243,112.111
201.856,161.066,210.843,114.387
203.974,161.007,208.785,112.949
200.995,162.412,211.666,112.294
202.503,161.767,208.959,114.202
202.489,161.983,209.298,112.223
201.784,161.578,209.479,113.647
200.483,163.063,210.843,112.841
203.432,162.692,208.342,112.041
200.755,162.380,210.633,113.277
203.432,162.134,208.679,112.223
200.750,161.822,210.978,113.462
201.576,161.576,209.636,114.572
201.561,163.344,209.975,113.207
202.224,163.155,210.194,114.202
202.488,163.188,209.975,112.586
201.779,162.781,210.161,114.017
202.027,162.721,209.975,112.586
201.318,163.854,210.161,112.476
200.873,163.484,209.820,111.678
202.134,162.899,208.831,113.462
200.853,162.930,210.161,111.860
200.580,163.879,210.707,112.111
201.946,163.326,208.282,113.832
200.390,163.542,211.394,111.860
201.931,164.313,208.620,112.476
199.219,164.127,210.978,113.462
201.903,163.881,207.778,112.405
198.945,163.751,210.633,113.277
201.622,163.505,210.225,112.223
201.209,164.547,209.820,112.294
200.766,164.177,209.479,111.497
200.494,163.593,208.796,113.277
200.737,163.531,208.620,114.017
200.722,163.748,208.959,112.041
201.552,163.344,207.604,113.462
201.537,163.559,207.943,113.647
199.983,163.774,211.050,113.832
200.676,162.691,209.975,113.517
201.169,162.565,209.298,114.387
201.155,162.782,209.636,112.405
201.986,163.914,211.050,112.294
199.965,163.361,212.010,114.017
200.800,163.117,210.652,112.949
201.632,162.707,212.080,110.677
200.650,161.622,210.978,113.462
203.333,161.376,209.017,114.572
203.178,163.234,209.636,113.024
200.451,162.121,212.010,112.784
201.792,161.537,209.636,112.405
202.624,162.669,211.050,112.294
200.603,161.191,212.010,111.244
202.621,161.743,211.050,112.294
200.601,161.190,212.010,111.860
202.450,161.960,208.620,112.476
201.578,161.774,211.897,111.315
203.540,160.823,208.282,111.678
202.841,161.951,211.206,111.563
201.073,161.124,211.666,113.832
203.769,160.880,211.246,112.768
201.497,161.925,211.462,112.841
204.588,161.461,210.225,112.223
202.329,160.965,211.666,113.832
205.025,162.273,211.246,111.215
203.451,160.443,211.322,112.418
206.639,159.859,209.885,110.190
207.085,157.984,210.515,109.675
206.194,155.945,211.994,108.886
207.867,154.425,210.169,112.536
208.795,155.533,211.394,112.476
206.771,156.522,215.132,112.659
208.998,159.247,210.991,111.573
210.675,160.053,210.707,112.111
210.504,159.500,212.589,113.832
209.900,159.071,212.549,113.131
211.174,160.030,210.314,111.215
212.851,159.305,210.021,113.277
210.141,160.694,211.120,112.659
211.376,160.231,208.959,112.041
212.206,161.361,210.364,111.928
212.035,162.345,209.479,112.111
214.965,163.509,208.524,111.928
212.380,163.141,213.389,113.277
212.348,162.527,207.230,111.394
211.638,163.781,208.648,111.015
214.818,163.233,207.164,112.721
211.552,163.261,210.633,111.134
211.859,164.027,208.796,111.746
211.418,165.188,208.455,111.563
210.978,164.821,209.335,110.770
210.978,164.058,208.114,110.770
212.232,165.000,207.128,111.015
211.643,164.636,207.091,112.351
210.350,164.572,208.455,113.092
210.590,164.509,208.282,110.140
208.931,163.799,211.297,110.044
208.081,162.673,212.691,112.906
209.595,163.609,209.975,111.035
209.743,162.887,211.206,110.952
208.324,163.472,210.978,111.928
211.672,162.828,209.205,110.140
210.125,163.455,209.257,111.015
208.255,162.814,209.945,110.770
208.560,163.577,210.860,111.381
206.794,162.751,211.322,111.497
215.394,163.519,211.629,108.425
215.409,163.468,208.568,110.650
215.369,164.350,207.432,108.886
215.790,164.887,208.095,107.812
215.085,163.565,209.205,108.954
216.050,163.957,206.067,108.170
216.475,164.495,206.712,109.190
214.904,163.770,209.553,109.136
215.871,164.163,209.132,108.349
215.161,164.342,210.251,110.103
213.963,163.338,209.601,108.152
215.297,165.530,208.441,107.991
214.591,164.205,209.553,109.136
215.558,164.599,209.132,108.349
214.848,164.778,210.251,110.103
215.477,163.773,210.515,109.065
216.582,163.952,209.823,108.707
214.961,164.131,211.856,108.349
216.736,163.952,209.823,110.833
215.149,164.747,209.945,109.245
216.141,165.105,209.478,108.528
215.429,165.284,210.599,108.170
215.278,165.284,210.599,108.170
215.127,165.284,210.599,106.659
215.674,163.386,209.205,108.954
216.639,163.778,208.786,110.285
214.147,164.567,209.823,110.833
217.748,163.835,207.504,108.939
216.398,164.399,209.902,109.920
217.025,163.395,207.432,108.582
215.814,163.870,206.847,109.737
215.771,164.743,208.441,110.103
216.011,164.015,209.478,108.225
217.283,164.132,208.441,110.103
214.794,163.403,209.478,108.528
215.895,163.582,208.786,110.285
216.136,164.371,209.823,110.833
216.380,163.640,208.114,109.245
216.799,164.177,208.786,110.285
215.218,163.448,208.912,108.404
216.380,163.744,208.095,109.920
216.618,164.529,209.132,108.349
215.908,164.708,210.251,107.991
215.757,164.708,210.251,107.991
217.416,164.708,208.441,110.103
214.927,163.980,209.478,107.619
216.543,163.973,207.749,109.737
214.967,164.756,210.599,108.170
214.816,163.246,207.880,108.170
214.003,163.604,209.205,109.555
214.625,164.117,209.478,108.528
217.237,164.296,207.276,108.170
218.094,163.246,207.058,108.773
221.808,162.312,209.553,107.633
226.768,162.312,213.762,109.737
231.841,166.277,212.204,109.782
229.130,168.595,215.180,109.424
223.995,168.327,215.622,112.111
219.479,168.685,216.564,111.394
219.167,168.685,216.875,113.572
221.420,167.666,215.512,114.039
222.991,168.452,219.282,114.667
220.816,168.925,219.502,115.945
219.006,168.080,222.803,116.036
217.973,165.854,224.546,115.334
216.845,160.700,227.446,117.911
215.054,158.288,229.715,114.857
218.381,152.310,228.589,116.408
222.264,146.815,232.258,119.559
221.275,144.199,233.233,119.453
220.265,136.424,233.917,120.969
221.746,131.258,236.678,120.527
221.388,128.284,240.438,121.065
224.414,125.949,238.145,126.418
225.973,125.186,242.676,128.639
229.890,128.673,249.342,126.616
236.476,132.939,252.887,127.333
241.517,130.516,255.377,130.382
243.948,132.896,258.549,130.735
246.935,137.145,260.674,134.019
248.926,139.794,264.924,138.449
247.480,140.338,273.956,140.048
254.249,140.159,278.851,143.152
258.407,142.900,279.340,143.272
267.449,145.615,270.072,143.451
273.977,146.780,265.689,151.766
281.736,148.658,255.398,151.228
281.090,147.501,255.903,154.723
291.573,146.815,246.485,156.890
295.132,145.340,244.092,160.235
296.734,145.425,241.285,161.649
297.236,144.839,242.256,162.821
301.043,145.517,238.222,162.659
300.318,147.218,239.672,163.198
303.275,150.766,233.757,162.045
310.260,151.512,228.361,162.892
312.444,152.630,225.923,163.746
316.782,159.390,222.641,166.018
319.478,163.050,219.945,167.559
326.871,166.917,213.129,166.355
337.252,169.376,201.796,165.586
337.816,167.947,199.936,169.177
343.897,165.276,194.033,170.101
352.539,164.134,187.296,170.567
363.921,159.640,173.117,170.255
373.153,153.007,164.619,172.867
383.202,149.283,156.678,173.562
390.885,142.957,147.254,175.648
395.570,139.932,141.429,175.256
400.731,136.164,138.669,173.967
405.346,132.912,133.175,173.936
412.221,131.531,125.212,173.347
417.274,131.136,121.011,174.432
427.993,129.844,109.762,177.017
434.862,133.494,103.282,178.091
236.000,121.000,142.000,141.000
235.000,123.000,141.000,132.000
242.000,125.000,135.000,127.000
252.000,128.000,134.000,123.000
251.000,131.000,138.000,128.000
255.000,133.000,136.000,125.000
254.000,136.000,141.000,125.000
252.000,138.000,145.000,126.000
249.000,139.000,152.000,126.000
248.000,138.000,154.000,127.000
246.000,137.000,159.000,124.000
244.000,136.000,164.000,125.000
272.000,137.000,133.000,123.000
269.000,135.000,136.000,123.000
261.000,133.000,144.000,124.000
251.000,131.000,151.000,124.000
261.000,129.000,140.000,124.000
262.000,127.000,138.000,123.000
260.000,125.000,137.000,122.000
255.000,124.000,139.000,122.000
254.000,122.000,137.000,122.000
253.000,120.000,137.000,121.000
252.000,119.000,136.000,122.000
251.000,117.000,135.000,122.000
251.000,115.000,132.000,121.000
247.000,115.000,136.000,119.000
246.000,113.000,133.000,119.000
244.000,112.000,134.000,118.000
244.000,111.000,133.000,117.000
242.000,111.000,133.000,117.000
243.000,110.000,132.000,118.000
243.000,110.000,131.000,118.000
242.000,110.000,132.000,118.000
244.000,111.000,130.000,117.000
244.000,111.000,130.000,117.000
248.000,112.000,126.000,117.000
247.000,112.000,128.000,117.000
460.280,132.016,76.723,171.586
245.000,113.000,129.000,118.000
243.000,114.000,132.000,119.000
466.707,136.836,70.817,137.115
472.081,135.641,66.788,139.505
251.000,116.000,124.000,119.000
252.000,117.000,124.000,118.000
254.000,117.000,123.000,119.000
255.000,116.000,121.000,119.000
253.000,117.000,129.000,119.000
253.000,117.000,131.000,118.000
254.000,117.000,132.000,119.000
253.000,116.000,135.000,118.000
251.000,115.000,131.000,118.000
460.992,131.151,75.485,146.983
248.000,113.000,132.000,116.000
248.000,112.000,132.000,117.000
251.000,111.000,130.000,117.000
249.000,110.000,128.000,118.000
455.751,126.667,82.697,144.966
491.842,123.996,46.013,151.405
251.000,110.000,118.000,118.000
249.000,109.000,118.000,118.000
208.594,124.554,156.546,104.600
209.005,110.261,153.677,115.001
248.318,123.584,116.300,136.792
244.000,109.000,119.000,118.000
211.261,125.556,144.642,101.013
209.977,107.784,145.273,119.608
211.034,122.685,137.085,136.820
240.923,123.932,294.697,175.448
472.944,122.431,67.056,179.360
473.091,122.730,65.004,177.006
468.595,122.178,69.050,174.882
465.261,121.796,73.737,173.007
463.238,123.054,75.070,170.941
456.485,122.903,81.307,168.518
451.154,123.639,86.808,165.171
443.279,122.597,95.848,164.858
436.097,121.486,101.908,160.286
433.777,121.973,106.037,155.470
428.942,123.855,110.822,151.963
422.702,123.098,116.798,149.315
416.796,121.012,121.202,150.576
413.256,117.816,125.034,143.707
410.494,113.915,127.601,142.913
405.283,111.217,132.882,139.377
403.292,108.112,136.591,138.499
401.300,107.074,136.716,134.236
397.265,105.052,141.262,134.483
392.234,105.192,145.801,131.994
386.840,103.723,151.313,129.380
383.498,102.580,155.198,128.304
375.173,101.725,162.801,128.037
368.674,99.240,168.860,127.802
363.684,99.899,174.429,125.601
356.268,98.920,182.439,122.516
349.801,95.753,188.779,133.044
332.868,94.086,205.202,119.886
333.054,92.455,205.773,117.809
326.549,90.586,213.451,122.481
314.491,88.713,225.269,131.730
308.731,85.543,229.885,125.298
305.129,85.693,233.693,125.678
302.208,84.016,237.475,123.199
300.325,82.563,238.157,126.788
295.453,86.072,243.374,124.646
289.177,85.982,249.302,122.036
287.776,86.942,251.755,119.767
288.143,87.026,218.339,119.252
284.529,87.190,215.549,123.448
285.812,88.808,217.231,124.785
286.956,89.553,212.304,119.668
287.147,90.662,217.029,121.919
287.542,91.700,216.891,120.495
288.532,92.394,217.177,121.697
289.000,93.320,213.635,116.587
290.853,93.441,214.987,120.772
293.159,94.457,208.117,119.385
294.313,95.121,205.178,117.740
295.465,96.739,206.919,120.728
293.794,97.888,210.895,121.913
294.543,99.751,213.572,118.829
293.453,100.441,209.688,120.004
292.834,101.994,211.561,119.440
291.077,103.172,213.803,117.719
292.516,103.582,211.561,117.534
290.025,103.321,213.700,117.740
291.413,102.789,214.420,115.310
290.695,102.547,214.596,118.311
292.032,102.978,215.433,118.089
293.788,103.297,212.560,118.089
292.868,103.984,214.716,117.349
294.764,104.210,214.420,117.534
296.511,104.527,214.420,117.534
296.352,103.892,213.467,118.487
295.379,104.502,212.546,117.904
294.452,105.097,213.131,117.349
295.887,105.506,207.411,117.164
292.523,106.651,211.330,117.371
293.555,108.923,209.895,115.032
289.910,110.743,209.097,113.572
291.985,112.280,209.885,112.659
291.230,113.450,205.231,112.476
287.697,115.244,207.736,111.015
284.503,113.876,205.303,106.453
283.799,111.723,202.269,106.021
279.107,109.915,203.737,104.946
275.331,107.663,200.170,102.426
271.937,105.274,194.058,102.618
266.933,101.186,193.044,101.468
262.324,99.253,187.414,98.329
257.790,95.351,186.141,99.874
255.536,93.939,183.548,102.153
256.296,93.478,178.463,98.415
257.338,85.840,172.927,102.269
257.042,86.941,176.979,96.340
260.239,81.215,172.676,98.896
261.286,79.384,169.798,97.327
262.198,72.915,170.035,99.445
260.686,59.304,170.713,107.901
257.490,68.163,171.402,102.678
256.594,75.407,167.880,96.690
255.832,79.870,166.088,94.397
248.400,86.467,164.661,92.230
234.301,86.464,165.238,91.990
226.226,82.540,145.803,92.424
213.757,75.251,144.455,93.512
203.405,58.270,153.759,92.814
186.789,43.701,146.819,92.539
168.855,36.239,143.441,91.111
160.614,32.764,150.070,94.395
163.109,43.691,145.558,91.630
160.544,46.056,146.065,89.211
159.049,38.080,142.198,89.160
150.055,20.842,149.130,90.020
145.236,2.252,150.411,92.614
143.304,0.053,149.543,83.526
145.015,0.000,145.225,69.830
143.640,0.643,139.911,59.472
142.202,0.799,133.292,52.404
139.469,0.000,134.235,47.949
140.106,1.172,133.442,46.729
136.640,0.509,144.959,59.280
148.616,1.196,125.090,100.777
159.385,44.831,138.894,97.699
172.184,75.031,135.674,89.750
192.704,90.277,132.887,76.504
210.037,80.631,129.749,77.809
217.397,77.707,125.688,77.826
209.915,81.160,130.943,74.683
202.685,81.259,127.972,76.466
186.044,77.099,129.557,77.853
171.790,71.381,130.112,76.820
155.406,66.970,130.865,78.639
141.019,68.107,136.484,78.397
133.255,69.198,139.381,82.427
126.759,73.499,141.855,82.409
118.192,72.249,134.514,85.344
115.487,75.433,139.066,84.985
110.380,77.885,141.228,86.608
108.749,77.754,142.939,87.315
103.519,79.372,144.900,86.314
101.564,82.413,145.225,87.628
103.855,85.753,143.356,85.245
103.288,87.599,142.939,87.758
106.476,90.149,143.527,85.802
110.717,92.181,141.929,87.956
113.704,97.698,143.782,85.867
124.600,104.569,142.249,80.140
134.489,105.243,141.097,79.220
136.054,108.457,137.332,81.257
134.467,111.207,140.929,79.775
121.378,120.905,148.612,84.192
107.608,135.211,135.588,75.750
90.302,126.373,141.765,81.647
103.617,108.120,130.658,81.500
128.452,81.517,120.450,80.782
143.229,64.604,125.278,77.854
157.730,64.704,122.029,72.900
181.682,70.521,121.210,68.074
206.597,68.868,106.159,67.009
214.531,73.290,113.456,70.846
218.280,81.416,107.933,68.424
221.481,86.029,106.177,69.006
221.206,92.049,105.868,68.806
218.367,98.051,101.796,64.670
210.573,92.993,104.052,65.195
204.325,88.447,104.332,67.849
201.532,86.294,104.859,69.457
201.952,85.779,99.743,69.119
204.847,86.022,96.285,69.965
202.957,87.101,95.951,70.606
200.747,87.076,96.243,72.141
201.083,94.408,94.402,64.494
200.684,102.855,93.947,63.571
200.514,115.411,90.410,65.133
197.957,131.545,89.075,67.727
200.955,148.762,88.213,64.565
198.077,169.864,86.566,63.754
188.439,188.921,82.438,58.735
189.182,191.073,79.415,66.156
187.399,193.105,78.339,67.024
179.275,204.566,73.262,57.014
173.668,205.346,75.148,63.875
173.137,207.523,73.429,65.085
176.179,208.887,74.689,66.375
175.857,213.014,79.423,64.892
176.093,213.044,76.070,63.248
180.334,207.536,82.190,62.025
189.238,203.782,81.980,59.375
198.712,196.071,76.198,62.471
205.746,196.241,75.662,61.855
208.624,200.440,79.089,64.970
