284.000,248.000,101.000,86.000
280.388,245.658,103.932,86.952
280.131,245.297,100.825,86.721
283.458,245.511,98.674,87.419
289.063,239.534,100.304,86.533
295.365,235.219,100.574,86.020
301.803,227.102,100.574,86.952
305.942,222.742,100.363,87.606
308.159,220.838,100.254,88.028
311.075,218.581,101.571,86.899
306.372,215.760,102.511,86.523
304.444,212.627,103.915,86.753
312.680,208.290,103.792,89.535
315.337,206.135,105.045,89.404
320.693,203.671,106.171,89.091
316.225,203.344,107.304,88.769
313.154,204.306,106.601,90.562
312.449,202.875,107.025,90.074
315.829,200.138,106.950,89.452
319.298,199.762,108.050,91.382
317.775,202.646,109.107,89.794
316.464,201.980,109.945,92.314
316.198,204.793,110.276,90.922
320.183,204.116,110.531,92.677
323.785,206.896,109.202,94.210
327.407,207.287,111.097,97.489
332.265,208.053,110.978,97.210
334.687,206.088,110.295,99.682
332.266,208.655,111.146,97.909
328.871,206.797,112.289,100.161
323.360,206.915,112.894,101.201
323.068,204.845,111.336,100.630
324.649,202.983,111.992,99.478
322.665,201.301,111.939,99.032
319.103,199.518,112.308,100.275
318.491,200.756,113.957,99.075
317.079,201.279,112.733,99.308
317.237,200.664,113.265,101.387
321.720,198.564,113.098,100.865
323.672,194.399,114.333,101.059
321.899,192.657,113.792,102.176
321.526,194.041,115.402,103.732
325.984,194.416,112.841,104.296
324.436,197.715,116.370,103.127
322.448,198.768,115.076,103.436
321.617,200.205,117.175,104.932
321.345,201.586,115.498,104.614
320.765,204.369,117.539,104.552
321.786,202.672,115.942,103.948
323.628,201.159,117.539,106.533
323.456,206.242,119.228,104.212
323.499,205.470,119.588,106.647
322.921,203.848,118.031,105.821
322.099,202.300,120.796,108.470
326.135,200.860,121.431,108.829
323.799,199.357,121.731,109.305
322.956,202.008,120.642,109.780
316.399,205.010,121.073,109.542
310.057,203.049,121.073,109.312
307.405,201.666,120.842,109.542
309.019,198.552,121.534,109.542
310.852,197.162,121.105,107.700
315.851,192.716,123.223,108.592
315.621,190.729,124.146,107.933
316.184,188.291,124.646,108.630
319.062,185.959,124.484,110.730
321.349,186.072,123.907,109.800
320.927,187.240,125.219,110.034
323.581,188.180,124.612,108.624
323.645,185.844,125.650,108.632
320.449,183.270,124.550,108.396
317.127,185.130,123.752,104.677
312.850,182.037,123.182,106.757
311.526,180.997,124.681,105.623
310.815,177.890,124.953,107.694
314.904,179.398,123.287,107.236
317.868,183.772,122.881,103.552
318.937,180.602,125.719,107.404
319.688,180.802,127.009,105.375
321.351,177.207,126.231,107.933
320.455,178.610,125.452,105.128
320.130,178.247,124.953,104.702
315.017,181.339,124.867,102.414
310.600,177.479,123.504,107.641
307.178,178.143,122.953,104.695
304.608,175.302,121.960,106.289
303.085,180.999,122.497,102.423
302.790,180.550,123.986,101.749
303.102,182.125,122.911,101.526
303.288,186.377,122.092,102.414
302.928,186.038,122.365,101.523
301.193,185.484,121.596,101.070
296.468,188.487,121.051,99.728
294.922,184.864,121.941,102.571
290.900,184.604,121.917,101.971
288.941,187.843,119.811,100.177
286.917,188.520,121.005,102.338
286.287,188.373,121.819,101.516
286.201,187.930,120.878,103.737
283.440,188.253,123.486,101.971
281.842,188.701,122.189,101.076
281.941,188.038,122.881,102.401
280.041,184.658,120.617,103.996
280.512,185.110,122.365,103.540
278.072,186.117,120.928,104.007
276.992,187.583,120.392,102.648
276.193,187.706,123.104,102.846
277.957,185.659,122.733,103.105
279.219,189.038,122.911,102.426
279.131,187.018,122.863,103.322
280.324,186.788,121.831,102.203
279.970,187.576,121.421,101.520
279.685,187.135,121.546,101.288
279.599,183.807,122.827,103.948
279.058,187.392,121.197,100.846
278.935,186.845,122.551,100.833
277.434,187.174,122.659,100.175
276.128,189.508,121.051,99.950
276.343,187.757,121.501,101.031
274.458,190.740,122.383,99.062
273.438,189.531,121.556,100.378
273.632,187.316,122.053,102.153
273.389,188.751,121.421,102.414
272.830,189.646,121.421,102.861
272.133,189.531,121.693,101.971
271.847,190.316,121.150,101.293
271.564,190.987,120.606,102.393
269.091,192.096,122.659,99.730
267.926,195.866,124.324,98.395
269.366,191.212,126.318,100.833
270.570,190.754,128.884,101.299
270.402,192.372,128.533,100.581
272.303,187.353,125.870,104.475
270.487,190.453,127.436,102.408
271.564,192.733,126.424,102.648
272.273,188.626,123.410,106.301
275.426,194.016,118.711,101.719
272.711,191.389,123.482,103.012
274.079,186.141,116.222,107.630
275.042,185.496,114.073,108.470
271.083,189.644,115.981,105.740
270.346,187.998,115.016,107.924
271.853,187.744,112.671,107.317
272.941,187.255,120.400,109.175
271.834,186.046,121.466,108.378
274.934,184.439,120.318,111.134
273.715,183.723,114.418,112.102
275.735,184.585,111.967,111.967
275.467,186.110,113.177,110.487
277.596,186.222,111.384,111.160
279.072,185.801,116.241,111.779
281.760,186.258,113.373,110.407
283.987,186.330,111.384,112.056
285.342,188.021,120.527,110.241
286.671,186.980,121.105,110.704
285.248,185.928,120.932,114.433
286.574,185.889,118.987,112.861
286.878,190.094,120.004,110.255
288.073,189.182,120.381,113.002
288.691,188.914,118.911,113.071
288.957,190.438,121.629,113.041
289.817,191.235,121.556,110.270
291.405,189.966,123.950,111.184
294.366,188.424,122.261,112.621
297.657,187.601,121.086,113.797
298.245,190.423,123.202,112.856
299.636,189.474,122.073,112.156
303.660,188.540,120.124,113.555
306.130,188.427,121.507,113.313
306.928,187.950,123.202,115.208
307.681,191.864,121.696,113.344
306.223,191.403,123.907,112.621
309.968,190.215,121.385,116.653
309.940,190.679,123.108,114.059
311.029,190.089,120.693,114.765
311.293,191.630,123.464,114.039
310.056,193.997,123.324,111.918
309.412,192.823,122.026,112.621
310.597,192.121,122.940,113.555
309.363,192.820,124.698,113.104
310.992,191.509,123.108,114.059
309.235,190.919,123.539,113.580
310.539,191.512,120.693,113.343
308.845,193.165,123.380,111.440
306.113,193.162,126.023,111.211
308.659,193.045,124.250,112.868
307.948,193.282,124.962,113.343
309.580,193.401,125.037,112.867
311.378,193.400,123.108,111.678
308.510,193.751,126.258,112.151
308.061,193.631,124.060,112.392
307.387,195.404,122.805,111.447
306.281,194.238,125.487,113.313
303.642,194.341,126.230,112.867
303.390,195.777,124.103,110.473
301.157,195.409,124.113,110.974
296.910,196.819,125.083,110.740
294.892,196.348,124.406,111.918
290.510,199.181,125.615,110.031
284.988,196.941,123.699,112.861
282.004,197.293,123.988,111.920
279.302,197.293,123.726,111.684
278.726,195.880,120.636,110.269
280.110,196.240,122.029,110.473
281.807,197.975,124.217,109.562
284.343,197.389,122.415,110.501
281.677,195.992,123.086,111.663
283.393,197.862,119.420,110.505
282.122,196.506,119.430,110.915
283.030,195.924,120.842,111.618
281.808,196.603,120.728,111.191
282.982,197.187,120.004,113.041
283.540,198.458,118.656,111.430
279.816,201.247,121.501,110.455
276.967,201.463,122.557,110.951
275.870,200.871,121.714,112.370
277.027,200.165,119.166,111.206
275.036,200.420,120.151,110.234
271.922,197.653,112.540,112.310
271.689,197.304,119.310,112.781
272.154,197.291,118.147,111.184
272.676,197.086,122.614,111.134
272.075,197.519,121.481,111.435
271.039,196.590,120.987,111.663
272.216,195.895,118.402,110.493
272.993,195.467,120.972,110.891
274.289,193.812,118.147,110.951
272.647,191.780,122.347,111.579
274.121,190.679,119.166,110.737
275.025,190.130,121.501,109.305
272.587,188.743,120.842,109.542
264.976,187.474,122.226,110.465
262.352,189.205,122.821,109.562
261.655,187.460,121.193,109.795
263.317,186.197,120.642,109.780
260.449,186.431,112.540,110.234
259.826,187.332,122.934,107.986
260.641,187.130,123.610,108.620
260.936,189.214,123.486,107.005
259.627,186.799,121.501,107.694
261.953,186.346,120.972,108.371
257.829,186.231,122.805,108.371
255.906,185.642,120.411,109.318
251.360,185.882,121.466,109.756
248.768,188.759,122.029,109.780
242.614,191.536,121.598,107.933
238.662,191.084,123.074,109.067
236.598,190.606,126.039,108.862
236.975,191.075,122.236,109.332
236.715,193.627,124.609,107.933
237.045,191.189,124.414,110.255
237.078,192.355,121.766,110.505
236.451,193.524,124.878,110.023
236.716,193.401,123.643,110.505
236.029,193.636,125.487,110.269
236.333,194.578,122.286,110.976
235.700,193.419,124.484,109.099
235.567,194.236,123.583,110.034
235.450,193.886,124.751,110.501
235.049,193.413,122.496,111.211
234.856,193.651,126.620,110.501
237.701,193.179,124.250,111.446
237.387,193.060,122.286,110.505
239.213,193.183,124.217,111.191
241.239,193.408,121.814,114.275
239.575,194.585,122.545,112.864
240.765,195.176,124.406,112.625
239.658,196.951,123.539,113.817
238.458,197.544,123.324,112.394
240.037,197.900,123.464,112.625
241.559,198.252,123.726,111.684
243.340,196.839,122.050,112.625
242.191,197.547,121.766,112.147
243.374,196.731,123.614,113.313
244.716,197.190,119.034,113.343
242.590,197.335,124.217,112.586
245.181,196.009,120.693,113.580
245.701,195.787,121.297,113.555
246.394,195.430,119.675,112.621
246.915,196.611,121.891,113.284
247.777,194.113,119.929,112.154
245.767,195.411,120.932,112.808
246.534,194.925,122.677,113.313
245.301,194.912,120.892,113.573
248.031,194.687,120.828,115.666
248.108,196.442,120.439,113.104
248.755,196.224,118.911,113.071
247.164,194.499,120.004,112.112
246.119,194.150,120.004,111.184
244.280,193.460,120.672,112.102
242.840,192.863,120.987,112.828
244.570,193.792,121.741,114.015
246.175,194.131,119.240,112.392
246.605,195.316,121.629,113.041
247.465,195.408,119.675,113.092
245.992,196.705,120.521,111.430
245.207,196.015,120.004,112.344
244.030,195.662,120.263,112.586
244.717,195.308,118.656,112.828
242.204,195.439,120.672,112.102
243.095,196.242,118.656,113.528
241.245,197.875,120.263,112.121
242.059,198.806,118.402,112.121
240.147,198.827,119.689,111.618
240.930,198.353,119.745,112.102
239.292,198.000,120.468,112.344
240.081,197.525,122.153,112.129
241.330,196.577,119.420,113.555
241.595,198.106,122.153,113.528
242.462,197.493,118.531,115.226
239.687,198.216,121.507,115.420
239.975,198.306,120.693,114.054
238.015,197.494,122.026,113.797
238.818,197.016,120.184,113.101
237.002,196.797,121.247,111.902
238.181,196.101,118.656,112.828
236.594,196.233,124.146,114.187
237.819,196.773,121.457,112.628
234.399,199.240,122.677,111.206
236.038,197.953,122.677,112.142
235.071,196.890,122.026,112.621
233.441,196.189,122.236,112.382
232.385,196.775,121.766,113.555
234.128,196.298,123.464,114.039
238.119,195.576,121.661,112.869
240.060,194.998,122.939,113.555
241.192,195.697,123.515,113.104
242.612,194.751,123.515,113.340
243.904,193.801,125.199,114.765
242.392,194.275,124.142,113.577
243.870,193.322,124.512,113.819
242.892,192.248,123.843,114.299
244.093,192.963,124.774,113.821
241.099,193.320,125.037,113.344
239.906,193.440,123.366,113.344
238.412,192.614,126.827,113.340
236.033,194.056,125.823,113.097
235.577,192.498,124.103,114.299
236.781,191.663,121.457,115.492
234.673,194.872,123.065,113.817
235.740,192.264,120.693,114.528
234.119,192.273,126.291,114.981
236.618,191.050,125.643,115.736
238.793,190.204,125.643,116.944
240.716,191.175,126.163,115.245
242.184,191.775,124.918,114.528
243.540,190.812,125.561,114.778
242.556,192.858,124.882,113.332
244.277,191.661,126.917,115.250
243.089,194.809,126.145,112.828
242.317,193.117,129.125,114.538
242.320,191.186,126.440,115.233
241.510,193.230,125.401,113.803
240.844,192.025,128.646,114.538
240.254,193.376,126.666,113.295
237.794,191.674,126.783,114.057
239.700,190.111,128.517,115.256
239.886,191.706,125.952,114.015
239.230,190.364,129.185,114.777
239.130,190.140,126.699,116.446
240.484,192.445,128.368,114.510
238.190,190.743,128.104,115.245
238.169,192.333,129.607,114.015
238.413,190.140,130.094,116.451
238.105,191.642,127.997,114.926
237.676,193.187,129.827,114.510
237.409,192.586,127.188,114.005
237.588,190.996,129.241,115.497
237.384,190.769,126.959,116.196
238.867,191.247,127.396,115.483
238.138,193.070,129.827,114.510
238.359,194.177,128.652,113.761
236.344,193.675,127.840,113.555
238.778,191.860,128.758,116.702
235.857,191.999,128.706,115.197
237.959,191.740,127.920,115.470
236.872,193.442,126.927,114.015
236.438,191.857,129.723,115.497
235.852,191.512,127.709,115.943
237.583,193.450,125.952,114.746
234.629,193.796,127.048,115.016
233.991,192.469,129.293,116.460
234.038,194.206,126.987,113.478
234.249,192.474,130.176,115.738
236.703,192.131,125.022,113.478
233.832,190.885,129.570,116.446
232.902,191.023,128.230,115.924
232.325,191.128,126.699,115.226
231.513,189.906,129.293,115.976
233.653,191.516,124.767,114.227
235.061,190.523,127.690,115.734
236.782,190.652,124.003,115.233
233.128,190.041,130.114,115.257
235.679,189.575,124.767,115.943
234.648,188.954,129.241,115.497
233.954,191.663,127.448,113.994
233.649,189.946,129.026,115.736
235.783,189.839,124.513,116.196
236.553,192.479,127.312,113.568
234.279,190.792,130.657,115.017
236.974,191.807,128.706,114.460
236.900,191.417,129.827,114.753
236.988,192.531,126.959,114.483
236.922,191.058,129.509,116.220
239.042,190.956,128.706,115.197
238.703,190.697,130.361,115.226
241.250,191.817,125.022,113.478
240.527,190.571,129.809,115.492
242.925,191.939,124.767,114.717
241.809,191.070,130.114,115.257
241.909,190.605,128.199,114.963
244.012,192.168,127.396,114.510
241.369,190.588,131.472,115.976
244.088,191.737,129.493,114.171
244.275,192.790,128.389,114.746
246.473,192.543,128.368,114.024
244.316,192.172,127.840,115.734
243.676,192.301,126.440,115.720
245.155,194.473,126.871,114.039
242.524,194.347,130.928,114.532
242.541,193.519,127.709,114.963
242.100,193.499,129.560,114.760
242.676,194.731,129.873,113.761
243.053,195.578,130.094,113.528
243.053,193.142,126.927,114.015
245.031,194.692,127.312,114.291
244.174,196.265,130.475,112.595
242.933,195.061,131.743,113.789
241.641,193.862,129.425,113.247
242.059,194.682,129.560,113.062
244.970,193.712,127.134,113.304
242.607,193.337,127.048,113.573
242.367,193.096,129.454,112.851
242.931,193.834,129.293,111.860
241.511,192.618,127.312,113.086
243.936,193.934,128.224,113.097
241.981,195.024,130.928,112.362
245.449,195.287,127.396,110.620
242.139,194.282,131.878,113.582
243.611,192.979,126.728,114.963
242.945,194.887,129.992,113.079
241.463,195.623,128.104,112.819
241.269,195.006,128.973,112.851
241.243,194.409,129.509,114.045
240.950,196.616,128.876,112.797
241.359,197.442,129.026,111.629
239.942,197.914,130.657,113.332
240.223,198.547,126.927,113.528
239.441,198.284,128.973,113.813
237.449,199.388,128.104,113.062
235.434,198.773,129.241,114.532
235.982,198.544,127.901,114.015
233.591,199.864,127.840,112.828
233.747,200.935,128.491,112.129
232.063,201.657,128.973,112.129
230.482,200.576,127.312,111.398
228.756,202.586,129.570,111.197
227.611,202.841,128.973,109.482
225.662,201.148,126.917,111.678
221.830,203.298,127.900,111.197
219.066,200.790,127.451,111.908
217.272,202.942,128.168,111.430
217.857,203.545,126.280,112.861
215.478,204.978,126.255,110.473
215.902,204.136,127.301,111.684
216.318,203.663,127.423,112.628
214.237,204.750,126.783,110.936
212.521,203.902,127.364,110.730
209.053,205.690,127.632,110.963
205.578,203.188,127.900,111.674
201.956,203.912,125.321,110.704
198.031,204.957,125.615,111.212
191.036,204.721,128.957,112.867
184.236,204.132,122.985,111.387
176.517,205.864,127.866,112.616
172.736,204.543,124.142,111.656
168.363,207.357,126.291,108.620
165.346,208.878,127.632,108.159
162.859,208.880,129.550,109.330
158.435,208.663,128.139,110.958
149.964,209.259,127.184,110.242
143.606,211.029,125.673,110.497
137.968,211.970,125.379,109.087
132.763,211.028,127.360,109.801
129.576,214.948,127.096,108.126
126.961,211.999,125.755,109.801
125.280,214.592,127.940,110.034
122.241,213.293,127.364,111.443
122.212,214.132,128.854,109.765
121.394,212.580,125.727,110.011
124.175,213.394,125.820,108.855
122.800,210.106,128.336,110.505
126.120,210.476,125.991,110.242
124.419,208.220,129.157,112.156
127.512,210.046,126.347,111.157
125.578,209.309,129.027,111.443
124.298,208.122,126.783,110.935
127.097,208.937,125.463,111.918
124.858,207.277,128.281,112.631
127.641,207.047,127.048,112.370
125.646,206.560,128.168,112.147
125.618,205.725,125.103,112.136
127.704,204.174,124.250,112.631
124.858,205.952,128.755,111.683
128.005,203.444,122.221,112.376
124.831,202.620,127.397,113.555
127.044,202.252,122.730,113.086
128.199,201.418,123.726,112.156
127.018,200.120,126.559,113.101
126.799,199.880,126.280,113.101
126.439,199.640,124.363,112.382
125.444,199.753,126.354,111.920
123.376,197.850,125.727,112.630
122.662,199.398,127.632,112.154
120.822,198.685,126.519,110.704
123.616,197.840,120.693,112.157
122.187,197.271,120.987,112.828
122.981,196.795,119.166,113.313
123.246,196.926,118.402,114.680
123.809,198.898,117.976,111.669
127.570,198.815,127.944,111.376
131.523,197.831,126.733,112.147
134.996,197.352,126.468,111.912
137.510,198.541,125.727,110.963
135.540,196.525,129.430,110.737
134.599,197.979,126.519,110.465
137.521,196.423,126.354,111.211
135.591,195.712,129.027,112.394
138.619,196.452,126.347,111.398
136.685,195.122,129.027,111.681
137.434,193.935,126.807,113.813
139.479,195.499,128.491,112.129
140.442,196.221,128.010,109.482
141.136,194.765,128.044,112.157
141.046,195.616,125.103,109.255
139.449,194.758,129.467,111.908
142.697,195.254,127.312,111.398
142.641,197.264,127.900,110.003
143.147,196.187,127.364,110.730
143.728,196.785,129.299,110.011
147.401,196.793,126.255,108.799
146.244,197.231,127.397,109.332
149.605,197.475,124.934,109.318
149.563,195.243,125.487,109.567
150.000,195.949,127.904,109.565
148.982,196.194,128.755,107.889
150.788,194.415,126.087,108.850
149.546,194.878,128.336,109.332
148.744,195.007,125.199,107.889
149.700,194.287,125.148,110.725
152.191,195.457,125.820,108.855
150.816,195.923,125.755,108.393
151.652,193.229,125.955,109.567
152.324,193.935,126.493,110.740
155.105,193.583,123.776,110.734
155.289,193.815,124.347,110.505
154.819,193.463,125.755,109.566
153.275,194.169,127.669,109.565
154.747,194.414,126.147,109.549
157.738,193.583,124.406,110.269
157.298,194.755,125.755,109.332
157.870,195.344,125.553,108.624
156.498,195.809,128.062,107.694
156.107,194.169,127.669,108.389
159.859,194.171,124.406,109.798
157.914,196.394,123.614,107.928
156.258,195.465,126.694,109.554
154.908,195.935,124.670,109.087
154.868,195.111,126.153,109.566
155.506,194.288,125.820,110.269
155.372,193.935,126.087,110.267
155.372,194.762,126.559,110.031
155.475,195.355,126.354,110.028
155.608,194.881,126.087,110.267
153.956,195.707,128.212,110.031
154.960,194.289,123.584,110.011
154.376,194.394,127.555,111.202
154.920,195.112,128.377,110.242
156.483,195.466,126.679,110.011
156.645,196.049,126.827,110.264
156.749,197.830,127.096,109.312
157.725,196.998,127.032,108.614
156.819,195.817,128.609,110.035
157.546,196.068,127.632,108.344
158.451,194.634,127.234,109.798
159.364,193.691,126.354,110.264
162.204,194.401,123.988,110.028
161.689,194.163,126.423,110.503
161.723,194.992,127.774,109.318
160.777,193.809,126.827,111.447
158.946,193.337,125.727,109.297
159.636,194.023,126.224,110.505
160.044,193.434,126.354,109.081
158.799,193.897,127.669,110.740
159.532,194.500,128.108,108.344
158.889,192.948,129.157,110.503
160.579,194.398,128.168,110.234
163.943,194.748,124.774,108.344
164.088,194.137,127.282,109.798
162.895,195.797,128.484,108.844
160.981,195.682,126.384,109.075
159.751,194.732,127.669,109.565
156.718,193.317,127.096,109.549
155.570,193.784,128.212,110.503
154.294,192.722,129.570,110.004
153.560,193.922,128.168,111.430
154.145,194.524,127.478,110.704
154.306,195.109,124.060,108.344
154.361,194.734,125.343,110.487
154.123,195.785,126.291,110.976
154.432,195.550,127.570,110.734
155.115,196.150,127.156,110.963
155.115,195.436,125.965,110.963
153.264,196.495,124.934,111.447
152.688,196.731,126.559,111.212
152.999,196.259,126.888,111.206
152.865,197.094,127.632,110.011
151.711,197.563,125.199,109.549
151.667,196.029,125.755,111.678
151.100,198.404,123.799,110.730
148.715,198.634,125.755,111.678
151.000,198.157,124.512,111.443
148.559,199.571,124.670,111.212
148.456,199.336,125.349,110.505
146.571,197.333,126.291,112.861
145.872,197.092,124.581,112.147
144.985,197.087,125.171,113.104
146.850,195.776,125.727,113.107
148.866,194.345,121.457,113.344
149.640,193.883,119.675,113.797
150.839,195.882,117.976,113.304
151.692,196.251,116.966,114.187
152.039,197.062,116.966,114.187
152.387,197.178,116.966,114.881
152.609,196.357,117.219,114.201
154.935,197.175,115.113,114.187
154.859,196.635,115.955,115.037
155.982,197.299,128.038,114.633
155.221,195.659,118.884,115.245
157.651,198.147,116.605,113.789
159.914,198.310,118.075,114.385
162.426,198.977,119.100,114.680
165.788,199.426,115.654,115.420
169.185,199.001,113.260,113.955
172.098,199.985,111.531,112.896
177.326,196.462,106.691,116.125
177.124,195.846,115.795,114.456
178.982,196.343,114.616,110.926
181.345,195.051,121.875,111.248
183.770,194.028,123.552,110.730
185.846,195.546,123.614,113.313
184.342,196.005,123.539,103.147
182.348,196.703,121.197,104.238
185.542,195.921,124.037,106.703
184.372,194.617,125.224,106.544
185.143,193.459,126.462,108.165
184.226,192.524,125.487,107.460
178.348,192.752,127.706,105.840
176.462,192.055,129.380,105.602
172.087,192.180,138.363,102.309
176.024,192.139,131.680,118.107
173.467,190.534,138.043,119.321
174.092,189.255,140.135,120.593
174.965,187.900,141.771,121.221
194.375,188.105,123.174,121.336
221.399,186.267,96.823,121.581
210.323,185.833,105.949,121.798
231.204,185.959,88.314,122.001
210.641,188.274,105.925,120.284
231.722,186.461,89.315,121.423
211.503,183.757,106.180,121.616
232.499,183.792,93.322,124.277
214.693,185.129,107.157,123.112
239.738,181.793,81.231,125.413
240.943,182.050,82.659,126.313
240.125,183.008,82.659,122.761
241.941,181.690,82.656,126.404
240.712,182.693,86.342,124.603
238.833,183.751,86.156,124.562
237.483,182.921,88.854,124.562
234.524,181.178,92.456,126.363
232.015,180.460,94.658,128.016
230.369,184.021,93.980,124.204
228.622,182.223,95.091,126.499
227.414,183.543,95.750,125.397
228.073,184.312,94.213,125.397
226.870,182.816,94.877,127.084
228.526,184.286,92.886,125.683
229.915,186.044,94.658,125.200
231.877,184.302,92.042,126.285
235.541,186.502,88.604,124.910
236.037,186.829,88.875,124.468
236.669,185.038,88.875,126.363
236.988,185.649,89.509,126.203
237.416,185.884,89.931,125.946
238.056,185.990,93.128,125.946
234.685,184.916,96.396,124.403
234.129,180.357,95.750,125.836
233.140,176.361,95.968,126.123
232.148,174.343,99.495,123.101
232.034,170.518,101.941,123.659
226.501,168.866,104.677,122.686
218.200,166.163,109.242,121.960
215.967,161.968,109.780,124.109
213.387,158.143,110.968,125.219
211.494,157.709,111.448,123.254
210.206,155.050,110.739,124.113
208.564,152.822,114.963,123.878
214.873,149.242,107.365,125.299
215.169,148.291,107.934,124.646
217.606,147.015,108.862,122.789
220.619,144.947,108.628,125.767
221.086,145.321,107.460,124.082
223.508,145.654,104.233,125.265
217.200,148.717,107.455,123.264
212.121,147.160,111.618,123.840
215.622,148.998,109.091,122.050
214.007,146.697,110.473,124.109
219.035,148.924,105.343,122.940
219.241,147.891,106.073,123.866
216.481,146.909,108.378,123.303
217.398,146.719,107.701,124.146
214.966,149.731,112.102,122.062
217.170,148.252,103.948,124.082
213.151,149.520,104.702,124.277
216.351,153.362,105.620,121.166
218.852,151.853,102.203,123.051
221.887,151.835,99.503,123.312
223.884,152.632,95.286,122.827
225.173,150.147,92.708,124.333
225.494,151.653,91.636,122.826
229.854,148.434,86.956,123.950
220.265,149.018,97.601,124.862
223.517,149.096,100.163,121.832
223.849,144.784,97.067,123.380
219.139,147.972,100.133,119.634
219.906,146.000,103.420,122.920
216.792,147.222,102.654,121.605
220.266,146.755,99.060,122.092
219.170,147.490,97.729,121.721
217.755,146.703,100.342,122.640
220.394,145.388,98.395,122.383
220.179,144.649,99.703,121.664
216.422,145.034,100.378,121.998
215.641,143.539,98.395,122.108
211.473,144.419,100.362,121.444
207.924,144.557,104.364,120.063
208.560,144.751,99.506,120.796
204.948,143.219,103.656,122.323
204.885,146.849,100.172,120.477
201.484,143.256,102.571,123.042
202.120,143.096,102.201,118.859
206.010,140.313,97.730,121.556
212.125,141.330,88.989,120.614
206.172,138.525,94.875,121.033
207.683,138.523,91.852,124.043
216.869,140.307,82.452,123.465
214.846,142.420,83.266,121.463
216.965,141.864,82.656,122.976
214.437,143.733,87.106,121.463
205.433,143.664,96.662,121.807
204.803,143.201,95.530,120.773
204.169,141.207,94.432,122.396
209.126,141.603,97.023,120.956
211.176,142.594,92.922,120.061
203.678,142.951,102.417,120.827
204.799,142.369,101.065,122.214
207.693,146.710,98.617,118.874
210.540,146.660,96.179,120.061
210.230,146.030,97.659,122.826
212.063,147.270,93.554,121.444
213.128,144.978,91.424,122.610
213.450,143.712,90.781,121.749
213.771,142.458,92.035,124.468
213.862,144.173,91.852,120.395
214.718,144.979,90.139,121.730
214.825,143.863,89.925,124.172
215.774,143.526,89.298,125.059
215.139,143.631,90.567,123.578
213.335,145.606,92.478,121.113
210.790,146.349,94.175,118.992
210.790,146.031,92.478,118.992
203.452,146.277,98.539,121.441
199.478,146.961,103.420,121.168
200.763,144.345,101.747,124.382
199.860,149.133,101.976,120.210
200.986,148.516,104.600,119.005
198.948,150.998,105.545,115.607
197.991,152.418,108.344,116.746
205.790,150.687,102.651,119.310
203.264,153.831,104.600,118.340
205.364,156.107,101.293,116.910
206.936,154.801,99.021,119.742
207.372,154.910,95.750,120.614
209.214,156.277,96.583,118.955
215.443,155.236,87.989,120.395
219.041,157.312,84.502,120.982
216.517,158.036,88.132,121.763
212.834,157.674,91.761,122.694
214.493,156.302,89.720,122.036
211.143,158.212,93.065,121.152
210.477,158.833,95.885,121.398
208.715,158.589,95.952,121.237
206.986,158.265,99.194,121.237
203.218,158.710,103.656,120.566
203.500,159.155,102.867,121.469
200.474,160.052,105.781,120.124
198.541,159.875,106.489,119.575
199.779,162.004,108.534,118.483
202.946,160.606,103.110,118.553
200.649,160.713,103.271,121.000
201.860,159.806,103.092,121.245
202.980,160.590,101.747,120.124
200.002,161.482,103.271,120.113
202.330,160.406,100.400,121.150
198.800,161.944,101.048,120.726
199.574,163.271,105.028,120.726
203.807,163.396,97.239,120.928
199.669,162.635,102.475,121.798
203.053,163.830,100.402,121.198
199.524,165.392,100.605,119.842
200.302,165.003,99.930,119.520
200.968,164.727,99.476,118.977
197.705,165.980,104.256,119.088
202.087,162.606,100.177,120.703
204.412,164.189,98.169,120.180
200.618,162.913,102.711,122.079
199.531,164.115,103.764,118.779
201.325,166.738,105.073,116.648
218.404,162.568,82.882,122.994
215.989,167.073,83.872,118.835
214.504,165.660,92.846,122.061
202.749,166.595,100.373,119.553
217.798,164.441,90.040,121.005
218.069,163.258,89.079,123.581
221.638,163.067,85.933,123.752
222.044,163.995,88.633,122.103
225.474,166.220,82.190,117.444
228.036,169.501,80.212,80.016
227.194,169.203,81.735,79.969
228.676,164.778,80.554,84.444
226.857,166.885,82.871,80.890
228.421,166.145,80.400,78.923
229.843,166.829,79.311,75.800
233.716,166.613,75.300,75.144
234.776,167.595,74.836,71.975
240.279,164.314,69.272,73.831
235.720,165.193,75.662,72.504
233.882,160.736,77.407,73.841
239.693,165.219,71.392,70.937
237.323,164.902,75.420,71.998
233.122,160.614,82.199,81.461
230.411,161.801,85.487,74.821
229.293,160.312,85.803,86.283
228.185,160.134,86.638,77.491
226.546,164.751,86.635,79.908
228.884,170.056,85.790,69.965
229.288,166.114,85.758,73.507
229.692,171.687,85.267,71.586
230.519,168.179,85.492,74.218
230.657,172.096,85.535,73.726
234.769,174.916,85.744,67.768
236.903,168.977,85.900,73.847
236.128,167.123,84.258,74.364
235.916,164.501,84.999,75.167
235.674,163.185,85.803,79.560
234.365,162.729,86.269,78.652
233.422,161.939,86.008,76.928
230.111,168.440,87.738,75.833
227.850,166.606,82.609,76.229
226.680,166.064,82.880,79.063
207.016,166.210,97.249,74.233
231.658,166.928,57.659,66.333
266.567,166.970,24.564,59.674
267.987,165.606,49.074,78.271
265.602,172.362,51.486,122.201
248.871,170.944,69.677,125.991
243.001,167.719,75.600,128.877
238.515,176.435,81.411,119.547
234.761,171.791,86.746,124.685
227.564,170.870,95.104,126.527
225.704,172.203,96.409,125.397
219.761,174.592,101.251,125.463
219.624,175.505,99.044,124.764
215.051,175.111,101.733,124.885
215.155,175.736,102.428,124.764
215.381,174.213,99.483,125.770
214.697,175.691,101.747,122.589
217.718,173.927,99.060,123.210
217.498,173.179,101.711,123.159
216.808,174.920,99.506,121.469
217.036,173.584,99.930,123.482
215.800,175.887,102.179,121.546
219.144,175.528,98.838,123.381
218.813,174.865,99.058,124.043
218.367,176.028,97.507,122.827
217.821,175.653,99.476,122.920
220.134,174.619,98.174,124.324
219.471,176.196,97.067,122.274
237.251,175.827,80.700,126.067
220.205,177.422,100.646,123.282
239.069,177.930,82.551,123.381
225.171,180.000,98.423,121.059
243.559,178.882,80.885,122.640
241.287,179.524,85.030,119.760
244.190,179.784,82.457,121.059
246.199,179.483,82.041,120.060
244.719,176.954,83.015,122.933
246.517,175.411,79.825,122.979
243.929,176.527,85.001,123.132
242.537,175.741,84.502,123.882
240.897,175.331,84.502,124.907
239.149,177.132,84.708,123.156
237.718,178.352,87.570,122.966
236.969,176.572,83.242,124.862
236.136,178.793,82.865,124.706
237.867,174.772,80.016,128.676
214.710,171.680,103.379,131.610
216.405,163.896,99.521,138.768
215.743,164.480,100.844,138.543
238.008,167.735,86.602,138.185
230.037,183.584,94.655,120.291
222.895,190.114,100.182,113.212
221.201,197.279,99.308,103.570
214.190,199.710,105.613,101.145
208.593,221.081,107.073,80.978
200.180,220.146,112.889,81.355
195.730,220.867,117.755,81.065
190.843,196.461,118.337,107.188
192.480,192.524,115.063,111.904
192.097,187.836,114.692,117.418
187.335,188.159,118.169,116.541
188.581,186.474,117.559,118.734
187.022,186.450,117.363,118.546
185.494,182.679,119.240,122.073
183.500,182.103,119.844,123.227
184.222,181.592,117.913,123.029
181.693,178.728,119.596,124.659
183.515,174.031,116.929,129.405
185.257,178.804,116.160,126.271
182.438,180.071,116.458,127.134
182.929,184.438,114.989,124.734
182.075,182.693,116.218,127.264
185.369,184.201,112.066,127.658
182.455,187.886,115.257,126.040
181.370,189.292,114.045,125.160
183.395,186.353,112.625,129.842
184.020,190.502,112.586,127.356
185.200,193.077,111.423,125.561
187.560,188.990,112.631,130.652
191.605,192.320,110.863,127.396
193.460,192.440,113.107,127.632
198.520,192.010,111.648,128.973
202.959,192.385,110.695,128.704
204.505,191.218,111.430,128.407
208.701,191.443,111.423,128.436
214.572,194.558,109.746,126.280
218.787,193.139,109.562,128.647
222.480,194.018,110.493,127.364
228.539,194.256,109.780,127.364
234.213,193.104,108.371,127.064
238.083,190.333,109.095,128.139
240.101,191.226,108.135,126.827
241.380,191.997,107.924,127.163
241.380,192.935,107.689,127.163
239.620,193.874,107.924,126.459
238.096,194.594,109.099,127.828
239.406,198.170,106.005,125.408
236.248,197.548,105.620,127.807
236.719,199.343,105.608,126.078
233.362,200.674,107.700,126.189
234.648,201.393,106.062,125.919
234.408,200.890,106.312,126.462
232.552,202.146,108.166,126.735
233.846,201.229,106.516,127.397
234.653,202.686,105.835,126.349
232.677,204.019,107.933,125.536
231.395,204.545,108.632,125.650
233.035,204.860,106.289,126.189
231.168,204.355,106.773,126.039
231.053,205.266,105.375,125.380
230.814,204.905,104.242,125.643
231.385,204.949,105.393,126.471
232.080,204.859,103.540,126.189
229.550,203.343,105.393,126.242
230.245,203.138,106.313,127.576
228.153,204.684,107.234,124.951
229.544,205.184,105.381,126.503
230.233,205.110,106.313,127.576
230.939,205.024,107.234,126.582
230.823,204.304,107.230,125.452
229.427,203.431,108.166,126.039
230.834,202.302,106.289,125.721
231.865,197.994,106.543,126.231
232.910,197.510,105.381,124.646
231.182,196.918,107.000,124.681
229.789,195.796,104.459,125.767
230.355,193.928,107.000,126.518
228.607,193.313,105.136,125.184
225.378,192.991,107.001,124.681
223.986,190.016,107.933,125.304
224.335,188.794,107.000,125.184
224.564,189.544,107.701,124.146
222.132,189.776,109.323,124.146
223.177,189.607,107.000,123.552
224.901,189.942,105.853,124.722
221.909,190.862,105.163,124.032
221.909,190.238,106.306,124.138
220.525,189.255,108.614,123.572
222.606,189.066,106.773,125.111
221.100,189.780,107.933,122.756
219.027,187.970,108.850,123.840
219.950,187.781,108.167,123.287
219.259,187.717,109.087,124.571
221.239,185.992,106.062,125.452
219.495,187.010,107.700,124.571
219.959,188.249,107.934,125.807
221.362,188.777,107.464,125.219
215.777,192.069,108.632,124.217
211.706,194.860,107.701,125.380
207.170,199.164,108.167,125.613
201.681,205.201,108.165,128.022
205.105,206.302,107.442,129.825
205.587,209.694,107.425,127.537
201.584,210.820,107.924,127.866
198.412,210.331,109.565,127.669
193.678,213.700,109.786,127.807
197.827,212.633,110.023,127.333
200.198,212.989,108.363,129.467
201.740,217.257,108.363,126.621
205.713,216.283,108.862,127.397
204.185,216.938,110.031,125.143
202.066,215.087,109.565,124.377
201.482,213.265,108.865,125.452
203.238,211.843,107.694,124.784
200.681,210.635,109.559,126.039
199.619,210.745,109.798,124.877
201.729,207.021,107.924,125.755
199.043,206.025,111.430,127.282
201.069,205.954,106.901,126.468
202.069,205.315,110.031,127.282
203.732,203.985,110.497,127.333
205.517,202.544,107.879,127.601
207.260,203.568,110.975,127.434
211.552,203.707,107.154,127.632
211.282,205.014,107.460,126.891
213.038,205.950,106.992,127.828
216.433,205.716,108.630,128.530
219.875,209.644,105.058,126.354
217.749,211.246,106.083,124.993
218.902,210.555,107.467,125.916
217.386,209.639,107.234,126.582
211.431,213.358,109.099,123.817
214.340,213.157,106.538,125.380
215.495,212.385,106.775,125.767
216.657,216.079,105.381,123.950
218.484,215.277,108.142,125.097
220.103,215.583,107.234,124.951
216.620,216.083,106.309,125.807
217.661,215.524,105.848,125.767
218.584,215.082,106.313,124.109
219.965,214.085,105.853,123.572
218.591,213.093,105.851,125.097
221.934,212.453,107.236,125.224
220.541,211.465,106.773,126.039
221.589,212.376,107.004,124.682
222.977,212.876,107.933,124.841
231.583,211.560,107.934,124.915
233.212,210.280,107.004,128.404
231.109,214.655,105.812,124.347
228.219,213.914,107.460,126.747
226.582,214.912,108.865,125.919
225.410,218.045,106.516,125.051
226.667,217.244,106.313,125.496
230.026,218.151,107.701,125.536
231.426,218.677,107.234,125.650
232.704,219.393,107.004,127.009
233.642,220.522,107.464,125.219
233.872,219.394,106.771,126.311
233.756,218.813,106.771,124.915
235.140,217.945,107.700,125.496
235.373,216.818,106.068,123.319
232.045,215.700,108.829,125.097
229.691,212.369,106.763,125.452
224.011,209.779,108.628,127.620
220.362,209.030,108.384,127.940
214.344,203.346,110.267,131.754
207.865,201.086,112.837,131.683
199.591,201.747,113.029,129.385
196.543,198.161,111.376,129.777
193.761,195.194,109.963,128.010
191.001,192.191,112.156,129.502
187.640,190.738,111.146,126.609
185.472,188.935,112.156,128.552
183.079,182.950,113.573,130.416
177.742,179.457,114.259,129.607
173.722,177.508,113.284,128.876
170.802,175.605,111.376,128.082
167.667,174.127,109.995,128.407
164.801,173.086,113.821,130.727
162.390,173.269,111.564,131.582
158.487,172.582,113.789,128.347
155.820,170.414,111.376,130.019
150.022,171.044,113.086,131.652
147.122,167.887,116.929,133.319
144.806,167.763,118.059,130.565
144.912,166.663,117.351,129.782
143.536,165.572,116.642,130.975
141.685,164.944,116.878,131.241
142.559,164.811,115.874,131.010
142.786,164.961,117.146,133.177
142.080,164.766,116.558,132.566
140.569,164.533,118.334,133.531
140.101,164.114,117.258,131.349
141.049,163.406,117.599,131.771
139.311,161.031,119.082,131.787
139.335,159.874,118.531,132.092
139.203,159.504,119.799,133.834
137.471,158.703,119.712,134.422
140.148,158.062,116.898,133.671
140.953,160.988,116.541,132.080
138.808,158.905,118.842,131.522
140.586,157.749,118.045,132.831
138.706,160.255,118.295,131.328
137.195,157.522,117.823,134.049
134.961,157.362,117.258,133.362
133.440,160.134,117.543,132.831
131.431,162.767,118.059,131.066
130.671,161.784,118.334,133.531
130.202,161.869,122.542,134.368
133.619,163.485,121.365,131.136
132.914,161.601,120.755,135.408
134.382,165.017,119.100,133.187
134.178,164.293,119.004,133.627
133.807,163.655,122.271,133.892
134.240,162.727,119.356,133.187
134.046,162.374,117.724,134.902
133.035,162.374,117.724,135.408
131.906,165.531,117.957,131.120
130.347,164.575,117.587,132.036
129.980,162.195,117.823,134.049
129.256,165.055,118.767,131.852
127.738,164.064,118.295,132.831
130.382,164.434,117.024,132.092
132.841,163.964,117.587,132.036
132.474,163.332,119.321,133.799
132.143,162.646,117.957,132.132
134.843,161.929,118.059,132.566
137.482,161.295,116.791,132.831
139.712,161.061,116.325,130.304
137.945,158.638,120.845,132.437
136.737,157.139,115.907,134.422
135.411,157.566,121.061,134.067
133.945,156.991,116.593,132.666
134.943,159.797,115.843,132.036
132.692,157.966,116.878,132.974
131.970,156.056,116.325,134.049
133.855,156.297,116.558,135.568
130.989,156.897,114.993,134.871
132.320,157.683,114.827,135.297
132.320,156.934,114.578,135.546
129.699,161.053,113.330,133.300
128.032,158.296,116.170,134.137
129.839,156.830,118.059,135.818
131.803,157.528,115.147,136.198
132.985,158.710,113.784,135.087
131.072,158.268,114.137,135.476
130.842,157.745,114.348,135.275
131.963,158.866,113.103,135.026
131.561,158.530,116.631,135.203
133.260,157.186,115.748,136.633
134.406,158.185,114.465,135.140
135.585,157.495,113.103,136.022
133.213,159.123,115.859,134.754
131.863,159.717,113.557,134.817
129.954,161.010,115.393,135.203
131.372,164.829,118.059,131.816
129.743,162.340,113.579,132.052
134.076,153.849,113.002,138.739
132.933,150.788,111.278,140.601
132.182,152.417,110.024,137.593
130.470,159.311,111.720,131.943
130.413,164.259,111.593,127.882
128.103,164.355,112.864,128.885
128.962,162.594,110.904,131.925
128.727,162.215,115.492,132.198
130.757,160.465,110.935,134.460
131.185,158.712,115.462,136.255
131.157,158.031,110.998,136.361
131.165,153.458,111.967,140.575
133.408,152.928,115.769,140.881
133.776,151.282,122.446,141.618
135.682,149.855,126.280,143.152
133.422,150.649,122.994,143.987
137.593,149.585,125.051,145.582
134.476,150.250,119.130,145.603
129.978,150.816,116.262,144.734
128.394,152.045,111.122,143.575
127.001,150.679,111.123,146.307
127.603,149.956,109.153,147.753
125.001,148.865,113.849,145.869
123.846,149.007,112.802,147.392
117.522,153.782,113.835,145.069
111.063,155.726,114.387,146.591
102.178,159.834,117.386,145.631
96.510,162.794,116.164,147.298
88.797,164.619,117.697,146.269
78.048,163.692,121.598,147.336
67.792,166.304,124.146,145.865
63.535,167.245,124.032,147.221
59.787,166.701,119.350,149.661
54.427,166.059,122.309,148.269
51.678,162.269,117.291,148.838
42.842,160.209,123.583,149.253
31.973,158.093,126.543,150.763
24.702,157.676,125.317,151.045
23.964,155.469,117.973,148.844
26.105,153.123,117.675,150.879
30.016,149.906,117.585,148.781
29.154,147.673,116.393,150.330
27.696,148.071,116.393,148.739
26.575,146.251,115.734,151.061
24.900,149.272,120.143,150.576
24.304,150.680,118.370,150.456
23.384,150.577,117.272,151.198
24.694,150.985,116.785,150.914
24.005,151.393,120.026,151.962
23.125,153.220,118.809,149.661
22.424,152.719,117.272,151.198
21.867,155.260,120.252,150.115
22.245,156.574,117.343,150.177
25.665,156.755,117.675,151.676
32.047,159.261,115.350,149.340
38.246,161.970,116.346,147.861
41.791,161.839,119.497,148.649
46.511,164.839,117.806,145.855
53.938,163.704,116.346,147.336
57.587,165.548,119.270,144.959
62.491,165.930,119.725,145.512
67.414,166.313,122.029,144.216
71.317,165.638,122.722,145.036
71.238,164.961,118.607,145.855
71.224,165.654,115.734,145.788
73.163,165.191,120.180,144.892
73.824,165.265,126.519,144.216
74.837,165.114,120.162,145.061
76.170,165.135,115.380,146.342
78.192,164.949,113.677,144.112
78.170,164.777,113.977,142.663
76.364,162.232,121.935,143.407
78.583,161.427,115.380,144.489
80.668,160.738,121.297,144.832
84.471,160.371,116.082,144.239
87.058,163.302,114.794,141.485
89.858,162.099,113.021,143.127
91.878,163.894,112.800,142.082
94.002,163.412,113.878,142.285
97.875,159.292,111.491,143.892
99.344,161.744,113.878,141.524
101.646,160.842,112.832,142.565
101.646,160.461,110.799,142.565
103.198,160.786,112.980,141.162
102.734,159.985,113.401,142.004
104.797,159.323,111.308,140.786
102.807,161.045,111.278,141.102
104.454,160.779,111.500,139.124
102.790,159.946,113.080,140.040
105.375,160.883,113.205,139.426
106.368,159.638,114.741,140.156
106.560,161.864,115.374,138.753
105.913,163.522,112.610,136.705
106.278,163.752,114.367,137.489
106.958,163.688,114.011,137.115
107.573,161.569,118.295,138.095
107.811,160.437,113.721,139.078
107.943,162.658,119.004,137.661
108.536,163.102,117.563,137.285
108.753,161.977,116.874,138.263
109.898,163.123,115.601,137.244
110.970,164.427,119.004,135.896
111.908,164.390,116.874,137.244
112.011,165.293,122.755,136.705
111.856,169.777,116.574,134.488
112.499,168.350,116.791,133.583
111.615,168.358,121.061,134.817
109.906,172.759,116.538,131.906
107.881,172.463,117.115,131.506
107.515,170.093,118.842,133.511
107.182,169.531,117.491,133.627
106.411,172.307,123.303,132.343
105.945,173.294,116.311,131.393
103.927,171.141,118.612,132.974
103.598,170.444,117.258,133.362
102.829,168.454,115.288,134.586
99.814,172.092,117.823,133.050
101.081,171.700,115.037,134.335
99.557,172.352,116.092,132.036
98.798,172.121,120.092,133.739
98.734,171.272,118.190,134.422
97.957,174.063,122.271,130.860
97.583,170.137,115.679,135.929
95.905,171.051,121.545,134.603
94.439,173.040,127.296,131.650
95.118,175.896,117.904,129.047
95.502,174.437,119.608,133.200
93.917,174.596,115.450,130.860
92.573,175.296,119.862,131.676
92.114,173.950,119.522,133.362
91.125,176.084,114.919,131.120
90.499,178.882,115.924,127.492
89.261,180.505,119.375,126.196
89.262,176.302,118.881,129.934
88.166,180.732,117.587,126.057
88.490,177.008,118.644,129.850
88.888,178.534,120.334,127.793
87.893,176.048,119.588,129.533
86.403,177.288,118.334,129.047
86.883,175.695,119.850,130.250
86.778,172.286,121.811,133.317
86.453,176.183,124.247,128.839
86.945,178.972,124.277,126.053
86.177,173.326,124.811,132.330
89.328,176.888,122.889,128.042
87.740,179.885,125.061,124.809
89.490,181.509,122.561,124.312
90.720,175.953,116.642,127.269
90.451,172.698,118.887,131.094
88.364,174.463,123.312,129.565
87.751,177.736,124.791,126.057
88.370,176.727,125.563,126.818
86.732,177.991,128.587,125.303
86.223,176.856,129.351,127.318
86.359,174.947,128.050,129.850
86.884,176.372,129.064,128.032
86.752,174.693,130.103,130.103
87.688,174.326,129.273,130.576
85.991,176.402,132.406,128.244
86.650,176.286,130.043,129.521
86.379,177.835,130.325,128.244
86.500,178.211,129.824,128.528
85.462,179.629,131.642,128.539
82.216,180.565,134.225,128.491
85.387,180.869,129.724,128.408
84.299,182.226,131.642,127.504
86.251,182.889,129.815,129.036
87.413,184.438,129.565,128.787
86.244,185.985,130.608,128.539
87.679,187.164,129.815,127.998
83.666,188.438,133.453,127.258
86.155,188.612,130.565,127.432
83.033,192.958,133.969,123.902
85.227,185.989,128.548,129.839
85.879,188.061,129.315,128.539
84.713,187.540,134.743,129.323
84.604,187.102,134.963,128.876
84.731,185.243,138.405,129.161
85.687,184.788,136.226,130.605
83.010,185.177,135.170,127.957
83.368,182.984,138.143,129.707
80.848,182.681,138.625,129.777
80.316,182.291,137.004,130.019
80.698,182.387,135.971,130.361
81.759,182.776,134.650,129.051
81.730,186.551,134.443,126.783
82.236,183.227,133.170,128.461
81.978,183.759,137.357,127.920
80.263,182.374,137.863,130.426
81.768,182.308,135.929,128.676
82.123,183.810,135.218,126.733
82.889,180.333,133.687,132.376
82.807,181.729,134.650,129.051
80.137,182.071,137.349,130.217
80.565,182.144,140.240,129.535
81.801,181.269,136.418,130.745
82.834,186.424,135.155,127.126
80.289,184.067,137.094,131.578
81.283,184.456,136.182,128.915
81.765,184.487,138.930,130.710
82.345,185.820,136.418,129.125
82.818,185.833,139.192,130.957
80.695,185.547,139.377,129.634
81.755,184.965,136.989,131.338
78.524,186.967,138.884,130.825
79.082,184.576,136.418,131.556
78.916,186.806,135.408,130.581
75.563,184.233,137.591,130.671
75.856,184.290,136.735,130.019
76.105,184.386,136.238,131.697
73.168,185.078,138.089,129.777
77.056,184.006,137.285,130.581
78.397,186.017,135.676,130.313
78.371,184.374,139.454,130.937
79.086,184.078,136.671,132.070
78.792,184.714,136.989,132.683
78.402,184.602,136.418,130.205
75.821,181.586,137.574,132.498
78.844,183.694,138.565,131.799
73.972,184.641,137.753,130.176
76.888,182.428,138.089,131.922
77.048,182.746,136.418,133.177
77.453,181.530,136.418,133.987
77.733,182.759,135.588,132.070
75.812,181.493,136.748,132.994
76.383,182.347,136.418,130.745
73.133,182.685,135.958,131.943
75.152,181.355,136.212,134.335
74.118,180.468,138.008,134.483
76.054,181.459,136.318,134.410
78.327,180.609,134.754,133.399
77.202,182.030,136.735,132.437
74.116,180.570,139.940,132.660
76.895,180.528,135.476,132.198
76.259,179.325,136.480,132.994
79.786,180.301,133.200,131.582
81.164,179.544,132.831,132.831
77.054,178.096,138.123,134.397
76.593,179.044,137.681,133.047
76.294,177.512,136.923,133.399
75.744,178.447,137.753,132.070
72.495,178.839,139.660,133.177
75.953,178.236,136.022,133.017
75.207,177.066,137.514,135.087
74.314,179.057,137.934,131.379
74.524,179.225,137.244,132.930
74.134,177.761,137.753,133.153
73.871,178.451,136.923,133.670
75.633,179.400,135.568,133.670
74.660,178.557,141.289,133.739
76.245,180.494,137.844,133.717
78.222,181.223,136.340,134.163
79.816,180.375,139.377,133.153
81.073,181.519,136.591,133.592
82.792,180.385,139.377,133.153
82.958,184.255,137.681,130.865
83.297,183.604,136.735,133.243
82.780,184.582,137.499,131.826
85.199,181.738,134.817,133.739
83.979,183.208,136.989,132.683
86.020,183.907,135.338,130.745
83.031,184.488,138.383,131.450
84.419,184.570,136.688,131.826
82.918,183.056,138.078,132.168
85.381,182.564,135.318,131.799
82.116,183.429,138.902,131.943
84.868,183.514,135.839,132.314
85.360,184.393,135.660,130.019
82.665,183.934,138.389,132.002
86.095,184.171,134.506,130.176
84.414,181.650,136.543,131.506
84.184,182.124,137.004,132.437
87.164,182.822,134.278,130.503
86.695,183.646,138.930,130.710
87.275,183.358,136.418,130.745
87.237,183.696,136.493,130.605
84.561,183.964,139.170,131.943
88.138,183.113,135.003,130.928
87.776,180.714,137.857,134.397
90.454,181.662,135.773,134.410
86.081,184.726,139.918,131.799
86.645,182.319,137.429,132.530
86.475,182.942,136.418,133.177
85.800,183.887,136.418,133.177
87.556,184.833,135.067,133.177
85.244,183.994,137.004,133.243
87.982,184.851,134.776,132.070
87.251,185.972,135.971,131.697
84.181,184.519,139.162,132.994
87.511,183.948,135.500,132.774
86.760,185.057,135.660,132.437
86.088,185.997,136.735,131.094
87.154,184.242,135.408,132.994
86.356,185.461,137.004,132.437
86.101,186.158,136.166,132.930
85.427,187.102,136.166,131.582
87.549,185.591,134.067,132.994
86.335,187.054,136.226,131.943
84.603,185.598,137.004,132.168
85.427,186.970,136.166,132.121
87.426,187.752,134.317,130.019
87.103,186.339,138.667,132.581
89.614,186.622,134.731,131.472
90.055,187.566,134.650,131.450
86.189,186.366,137.849,132.250
88.537,186.727,134.235,130.987
87.918,186.875,135.207,131.754
87.403,184.633,134.902,132.498
89.016,185.847,134.085,131.943
88.067,186.227,135.716,132.250
87.551,185.050,136.480,131.922
87.289,182.510,135.660,131.899
85.405,182.498,134.335,131.654
82.047,180.461,134.663,132.002
82.328,180.748,134.902,131.163
81.788,181.537,134.650,129.051
82.816,178.709,133.387,131.010
84.409,176.732,132.581,131.258
84.403,176.064,133.651,129.953
83.874,174.743,134.443,129.953
78.587,173.297,136.286,130.199
81.138,170.405,133.317,130.917
77.139,171.558,136.815,130.464
