0.00000000,0.00000000
0.90626519,0.00000000
0.92542489,0.00000000
0.94076387,0.00000000
0.93725606,0.00000000
0.93740418,0.00000000
0.92863490,0.00000000
0.92396157,0.00000000
0.97168571,0.00000000
0.97432490,0.00000000
0.97022265,0.00000000
0.95692381,0.00000000
0.93951498,0.00000000
0.96414975,0.00000000
0.94582767,0.00000000
0.94038360,0.00000000
0.94951751,0.00000000
0.93102603,0.00000000
0.91002981,0.00000000
0.93809556,0.00000000
0.93633995,0.00000000
0.94522160,0.00000000
0.91904915,0.00000000
0.93104300,0.00000000
0.89362094,0.00000000
0.90943592,0.00000000
0.93897492,0.00000000
0.95915427,0.00000000
0.92320679,0.00000000
0.87950152,0.00000000
0.93007990,0.00000000
0.89509708,0.00000000
0.92235917,0.00000000
0.90385940,0.00000000
0.95981860,0.00000000
0.95746917,0.00000000
0.95329777,0.00000000
0.97762345,0.00000000
0.96772286,0.00000000
0.97639895,0.00000000
0.97769565,0.00000000
0.97451242,0.00000000
0.92533037,0.00000000
0.92698295,0.00000000
0.92294768,0.00000000
0.91871066,0.00000000
0.91884476,0.00000000
0.90726475,0.00000000
0.94773625,0.00000000
0.96101214,0.00000000
0.95057017,0.00000000
0.96084048,0.00000000
0.94657607,0.00000000
0.94580176,0.00000000
0.95876576,0.00000000
0.95820473,0.00000000
0.95622636,0.00000000
0.95454144,0.00000000
0.93789447,0.00000000
0.91099778,0.00000000
0.91985673,0.00000000
0.98053692,0.00000000
0.96304548,0.00000000
0.93598471,0.00000000
0.96244772,0.00000000
0.97637377,0.00000000
0.95847167,0.00000000
0.95822230,0.00000000
0.94288038,0.00000000
0.94219708,0.00000000
0.94817976,0.00000000
0.92371589,0.00000000
0.90959363,0.00000000
0.91775741,0.00000000
0.93572730,0.00000000
0.89903064,0.00000000
0.91611461,0.00000000
0.91949150,0.00000000
0.93664616,0.00000000
0.93062952,0.00000000
0.94862250,0.00000000
0.91303270,0.00000000
0.97750726,0.00000000
0.95101497,0.00000000
0.95729082,0.00000000
0.94770333,0.00000000
0.94757847,0.00000000
0.91542503,0.00000000
0.88567412,0.00000000
0.81478368,0.00000000
0.76611851,0.00000000
0.86999842,0.00000000
0.87854804,0.00000000
0.86503298,0.00000000
0.86734480,0.00000000
0.86846389,0.00000000
0.79491456,0.00000000
0.78464208,0.00000000
0.80264439,0.00000000
0.91208406,0.00000000
0.91288827,0.00000000
0.83760756,0.00000000
0.82821117,0.00000000
0.93396345,0.00000000
0.93952122,0.00000000
0.94311223,0.00000000
0.88710110,0.00000000
0.89695246,0.00000000
0.87879489,0.00000000
0.87127790,0.00000000
0.85292568,0.00000000
0.83169093,0.00000000
0.87979660,0.00000000
0.89409953,0.00000000
0.92799779,0.00000000
0.94943944,0.00000000
0.92957355,0.00000000
0.88699035,0.00000000
0.87838860,0.00000000
0.89189644,0.00000000
0.88992217,0.00000000
0.86225848,0.00000000
0.85702057,0.00000000
0.87598882,0.00000000
0.93426140,0.00000000
0.91555169,0.00000000
0.83162801,0.00000000
0.85077756,0.00000000
0.90619303,0.00000000
0.87111792,0.00000000
0.86507673,0.00000000
0.90985035,0.00000000
0.93687002,0.00000000
0.87608942,0.00000000
0.90315201,0.00000000
0.97368779,0.00000000
0.86506353,0.00000000
0.91516642,0.00000000
0.85814398,0.00000000
0.88662757,0.00000000
0.92070497,0.00000000
0.95354998,0.00000000
0.93141008,0.00000000
0.89912538,0.00000000
0.93303576,0.00000000
0.90017424,0.00000000
0.89854922,0.00000000
0.95807141,0.00000000
0.91756164,0.00000000
0.91801000,0.00000000
0.90910470,0.00000000
0.90358332,0.00000000
0.91240526,0.00000000
0.90604665,0.00000000
0.94451066,0.00000000
0.96468984,0.00000000
0.95793747,0.00000000
0.95114634,0.00000000
0.93977336,0.00000000
0.88619043,0.00000000
0.92806258,0.00000000
0.92552332,0.00000000
0.94589671,0.00000000
0.97167201,0.00000000
0.95294656,0.00000000
0.95795261,0.00000000
0.96251581,0.00000000
0.96805031,0.00000000
0.92914072,0.00000000
0.95495157,0.00000000
0.92371696,0.00000000
0.90098048,0.00000000
0.89203204,0.00000000
0.95783326,0.00000000
0.91850991,0.00000000
0.92804316,0.00000000
0.92914914,0.00000000
0.90743155,0.00000000
0.89796485,0.00000000
0.93587027,0.00000000
0.93117847,0.00000000
0.94159672,0.00000000
0.94790584,0.00000000
0.93898118,0.00000000
0.94292971,0.00000000
0.89340897,0.00000000
0.92648400,0.00000000
0.94319138,0.00000000
0.96779989,0.00000000
0.94801472,0.00000000
0.92643041,0.00000000
0.95972205,0.00000000
0.93180176,0.00000000
0.93922161,0.00000000
0.95571268,0.00000000
0.93808405,0.00000000
0.95830684,0.00000000
0.94736016,0.00000000
0.91275219,0.00000000
0.96813494,0.00000000
0.94105219,0.00000000
0.95616080,0.00000000
0.94815004,0.00000000
0.93580497,0.00000000
0.97480453,0.00000000
0.95533008,0.00000000
0.88129286,0.00000000
0.90491275,0.00000000
0.93183766,0.00000000
0.93482078,0.00000000
0.94389679,0.00000000
0.95679735,0.00000000
0.96035851,0.00000000
0.95828702,0.00000000
0.96118393,0.00000000
0.94265471,0.00000000
0.93742600,0.00000000
0.90706221,0.00000000
0.94138429,0.00000000
0.97516627,0.00000000
0.96203214,0.00000000
0.95589874,0.00000000
0.94340015,0.00000000
0.95724549,0.00000000
0.98295818,0.00000000
0.95152834,0.00000000
0.97140321,0.00000000
0.93788704,0.00000000
0.96840147,0.00000000
0.93111786,0.00000000
0.98277616,0.00000000
0.93214328,0.00000000
0.93078708,0.00000000
0.96029966,0.00000000
0.92727956,0.00000000
0.95595500,0.00000000
0.93821342,0.00000000
0.93673507,0.00000000
0.97428429,0.00000000
0.96034545,0.00000000
0.94940144,0.00000000
0.93635663,0.00000000
0.93893994,0.00000000
0.93448497,0.00000000
0.95763159,0.00000000
0.96567683,0.00000000
0.94228866,0.00000000
0.88941349,0.00000000
0.90323097,0.00000000
0.93668993,0.00000000
0.88514521,0.00000000
0.95852162,0.00000000
0.95505978,0.00000000
0.96892841,0.00000000
0.96481211,0.00000000
0.95394121,0.00000000
0.94642365,0.00000000
0.95301407,0.00000000
0.94389894,0.00000000
0.93355479,0.00000000
0.93355462,0.00000000
0.88441551,0.00000000
0.87686071,0.00000000
0.93399403,0.00000000
0.92053239,0.00000000
0.91832184,0.00000000
0.91521779,0.00000000
0.88045909,0.00000000
0.85112352,0.00000000
0.89716560,0.00000000
0.89595294,0.00000000
0.85643960,0.00000000
0.90691487,0.00000000
0.93116505,0.00000000
0.95091472,0.00000000
0.94713471,0.00000000
0.91490917,0.00000000
0.93883649,0.00000000
0.94541217,0.00000000
0.93322431,0.00000000
0.93333368,0.00000000
0.93996523,0.00000000
0.94310715,0.00000000
0.93511494,0.00000000
0.97275832,0.00000000
0.93728974,0.00000000
0.93386752,0.00000000
0.92092522,0.00000000
0.90008079,0.00000000
0.82896291,0.00000000
0.89115445,0.00000000
0.94465762,0.00000000
0.94210442,0.00000000
0.92593447,0.00000000
0.88010889,0.00000000
0.89868812,0.00000000
0.89246241,0.00000000
0.90046987,0.00000000
0.91787748,0.00000000
0.89697763,0.00000000
0.90037475,0.00000000
0.95136725,0.00000000
0.90558761,0.00000000
0.91678757,0.00000000
0.93353186,0.00000000
0.93711762,0.00000000
0.93988242,0.00000000
0.94898828,0.00000000
0.95537514,0.00000000
0.92880442,0.00000000
0.96096928,0.00000000
0.93954118,0.00000000
0.91109980,0.00000000
0.93957963,0.00000000
0.92706134,0.00000000
0.90955220,0.00000000
0.93628317,0.00000000
0.96972730,0.00000000
0.93767466,0.00000000
0.88783601,0.00000000
0.89595034,0.00000000
0.87750867,0.00000000
0.84792549,0.00000000
0.87196317,0.00000000
0.79932853,0.00000000
0.86764469,0.00000000
0.92810760,0.00000000
0.85381400,0.00000000
0.86646037,0.00000000
0.91132052,0.00000000
0.93250960,0.00000000
0.92552661,0.00000000
0.95378072,0.00000000
0.96010489,0.00000000
0.92971711,0.00000000
0.94925415,0.00000000
0.90390903,0.00000000
0.90730647,0.00000000
0.86668155,0.00000000
0.91619839,0.00000000
0.86076047,0.00000000
0.90519303,0.00000000
0.86874789,0.00000000
0.91162700,0.00000000
0.89575037,0.00000000
0.88302620,0.00000000
0.88858163,0.00000000
0.91504104,0.00000000
0.94564465,0.00000000
0.94970006,0.00000000
0.94689206,0.00000000
0.93477135,0.00000000
0.87398688,0.00000000
0.89567315,0.00000000
0.91409542,0.00000000
0.91002815,0.00000000
0.91141222,0.00000000
0.89755447,0.00000000
0.91415852,0.00000000
0.89085336,0.00000000
0.88220359,0.00000000
0.83584606,0.00000000
0.88868551,0.00000000
0.93819347,0.00000000
0.90864340,0.00000000
0.93880517,0.00000000
0.94479031,0.00000000
0.93850083,0.00000000
0.90275481,0.00000000
0.89989282,0.00000000
0.90994755,0.00000000
0.90886581,0.00000000
0.91757617,0.00000000
0.87146648,0.00000000
0.91018713,0.00000000
0.88279462,0.00000000
0.90783955,0.00000000
0.89954878,0.00000000
0.88738140,0.00000000
0.90293629,0.00000000
0.90226033,0.00000000
0.92687378,0.00000000
0.91183330,0.00000000
0.93009352,0.00000000
0.91658072,0.00000000
0.91582170,0.00000000
0.87863310,0.00000000
0.92530823,0.00000000
0.88152463,0.00000000
0.87940925,0.00000000
0.94894648,0.00000000
0.90794586,0.00000000
0.91350463,0.00000000
0.87077592,0.00000000
0.84280164,0.00000000
0.84251717,0.00000000
0.84516057,0.00000000
0.86274897,0.00000000
0.86973998,0.00000000
0.87265815,0.00000000
0.87894754,0.00000000
0.84913530,0.00000000
0.87497448,0.00000000
0.87281893,0.00000000
0.87767597,0.00000000
0.87847471,0.00000000
0.88169992,0.00000000
0.86653768,0.00000000
0.86953293,0.00000000
0.86264498,0.00000000
0.84735909,0.00000000
0.90913854,0.00000000
0.87806043,0.00000000
0.89051519,0.00000000
0.86418768,0.00000000
0.86855765,0.00000000
0.84157144,0.00000000
0.88018400,0.00000000
0.87873152,0.00000000
0.88354799,0.00000000
0.86860211,0.00000000
0.82156553,0.00000000
0.79728756,0.00000000
0.85477667,0.00000000
0.87652330,0.00000000
0.86955725,0.00000000
0.88484837,0.00000000
0.88832276,0.00000000
0.86857228,0.00000000
0.87066654,0.00000000
0.86328888,0.00000000
0.88346854,0.00000000
0.85467286,0.00000000
0.87447223,0.00000000
0.87920877,0.00000000
0.89442426,0.00000000
0.88783786,0.00000000
0.87847635,0.00000000
0.85087805,0.00000000
0.92477131,0.00000000
0.93124895,0.00000000
0.92841028,0.00000000
0.89544387,0.00000000
0.87650928,0.00000000
0.87357689,0.00000000
0.88014216,0.00000000
0.86502273,0.00000000
0.88721943,0.00000000
0.86821404,0.00000000
0.91188626,0.00000000
0.89747248,0.00000000
0.92537750,0.00000000
0.90339644,0.00000000
0.91175960,0.00000000
0.93572493,0.00000000
0.93474253,0.00000000
0.89996980,0.00000000
0.90870660,0.00000000
0.89352918,0.00000000
0.89171347,0.00000000
0.89724375,0.00000000
0.80334735,0.00000000
0.84490719,0.00000000
0.88572780,0.00000000
0.91535242,0.00000000
0.89381785,0.00000000
0.94038068,0.00000000
0.96273609,0.00000000
0.94064895,0.00000000
0.89088380,0.00000000
0.92656530,0.00000000
0.90137467,0.00000000
0.88394428,0.00000000
0.91782716,0.00000000
0.88644286,0.00000000
0.89853848,0.00000000
0.88751817,0.00000000
0.89879317,0.00000000
0.89658215,0.00000000
0.88820232,0.00000000
0.91497140,0.00000000
0.90146990,0.00000000
0.90589415,0.00000000
0.88480625,0.00000000
0.91052970,0.00000000
0.89549724,0.00000000
0.88747112,0.00000000
0.88802277,0.00000000
0.88802277,0.00000000
0.89310203,0.00000000
0.89246764,0.00000000
0.89246764,0.00000000
0.92662601,0.00000000
0.92730651,0.00000000
0.90061762,0.00000000
0.89907639,0.00000000
0.87989877,0.00000000
0.84328348,0.00000000
0.81409466,0.00000000
0.85277308,0.00000000
0.84898854,0.00000000
0.84122649,0.00000000
0.85082176,0.00000000
0.83721918,0.00000000
0.81185686,0.00000000
0.82110569,0.00000000
0.81588343,0.00000000
0.84177697,0.00000000
0.81539075,0.00000000
0.81955426,0.00000000
0.82681184,0.00000000
0.79975867,0.00000000
0.88064243,0.00000000
0.89482022,0.00000000
0.87584639,0.00000000
0.87340775,0.00000000
0.90868001,0.00000000
0.92512258,0.00000000
0.92305983,0.00000000
0.90007143,0.00000000
0.88247066,0.00000000
0.86513691,0.00000000
0.90996319,0.00000000
0.92278165,0.00000000
0.94247324,0.00000000
0.91958883,0.00000000
0.90356527,0.00000000
0.93448130,0.00000000
0.91783543,0.00000000
0.93122031,0.00000000
0.87120376,0.00000000
0.86001283,0.00000000
0.89314386,0.00000000
0.80839145,0.00000000
0.82448613,0.00000000
0.83564811,0.00000000
0.85323936,0.00000000
0.81663129,0.00000000
0.89361700,0.00000000
0.88255502,0.00000000
0.87445260,0.00000000
0.86759064,0.00000000
0.85686913,0.00000000
0.90118515,0.00000000
0.90821551,0.00000000
0.91294151,0.00000000
0.94244824,0.00000000
0.94770995,0.00000000
0.92398665,0.00000000
0.96594606,0.00000000
0.94544759,0.00000000
0.93661319,0.00000000
0.92118723,0.00000000
0.89308952,0.00000000
0.91759476,0.00000000
0.91834036,0.00000000
0.92548622,0.00000000
0.92529287,0.00000000
0.92596620,0.00000000
0.92954329,0.00000000
0.92735581,0.00000000
0.94364656,0.00000000
0.89691110,0.00000000
0.90515747,0.00000000
0.87505889,0.00000000
0.84759218,0.00000000
0.84215696,0.00000000
0.84955387,0.00000000
0.88917963,0.00000000
0.85607038,0.00000000
0.87857184,0.00000000
0.89303603,0.00000000
0.84751669,0.00000000
0.85734899,0.00000000
0.83947055,0.00000000
0.83705091,0.00000000
0.86998502,0.00000000
0.84967053,0.00000000
0.88019472,0.00000000
0.91134674,0.00000000
0.87119591,0.00000000
0.88429306,0.00000000
0.85994102,0.00000000
0.92038315,0.00000000
0.86420734,0.00000000
0.93584748,0.00000000
0.92712712,0.00000000
0.95677570,0.00000000
0.92005667,0.00000000
0.92570508,0.00000000
0.93381827,0.00000000
0.91793965,0.00000000
0.92435437,0.00000000
0.91650531,0.00000000
0.91794634,0.00000000
0.92330887,0.00000000
0.95534530,0.00000000
0.96542372,0.00000000
0.98130233,0.00000000
0.95990991,0.00000000
0.92052361,0.00000000
0.92717170,0.00000000
0.92177948,0.00000000
0.91529553,0.00000000
0.92241837,0.00000000
0.94086261,0.00000000
0.91582577,0.00000000
0.95207540,0.00000000
0.93807969,0.00000000
0.93967720,0.00000000
0.94521384,0.00000000
0.91022770,0.00000000
0.94086461,0.00000000
0.91357676,0.00000000
0.90595361,0.00000000
0.90655046,0.00000000
0.90021552,0.00000000
0.88898977,0.00000000
0.88085303,0.00000000
0.88942488,0.00000000
0.87700080,0.00000000
0.91544913,0.00000000
0.90021282,0.00000000
0.87355918,0.00000000
0.95316233,0.00000000
0.93805233,0.00000000
0.95858986,0.00000000
0.92754312,0.00000000
0.91328791,0.00000000
0.90880520,0.00000000
0.93070951,0.00000000
0.94791184,0.00000000
0.94101939,0.00000000
0.93842012,0.00000000
0.93850624,0.00000000
0.91916118,0.00000000
0.94714714,0.00000000
0.92453653,0.00000000
0.89047281,0.00000000
0.90465925,0.00000000
0.89861676,0.00000000
0.93706104,0.00000000
0.94933098,0.00000000
0.93165626,0.00000000
0.91790573,0.00000000
0.91663902,0.00000000
0.92526232,0.00000000
0.95581371,0.00000000
0.93176031,0.00000000
0.91422327,0.00000000
0.94403859,0.00000000
0.91803862,0.00000000
0.94673460,0.00000000
0.95439929,0.00000000
0.95294085,0.00000000
0.93053945,0.00000000
0.94545722,0.00000000
0.93654885,0.00000000
0.89567895,0.00000000
0.83382406,0.00000000
0.82594379,0.00000000
0.83399530,0.00000000
0.93562923,0.00000000
0.90057625,0.00000000
0.97158335,0.00000000
0.92694122,0.00000000
0.94254766,0.00000000
0.92383022,0.00000000
0.93659006,0.00000000
0.90163761,0.00000000
0.94089322,0.00000000
0.96189280,0.00000000
0.95607219,0.00000000
0.95101260,0.00000000
0.94367074,0.00000000
0.93475956,0.00000000
0.94815736,0.00000000
0.96103921,0.00000000
0.95325856,0.00000000
0.93382027,0.00000000
0.94285161,0.00000000
0.94200611,0.00000000
0.95365308,0.00000000
0.94570397,0.00000000
0.94522361,0.00000000
0.93868034,0.00000000
0.94315295,0.00000000
0.90101090,0.00000000
0.88959628,0.00000000
0.91375923,0.00000000
0.90391128,0.00000000
0.92531371,0.00000000
0.89070146,0.00000000
0.93741107,0.00000000
0.90785786,0.00000000
0.94350657,0.00000000
0.91547312,0.00000000
0.93231441,0.00000000
0.89783879,0.00000000
0.94668380,0.00000000
0.91553319,0.00000000
0.94032305,0.00000000
0.95958211,0.00000000
0.94246609,0.00000000
0.98151120,0.00000000
0.95695870,0.00000000
0.97567776,0.00000000
0.95079469,0.00000000
0.92430646,0.00000000
0.95325712,0.00000000
0.94631869,0.00000000
0.93527067,0.00000000
0.97628273,0.00000000
0.94593810,0.00000000
0.86219622,0.00000000
0.90455566,0.00000000
0.84159274,0.00000000
0.88006211,0.00000000
0.88921184,0.00000000
0.85068412,0.00000000
0.89202935,0.00000000
0.85258669,0.00000000
0.91748294,0.00000000
0.90557397,0.00000000
0.91419863,0.00000000
0.91609740,0.00000000
0.95683136,0.00000000
0.95652612,0.00000000
0.95018339,0.00000000
0.92756767,0.00000000
0.94936675,0.00000000
0.93788236,0.00000000
0.96799967,0.00000000
0.94877113,0.00000000
0.93814546,0.00000000
0.95834391,0.00000000
0.93259236,0.00000000
0.92744041,0.00000000
0.96523941,0.00000000
0.97433595,0.00000000
0.96252462,0.00000000
0.93547580,0.00000000
0.97209782,0.00000000
0.92496711,0.00000000
0.95250824,0.00000000
0.92959877,0.00000000
0.93903297,0.00000000
0.96080380,0.00000000
0.95900416,0.00000000
0.96905572,0.00000000
0.95140947,0.00000000
0.96236772,0.00000000
0.92769328,0.00000000
0.88780395,0.00000000
0.90668620,0.00000000
0.89638173,0.00000000
0.96263550,0.00000000
0.93027305,0.00000000
0.97809156,0.00000000
0.94854049,0.00000000
0.94799480,0.00000000
0.94234345,0.00000000
0.52661165,0.00000000
0.86286303,0.00000000
0.97822357,0.00000000
0.95022779,0.00000000
0.93891503,0.00000000
0.90627791,0.00000000
0.88043492,0.00000000
0.91627112,0.00000000
0.94270874,0.00000000
0.92094217,0.00000000
0.87535364,0.00000000
0.93918387,0.00000000
0.94931220,0.00000000
0.93489940,0.00000000
0.88886843,0.00000000
0.91810005,0.00000000
0.85995992,0.00000000
0.86850619,0.00000000
0.92853065,0.00000000
0.93668784,0.00000000
0.89693507,0.00000000
0.90169762,0.00000000
0.86515088,0.00000000
0.91114635,0.00000000
0.85124683,0.00000000
0.93793982,0.00000000
0.88300032,0.00000000
0.93980488,0.00000000
0.94151285,0.00000000
0.93539349,0.00000000
0.94206529,0.00000000
0.94852468,0.00000000
0.92982371,0.00000000
0.92300415,0.00000000
0.92780042,0.00000000
0.97051808,0.00000000
0.93178095,0.00000000
0.92878400,0.00000000
0.93016758,0.00000000
0.93193857,0.00000000
0.90292875,0.00000000
0.96955617,0.00000000
0.92664840,0.00000000
0.91438771,0.00000000
0.93010101,0.00000000
0.93656414,0.00000000
0.94545706,0.00000000
0.96115062,0.00000000
0.94699979,0.00000000
0.93664378,0.00000000
0.93723253,0.00000000
0.90618401,0.00000000
0.92429189,0.00000000
0.91775224,0.00000000
0.92377521,0.00000000
0.92287482,0.00000000
0.92399794,0.00000000
0.91881687,0.00000000
0.93093744,0.00000000
0.93262122,0.00000000
0.91418358,0.00000000
0.93356423,0.00000000
0.92425089,0.00000000
0.90147351,0.00000000
0.90968723,0.00000000
0.90936621,0.00000000
0.91341809,0.00000000
0.91544691,0.00000000
0.91746753,0.00000000
0.93293534,0.00000000
0.90871765,0.00000000
0.91697881,0.00000000
0.93770997,0.00000000
0.92583917,0.00000000
0.90756061,0.00000000
0.95971229,0.00000000
0.93615469,0.00000000
0.91155937,0.00000000
0.90636347,0.00000000
0.93883882,0.00000000
0.96513770,0.00000000
0.92802774,0.00000000
0.91358239,0.00000000
0.92505682,0.00000000
0.94357562,0.00000000
0.94455058,0.00000000
0.95314898,0.00000000
0.91529218,0.00000000
0.91777818,0.00000000
0.92901477,0.00000000
0.94780310,0.00000000
0.96354034,0.00000000
0.96949172,0.00000000
0.97261115,0.00000000
0.95909811,0.00000000
0.96238772,0.00000000
0.94940813,0.00000000
0.95735632,0.00000000
0.95797648,0.00000000
0.96504430,0.00000000
0.96149411,0.00000000
0.97685091,0.00000000
0.95717911,0.00000000
0.93906235,0.00000000
0.93751491,0.00000000
0.89740113,0.00000000
0.95150161,0.00000000
0.90598468,0.00000000
0.92931037,0.00000000
0.96567151,0.00000000
0.90353948,0.00000000
0.90949675,0.00000000
0.90403714,0.00000000
0.92123623,0.00000000
0.94880592,0.00000000
0.87575444,0.00000000
0.90607016,0.00000000
0.91850495,0.00000000
0.89613431,0.00000000
0.91025745,0.00000000
0.92016873,0.00000000
0.91480741,0.00000000
0.93034670,0.00000000
0.91631400,0.00000000
0.92638252,0.00000000
0.94950851,0.00000000
0.95910000,0.00000000
0.91582337,0.00000000
0.95527154,0.00000000
0.94631939,0.00000000
0.94890952,0.00000000
0.94133918,0.00000000
0.94747126,0.00000000
0.93568382,0.00000000
0.92345182,0.00000000
0.95360150,0.00000000
0.92917727,0.00000000
0.95615931,0.00000000
0.98700175,0.00000000
0.90459918,0.00000000
0.90817651,0.00000000
0.92750629,0.00000000
0.89231316,0.00000000
0.90309256,0.00000000
0.92854779,0.00000000
0.92189441,0.00000000
0.97183180,0.00000000
0.94090530,0.00000000
0.93560596,0.00000000
0.96369864,0.00000000
0.91156450,0.00000000
0.88606669,0.00000000
0.92774782,0.00000000
0.95626886,0.00000000
0.96799034,0.00000000
0.94500015,0.00000000
0.94965083,0.00000000
0.95493922,0.00000000
0.95960262,0.00000000
0.95988736,0.00000000
0.94905739,0.00000000
0.94244110,0.00000000
0.94423174,0.00000000
0.95555006,0.00000000
0.92909374,0.00000000
0.92624439,0.00000000
0.93729755,0.00000000
0.92884879,0.00000000
0.91025963,0.00000000
0.95625096,0.00000000
0.92195246,0.00000000
0.89652684,0.00000000
0.92136655,0.00000000
0.90730649,0.00000000
0.89928201,0.00000000
0.94755077,0.00000000
0.98578280,0.00000000
0.95556639,0.00000000
0.90338367,0.00000000
0.88875308,0.00000000
0.87213087,0.00000000
0.87680495,0.00000000
0.83575610,0.00000000
0.83890084,0.00000000
0.82418351,0.00000000
0.84191049,0.00000000
0.84794992,0.00000000
0.85746020,0.00000000
0.97592051,0.00000000
0.84293942,0.00000000
0.88860136,0.00000000
0.88212915,0.00000000
0.88163986,0.00000000
0.89660403,0.00000000
0.90168060,0.00000000
0.89482560,0.00000000
0.90072242,0.00000000
0.90441219,0.00000000
0.90408946,0.00000000
0.81605112,0.00000000
0.83525972,0.00000000
0.82704669,0.00000000
0.82741006,0.00000000
0.83402358,0.00000000
0.95779200,0.00000000
0.92788924,0.00000000
0.93695685,0.00000000
0.93870979,0.00000000
0.95752713,0.00000000
0.87341643,0.00000000
0.83498284,0.00000000
0.85220668,0.00000000
0.89803699,0.00000000
0.95412200,0.00000000
0.85134919,0.00000000
0.85756337,0.00000000
0.81349040,0.00000000
0.84912740,0.00000000
0.78406871,0.00000000
0.85288423,0.00000000
0.77399610,0.00000000
0.85778702,0.00000000
0.85154183,0.00000000
0.90578749,0.00000000
0.85210393,0.00000000
0.82168345,0.00000000
0.80620353,0.00000000
0.83640328,0.00000000
0.90556201,0.00000000
0.86910845,0.00000000
0.82637714,0.00000000
0.92315040,0.00000000
0.90249968,0.00000000
0.89116612,0.00000000
0.95904431,0.00000000
0.90092136,0.00000000
0.93203117,0.00000000
0.86861145,0.00000000
0.88241441,0.00000000
0.96472133,0.00000000
0.90388483,0.00000000
0.89001067,0.00000000
0.89991753,0.00000000
0.89114758,0.00000000
0.90158869,0.00000000
0.90025329,0.00000000
0.88586172,0.00000000
0.91568725,0.00000000
0.90228892,0.00000000
0.89133073,0.00000000
0.92110728,0.00000000
0.91118439,0.00000000
0.91664649,0.00000000
0.92962970,0.00000000
0.92585629,0.00000000
0.94032899,0.00000000
0.93981339,0.00000000
0.95135167,0.00000000
0.96091528,0.00000000
0.95402851,0.00000000
0.95599284,0.00000000
0.95396936,0.00000000
0.94936210,0.00000000
0.95292741,0.00000000
0.94075257,0.00000000
0.93790024,0.00000000
0.95541875,0.00000000
0.95383366,0.00000000
0.97317919,0.00000000
0.95568971,0.00000000
0.95235870,0.00000000
0.94135070,0.00000000
0.92416255,0.00000000
0.93057133,0.00000000
0.93243961,0.00000000
0.90043130,0.00000000
0.92111806,0.00000000
0.92233669,0.00000000
0.93098400,0.00000000
0.91123821,0.00000000
0.88162398,0.00000000
0.93417142,0.00000000
0.95460667,0.00000000
0.95569445,0.00000000
0.86061819,0.00000000
0.84237208,0.00000000
0.89504028,0.00000000
0.88431892,0.00000000
0.90827333,0.00000000
0.91157125,0.00000000
0.92527445,0.00000000
0.91067180,0.00000000
0.88784769,0.00000000
0.90990977,0.00000000
0.90992505,0.00000000
0.94035106,0.00000000
0.93829700,0.00000000
0.93653686,0.00000000
0.93564325,0.00000000
0.91546574,0.00000000
0.89117537,0.00000000
0.91479921,0.00000000
0.94686324,0.00000000
0.98244994,0.00000000
0.95233815,0.00000000
0.92057055,0.00000000
0.93663311,0.00000000
0.91920430,0.00000000
0.91577415,0.00000000
0.91745853,0.00000000
0.88044092,0.00000000
0.90255093,0.00000000
0.89802798,0.00000000
0.90677040,0.00000000
0.87513624,0.00000000
0.90723972,0.00000000
0.93835867,0.00000000
0.91832234,0.00000000
0.90378602,0.00000000
0.91003645,0.00000000
0.88870607,0.00000000
0.89768693,0.00000000
0.87449009,0.00000000
0.90551797,0.00000000
0.93927122,0.00000000
0.92870365,0.00000000
0.95053752,0.00000000
0.95279616,0.00000000
0.95740358,0.00000000
0.95362941,0.00000000
0.94507374,0.00000000
0.95487840,0.00000000
0.94519443,0.00000000
0.93733506,0.00000000
0.97436464,0.00000000
0.96888830,0.00000000
0.93727670,0.00000000
0.96536512,0.00000000
0.95758886,0.00000000
0.95990244,0.00000000
0.96559362,0.00000000
0.96802311,0.00000000
0.93481047,0.00000000
0.93049786,0.00000000
0.91562934,0.00000000
0.93392379,0.00000000
0.93486891,0.00000000
0.92300933,0.00000000
0.92282443,0.00000000
0.92203503,0.00000000
0.91916048,0.00000000
0.92499753,0.00000000
0.94328757,0.00000000
0.93600676,0.00000000
0.93358584,0.00000000
0.93603174,0.00000000
0.93313794,0.00000000
0.94039742,0.00000000
0.92941075,0.00000000
0.93266777,0.00000000
0.95277061,0.00000000
0.94576527,0.00000000
0.92019536,0.00000000
0.91859557,0.00000000
0.95129140,0.00000000
0.96066069,0.00000000
0.93154210,0.00000000
0.94360124,0.00000000
0.93103657,0.00000000
0.92148201,0.00000000
0.92016107,0.00000000
0.94309337,0.00000000
0.93935578,0.00000000
0.91449312,0.00000000
0.92159388,0.00000000
0.94686005,0.00000000
0.92989536,0.00000000
0.94535513,0.00000000
0.93497300,0.00000000
0.94810633,0.00000000
0.95512003,0.00000000
0.93912972,0.00000000
0.90624994,0.00000000
0.90029492,0.00000000
0.91691308,0.00000000
0.92552691,0.00000000
0.90169707,0.00000000
0.90485446,0.00000000
0.90232792,0.00000000
0.90789872,0.00000000
0.90798348,0.00000000
0.93532295,0.00000000
0.92550392,0.00000000
0.94370493,0.00000000
0.90741129,0.00000000
0.91948009,0.00000000
0.84354263,0.00000000
0.92823090,0.00000000
0.92532895,0.00000000
0.96526751,0.00000000
0.87280983,0.00000000
0.91921196,0.00000000
0.93654967,0.00000000
0.92611003,0.00000000
0.91720743,0.00000000
0.87778292,0.00000000
0.91208093,0.00000000
0.90353382,0.00000000
0.90950480,0.00000000
0.88530897,0.00000000
0.94054568,0.00000000
0.93642784,0.00000000
0.91094903,0.00000000
0.92652280,0.00000000
0.94908586,0.00000000
0.94826709,0.00000000
0.88992267,0.00000000
0.91555727,0.00000000
0.91363063,0.00000000
0.93360754,0.00000000
0.95765500,0.00000000
0.95685154,0.00000000
0.93098458,0.00000000
0.90345981,0.00000000
0.91042125,0.00000000
0.90071845,0.00000000
0.92086458,0.00000000
0.91846931,0.00000000
0.89846937,0.00000000
0.93773227,0.00000000
0.92530731,0.00000000
0.92237421,0.00000000
0.92195019,0.00000000
0.93296087,0.00000000
0.89882232,0.00000000
0.86695117,0.00000000
0.92957335,0.00000000
0.89639841,0.00000000
0.88342779,0.00000000
0.91344708,0.00000000
0.90030418,0.00000000
0.90210365,0.00000000
0.91552985,0.00000000
0.92380833,0.00000000
0.90563813,0.00000000
0.95706782,0.00000000
0.92665558,0.00000000
0.92340161,0.00000000
0.92476070,0.00000000
0.95812892,0.00000000
0.94909790,0.00000000
0.95211981,0.00000000
0.94723403,0.00000000
0.93394899,0.00000000
0.93407584,0.00000000
0.93076899,0.00000000
0.96057402,0.00000000
0.93655092,0.00000000
0.91514236,0.00000000
0.94288773,0.00000000
0.94169531,0.00000000
0.97182556,0.00000000
0.93752583,0.00000000
0.95106882,0.00000000
0.91911877,0.00000000
0.95643345,0.00000000
0.95233330,0.00000000
0.95608525,0.00000000
0.94792637,0.00000000
0.96537497,0.00000000
0.95828861,0.00000000
0.94716103,0.00000000
0.84725237,0.00000000
0.79102712,0.00000000
0.88401994,0.00000000
0.88528242,0.00000000
0.31232385,0.00000000
0.09637238,0.00000000
0.10975898,0.00000000
0.09777960,0.00000000
0.00000000,0.00000000
0.00000000,0.00000000
0.00000000,0.00000000
0.00000000,0.00000000
0.00000000,0.00000000
0.86606523,0.00000000
0.91052507,0.00000000
0.92479488,0.00000000
0.91210115,0.00000000
0.88755931,0.00000000
0.93636105,0.00000000
0.95004973,0.00000000
0.94362183,0.00000000
0.94118437,0.00000000
0.90238442,0.00000000
0.97765093,0.00000000
0.96270135,0.00000000
0.86670934,0.00000000
0.93762505,0.00000000
0.90258710,0.00000000
0.91633939,0.00000000
0.92402230,0.00000000
0.89740000,0.00000000
0.93053040,0.00000000
0.87115600,0.00000000
0.91866024,0.00000000
0.95363111,0.00000000
0.84863876,0.00000000
0.89455540,0.00000000
0.89422692,0.00000000
0.81431599,0.00000000
0.88688288,0.00000000
0.83900724,0.00000000
0.86524814,0.00000000
0.89804361,0.00000000
0.95261282,0.00000000
0.88486634,0.00000000
0.94859872,0.00000000
0.84666096,0.00000000
0.95847101,0.00000000
0.87439323,0.00000000
0.87367719,0.00000000
0.88455542,0.00000000
0.93507995,0.00000000
0.92854324,0.00000000
0.90489207,0.00000000
0.86600990,0.00000000
0.85348934,0.00000000
0.86573465,0.00000000
0.96830869,0.00000000
0.89639536,0.00000000
0.94773212,0.00000000
0.87936979,0.00000000
0.89631281,0.00000000
0.92456674,0.00000000
0.92712233,0.00000000
0.89215199,0.00000000
0.91353518,0.00000000
0.90356032,0.00000000
0.86757266,0.00000000
0.94523575,0.00000000
0.85468883,0.00000000
0.94965094,0.00000000
0.91306494,0.00000000
0.87692657,0.00000000
0.88682340,0.00000000
0.86846881,0.00000000
0.92306833,0.00000000
0.95218388,0.00000000
0.90577327,0.00000000
0.89375980,0.00000000
0.95173026,0.00000000
0.91247099,0.00000000
0.88510668,0.00000000
0.87823994,0.00000000
0.80476979,0.00000000
0.84098060,0.00000000
0.89915627,0.00000000
0.88829256,0.00000000
0.92236837,0.00000000
0.89626932,0.00000000
0.88501171,0.00000000
0.86179749,0.00000000
0.85269482,0.00000000
0.88444351,0.00000000
0.89259469,0.00000000
0.90363379,0.00000000
0.90670166,0.00000000
0.88742753,0.00000000
0.85447720,0.00000000
0.80063629,0.00000000
0.83241960,0.00000000
0.78107230,0.00000000
0.78546358,0.00000000
0.86973279,0.00000000
0.82258015,0.00000000
0.86331305,0.00000000
0.85881949,0.00000000
0.90656020,0.00000000
0.83443934,0.00000000
0.92665983,0.00000000
0.90197230,0.00000000
0.84912801,0.00000000
0.90089358,0.00000000
0.88953035,0.00000000
0.90797404,0.00000000
0.88754843,0.00000000
0.89697264,0.00000000
0.86581440,0.00000000
0.90108758,0.00000000
0.86990237,0.00000000
0.87488642,0.00000000
0.85900778,0.00000000
0.87312109,0.00000000
0.86547959,0.00000000
0.87994816,0.00000000
0.90685062,0.00000000
0.90721094,0.00000000
0.91151010,0.00000000
0.86565397,0.00000000
0.87731790,0.00000000
0.90927752,0.00000000
0.87028233,0.00000000
0.90885905,0.00000000
0.85025851,0.00000000
0.85544950,0.00000000
0.81620616,0.00000000
0.80433419,0.00000000
0.82426128,0.00000000
0.94171906,0.00000000
0.96557890,0.00000000
0.93368028,0.00000000
0.90918008,0.00000000
0.93063357,0.00000000
0.93880776,0.00000000
0.91534947,0.00000000
0.95329681,0.00000000
0.97176221,0.00000000
0.97360335,0.00000000
0.93163786,0.00000000
0.93166755,0.00000000
0.87475392,0.00000000
0.97205034,0.00000000
0.93757600,0.00000000
0.97509835,0.00000000
0.95639797,0.00000000
0.95835733,0.00000000
0.95305105,0.00000000
0.97336811,0.00000000
0.90723917,0.00000000
0.94199186,0.00000000
0.93657672,0.00000000
0.95001617,0.00000000
0.93991674,0.00000000
0.90887564,0.00000000
0.93422988,0.00000000
0.92345805,0.00000000
0.90113183,0.00000000
0.86500521,0.00000000
0.88780811,0.00000000
0.90900002,0.00000000
0.86086318,0.00000000
0.92110474,0.00000000
0.89582285,0.00000000
0.87062784,0.00000000
0.85982446,0.00000000
0.88111850,0.00000000
0.91123724,0.00000000
0.90282085,0.00000000
0.93360729,0.00000000
0.91835381,0.00000000
0.93142126,0.00000000
0.89653888,0.00000000
0.90687920,0.00000000
0.86852602,0.00000000
0.95459892,0.00000000
0.94486699,0.00000000
0.90314602,0.00000000
0.88545612,0.00000000
0.89804707,0.00000000
0.92631225,0.00000000
0.92526110,0.00000000
0.89501256,0.00000000
0.89564325,0.00000000
0.95627264,0.00000000
0.89911057,0.00000000
0.87380933,0.00000000
0.91522809,0.00000000
0.88868778,0.00000000
0.91946126,0.00000000
0.88812457,0.00000000
0.93816476,0.00000000
0.85437489,0.00000000
0.86264782,0.00000000
0.91234403,0.00000000
0.86378072,0.00000000
0.82296468,0.00000000
0.92201898,0.00000000
0.91200172,0.00000000
0.92804331,0.00000000
0.91345863,0.00000000
0.95227421,0.00000000
0.92027151,0.00000000
0.92777565,0.00000000
0.88702457,0.00000000
0.93975504,0.00000000
0.89386636,0.00000000
0.90087836,0.00000000
0.93735658,0.00000000
0.95840175,0.00000000
0.94790610,0.00000000
0.95932197,0.00000000
0.92476081,0.00000000
0.95737789,0.00000000
0.90043305,0.00000000
0.89642711,0.00000000
0.91409183,0.00000000
0.97503960,0.00000000
0.94496264,0.00000000
0.86119901,0.00000000
0.91544516,0.00000000
0.95862444,0.00000000
0.92188346,0.00000000
0.95022823,0.00000000
0.89448078,0.00000000
0.90059037,0.00000000
0.89505024,0.00000000
0.80633743,0.00000000
0.92258003,0.00000000
0.85584323,0.00000000
0.93884227,0.00000000
0.85321834,0.00000000
0.90077436,0.00000000
0.89009455,0.00000000
0.86652216,0.00000000
0.92009348,0.00000000
0.88628823,0.00000000
0.96513787,0.00000000
0.86465025,0.00000000
0.95316238,0.00000000
0.91607583,0.00000000
0.95553116,0.00000000
0.90469635,0.00000000
0.91122746,0.00000000
0.89132233,0.00000000
0.89716550,0.00000000
0.90310632,0.00000000
0.83118954,0.00000000
0.88155926,0.00000000
0.86995836,0.00000000
0.00000000,0.00000000
0.00000000,0.00000000
0.00000000,0.00000000
0.00000000,0.00000000
0.85407012,0.00000000
0.90828400,0.00000000
0.91856654,0.00000000
0.89912855,0.00000000
0.88977653,0.00000000
0.71578728,0.00000000
0.65790454,0.00000000
0.65329987,0.00000000
0.68908907,0.00000000
0.66821494,0.00000000
0.74091289,0.00000000
0.81743770,0.00000000
0.86855409,0.00000000
0.84184944,0.00000000
0.85950402,0.00000000
0.86242524,0.00000000
0.92510361,0.00000000
0.79701659,0.00000000
0.88135602,0.00000000
0.83907640,0.00000000
0.80584479,0.00000000
0.77973109,0.00000000
0.77563112,0.00000000
0.73847356,0.00000000
0.83088542,0.00000000
0.88579892,0.00000000
0.89306671,0.00000000
0.87820684,0.00000000
0.90737228,0.00000000
0.90658504,0.00000000
0.81116178,0.00000000
0.85253528,0.00000000
0.88661985,0.00000000
0.64895169,0.00000000
0.45354484,0.00000000
0.58848217,0.00000000
0.64290369,0.00000000
0.70039097,0.00000000
0.70522420,0.00000000
0.71245358,0.00000000
0.70938935,0.00000000
0.72608504,0.00000000
0.63781762,0.00000000
0.72249714,0.00000000
0.64665415,0.00000000
0.65779600,0.00000000
0.67938368,0.00000000
0.64538041,0.00000000
0.71050528,0.00000000
0.70782042,0.00000000
0.77092949,0.00000000
0.84409294,0.00000000
0.83438367,0.00000000
0.92612415,0.00000000
0.83344546,0.00000000
0.87578276,0.00000000
0.89898876,0.00000000
0.90439982,0.00000000
0.87829740,0.00000000
0.82243013,0.00000000
0.76603715,0.00000000
0.83069574,0.00000000
0.84494486,0.00000000
0.91343039,0.00000000
0.86151347,0.00000000
0.90032356,0.00000000
0.93230624,0.00000000
0.94320950,0.00000000
0.90426816,0.00000000
0.88277829,0.00000000
0.90509360,0.00000000
0.89597596,0.00000000
0.83193461,0.00000000
0.90879364,0.00000000
0.89486530,0.00000000
0.94565620,0.00000000
0.88503085,0.00000000
0.87498522,0.00000000
0.90959464,0.00000000
0.88273630,0.00000000
0.94376824,0.00000000
0.94638493,0.00000000
0.90033363,0.00000000
0.89718319,0.00000000
0.96032757,0.00000000
0.90002859,0.00000000
0.93904030,0.00000000
0.89656452,0.00000000
0.87548413,0.00000000
0.93932473,0.00000000
0.90235606,0.00000000
0.91406534,0.00000000
0.89569331,0.00000000
0.91507966,0.00000000
0.90585941,0.00000000
0.91970563,0.00000000
0.95346472,0.00000000
0.94048878,0.00000000
0.94558627,0.00000000
0.92922602,0.00000000
0.96375406,0.00000000
0.94422721,0.00000000
0.89314057,0.00000000
0.92807232,0.00000000
0.94145296,0.00000000
0.93920159,0.00000000
0.92386571,0.00000000
0.96103153,0.00000000
0.94377332,0.00000000
0.90525403,0.00000000
0.92220376,0.00000000
0.91307702,0.00000000
0.92839376,0.00000000
0.97392253,0.00000000
0.92878109,0.00000000
0.92571832,0.00000000
0.94285871,0.00000000
0.92262649,0.00000000
0.93057357,0.00000000
0.93138842,0.00000000
0.93013778,0.00000000
0.91267589,0.00000000
0.93115120,0.00000000
0.90902644,0.00000000
0.94573513,0.00000000
0.91676352,0.00000000
0.91656637,0.00000000
0.93039377,0.00000000
0.92168675,0.00000000
0.90863998,0.00000000
0.92658662,0.00000000
0.92018192,0.00000000
0.91160412,0.00000000
0.94143278,0.00000000
0.95571175,0.00000000
0.94352004,0.00000000
0.85301061,0.00000000
0.93037267,0.00000000
0.93422610,0.00000000
0.95764243,0.00000000
0.90733781,0.00000000
0.90996028,0.00000000
0.92002008,0.00000000
0.95506460,0.00000000
0.95337794,0.00000000
0.94779337,0.00000000
0.91266080,0.00000000
0.97793286,0.00000000
0.87864359,0.00000000
0.93811517,0.00000000
0.94644130,0.00000000
0.94425547,0.00000000
0.93775293,0.00000000
0.92481726,0.00000000
0.95968884,0.00000000
0.94772480,0.00000000
0.89311809,0.00000000
0.92037272,0.00000000
0.77911116,0.00000000
0.83988374,0.00000000
0.83336526,0.00000000
0.76528691,0.00000000
0.79707292,0.00000000
0.81942098,0.00000000
0.87544749,0.00000000
0.82611726,0.00000000
0.83543481,0.00000000
0.89527602,0.00000000
0.88572287,0.00000000
0.80866445,0.00000000
0.91264063,0.00000000
0.85626844,0.00000000
0.82925707,0.00000000
0.81174913,0.00000000
0.90053230,0.00000000
0.82458834,0.00000000
0.91107780,0.00000000
0.84380857,0.00000000
0.81693262,0.00000000
0.81494482,0.00000000
0.82852288,0.00000000
0.85407831,0.00000000
0.83116804,0.00000000
0.80945614,0.00000000
0.80425982,0.00000000
0.80189352,0.00000000
0.81851270,0.00000000
0.84741631,0.00000000
0.83146551,0.00000000
0.83951862,0.00000000
0.81681629,0.00000000
0.82546737,0.00000000
0.80567692,0.00000000
0.84034313,0.00000000
0.86084296,0.00000000
0.85211024,0.00000000
0.86885557,0.00000000
0.87760803,0.00000000
0.88882077,0.00000000
0.89064083,0.00000000
0.88691872,0.00000000
0.89879348,0.00000000
0.89586130,0.00000000
0.90625874,0.00000000
0.92858955,0.00000000
0.93930853,0.00000000
0.93637170,0.00000000
0.90000653,0.00000000
0.91611524,0.00000000
0.90875783,0.00000000
0.94460502,0.00000000
0.90315663,0.00000000
0.95847738,0.00000000
0.93622715,0.00000000
0.94263031,0.00000000
0.90448958,0.00000000
0.94125162,0.00000000
0.92901576,0.00000000
0.93467086,0.00000000
0.91593987,0.00000000
0.94264728,0.00000000
0.96392828,0.00000000
0.93172706,0.00000000
0.94218402,0.00000000
0.92341539,0.00000000
0.92785616,0.00000000
0.92926346,0.00000000
0.93024514,0.00000000
0.92029461,0.00000000
0.92170086,0.00000000
0.94737134,0.00000000
0.91925483,0.00000000
0.94249369,0.00000000
0.94494461,0.00000000
0.93506944,0.00000000
0.93813276,0.00000000
0.91363151,0.00000000
0.93458947,0.00000000
0.94404235,0.00000000
0.94333922,0.00000000
0.95160629,0.00000000
0.95730179,0.00000000
0.91481017,0.00000000
0.91560218,0.00000000
0.92845834,0.00000000
0.92481042,0.00000000
0.93485309,0.00000000
0.91710335,0.00000000
0.94243879,0.00000000
0.88073698,0.00000000
0.94227154,0.00000000
0.92119074,0.00000000
0.86031168,0.00000000
0.90610445,0.00000000
0.92515957,0.00000000
0.91574037,0.00000000
0.91301350,0.00000000
0.93720689,0.00000000
0.93342719,0.00000000
0.90980961,0.00000000
0.88346580,0.00000000
0.92344529,0.00000000
0.94267961,0.00000000
0.93413853,0.00000000
0.92300239,0.00000000
0.94012448,0.00000000
0.92349160,0.00000000
0.91392421,0.00000000
0.92983106,0.00000000
0.93514657,0.00000000
0.92613579,0.00000000
0.91851809,0.00000000
0.94250049,0.00000000
0.94445812,0.00000000
0.95992802,0.00000000
0.95373649,0.00000000
0.95846803,0.00000000
0.95067155,0.00000000
0.94096055,0.00000000
0.93014932,0.00000000
0.93701241,0.00000000
0.92278023,0.00000000
0.92914619,0.00000000
0.92070371,0.00000000
0.90912814,0.00000000
0.92515501,0.00000000
0.91913213,0.00000000
0.93784917,0.00000000
0.95244078,0.00000000
0.93351819,0.00000000
0.92347772,0.00000000
0.91830615,0.00000000
0.92279632,0.00000000
0.92764675,0.00000000
0.91163106,0.00000000
0.91831658,0.00000000
0.94152089,0.00000000
0.87912686,0.00000000
0.91473917,0.00000000
0.94293732,0.00000000
0.95547496,0.00000000
0.94301936,0.00000000
0.92554284,0.00000000
0.94493452,0.00000000
0.96301981,0.00000000
0.95494031,0.00000000
0.93744440,0.00000000
0.93824507,0.00000000
0.93628812,0.00000000
0.93135822,0.00000000
0.95226804,0.00000000
0.95272247,0.00000000
0.95140969,0.00000000
0.95362741,0.00000000
0.97136907,0.00000000
0.97967555,0.00000000
0.96122396,0.00000000
0.95848044,0.00000000
0.96393174,0.00000000
0.91211113,0.00000000
0.93432521,0.00000000
0.93515894,0.00000000
0.92765497,0.00000000
0.97093487,0.00000000
0.97828179,0.00000000
0.96748191,0.00000000
0.98066472,0.00000000
0.93642148,0.00000000
0.91928432,0.00000000
0.93377100,0.00000000
0.91683243,0.00000000
0.93986452,0.00000000
0.96591610,0.00000000
0.93537964,0.00000000
0.94610213,0.00000000
0.94429322,0.00000000
0.97457580,0.00000000
0.94680924,0.00000000
0.93887724,0.00000000
0.97435273,0.00000000
0.93935904,0.00000000
0.97009121,0.00000000
0.94355638,0.00000000
0.94018154,0.00000000
0.96477872,0.00000000
0.96034425,0.00000000
0.95944829,0.00000000
0.97027650,0.00000000
0.97329016,0.00000000
0.97098815,0.00000000
0.98134736,0.00000000
0.97483649,0.00000000
0.97207596,0.00000000
0.98039156,0.00000000
0.96247606,0.00000000
0.97224191,0.00000000
0.97921754,0.00000000
0.96748579,0.00000000
0.95369879,0.00000000
0.97326565,0.00000000
0.97897808,0.00000000
0.96854850,0.00000000
0.95181583,0.00000000
0.97296593,0.00000000
0.95136608,0.00000000
0.95976057,0.00000000
0.96216957,0.00000000
0.96020103,0.00000000
0.97207450,0.00000000
0.95415653,0.00000000
0.98691352,0.00000000
0.98474546,0.00000000
0.95982956,0.00000000
0.95487822,0.00000000
0.97024131,0.00000000
0.97053231,0.00000000
0.98456252,0.00000000
0.97398322,0.00000000
0.96659524,0.00000000
0.97391731,0.00000000
0.98163438,0.00000000
0.98054521,0.00000000
0.97898935,0.00000000
0.94505840,0.00000000
0.96557101,0.00000000
0.97092431,0.00000000
0.97562757,0.00000000
0.96397980,0.00000000
0.96106659,0.00000000
0.94807350,0.00000000
0.95631803,0.00000000
0.94158469,0.00000000
0.95671438,0.00000000
0.95012485,0.00000000
0.95423900,0.00000000
0.95651795,0.00000000
0.97132735,0.00000000
0.95081523,0.00000000
0.95477727,0.00000000
0.93856015,0.00000000
0.97383873,0.00000000
0.94453088,0.00000000
0.97733205,0.00000000
0.95839458,0.00000000
0.94572595,0.00000000
0.96492457,0.00000000
0.95653824,0.00000000
0.95771327,0.00000000
0.94563578,0.00000000
0.95815714,0.00000000
0.96522575,0.00000000
0.95376795,0.00000000
0.97255572,0.00000000
0.94645173,0.00000000
0.93348334,0.00000000
0.95741417,0.00000000
0.94228576,0.00000000
0.95056711,0.00000000
0.96219619,0.00000000
0.93679522,0.00000000
0.91471652,0.00000000
0.97193443,0.00000000
0.93851042,0.00000000
0.94230855,0.00000000
0.94757113,0.00000000
0.97921264,0.00000000
0.95948088,0.00000000
0.94858666,0.00000000
0.94790473,0.00000000
0.94754149,0.00000000
0.95352798,0.00000000
0.91801634,0.00000000
0.94255932,0.00000000
0.96688039,0.00000000
0.97506754,0.00000000
0.97171641,0.00000000
0.96036336,0.00000000
0.97193379,0.00000000
0.94091461,0.00000000
0.96524528,0.00000000
0.97964091,0.00000000
0.94387099,0.00000000
0.96323070,0.00000000
0.97067103,0.00000000
0.97033146,0.00000000
0.96323988,0.00000000
0.95947844,0.00000000
0.95820993,0.00000000
0.96901123,0.00000000
0.94520751,0.00000000
0.97516924,0.00000000
0.95559785,0.00000000
0.98377028,0.00000000
0.93804265,0.00000000
0.94689949,0.00000000
0.95426477,0.00000000
0.95599867,0.00000000
0.95018462,0.00000000
0.94705099,0.00000000
0.95897322,0.00000000
0.95656578,0.00000000
0.96038773,0.00000000
0.95162347,0.00000000
0.95674664,0.00000000
0.94753556,0.00000000
0.96675294,0.00000000
0.95590006,0.00000000
0.94197537,0.00000000
0.96211722,0.00000000
0.96612688,0.00000000
0.96062956,0.00000000
0.93532238,0.00000000
0.94200651,0.00000000
0.92858610,0.00000000
0.94509163,0.00000000
0.95593054,0.00000000
0.96206796,0.00000000
0.93135140,0.00000000
0.93697871,0.00000000
0.95782306,0.00000000
0.95845127,0.00000000
0.92970565,0.00000000
0.95234851,0.00000000
0.90091902,0.00000000
0.94774143,0.00000000
0.95779250,0.00000000
0.93446017,0.00000000
0.94042509,0.00000000
0.93775024,0.00000000
0.93388295,0.00000000
0.93916767,0.00000000
0.91691741,0.00000000
0.93852114,0.00000000
0.93434876,0.00000000
0.92297658,0.00000000
0.93827845,0.00000000
0.95442223,0.00000000
0.92910120,0.00000000
0.91653840,0.00000000
0.90103901,0.00000000
0.89116461,0.00000000
0.88861864,0.00000000
0.82573916,0.00000000
0.91148521,0.00000000
0.95087649,0.00000000
0.93148286,0.00000000
0.92114327,0.00000000
0.92882337,0.00000000
0.95207259,0.00000000
0.96048309,0.00000000
0.96557648,0.00000000
0.96337165,0.00000000
0.99179154,0.00000000
0.95807780,0.00000000
0.94694461,0.00000000
0.92602254,0.00000000
0.90985181,0.00000000
0.91806260,0.00000000
0.93512994,0.00000000
0.93994866,0.00000000
0.94011603,0.00000000
0.94289223,0.00000000
0.96088299,0.00000000
0.96430597,0.00000000
0.96942717,0.00000000
0.98016582,0.00000000
0.93147469,0.00000000
0.92664074,0.00000000
0.94066779,0.00000000
0.94171782,0.00000000
0.89060603,0.00000000
0.98149593,0.00000000
0.78154464,0.00000000
0.85308312,0.00000000
0.91153919,0.00000000
0.97193310,0.00000000
0.91364961,0.00000000
0.89762903,0.00000000
0.90929888,0.00000000
0.90593258,0.00000000
0.88605428,0.00000000
0.88818961,0.00000000
0.88029876,0.00000000
0.87081837,0.00000000
0.88142169,0.00000000
0.88585538,0.00000000
0.88485604,0.00000000
0.87998404,0.00000000
0.87366988,0.00000000
0.86868203,0.00000000
0.88611982,0.00000000
0.88626782,0.00000000
0.91016638,0.00000000
0.91589235,0.00000000
0.90213687,0.00000000
0.90907888,0.00000000
0.90586249,0.00000000
0.91805490,0.00000000
0.89482945,0.00000000
0.91931025,0.00000000
0.91875551,0.00000000
0.89393501,0.00000000
0.91757081,0.00000000
0.90391763,0.00000000
0.90867485,0.00000000
0.90719333,0.00000000
0.93286646,0.00000000
0.92528569,0.00000000
0.90967028,0.00000000
0.91522027,0.00000000
0.90259169,0.00000000
0.89755405,0.00000000
0.90035459,0.00000000
0.91787345,0.00000000
0.92287802,0.00000000
0.92079383,0.00000000
0.91642861,0.00000000
0.92005005,0.00000000
0.91707345,0.00000000
0.91632451,0.00000000
0.91691060,0.00000000
0.90677904,0.00000000
0.91671287,0.00000000
0.92903736,0.00000000
0.91931428,0.00000000
0.92857686,0.00000000
0.90115838,0.00000000
0.91622754,0.00000000
0.89638097,0.00000000
0.92416158,0.00000000
0.92912630,0.00000000
0.92385227,0.00000000
0.92084190,0.00000000
0.93210673,0.00000000
0.91689766,0.00000000
0.90651261,0.00000000
0.89832575,0.00000000
0.92646549,0.00000000
0.91947881,0.00000000
0.92417144,0.00000000
0.90479685,0.00000000
0.93224332,0.00000000
0.88993055,0.00000000
0.92534900,0.00000000
0.90447514,0.00000000
0.92569656,0.00000000
0.89988503,0.00000000
0.89701491,0.00000000
0.92152501,0.00000000
0.91688154,0.00000000
0.91834168,0.00000000
0.91670890,0.00000000
0.91781644,0.00000000
0.90891127,0.00000000
0.91623619,0.00000000
0.91381400,0.00000000
0.90178389,0.00000000
0.90897777,0.00000000
0.88725415,0.00000000
0.91285787,0.00000000
0.90583794,0.00000000
0.87602697,0.00000000
0.85466156,0.00000000
0.90305966,0.00000000
0.87662295,0.00000000
0.88764488,0.00000000
0.89687196,0.00000000
0.90550673,0.00000000
0.88861412,0.00000000
0.89923700,0.00000000
0.88403808,0.00000000
0.87619262,0.00000000
0.87598666,0.00000000
0.90819019,0.00000000
0.89855446,0.00000000
0.82035790,0.00000000
0.90509455,0.00000000
0.93857087,0.00000000
0.92340360,0.00000000
0.89430863,0.00000000
0.93701077,0.00000000
0.89186150,0.00000000
0.92980394,0.00000000
0.89685888,0.00000000
0.94666527,0.00000000
0.90906887,0.00000000
0.66858775,0.00000000
0.70576556,0.00000000
0.72384594,0.00000000
0.96596842,0.00000000
0.76503939,0.00000000
0.96218770,0.00000000
0.77719294,0.00000000
0.94513244,0.00000000
0.96702721,0.00000000
0.92832976,0.00000000
0.96014421,0.00000000
0.97100937,0.00000000
0.93392076,0.00000000
0.91391434,0.00000000
0.96360066,0.00000000
0.96806715,0.00000000
0.91123094,0.00000000
0.93135331,0.00000000
0.93672663,0.00000000
0.87551989,0.00000000
0.90069128,0.00000000
0.96155836,0.00000000
0.90128250,0.00000000
0.95754574,0.00000000
0.95301878,0.00000000
0.92271352,0.00000000
0.94719151,0.00000000
0.92864999,0.00000000
0.89704564,0.00000000
0.90243823,0.00000000
0.90119998,0.00000000
0.88671511,0.00000000
0.87027154,0.00000000
0.88016757,0.00000000
0.89659805,0.00000000
0.86063884,0.00000000
0.88949158,0.00000000
0.93781239,0.00000000
0.94043334,0.00000000
0.95858117,0.00000000
0.96958665,0.00000000
0.72581149,0.00000000
0.99294791,0.00000000
0.58080321,0.00000000
0.58105627,0.00000000
0.56487846,0.00000000
0.63145782,0.00000000
0.60669788,0.00000000
0.58707148,0.00000000
0.57617665,0.00000000
0.56421152,0.00000000
0.56230321,0.00000000
0.58731869,0.00000000
0.60230407,0.00000000
0.59640536,0.00000000
0.59891741,0.00000000
0.62997488,0.00000000
0.62601429,0.00000000
0.61348649,0.00000000
0.60835398,0.00000000
0.60459053,0.00000000
0.59977089,0.00000000
0.61105891,0.00000000
0.60397758,0.00000000
0.59113185,0.00000000
0.96803357,0.00000000
0.96054082,0.00000000
0.94648766,0.00000000
0.97022741,0.00000000
0.95709214,0.00000000
0.94368070,0.00000000
0.97873590,0.00000000
0.96115926,0.00000000
0.93820480,0.00000000
0.95236384,0.00000000
0.96397832,0.00000000
0.97694602,0.00000000
0.95802527,0.00000000
0.97262007,0.00000000
0.97243124,0.00000000
0.95680023,0.00000000
0.96774438,0.00000000
0.98015283,0.00000000
0.95822754,0.00000000
0.95780239,0.00000000
0.95197589,0.00000000
0.95387515,0.00000000
0.98354627,0.00000000
0.96931150,0.00000000
0.96688792,0.00000000
0.98014770,0.00000000
0.97240106,0.00000000
0.96305537,0.00000000
0.95499976,0.00000000
0.96401681,0.00000000
0.97175924,0.00000000
0.96935226,0.00000000
0.97213581,0.00000000
0.96005353,0.00000000
0.96077402,0.00000000
0.96579056,0.00000000
0.95300895,0.00000000
0.97821842,0.00000000
0.96835035,0.00000000
0.95984465,0.00000000
0.96199373,0.00000000
0.97546533,0.00000000
0.97034371,0.00000000
0.96728713,0.00000000
0.97643739,0.00000000
0.97277171,0.00000000
0.96925303,0.00000000
0.97335992,0.00000000
0.95082777,0.00000000
0.96342176,0.00000000
0.97173582,0.00000000
0.94459713,0.00000000
0.94656611,0.00000000
0.96879576,0.00000000
0.96608993,0.00000000
0.97088784,0.00000000
0.96195537,0.00000000
0.98397771,0.00000000
0.94741662,0.00000000
0.94115870,0.00000000
0.95741229,0.00000000
0.98557066,0.00000000
0.95734294,0.00000000
0.95235155,0.00000000
0.93796341,0.00000000
0.97473027,0.00000000
0.95315948,0.00000000
0.95496390,0.00000000
0.95073226,0.00000000
0.94567571,0.00000000
0.94769199,0.00000000
0.96854159,0.00000000
0.96600500,0.00000000
0.97798485,0.00000000
0.97096251,0.00000000
0.96775534,0.00000000
0.94584256,0.00000000
0.94351086,0.00000000
0.91005318,0.00000000
0.93133788,0.00000000
0.94707902,0.00000000
0.94302970,0.00000000
0.93591259,0.00000000
0.91365104,0.00000000
0.68773354,0.00000000
0.61806228,0.00000000
0.58036909,0.00000000
0.71888141,0.00000000
0.64545320,0.00000000
0.67559382,0.00000000
0.72540844,0.00000000
0.80702224,0.00000000
0.78911757,0.00000000
0.78828216,0.00000000
0.81978934,0.00000000
0.82755990,0.00000000
0.88116703,0.00000000
0.92515683,0.00000000
0.93631093,0.00000000
0.93879059,0.00000000
0.93175877,0.00000000
0.96061682,0.00000000
0.89101842,0.00000000
0.94326679,0.00000000
0.88558995,0.00000000
0.88468813,0.00000000
0.95312506,0.00000000
0.95755732,0.00000000
0.90036315,0.00000000
0.94116118,0.00000000
0.97704915,0.00000000
0.96277708,0.00000000
0.96636076,0.00000000
0.93687944,0.00000000
0.92594813,0.00000000
0.95159925,0.00000000
0.94511212,0.00000000
0.91386495,0.00000000
0.89847897,0.00000000
0.90205411,0.00000000
0.92334621,0.00000000
0.87812877,0.00000000
0.92016625,0.00000000
0.88912533,0.00000000
0.91081808,0.00000000
0.95744359,0.00000000
0.88954527,0.00000000
0.90286881,0.00000000
0.91571593,0.00000000
0.94385030,0.00000000
0.94494465,0.00000000
0.94306801,0.00000000
0.97328815,0.00000000
0.93929712,0.00000000
0.94627232,0.00000000
0.92172258,0.00000000
0.94279581,0.00000000
0.98700823,0.00000000
0.94973094,0.00000000
0.97951266,0.00000000
0.96573227,0.00000000
0.93227794,0.00000000
0.90658645,0.00000000
0.95275362,0.00000000
0.92461285,0.00000000
0.92136075,0.00000000
0.92497510,0.00000000
0.92631779,0.00000000
0.94049419,0.00000000
0.94692595,0.00000000
0.94235355,0.00000000
0.92993531,0.00000000
0.95731818,0.00000000
0.97819500,0.00000000
0.96163493,0.00000000
0.95829381,0.00000000
0.94496139,0.00000000
0.93289547,0.00000000
0.94623066,0.00000000
0.97360160,0.00000000
0.95365275,0.00000000
0.97898660,0.00000000
0.97773442,0.00000000
0.97684493,0.00000000
0.98534012,0.00000000
0.98731567,0.00000000
0.97586628,0.00000000
0.97530457,0.00000000
0.97933037,0.00000000
0.96940325,0.00000000
0.96200107,0.00000000
0.97772555,0.00000000
0.95060066,0.00000000
0.95515780,0.00000000
0.98652911,0.00000000
0.96730080,0.00000000
0.95645287,0.00000000
0.93537110,0.00000000
0.95862899,0.00000000
0.95873518,0.00000000
0.95909262,0.00000000
0.94131398,0.00000000
0.92986900,0.00000000
0.95810836,0.00000000
0.96081799,0.00000000
0.98276027,0.00000000
0.93770932,0.00000000
0.97305270,0.00000000
0.97471262,0.00000000
0.94935322,0.00000000
0.95086907,0.00000000
0.94833050,0.00000000
0.97661614,0.00000000
0.95837215,0.00000000
0.95906644,0.00000000
0.97341804,0.00000000
0.96190785,0.00000000
0.96108563,0.00000000
0.96765591,0.00000000
0.97141094,0.00000000
0.96809099,0.00000000
0.95087556,0.00000000
0.96603036,0.00000000
0.96057118,0.00000000
0.95703319,0.00000000
0.96889897,0.00000000
0.95365430,0.00000000
0.96633048,0.00000000
0.96651120,0.00000000
0.96904119,0.00000000
0.95276073,0.00000000
0.96803622,0.00000000
0.97677650,0.00000000
0.95124355,0.00000000
0.95721044,0.00000000
0.92459041,0.00000000
0.93061118,0.00000000
0.96011260,0.00000000
0.94909202,0.00000000
0.93641686,0.00000000
0.97241154,0.00000000
0.96707716,0.00000000
0.95009182,0.00000000
0.95311444,0.00000000
0.95397885,0.00000000
0.96032932,0.00000000
0.94450986,0.00000000
0.96198164,0.00000000
0.94886295,0.00000000
0.95412478,0.00000000
0.94295546,0.00000000
0.96580260,0.00000000
0.95010430,0.00000000
0.97441737,0.00000000
0.95603919,0.00000000
0.96114463,0.00000000
0.96744068,0.00000000
0.94820452,0.00000000
0.94394656,0.00000000
0.96305760,0.00000000
0.96610353,0.00000000
0.96433076,0.00000000
0.96456395,0.00000000
0.96018117,0.00000000
0.94324122,0.00000000
0.95777806,0.00000000
0.94962040,0.00000000
0.96356505,0.00000000
0.96716879,0.00000000
0.93779677,0.00000000
0.93531997,0.00000000
0.94153787,0.00000000
0.95108636,0.00000000
0.94601006,0.00000000
0.94848125,0.00000000
0.94035430,0.00000000
0.94302898,0.00000000
0.94419263,0.00000000
0.92481766,0.00000000
0.97106834,0.00000000
0.94869586,0.00000000
0.96390574,0.00000000
0.97213068,0.00000000
0.95317033,0.00000000
0.96594776,0.00000000
0.96322329,0.00000000
0.98951098,0.00000000
0.91777268,0.00000000
0.84597427,0.00000000
0.86260235,0.00000000
0.85905912,0.00000000
0.88735438,0.00000000
0.83261080,0.00000000
0.86555493,0.00000000
0.86266300,0.00000000
0.85833421,0.00000000
0.88749335,0.00000000
0.94017163,0.00000000
0.92239440,0.00000000
0.93112967,0.00000000
0.93979807,0.00000000
0.94434737,0.00000000
0.94608732,0.00000000
0.96451311,0.00000000
0.97920817,0.00000000
0.97332870,0.00000000
0.95651680,0.00000000
0.94578659,0.00000000
0.92534127,0.00000000
0.91670123,0.00000000
0.92820994,0.00000000
0.93718006,0.00000000
0.92748577,0.00000000
0.92554301,0.00000000
0.93376189,0.00000000
0.93244128,0.00000000
0.93230659,0.00000000
0.95031070,0.00000000
0.95941222,0.00000000
0.96578461,0.00000000
0.92294276,0.00000000
0.93148038,0.00000000
0.94900373,0.00000000
0.97409696,0.00000000
0.97283750,0.00000000
0.97344583,0.00000000
0.90648715,0.00000000
0.94233878,0.00000000
0.88815382,0.00000000
0.87528523,0.00000000
0.87242176,0.00000000
0.91722141,0.00000000
0.92711173,0.00000000
0.89888582,0.00000000
0.92302875,0.00000000
0.89614824,0.00000000
0.92191192,0.00000000
0.86886011,0.00000000
0.89309315,0.00000000
0.91685141,0.00000000
0.90127584,0.00000000
0.84182057,0.00000000
0.87048908,0.00000000
0.88641439,0.00000000
0.87269013,0.00000000
0.89819340,0.00000000
0.86907379,0.00000000
0.90705095,0.00000000
0.90322585,0.00000000
0.93040151,0.00000000
0.94912842,0.00000000
0.95382522,0.00000000
0.93064118,0.00000000
0.93896147,0.00000000
0.93109677,0.00000000
0.95568690,0.00000000
0.96046474,0.00000000
0.95845024,0.00000000
0.95139758,0.00000000
0.95469826,0.00000000
0.91989895,0.00000000
0.96619674,0.00000000
0.93680233,0.00000000
0.97626204,0.00000000
0.96795654,0.00000000
0.93713351,0.00000000
0.96462352,0.00000000
0.95629664,0.00000000
0.92777344,0.00000000
0.93504432,0.00000000
0.94483758,0.00000000
0.94575652,0.00000000
0.92595139,0.00000000
0.88722803,0.00000000
0.91063630,0.00000000
0.92125420,0.00000000
0.95703369,0.00000000
0.96431021,0.00000000
0.94300847,0.00000000
0.94522624,0.00000000
0.92944291,0.00000000
0.95305427,0.00000000
0.97177699,0.00000000
0.95471452,0.00000000
0.92985126,0.00000000
0.87342992,0.00000000
0.96261364,0.00000000
0.86837079,0.00000000
0.87012936,0.00000000
0.87293955,0.00000000
0.93945083,0.00000000
0.87895508,0.00000000
0.85215390,0.00000000
0.90014404,0.00000000
0.89697693,0.00000000
0.92749745,0.00000000
0.92624418,0.00000000
0.93565728,0.00000000
0.95130305,0.00000000
0.94338561,0.00000000
0.91800751,0.00000000
0.94575290,0.00000000
0.96043371,0.00000000
0.95398963,0.00000000
0.96827728,0.00000000
0.96324157,0.00000000
0.92710906,0.00000000
0.92816811,0.00000000
0.87546640,0.00000000
0.88586093,0.00000000
0.85305633,0.00000000
0.88614382,0.00000000
0.90804401,0.00000000
0.87073110,0.00000000
0.87004782,0.00000000
0.80538301,0.00000000
0.86226926,0.00000000
0.93294225,0.00000000
0.91973695,0.00000000
0.92441305,0.00000000
0.81337872,0.00000000
0.84274684,0.00000000
0.89205931,0.00000000
0.75105181,0.00000000
0.91108115,0.00000000
0.90044466,0.00000000
0.91624228,0.00000000
0.72998263,0.00000000
0.88388519,0.00000000
0.92058222,0.00000000
0.93466760,0.00000000
0.95203234,0.00000000
0.94917852,0.00000000
0.95456165,0.00000000
0.93017415,0.00000000
0.94049559,0.00000000
0.96184644,0.00000000
0.92334011,0.00000000
0.91343109,0.00000000
0.92166403,0.00000000
0.89327935,0.00000000
0.94332315,0.00000000
0.95332584,0.00000000
0.82865964,0.00000000
0.85700873,0.00000000
0.88119256,0.00000000
0.92346841,0.00000000
0.94705155,0.00000000
0.95210139,0.00000000
0.95338695,0.00000000
0.95545639,0.00000000
0.94624596,0.00000000
0.87437308,0.00000000
0.93441384,0.00000000
0.93409734,0.00000000
0.95601770,0.00000000
0.94244941,0.00000000
0.92562996,0.00000000
0.94409569,0.00000000
0.93816870,0.00000000
0.89906718,0.00000000
0.84501586,0.00000000
0.89563515,0.00000000
0.89562462,0.00000000
0.84841157,0.00000000
0.86624447,0.00000000
0.83865597,0.00000000
0.91392133,0.00000000
0.88984940,0.00000000
0.87194613,0.00000000
0.93212716,0.00000000
0.85231860,0.00000000
0.95142978,0.00000000
0.80949984,0.00000000
0.71800830,0.00000000
0.89356009,0.00000000
0.92757974,0.00000000
0.87897373,0.00000000
0.80877639,0.00000000
0.89495314,0.00000000
0.82086571,0.00000000
0.76310402,0.00000000
0.71275915,0.00000000
0.72644770,0.00000000
0.71980382,0.00000000
0.81507148,0.00000000
0.79743763,0.00000000
0.81476998,0.00000000
0.81422486,0.00000000
0.82436107,0.00000000
0.85300457,0.00000000
0.87652303,0.00000000
0.86782528,0.00000000
0.89157147,0.00000000
0.89479959,0.00000000
0.86622648,0.00000000
0.94755074,0.00000000
0.91652635,0.00000000
0.97360276,0.00000000
0.97352747,0.00000000
0.92984137,0.00000000
0.88126480,0.00000000
0.95394168,0.00000000
0.95376807,0.00000000
0.95534879,0.00000000
0.90761498,0.00000000
0.96577217,0.00000000
0.93938115,0.00000000
0.72285703,0.00000000
0.74166653,0.00000000
0.65705974,0.00000000
0.72571031,0.00000000
0.68624729,0.00000000
0.77291857,0.00000000
0.71810981,0.00000000
0.84241832,0.00000000
0.89314445,0.00000000
0.73235593,0.00000000
0.69597653,0.00000000
0.77833585,0.00000000
0.82513923,0.00000000
0.91990770,0.00000000
0.95934549,0.00000000
0.89986874,0.00000000
0.96674460,0.00000000
0.97346514,0.00000000
0.76693203,0.00000000
0.97393524,0.00000000
0.86612440,0.00000000
0.94611728,0.00000000
0.90208507,0.00000000
0.94893284,0.00000000
0.96916496,0.00000000
0.90194371,0.00000000
0.91092149,0.00000000
0.93165554,0.00000000
0.95318542,0.00000000
0.91203912,0.00000000
0.93896570,0.00000000
0.92405813,0.00000000
0.92239199,0.00000000
0.92526668,0.00000000
0.82956076,0.00000000
0.98879278,0.00000000
0.96898091,0.00000000
0.87629018,0.00000000
0.97905083,0.00000000
0.93816148,0.00000000
0.91714244,0.00000000
0.92623134,0.00000000
0.92601383,0.00000000
0.94910025,0.00000000
0.92702766,0.00000000
0.92646732,0.00000000
0.95242150,0.00000000
0.92244766,0.00000000
0.95046599,0.00000000
0.92714733,0.00000000
0.92674341,0.00000000
0.92290612,0.00000000
0.91965255,0.00000000
0.95338944,0.00000000
0.94317770,0.00000000
0.92618067,0.00000000
0.92218258,0.00000000
0.95917920,0.00000000
0.92503541,0.00000000
0.90979622,0.00000000
0.96199523,0.00000000
0.96508283,0.00000000
0.96985279,0.00000000
0.94078473,0.00000000
0.95782902,0.00000000
0.94308658,0.00000000
0.94774290,0.00000000
0.92265023,0.00000000
0.94852923,0.00000000
0.92592814,0.00000000
0.94068990,0.00000000
0.94604442,0.00000000
0.93491491,0.00000000
0.93841301,0.00000000
0.94388764,0.00000000
0.94956655,0.00000000
0.94525638,0.00000000
0.92205024,0.00000000
0.93218126,0.00000000
0.94186939,0.00000000
0.90415514,0.00000000
0.91677948,0.00000000
0.91824848,0.00000000
0.92605984,0.00000000
0.92683317,0.00000000
0.93360011,0.00000000
0.91198618,0.00000000
0.93000929,0.00000000
0.91057305,0.00000000
0.99110035,0.00000000
0.94990989,0.00000000
0.95099777,0.00000000
0.95678769,0.00000000
0.93671390,0.00000000
0.94147099,0.00000000
0.93093650,0.00000000
0.91128991,0.00000000
0.95599413,0.00000000
0.92919115,0.00000000
0.92853296,0.00000000
0.90666535,0.00000000
0.94966167,0.00000000
0.91701585,0.00000000
0.91250501,0.00000000
0.93381790,0.00000000
0.93964446,0.00000000
0.96197167,0.00000000
0.95731178,0.00000000
0.92643697,0.00000000
0.94873256,0.00000000
0.93744086,0.00000000
0.96054484,0.00000000
0.95775313,0.00000000
0.96694327,0.00000000
0.95265561,0.00000000
0.94615534,0.00000000
0.94813440,0.00000000
0.96756361,0.00000000
0.95047197,0.00000000
0.96053921,0.00000000
0.95204855,0.00000000
0.95874492,0.00000000
0.95013839,0.00000000
0.97813490,0.00000000
0.97721018,0.00000000
0.96418212,0.00000000
0.96358507,0.00000000
0.94175530,0.00000000
0.96754007,0.00000000
0.93907140,0.00000000
0.94126313,0.00000000
0.93654757,0.00000000
0.94934837,0.00000000
0.95756441,0.00000000
0.96063105,0.00000000
0.95466877,0.00000000
0.93828288,0.00000000
0.96354127,0.00000000
0.98045180,0.00000000
0.93361066,0.00000000
0.92541902,0.00000000
0.92241854,0.00000000
0.94256830,0.00000000
0.93260414,0.00000000
0.97692970,0.00000000
0.89935137,0.00000000
0.96114656,0.00000000
0.95903832,0.00000000
0.97303160,0.00000000
0.95781362,0.00000000
0.97133368,0.00000000
0.97134786,0.00000000
0.96011951,0.00000000
0.96283572,0.00000000
0.98908893,0.00000000
0.93990669,0.00000000
0.96506050,0.00000000
0.97844893,0.00000000
0.98459819,0.00000000
0.97120105,0.00000000
0.95169896,0.00000000
0.95309944,0.00000000
0.93122081,0.00000000
0.91737783,0.00000000
0.91313806,0.00000000
0.92298374,0.00000000
0.94743756,0.00000000
0.87106276,0.00000000
0.82136657,0.00000000
0.87601031,0.00000000
0.87919386,0.00000000
0.83999582,0.00000000
0.82885196,0.00000000
0.82509630,0.00000000
0.80800820,0.00000000
0.89024722,0.00000000
0.87397922,0.00000000
0.88426974,0.00000000
0.86510272,0.00000000
0.83394378,0.00000000
0.85758669,0.00000000
0.86914879,0.00000000
0.88914177,0.00000000
0.89045663,0.00000000
0.86957133,0.00000000
0.87583252,0.00000000
0.83079348,0.00000000
0.78944766,0.00000000
0.86381367,0.00000000
0.78594604,0.00000000
0.85576629,0.00000000
0.82579051,0.00000000
0.84650490,0.00000000
0.85082215,0.00000000
0.87633790,0.00000000
0.85246514,0.00000000
0.88915267,0.00000000
0.90057613,0.00000000
0.89837130,0.00000000
0.92225511,0.00000000
0.92289207,0.00000000
0.93415565,0.00000000
0.93074441,0.00000000
0.92873847,0.00000000
0.94152614,0.00000000
0.93070740,0.00000000
0.95283121,0.00000000
0.95030685,0.00000000
0.95946749,0.00000000
0.95687376,0.00000000
0.92964230,0.00000000
0.91834965,0.00000000
0.95502036,0.00000000
0.94161943,0.00000000
0.94538908,0.00000000
0.93871960,0.00000000
0.93492900,0.00000000
0.92419422,0.00000000
0.96514821,0.00000000
0.97754783,0.00000000
0.96710549,0.00000000
0.97484724,0.00000000
0.97598707,0.00000000
0.96370397,0.00000000
0.95222729,0.00000000
0.95952344,0.00000000
0.96055755,0.00000000
0.95226932,0.00000000
0.95242685,0.00000000
0.96243368,0.00000000
0.93368540,0.00000000
0.94432960,0.00000000
0.94625934,0.00000000
0.91534521,0.00000000
0.92027770,0.00000000
0.90654735,0.00000000
0.94454267,0.00000000
0.91176626,0.00000000
0.92075523,0.00000000
0.94101048,0.00000000
0.92378825,0.00000000
0.91654603,0.00000000
0.92787593,0.00000000
0.94817610,0.00000000
0.93130273,0.00000000
0.89792963,0.00000000
0.90551380,0.00000000
0.96439192,0.00000000
0.95598408,0.00000000
0.96778049,0.00000000
0.89623111,0.00000000
0.88539212,0.00000000
0.93860299,0.00000000
0.94273072,0.00000000
0.99526766,0.00000000
0.94950496,0.00000000
0.95146178,0.00000000
0.94766580,0.00000000
0.94877552,0.00000000
0.94534956,0.00000000
0.92290164,0.00000000
0.92757947,0.00000000
0.94686779,0.00000000
0.92571764,0.00000000
0.93925570,0.00000000
0.91355628,0.00000000
0.90916563,0.00000000
0.93009736,0.00000000
0.93440645,0.00000000
0.94798163,0.00000000
0.95191981,0.00000000
0.94555551,0.00000000
0.94329609,0.00000000
0.94529088,0.00000000
0.93293907,0.00000000
0.90129058,0.00000000
0.95449510,0.00000000
0.93044188,0.00000000
0.94167887,0.00000000
0.92331233,0.00000000
0.96222803,0.00000000
0.94981293,0.00000000
0.95065012,0.00000000
0.94553604,0.00000000
0.90929192,0.00000000
0.96316677,0.00000000
0.97421134,0.00000000
0.94470498,0.00000000
0.93523730,0.00000000
0.93383511,0.00000000
0.90425585,0.00000000
0.93198645,0.00000000
0.95872159,0.00000000
0.95872705,0.00000000
0.92947860,0.00000000
0.94373764,0.00000000
0.94268265,0.00000000
0.94436588,0.00000000
0.95370881,0.00000000
0.97756991,0.00000000
0.91098846,0.00000000
0.93445276,0.00000000
0.95408066,0.00000000
0.95556610,0.00000000
0.96061021,0.00000000
0.32669656,0.00000000
0.33247862,0.00000000
0.34779337,0.00000000
0.34184388,0.00000000
0.34138753,0.00000000
0.94881326,0.00000000
0.94722186,0.00000000
0.94849361,0.00000000
0.95184026,0.00000000
0.93746916,0.00000000
0.95327942,0.00000000
0.97314383,0.00000000
0.96190267,0.00000000
0.94351718,0.00000000
0.93589411,0.00000000
0.93104996,0.00000000
0.94014086,0.00000000
0.91697997,0.00000000
0.89575707,0.00000000
0.91575204,0.00000000
0.93814316,0.00000000
0.94422571,0.00000000
0.95330617,0.00000000
0.96483884,0.00000000
0.91570084,0.00000000
0.96498534,0.00000000
0.97575790,0.00000000
0.95745566,0.00000000
0.92509702,0.00000000
0.96719278,0.00000000
0.96557776,0.00000000
0.90800375,0.00000000
0.93882993,0.00000000
0.92256305,0.00000000
0.90679076,0.00000000
0.95858770,0.00000000
0.94461703,0.00000000
0.90754553,0.00000000
0.94152289,0.00000000
0.91183789,0.00000000
0.93286344,0.00000000
0.92606962,0.00000000
0.93649344,0.00000000
0.94216009,0.00000000
0.92956976,0.00000000
0.95467457,0.00000000
0.93093387,0.00000000
0.93629889,0.00000000
0.93980918,0.00000000
0.96415651,0.00000000
0.93742488,0.00000000
0.93281757,0.00000000
0.93757821,0.00000000
0.94496691,0.00000000
0.93788927,0.00000000
0.96099798,0.00000000
0.95972991,0.00000000
0.93543644,0.00000000
0.91738173,0.00000000
0.94695546,0.00000000
0.95522741,0.00000000
0.96310003,0.00000000
0.94569062,0.00000000
0.90511792,0.00000000
0.89313557,0.00000000
0.86064936,0.00000000
0.88203513,0.00000000
0.89621200,0.00000000
0.92573558,0.00000000
0.92551791,0.00000000
0.91948160,0.00000000
0.93829763,0.00000000
0.88828315,0.00000000
0.88020049,0.00000000
0.95814672,0.00000000
0.92714893,0.00000000
0.87008548,0.00000000
0.79213053,0.00000000
0.86148182,0.00000000
0.88422471,0.00000000
0.88738672,0.00000000
0.90358409,0.00000000
0.89510911,0.00000000
0.93271133,0.00000000
0.98104017,0.00000000
0.94418094,0.00000000
0.95757948,0.00000000
0.97341236,0.00000000
0.94788558,0.00000000
0.93186230,0.00000000
0.95952369,0.00000000
0.96965702,0.00000000
0.94675901,0.00000000
0.94446039,0.00000000
0.92402964,0.00000000
0.95145200,0.00000000
0.93351715,0.00000000
0.94022863,0.00000000
0.94629586,0.00000000
0.93780623,0.00000000
0.94837586,0.00000000
0.91905654,0.00000000
0.94249130,0.00000000
0.95596653,0.00000000
0.94797441,0.00000000
0.93631172,0.00000000
0.92788417,0.00000000
0.89693765,0.00000000
0.92896693,0.00000000
0.94388099,0.00000000
0.93218167,0.00000000
0.94331390,0.00000000
0.95390208,0.00000000
0.95572678,0.00000000
0.96285664,0.00000000
0.96566357,0.00000000
0.96055285,0.00000000
0.97671836,0.00000000
0.96218838,0.00000000
0.96044800,0.00000000
0.93145451,0.00000000
0.94982206,0.00000000
0.92797031,0.00000000
0.94913917,0.00000000
0.93936981,0.00000000
0.94901582,0.00000000
0.93559601,0.00000000
0.93326674,0.00000000
0.92553182,0.00000000
0.92852802,0.00000000
0.91076905,0.00000000
0.90306297,0.00000000
0.91974121,0.00000000
0.91965069,0.00000000
0.91450667,0.00000000
0.89652625,0.00000000
0.93903025,0.00000000
0.88086135,0.00000000
0.92671959,0.00000000
0.94937377,0.00000000
0.96672305,0.00000000
0.93337032,0.00000000
0.95826801,0.00000000
0.95527975,0.00000000
0.93722105,0.00000000
0.95219154,0.00000000
0.92635073,0.00000000
0.89398413,0.00000000
0.88924083,0.00000000
0.91448698,0.00000000
0.94000978,0.00000000
0.93125467,0.00000000
0.95049560,0.00000000
0.97432111,0.00000000
0.94509800,0.00000000
0.96979908,0.00000000
0.94773122,0.00000000
0.95603738,0.00000000
0.95839705,0.00000000
0.97777337,0.00000000
0.96008297,0.00000000
0.96728470,0.00000000
0.96567233,0.00000000
0.95001675,0.00000000
0.96303935,0.00000000
0.95697840,0.00000000
0.94735931,0.00000000
0.93412789,0.00000000
0.95421478,0.00000000
0.93022929,0.00000000
0.94407320,0.00000000
0.97226750,0.00000000
0.97377806,0.00000000
0.96150962,0.00000000
0.95637478,0.00000000
0.96700186,0.00000000
0.97290732,0.00000000
0.97740364,0.00000000
0.96692461,0.00000000
0.96510688,0.00000000
0.98384334,0.00000000
0.96891534,0.00000000
0.92904154,0.00000000
0.95785356,0.00000000
0.95691924,0.00000000
0.94303355,0.00000000
0.95996318,0.00000000
0.94159843,0.00000000
0.89919963,0.00000000
0.86271206,0.00000000
0.89639263,0.00000000
0.91757750,0.00000000
0.93087378,0.00000000
0.91098335,0.00000000
0.94318627,0.00000000
0.93492701,0.00000000
0.94609000,0.00000000
0.94414056,0.00000000
0.75158788,0.00000000
0.97647191,0.00000000
0.95315089,0.00000000
0.94650945,0.00000000
0.97456709,0.00000000
0.92131400,0.00000000
0.94841894,0.00000000
0.92164443,0.00000000
0.91727171,0.00000000
0.96680324,0.00000000
0.95655238,0.00000000
0.91929705,0.00000000
0.92313358,0.00000000
0.91838824,0.00000000
0.91437701,0.00000000
0.90965071,0.00000000
0.76173977,0.00000000
0.94354334,0.00000000
0.82629466,0.00000000
0.82795283,0.00000000
0.87660090,0.00000000
0.85601083,0.00000000
0.85074352,0.00000000
0.92248579,0.00000000
0.90192938,0.00000000
0.92306526,0.00000000
0.91905027,0.00000000
0.91136157,0.00000000
0.91845331,0.00000000
0.92577244,0.00000000
0.87874544,0.00000000
0.85585018,0.00000000
0.90424719,0.00000000
0.90503641,0.00000000
0.91654099,0.00000000
0.89184928,0.00000000
0.92059359,0.00000000
0.91236496,0.00000000
0.94602913,0.00000000
0.95310029,0.00000000
0.97607143,0.00000000
0.94702338,0.00000000
0.91359694,0.00000000
0.92169184,0.00000000
0.94151794,0.00000000
0.91801182,0.00000000
0.93049507,0.00000000
0.92587299,0.00000000
0.93375631,0.00000000
0.93472752,0.00000000
0.92083279,0.00000000
0.94313223,0.00000000
0.93914560,0.00000000
0.95633500,0.00000000
0.95792247,0.00000000
0.94395866,0.00000000
0.93982983,0.00000000
0.96749216,0.00000000
0.95330466,0.00000000
0.96084422,0.00000000
0.92063908,0.00000000
0.91628550,0.00000000
0.92769440,0.00000000
0.89841175,0.00000000
0.90754473,0.00000000
0.93746124,0.00000000
0.94974443,0.00000000
0.93850858,0.00000000
0.94091029,0.00000000
0.93279630,0.00000000
0.95677541,0.00000000
0.93843239,0.00000000
0.95367853,0.00000000
0.93216478,0.00000000
0.94428700,0.00000000
0.92383807,0.00000000
0.92879197,0.00000000
0.94916081,0.00000000
0.94119723,0.00000000
0.94284256,0.00000000
0.95174638,0.00000000
0.93750419,0.00000000
0.93692723,0.00000000
0.92685057,0.00000000
0.90558055,0.00000000
0.91091129,0.00000000
0.92623711,0.00000000
0.91003720,0.00000000
0.92734458,0.00000000
0.91277819,0.00000000
0.92182143,0.00000000
0.89782164,0.00000000
0.83126216,0.00000000
0.90407874,0.00000000
0.94830498,0.00000000
0.94725623,0.00000000
0.88817046,0.00000000
0.85162982,0.00000000
0.92225425,0.00000000
0.96851668,0.00000000
0.79455604,0.00000000
0.83279377,0.00000000
0.75348695,0.00000000
0.82912782,0.00000000
0.89716154,0.00000000
0.78475695,0.00000000
0.79036966,0.00000000
0.69373800,0.00000000
0.69610538,0.00000000
0.80578040,0.00000000
0.71832777,0.00000000
0.73314555,0.00000000
0.72078731,0.00000000
0.64540140,0.00000000
0.65530167,0.00000000
0.62103314,0.00000000
0.69410305,0.00000000
0.79121023,0.00000000
0.76256918,0.00000000
0.78047956,0.00000000
0.76049381,0.00000000
0.62391752,0.00000000
0.74209233,0.00000000
0.68839924,0.00000000
0.81349508,0.00000000
0.75896324,0.00000000
0.78895364,0.00000000
0.76808613,0.00000000
0.74654679,0.00000000
0.85383536,0.00000000
0.80812810,0.00000000
0.89830347,0.00000000
0.81402151,0.00000000
0.85516879,0.00000000
0.83225032,0.00000000
0.88668771,0.00000000
0.85207286,0.00000000
0.91020082,0.00000000
0.94433340,0.00000000
0.98986990,0.00000000
0.91495193,0.00000000
0.93541367,0.00000000
0.93633049,0.00000000
0.93758307,0.00000000
0.93912586,0.00000000
0.93493030,0.00000000
0.94276029,0.00000000
0.95761684,0.00000000
0.95569847,0.00000000
0.93389466,0.00000000
0.92884357,0.00000000
0.88887037,0.00000000
0.89075639,0.00000000
0.82282026,0.00000000
0.86860315,0.00000000
0.90137136,0.00000000
0.85273254,0.00000000
0.88351717,0.00000000
0.89080878,0.00000000
0.88055107,0.00000000
0.93292987,0.00000000
0.87342516,0.00000000
0.92497103,0.00000000
0.87849908,0.00000000
0.86400148,0.00000000
0.91342276,0.00000000
0.89114756,0.00000000
0.94542263,0.00000000
0.94266513,0.00000000
0.92428938,0.00000000
0.93721879,0.00000000
0.93620760,0.00000000
0.88105108,0.00000000
0.93453568,0.00000000
0.92778063,0.00000000
0.96080034,0.00000000
0.93758674,0.00000000
0.91859685,0.00000000
0.95438799,0.00000000
0.92784995,0.00000000
0.95120381,0.00000000
0.94919679,0.00000000
0.97536238,0.00000000
0.94166982,0.00000000
0.96658096,0.00000000
0.91346122,0.00000000
0.94852175,0.00000000
0.91381975,0.00000000
0.94395879,0.00000000
0.96331005,0.00000000
0.90267079,0.00000000
0.90358798,0.00000000
0.94300604,0.00000000
0.91403116,0.00000000
0.86789434,0.00000000
0.85779074,0.00000000
0.85714206,0.00000000
0.87976754,0.00000000
0.87282322,0.00000000
0.87065143,0.00000000
0.88568230,0.00000000
0.87618042,0.00000000
0.88995392,0.00000000
0.87746688,0.00000000
0.87570525,0.00000000
0.85955167,0.00000000
0.87208683,0.00000000
0.82292610,0.00000000
0.82076483,0.00000000
0.81103746,0.00000000
0.83437432,0.00000000
0.81394994,0.00000000
0.81745426,0.00000000
0.84338513,0.00000000
0.87191957,0.00000000
0.91025121,0.00000000
0.90804739,0.00000000
0.91072368,0.00000000
0.92960755,0.00000000
0.94525522,0.00000000
0.90940180,0.00000000
0.91203057,0.00000000
0.89524237,0.00000000
0.89365890,0.00000000
0.88473282,0.00000000
0.91904278,0.00000000
0.91400768,0.00000000
0.96051915,0.00000000
0.91329476,0.00000000
0.90978243,0.00000000
0.95398540,0.00000000
0.91004258,0.00000000
0.92499867,0.00000000
0.93532628,0.00000000
0.94810195,0.00000000
0.93320734,0.00000000
0.96222492,0.00000000
0.95360346,0.00000000
0.94137324,0.00000000
0.91558752,0.00000000
0.92778473,0.00000000
0.93245006,0.00000000
0.96880298,0.00000000
0.95498383,0.00000000
0.94700044,0.00000000
0.94775406,0.00000000
0.97638122,0.00000000
0.96287571,0.00000000
0.97351317,0.00000000
0.94067762,0.00000000
0.96282137,0.00000000
0.97212226,0.00000000
0.96594738,0.00000000
0.95817948,0.00000000
0.95482061,0.00000000
0.93680307,0.00000000
0.93259926,0.00000000
0.92538686,0.00000000
0.92579666,0.00000000
0.90823493,0.00000000
0.90454716,0.00000000
0.94582947,0.00000000
0.94712460,0.00000000
0.93474095,0.00000000
0.92074888,0.00000000
0.94585135,0.00000000
0.94482019,0.00000000
0.92941634,0.00000000
0.96918434,0.00000000
0.95470049,0.00000000
0.91821787,0.00000000
0.90948973,0.00000000
0.93261758,0.00000000
0.92665303,0.00000000
0.96199024,0.00000000
0.96248595,0.00000000
0.94326035,0.00000000
0.91812026,0.00000000
0.93440751,0.00000000
0.90512931,0.00000000
0.93051166,0.00000000
0.95748429,0.00000000
0.93466149,0.00000000
0.95594846,0.00000000
0.95550279,0.00000000
0.94425534,0.00000000
0.94916026,0.00000000
0.97229710,0.00000000
0.75623475,0.00000000
0.95390820,0.00000000
0.91755909,0.00000000
0.91883308,0.00000000
0.94447248,0.00000000
0.92558982,0.00000000
0.95424206,0.00000000
0.92743889,0.00000000
0.84921085,0.00000000
0.94812665,0.00000000
0.94378335,0.00000000
0.94308401,0.00000000
0.90629175,0.00000000
0.90930011,0.00000000
0.93363929,0.00000000
0.90885180,0.00000000
0.76578979,0.00000000
0.93066654,0.00000000
0.85744141,0.00000000
0.86468610,0.00000000
0.88429500,0.00000000
0.95321687,0.00000000
0.76442885,0.00000000
0.92383852,0.00000000
0.89994469,0.00000000
0.77698602,0.00000000
0.91306045,0.00000000
0.94393742,0.00000000
0.85248480,0.00000000
0.84827375,0.00000000
0.86579577,0.00000000
0.89853823,0.00000000
0.86313883,0.00000000
0.87808117,0.00000000
0.83156867,0.00000000
0.71297801,0.00000000
0.97893626,0.00000000
0.79115635,0.00000000
0.84087296,0.00000000
0.92674649,0.00000000
0.92418118,0.00000000
0.93942084,0.00000000
0.97398530,0.00000000
0.93287865,0.00000000
0.83492723,0.00000000
0.95587051,0.00000000
0.92345440,0.00000000
0.95888882,0.00000000
0.75774173,0.00000000
0.76275427,0.00000000
0.75587480,0.00000000
0.75036151,0.00000000
0.91338171,0.00000000
0.88334901,0.00000000
0.87089241,0.00000000
0.95341042,0.00000000
0.92195031,0.00000000
0.97010274,0.00000000
0.90546611,0.00000000
0.89917576,0.00000000
0.94060184,0.00000000
0.92077528,0.00000000
0.95342070,0.00000000
0.91641952,0.00000000
0.95539187,0.00000000
0.92528672,0.00000000
0.93479580,0.00000000
0.92207039,0.00000000
0.92593219,0.00000000
0.94811666,0.00000000
0.91858147,0.00000000
0.91450982,0.00000000
0.95181432,0.00000000
0.93938088,0.00000000
0.95936973,0.00000000
0.95878537,0.00000000
0.93549496,0.00000000
0.96023836,0.00000000
0.92547775,0.00000000
0.87811840,0.00000000
0.89709202,0.00000000
0.91713182,0.00000000
0.92297622,0.00000000
0.94122169,0.00000000
0.93408911,0.00000000
0.95446457,0.00000000
0.94668473,0.00000000
0.79433355,0.00000000
0.78635362,0.00000000
0.79316225,0.00000000
0.83053116,0.00000000
0.81778479,0.00000000
0.81660109,0.00000000
0.75341162,0.00000000
0.79197058,0.00000000
0.74155007,0.00000000
0.66833913,0.00000000
0.78984872,0.00000000
0.78833900,0.00000000
0.87152010,0.00000000
0.86348909,0.00000000
0.85769357,0.00000000
0.87727993,0.00000000
0.86393625,0.00000000
0.90192213,0.00000000
0.81860113,0.00000000
0.92919517,0.00000000
0.81649452,0.00000000
0.84126855,0.00000000
0.94503797,0.00000000
0.79221882,0.00000000
0.82219501,0.00000000
0.76576774,0.00000000
0.79751700,0.00000000
0.84588720,0.00000000
0.86383499,0.00000000
0.85675241,0.00000000
0.85763925,0.00000000
0.83246772,0.00000000
0.88960538,0.00000000
0.81563647,0.00000000
0.85739428,0.00000000
0.89418225,0.00000000
0.81399179,0.00000000
0.81689793,0.00000000
0.82943833,0.00000000
0.79206623,0.00000000
0.77436470,0.00000000
0.81704355,0.00000000
0.92117771,0.00000000
0.79786070,0.00000000
0.91055585,0.00000000
0.94399099,0.00000000
0.95874872,0.00000000
0.77237781,0.00000000
0.93790117,0.00000000
0.75743777,0.00000000
0.75602013,0.00000000
0.75666002,0.00000000
0.76891750,0.00000000
0.76013998,0.00000000
0.75771418,0.00000000
0.76911480,0.00000000
0.79319645,0.00000000
0.80089840,0.00000000
0.78029062,0.00000000
0.78737424,0.00000000
0.79900089,0.00000000
0.79489492,0.00000000
0.92213049,0.00000000
0.88599421,0.00000000
0.91266505,0.00000000
0.82429765,0.00000000
0.95658010,0.00000000
0.76913786,0.00000000
0.81350612,0.00000000
0.81039985,0.00000000
0.83861019,0.00000000
0.82213386,0.00000000
0.84848754,0.00000000
0.90199633,0.00000000
0.94294334,0.00000000
0.81766433,0.00000000
0.84515739,0.00000000
0.87819286,0.00000000
0.80770777,0.00000000
0.94301924,0.00000000
0.87010803,0.00000000
0.87105511,0.00000000
0.89585549,0.00000000
0.90570934,0.00000000
0.88878470,0.00000000
0.89071061,0.00000000
0.90896960,0.00000000
0.92353635,0.00000000
0.89631691,0.00000000
0.95552688,0.00000000
0.92761805,0.00000000
0.92916897,0.00000000
0.72561343,0.00000000
0.94133328,0.00000000
0.95086383,0.00000000
0.95660183,0.00000000
0.91204812,0.00000000
0.87589811,0.00000000
0.87071832,0.00000000
0.88769814,0.00000000
0.92501303,0.00000000
0.95612173,0.00000000
0.93769519,0.00000000
0.93419545,0.00000000
0.95327705,0.00000000
0.97287978,0.00000000
0.93262335,0.00000000
0.96124537,0.00000000
0.91676213,0.00000000
0.92403652,0.00000000
0.98131061,0.00000000
0.98316818,0.00000000
0.97156667,0.00000000
0.97072544,0.00000000
0.97849640,0.00000000
0.95816381,0.00000000
0.95774739,0.00000000
0.95900437,0.00000000
0.98992681,0.00000000
0.96380623,0.00000000
0.97560766,0.00000000
0.98360283,0.00000000
0.95367982,0.00000000
0.96174687,0.00000000
0.96138065,0.00000000
0.94392962,0.00000000
0.94754563,0.00000000
0.92486198,0.00000000
0.96052248,0.00000000
0.95277593,0.00000000
0.95695338,0.00000000
0.93586634,0.00000000
0.93089095,0.00000000
0.97517269,0.00000000
0.99092749,0.00000000
0.97809963,0.00000000
0.96751692,0.00000000
0.95906436,0.00000000
0.93834370,0.00000000
0.93842119,0.00000000
0.95548993,0.00000000
0.94716727,0.00000000
0.93119056,0.00000000
0.93690022,0.00000000
0.96192674,0.00000000
0.94790412,0.00000000
0.97617215,0.00000000
0.96825238,0.00000000
0.97272301,0.00000000
0.96940420,0.00000000
0.97207360,0.00000000
0.92487253,0.00000000
0.94378444,0.00000000
0.92140662,0.00000000
0.96310571,0.00000000
0.92011383,0.00000000
0.93797923,0.00000000
0.93276154,0.00000000
0.91929576,0.00000000
0.92379339,0.00000000
0.94596318,0.00000000
0.93491273,0.00000000
0.94642752,0.00000000
0.97949452,0.00000000
0.97902839,0.00000000
0.97476317,0.00000000
0.98446239,0.00000000
0.94768664,0.00000000
0.90823323,0.00000000
0.93186278,0.00000000
0.92987379,0.00000000
0.96409695,0.00000000
0.92840548,0.00000000
0.94070880,0.00000000
0.94920531,0.00000000
0.90754393,0.00000000
0.92478395,0.00000000
0.93240500,0.00000000
0.92111327,0.00000000
0.96000414,0.00000000
0.94234033,0.00000000
0.94363461,0.00000000
0.91152618,0.00000000
0.94304239,0.00000000
0.92576257,0.00000000
0.95617932,0.00000000
0.92998320,0.00000000
0.98030200,0.00000000
0.93052797,0.00000000
0.90866545,0.00000000
0.91752961,0.00000000
0.92911344,0.00000000
0.93048008,0.00000000
0.92258525,0.00000000
0.93000702,0.00000000
0.94386148,0.00000000
0.92694897,0.00000000
0.96233278,0.00000000
0.92758423,0.00000000
0.93846838,0.00000000
0.94988864,0.00000000
0.92552958,0.00000000
0.91472975,0.00000000
0.94570693,0.00000000
0.94096154,0.00000000
0.97468674,0.00000000
0.91941320,0.00000000
0.94376025,0.00000000
0.97219106,0.00000000
0.97356020,0.00000000
0.94306276,0.00000000
0.94857788,0.00000000
0.97586543,0.00000000
0.95198720,0.00000000
0.95973155,0.00000000
0.95130834,0.00000000
0.96539607,0.00000000
0.95783207,0.00000000
0.95785539,0.00000000
0.97354478,0.00000000
0.97576156,0.00000000
0.96294318,0.00000000
0.95250212,0.00000000
0.91096095,0.00000000
0.91062049,0.00000000
0.93938383,0.00000000
0.87767257,0.00000000
0.94835973,0.00000000
0.95936624,0.00000000
0.96775140,0.00000000
0.91664595,0.00000000
0.49453428,0.00000000
0.87680350,0.00000000
0.90098602,0.00000000
0.91468047,0.00000000
0.88730060,0.00000000
0.87886432,0.00000000
0.81570487,0.00000000
0.77268224,0.00000000
0.81737476,0.00000000
0.82337966,0.00000000
0.80838363,0.00000000
0.86849791,0.00000000
0.85456605,0.00000000
0.88374161,0.00000000
0.87189872,0.00000000
0.81661840,0.00000000
0.80980346,0.00000000
0.83311748,0.00000000
0.82259414,0.00000000
0.77841446,0.00000000
0.71617481,0.00000000
0.67023179,0.00000000
0.65559671,0.00000000
0.67306995,0.00000000
0.72871826,0.00000000
0.83217437,0.00000000
0.97176688,0.00000000
0.92762537,0.00000000
0.92913637,0.00000000
0.90280041,0.00000000
0.95330977,0.00000000
0.92154902,0.00000000
0.97021724,0.00000000
0.95644408,0.00000000
0.95023623,0.00000000
0.91593168,0.00000000
0.94528257,0.00000000
0.92913286,0.00000000
0.92560841,0.00000000
0.90659897,0.00000000
0.92229317,0.00000000
0.94955908,0.00000000
0.98340207,0.00000000
0.97317438,0.00000000
0.93751036,0.00000000
0.95432680,0.00000000
0.95912324,0.00000000
0.97999957,0.00000000
0.98426708,0.00000000
0.93956853,0.00000000
0.93222300,0.00000000
0.95690759,0.00000000
0.96045842,0.00000000
0.95890217,0.00000000
0.94170891,0.00000000
0.95599625,0.00000000
0.95089774,0.00000000
0.86450342,0.00000000
0.91031609,0.00000000
0.91088645,0.00000000
0.84152048,0.00000000
0.95472339,0.00000000
0.95843390,0.00000000
0.94287457,0.00000000
0.92975368,0.00000000
0.90586805,0.00000000
0.90240030,0.00000000
0.91437685,0.00000000
0.90693642,0.00000000
0.92371024,0.00000000
0.91727509,0.00000000
0.94079743,0.00000000
0.96402696,0.00000000
0.97499131,0.00000000
0.95793125,0.00000000
0.94779688,0.00000000
0.95336612,0.00000000
0.96029721,0.00000000
0.95327275,0.00000000
0.95941459,0.00000000
0.93915806,0.00000000
0.94324020,0.00000000
0.95130648,0.00000000
0.94993336,0.00000000
0.96509274,0.00000000
0.96458740,0.00000000
0.97507126,0.00000000
0.92614194,0.00000000
0.94081743,0.00000000
0.92019277,0.00000000
0.94248530,0.00000000
0.92740558,0.00000000
0.95619710,0.00000000
0.94813354,0.00000000
0.93388099,0.00000000
0.93291559,0.00000000
0.92283896,0.00000000
0.94371617,0.00000000
0.95624017,0.00000000
0.93445688,0.00000000
0.92731216,0.00000000
0.91871714,0.00000000
0.93058407,0.00000000
0.91794436,0.00000000
0.96109622,0.00000000
0.94985580,0.00000000
0.96054398,0.00000000
0.93924512,0.00000000
0.93493599,0.00000000
0.94879638,0.00000000
0.95563529,0.00000000
0.95083340,0.00000000
0.93434888,0.00000000
0.94355018,0.00000000
0.95020652,0.00000000
0.94880826,0.00000000
0.93865348,0.00000000
0.94340599,0.00000000
0.94186357,0.00000000
0.94172270,0.00000000
0.94587352,0.00000000
0.95274515,0.00000000
0.94830529,0.00000000
0.96017710,0.00000000
0.95418343,0.00000000
0.94470815,0.00000000
0.93425046,0.00000000
0.92218159,0.00000000
0.96007770,0.00000000
0.97693459,0.00000000
0.97953687,0.00000000
0.97189130,0.00000000
0.96936352,0.00000000
0.97878044,0.00000000
0.97548679,0.00000000
0.94678524,0.00000000
0.95674229,0.00000000
0.95213205,0.00000000
0.94982130,0.00000000
0.94561465,0.00000000
0.97368586,0.00000000
0.97216298,0.00000000
0.97473680,0.00000000
0.98051391,0.00000000
0.95250600,0.00000000
0.98766360,0.00000000
0.94889430,0.00000000
0.93480944,0.00000000
0.95972371,0.00000000
0.96719662,0.00000000
0.95239365,0.00000000
0.96470424,0.00000000
0.93379022,0.00000000
0.93445528,0.00000000
0.91628858,0.00000000
0.93756985,0.00000000
0.92310798,0.00000000
0.93573876,0.00000000
0.94512604,0.00000000
0.78382905,0.00000000
0.94026067,0.00000000
0.79725907,0.00000000
0.95345255,0.00000000
0.96711391,0.00000000
0.93831448,0.00000000
0.92749369,0.00000000
0.94853752,0.00000000
0.92295870,0.00000000
0.92590394,0.00000000
0.94573067,0.00000000
0.95516615,0.00000000
0.94631812,0.00000000
0.94230182,0.00000000
0.94193243,0.00000000
0.94834692,0.00000000
0.91638737,0.00000000
0.93179996,0.00000000
0.93414046,0.00000000
0.93495460,0.00000000
0.92620323,0.00000000
0.90305979,0.00000000
0.93567346,0.00000000
0.95744903,0.00000000
0.97284857,0.00000000
0.93683569,0.00000000
0.92563666,0.00000000
0.92917394,0.00000000
0.96889112,0.00000000
0.95710958,0.00000000
0.95851871,0.00000000
0.95999631,0.00000000
0.96272064,0.00000000
0.93755968,0.00000000
0.94245036,0.00000000
0.91522461,0.00000000
0.96544164,0.00000000
0.97759457,0.00000000
0.94733038,0.00000000
0.94526394,0.00000000
0.93204811,0.00000000
0.93910648,0.00000000
0.93399522,0.00000000
0.94416177,0.00000000
0.93583814,0.00000000
0.95927290,0.00000000
0.94595886,0.00000000
0.94175443,0.00000000
0.95986251,0.00000000
0.93412839,0.00000000
0.91953974,0.00000000
0.94507772,0.00000000
0.96260050,0.00000000
0.95727809,0.00000000
0.94247521,0.00000000
0.93031847,0.00000000
0.96684546,0.00000000
0.93640909,0.00000000
0.94162094,0.00000000
0.94891221,0.00000000
0.91983491,0.00000000
0.96184549,0.00000000
0.93123061,0.00000000
0.92448049,0.00000000
0.93443747,0.00000000
0.92962551,0.00000000
0.93225027,0.00000000
0.94561843,0.00000000
0.91573782,0.00000000
0.91680336,0.00000000
0.90831737,0.00000000
0.71337734,0.00000000
0.81582642,0.00000000
0.79416492,0.00000000
0.78339848,0.00000000
0.86093756,0.00000000
0.90408979,0.00000000
0.76201481,0.00000000
0.76594216,0.00000000
0.77016829,0.00000000
0.80118152,0.00000000
0.75144744,0.00000000
0.78448361,0.00000000
0.93948878,0.00000000
0.94885558,0.00000000
0.88281678,0.00000000
0.93972789,0.00000000
0.97128201,0.00000000
0.94984115,0.00000000
0.94163075,0.00000000
0.82214285,0.00000000
0.94953518,0.00000000
0.86723042,0.00000000
0.83807783,0.00000000
0.83204412,0.00000000
0.78493362,0.00000000
0.82019754,0.00000000
0.85936097,0.00000000
0.84516476,0.00000000
0.84677083,0.00000000
0.88280589,0.00000000
0.88365123,0.00000000
0.86825610,0.00000000
0.97702872,0.00000000
0.97651296,0.00000000
0.96177719,0.00000000
0.96224837,0.00000000
0.94946654,0.00000000
0.93258566,0.00000000
0.93303914,0.00000000
0.94325869,0.00000000
0.92890345,0.00000000
0.92537997,0.00000000
0.94248127,0.00000000
0.93949488,0.00000000
0.92050496,0.00000000
0.94747096,0.00000000
0.94706224,0.00000000
0.93682949,0.00000000
0.95815053,0.00000000
0.92840717,0.00000000
0.97479927,0.00000000
0.97016764,0.00000000
0.96523973,0.00000000
0.96436933,0.00000000
0.91995738,0.00000000
0.93361376,0.00000000
0.92373353,0.00000000
0.87259988,0.00000000
0.91145688,0.00000000
0.98140209,0.00000000
0.92108187,0.00000000
0.91194025,0.00000000
0.89859395,0.00000000
0.92348411,0.00000000
0.90201317,0.00000000
0.92172955,0.00000000
0.87203444,0.00000000
0.94333227,0.00000000
0.92799120,0.00000000
0.98066835,0.00000000
0.95968496,0.00000000
0.95138459,0.00000000
0.92540022,0.00000000
0.91690182,0.00000000
0.95088177,0.00000000
0.92816099,0.00000000
0.92777937,0.00000000
0.95251868,0.00000000
0.92768721,0.00000000
0.93148986,0.00000000
0.91474753,0.00000000
0.80556522,0.00000000
0.83085027,0.00000000
0.77656261,0.00000000
0.75338964,0.00000000
0.76428477,0.00000000
0.74947819,0.00000000
0.72817876,0.00000000
0.71882290,0.00000000
0.72009065,0.00000000
0.71997685,0.00000000
0.70712101,0.00000000
0.70060662,0.00000000
0.67314824,0.00000000
0.67707792,0.00000000
0.68058827,0.00000000
0.61798948,0.00000000
0.65744091,0.00000000
0.77098858,0.00000000
0.67275582,0.00000000
0.72214748,0.00000000
0.58347157,0.00000000
0.59892105,0.00000000
0.59074031,0.00000000
0.66666165,0.00000000
0.62690270,0.00000000
0.56116254,0.00000000
0.47922416,0.00000000
0.45919551,0.00000000
0.46180709,0.00000000
0.46819571,0.00000000
0.48092252,0.00000000
0.47446633,0.00000000
0.49098695,0.00000000
0.45296725,0.00000000
0.44122006,0.00000000
0.43167977,0.00000000
0.45829824,0.00000000
0.44377889,0.00000000
0.44724784,0.00000000
0.45237817,0.00000000
0.44764987,0.00000000
0.43724700,0.00000000
0.46635331,0.00000000
0.45983498,0.00000000
0.45117889,0.00000000
0.58258264,0.00000000
0.45340040,0.00000000
0.50257297,0.00000000
0.44610488,0.00000000
0.39271694,0.00000000
0.43286591,0.00000000
0.42098363,0.00000000
0.42397642,0.00000000
0.41718914,0.00000000
0.43231840,0.00000000
0.46848723,0.00000000
0.48717764,0.00000000
0.42210819,0.00000000
0.43185920,0.00000000
0.40783279,0.00000000
0.41522893,0.00000000
0.42498943,0.00000000
0.42988643,0.00000000
0.45367339,0.00000000
0.44433876,0.00000000
0.42142507,0.00000000
0.43650328,0.00000000
0.34277587,0.00000000
0.35555827,0.00000000
0.35860408,0.00000000
0.34791076,0.00000000
0.45339326,0.00000000
0.44845261,0.00000000
0.35844295,0.00000000
0.34996789,0.00000000
0.40941092,0.00000000
0.41083714,0.00000000
0.40752213,0.00000000
0.39343147,0.00000000
0.37633442,0.00000000
0.40982502,0.00000000
0.41593400,0.00000000
0.40932381,0.00000000
0.41310597,0.00000000
0.40545035,0.00000000
0.40433018,0.00000000
0.38478085,0.00000000
0.38606203,0.00000000
0.37415872,0.00000000
0.37177347,0.00000000
0.35883818,0.00000000
0.35229048,0.00000000
0.36396899,0.00000000
0.35961723,0.00000000
0.35531865,0.00000000
0.36947867,0.00000000
0.34911918,0.00000000
0.35069865,0.00000000
0.34786204,0.00000000
0.34685694,0.00000000
0.33663057,0.00000000
0.35985629,0.00000000
0.36201458,0.00000000
0.36407738,0.00000000
0.35611046,0.00000000
0.36274535,0.00000000
0.35448710,0.00000000
0.35409032,0.00000000
0.35367052,0.00000000
0.35965637,0.00000000
0.35984237,0.00000000
0.35394484,0.00000000
0.36138709,0.00000000
0.35590470,0.00000000
0.35432304,0.00000000
0.35141591,0.00000000
0.34412982,0.00000000
0.35020055,0.00000000
0.34529819,0.00000000
0.34295575,0.00000000
0.34658974,0.00000000
0.34744502,0.00000000
0.34418723,0.00000000
0.34434217,0.00000000
0.34572107,0.00000000
0.34166405,0.00000000
0.32974259,0.00000000
0.33488949,0.00000000
0.32180756,0.00000000
0.33308789,0.00000000
0.33711981,0.00000000
0.34566768,0.00000000
0.34207864,0.00000000
0.34055118,0.00000000
0.33471848,0.00000000
0.33520299,0.00000000
0.33699439,0.00000000
0.33316300,0.00000000
0.33045811,0.00000000
0.33365448,0.00000000
0.32635231,0.00000000
0.32182215,0.00000000
0.32288480,0.00000000
0.31574404,0.00000000
0.32013817,0.00000000
0.31776685,0.00000000
0.31808175,0.00000000
0.31911581,0.00000000
0.31474029,0.00000000
0.31256248,0.00000000
0.30602815,0.00000000
0.30121369,0.00000000
0.30675951,0.00000000
0.30436328,0.00000000
0.29871431,0.00000000
0.29290337,0.00000000
0.29004956,0.00000000
0.29075644,0.00000000
0.28849243,0.00000000
0.28127678,0.00000000
0.28008405,0.00000000
0.28482831,0.00000000
0.28370848,0.00000000
0.27166478,0.00000000
0.26459160,0.00000000
0.27431959,0.00000000
0.27277723,0.00000000
0.27589086,0.00000000
0.27210975,0.00000000
0.27591389,0.00000000
0.27282836,0.00000000
0.27658544,0.00000000
0.27742629,0.00000000
0.27453109,0.00000000
0.27411293,0.00000000
0.27462747,0.00000000
0.26997666,0.00000000
0.27285078,0.00000000
0.27193061,0.00000000
0.27015354,0.00000000
0.27044911,0.00000000
0.26854219,0.00000000
0.26911241,0.00000000
0.26822160,0.00000000
0.26356769,0.00000000
0.26693820,0.00000000
0.26607771,0.00000000
0.26543549,0.00000000
0.27001307,0.00000000
0.26928918,0.00000000
0.26877402,0.00000000
0.26626829,0.00000000
0.26888172,0.00000000
0.26466954,0.00000000
0.26472012,0.00000000
0.26174850,0.00000000
0.26473142,0.00000000
0.26445209,0.00000000
0.26007617,0.00000000
0.26411033,0.00000000
0.26083639,0.00000000
0.25725515,0.00000000
0.25783737,0.00000000
0.25740948,0.00000000
0.25198950,0.00000000
0.25920505,0.00000000
0.25249561,0.00000000
0.25034576,0.00000000
0.25024350,0.00000000
0.24793901,0.00000000
0.24617547,0.00000000
0.24794141,0.00000000
0.25345706,0.00000000
0.24567225,0.00000000
0.25298644,0.00000000
0.24357097,0.00000000
0.24668318,0.00000000
0.24702446,0.00000000
0.26228384,0.00000000
0.27652251,0.00000000
0.28157399,0.00000000
0.27807731,0.00000000
0.24050691,0.00000000
0.21420338,0.00000000
0.32043355,0.00000000
0.19481854,0.00000000
0.18668234,0.00000000
0.18587316,0.00000000
0.23017960,0.00000000
0.28970903,0.00000000
0.31311834,0.00000000
0.27910928,0.00000000
0.28710368,0.00000000
0.27037853,0.00000000
0.30007484,0.00000000
0.38300105,0.00000000
0.38602730,0.00000000
0.37640410,0.00000000
0.28134523,0.00000000
0.28388190,0.00000000
0.29503627,0.00000000
0.24782945,0.00000000
0.26356664,0.00000000
0.28891108,0.00000000
0.29834611,0.00000000
0.25156956,0.00000000
0.23623805,0.00000000
0.23555290,0.00000000
0.22748976,0.00000000
0.20333258,0.00000000
0.20355578,0.00000000
0.20862628,0.00000000
0.20384544,0.00000000
0.21933394,0.00000000
0.22122972,0.00000000
0.21613740,0.00000000
0.20334087,0.00000000
0.20390172,0.00000000
0.21049949,0.00000000
0.21691991,0.00000000
0.23990066,0.00000000
0.27615444,0.00000000
0.27826664,0.00000000
0.27344343,0.00000000
0.26860931,0.00000000
0.27862555,0.00000000
0.27942739,0.00000000
0.28774450,0.00000000
0.27059453,0.00000000
0.25089129,0.00000000
0.23679932,0.00000000
0.24274011,0.00000000
0.23962558,0.00000000
0.23190003,0.00000000
0.24621094,0.00000000
0.24818812,0.00000000
0.24316901,0.00000000
0.24854729,0.00000000
0.27614760,0.00000000
0.23511474,0.00000000
0.24144505,0.00000000
0.25309907,0.00000000
0.25183929,0.00000000
0.24046147,0.00000000
0.23871070,0.00000000
0.21617810,0.00000000
0.23733642,0.00000000
0.18780257,0.00000000
0.24757019,0.00000000
0.23704549,0.00000000
0.23848218,0.00000000
0.26070154,0.00000000
0.25216256,0.00000000
0.25302370,0.00000000
0.24726558,0.00000000
0.25141828,0.00000000
0.25733586,0.00000000
0.25590586,0.00000000
0.24545659,0.00000000
0.24577504,0.00000000
0.24356867,0.00000000
0.24141474,0.00000000
0.23998289,0.00000000
0.23798765,0.00000000
0.23684221,0.00000000
0.23080997,0.00000000
0.23307236,0.00000000
0.19508666,0.00000000
0.24060095,0.00000000
0.23482895,0.00000000
0.23728586,0.00000000
0.24210288,0.00000000
0.23818629,0.00000000
0.23535345,0.00000000
0.23798164,0.00000000
0.22884457,0.00000000
0.22279431,0.00000000
0.23143011,0.00000000
0.22795234,0.00000000
0.23397766,0.00000000
0.27069609,0.00000000
0.23306816,0.00000000
0.22631353,0.00000000
0.23298304,0.00000000
0.22436280,0.00000000
0.24080219,0.00000000
0.24516618,0.00000000
0.23428763,0.00000000
0.24810780,0.00000000
0.28837167,0.00000000
0.24888716,0.00000000
0.28856008,0.00000000
0.29015982,0.00000000
0.25589980,0.00000000
0.28836491,0.00000000
0.30111735,0.00000000
0.30840679,0.00000000
0.30995727,0.00000000
0.31407837,0.00000000
0.30532297,0.00000000
0.31810709,0.00000000
0.30983076,0.00000000
0.30791096,0.00000000
0.30468933,0.00000000
0.29055499,0.00000000
0.29273260,0.00000000
0.28238500,0.00000000
0.27780591,0.00000000
0.26318359,0.00000000
0.25149997,0.00000000
0.26036261,0.00000000
0.24006882,0.00000000
0.23190034,0.00000000
0.20717352,0.00000000
0.24495730,0.00000000
0.23138443,0.00000000
0.20873598,0.00000000
0.22656541,0.00000000
0.19084388,0.00000000
0.16833903,0.00000000
0.19882207,0.00000000
0.19880244,0.00000000
0.21920641,0.00000000
0.18331228,0.00000000
0.21675126,0.00000000
0.18477029,0.00000000
0.21881290,0.00000000
0.18722623,0.00000000
0.22966087,0.00000000
0.19280361,0.00000000
0.23880055,0.00000000
0.21127222,0.00000000
0.24490019,0.00000000
0.20286673,0.00000000
0.25967689,0.00000000
0.20920582,0.00000000
0.21816550,0.00000000
0.21411734,0.00000000
0.22396249,0.00000000
0.21779689,0.00000000
0.22683703,0.00000000
0.23490196,0.00000000
0.28186579,0.00000000
0.22360723,0.00000000
0.25110060,0.00000000
