557.000,479.000,104.000,176.000
558.298,476.983,103.574,179.221
559.102,476.078,101.693,180.213
557.619,476.981,104.387,179.763
558.549,475.849,103.898,180.382
559.234,475.849,103.898,180.382
558.275,475.849,103.898,180.382
558.960,475.849,103.898,180.382
558.001,475.849,103.898,180.382
558.686,475.849,103.898,180.382
557.727,475.849,103.898,180.382
558.412,475.849,103.898,180.382
559.098,475.849,103.898,180.382
558.138,475.027,103.898,179.560
557.275,476.422,105.350,181.148
559.049,475.982,104.016,179.815
557.600,475.698,104.446,178.189
556.562,474.931,104.065,179.724
558.153,475.698,101.431,175.722
558.553,475.507,103.307,178.779
556.868,475.364,103.956,180.426
557.582,474.564,103.898,181.205
558.174,475.635,104.088,181.261
556.566,476.570,104.827,178.564
557.716,476.484,102.253,179.560
558.047,476.080,104.580,179.551
556.782,476.324,104.637,179.613
557.744,474.951,102.440,181.535
557.887,476.676,103.519,178.904
557.028,475.613,103.329,181.576
557.429,477.032,103.898,179.560
558.207,477.607,102.067,179.232
558.538,477.206,102.760,179.221
556.950,478.263,105.123,179.280
558.060,478.483,102.626,176.363
556.795,478.764,104.349,177.959
555.708,477.881,105.704,177.539
557.296,479.749,102.253,175.722
556.039,478.424,104.767,177.567
558.165,478.438,102.699,178.358
556.644,477.600,103.303,177.594
558.406,478.278,102.760,178.678
556.817,477.434,103.493,179.551
555.302,478.440,105.704,178.358
557.529,478.750,103.452,177.189
556.383,477.327,104.929,179.221
558.315,478.230,103.264,177.690
557.075,478.685,103.303,177.594
555.855,479.363,104.929,177.323
558.063,478.981,103.519,176.719
556.951,478.951,103.303,177.594
555.731,477.731,104.929,177.594
557.025,479.785,103.708,176.496
556.008,478.016,104.929,177.594
557.303,478.428,103.708,178.411
555.993,478.754,103.874,178.304
557.765,479.299,104.147,178.304
556.577,479.409,104.065,176.719
557.814,477.586,102.950,179.280
556.222,478.509,105.317,177.977
557.617,478.129,103.898,178.737
558.489,476.816,101.880,178.904
558.821,476.418,102.571,180.243
558.944,476.190,101.779,179.066
558.954,475.872,102.841,181.596
557.016,477.464,104.256,177.590
558.161,475.744,103.329,180.213
558.749,476.808,103.519,178.904
557.344,475.745,103.874,179.940
558.111,476.509,103.708,180.600
558.702,475.796,102.253,179.011
556.957,476.912,104.929,178.950
558.065,476.855,104.088,179.613
556.749,477.729,104.256,177.317
557.988,478.488,103.140,177.433
557.228,477.187,104.387,179.221
558.981,477.429,103.076,177.915
557.647,477.996,103.303,178.950
558.137,477.121,105.045,179.882
556.732,475.717,105.103,179.665
557.558,474.204,102.901,178.289
558.306,475.771,102.760,178.136
556.815,474.822,103.303,181.932
557.933,475.433,103.264,180.711
558.395,475.762,102.067,181.421
558.445,475.957,103.329,180.213
559.033,475.382,103.519,180.543
559.622,475.627,102.067,181.421
559.672,475.823,101.693,180.213
559.817,475.912,102.760,180.576
560.214,475.685,101.693,178.849
560.275,476.235,102.651,180.450
560.618,475.945,101.693,178.577
558.788,476.359,104.542,180.450
559.609,475.239,102.626,179.665
557.855,476.627,105.317,179.338
559.063,476.876,102.626,178.564
559.674,476.955,102.760,179.763
557.988,476.487,103.684,179.882
559.480,476.401,102.887,178.411
558.053,476.403,104.929,179.763
559.067,476.865,102.626,179.940
559.490,476.486,101.507,179.882
558.011,476.576,102.571,180.243
559.224,476.348,102.323,178.521
557.611,476.570,103.112,180.784
558.818,476.115,101.246,179.506
558.926,476.183,104.002,179.910
559.663,475.947,102.253,180.382
559.900,476.605,101.507,180.426
558.325,476.801,102.760,179.221
559.724,476.229,102.135,179.551
560.089,475.987,101.134,179.221
560.234,476.079,102.192,179.577
560.628,475.850,101.134,179.221
558.616,475.942,102.731,179.577
559.092,475.381,103.140,179.882
559.678,475.625,101.693,180.758
557.556,475.821,103.493,179.551
559.046,475.734,102.699,178.904
557.426,475.818,103.493,180.095
558.003,476.934,103.708,178.959
558.874,475.898,103.329,178.577
557.472,476.742,103.684,179.338
559.057,475.729,102.699,180.543
557.243,475.486,103.874,179.395
558.010,475.157,103.708,180.053
558.694,475.157,103.708,180.053
557.189,475.157,104.256,180.053
557.959,475.926,104.088,179.613
556.644,475.706,104.256,180.053
558.239,476.475,103.264,179.613
558.887,475.766,103.329,178.577
557.486,476.611,103.684,179.338
558.251,476.418,103.519,179.451
558.934,475.462,101.880,180.543
559.078,475.550,102.950,180.910
557.291,475.324,104.065,180.543
558.791,476.338,103.264,179.613
557.258,475.629,103.874,178.849
558.938,476.285,102.699,178.631
557.417,475.583,104.929,179.221
559.348,476.486,103.264,179.064
557.914,476.485,103.684,179.066
558.679,476.156,101.880,179.724
557.290,476.001,102.760,179.221
558.689,476.243,103.765,178.736
557.407,477.004,103.874,179.667
558.174,476.811,103.708,180.053
558.859,476.811,102.067,178.685
559.283,476.303,102.571,178.890
557.697,476.544,103.303,179.763
559.091,477.656,102.699,178.631
557.569,476.955,104.929,179.221
557.029,477.308,104.088,178.240
558.090,476.731,103.329,179.395
558.772,476.731,103.329,179.395
557.272,475.913,103.874,180.213
558.768,476.925,103.076,179.286
557.239,476.218,103.684,179.882
557.911,482.974,103.708,173.212
559.531,484.423,101.812,171.389
558.305,484.112,102.942,170.952
557.977,486.976,103.597,168.411
558.172,487.293,103.207,167.512
557.939,482.111,103.937,173.404
559.673,476.671,101.812,178.910
557.903,476.442,102.921,179.910
558.380,475.881,103.329,180.213
558.968,475.306,103.519,180.543
557.916,476.646,103.708,178.959
558.787,475.610,103.329,178.577
557.385,475.366,103.684,180.426
558.786,474.565,101.431,179.011
556.922,475.361,102.731,178.768
558.307,475.377,102.135,180.095
558.307,475.241,103.222,177.921
558.850,474.834,103.222,178.736
557.395,474.669,103.684,179.066
558.979,474.340,102.699,179.724
557.262,474.669,103.684,179.066
558.847,474.340,102.699,179.724
559.035,474.669,101.779,179.066
559.045,473.539,102.841,178.078
557.595,473.375,103.303,179.763
558.989,473.394,102.699,179.724
559.449,472.907,101.507,179.882
559.594,472.997,100.947,180.243
559.552,473.434,102.381,179.910
559.947,473.206,101.320,179.551
558.471,472.486,102.381,179.370
558.865,471.988,102.950,179.551
559.451,472.231,101.507,179.066
559.689,472.079,102.381,178.559
560.271,471.507,100.947,180.243
558.608,471.134,102.381,180.720
559.634,470.979,102.511,178.849
560.187,471.200,101.134,179.763
558.618,471.397,102.381,179.910
559.828,471.168,102.135,177.921
560.380,470.444,100.760,179.910
560.338,470.881,102.192,179.577
560.732,470.652,102.760,179.221
559.143,470.079,103.493,178.193
560.000,470.732,101.507,179.338
558.618,470.716,104.002,179.910
559.355,469.657,102.253,179.011
559.779,469.959,102.760,179.763
558.637,469.492,103.140,179.882
559.224,469.735,101.693,180.758
559.275,469.931,101.320,179.551
559.420,470.022,102.381,178.559
558.378,470.263,104.195,179.431
559.305,469.952,102.067,181.421
559.083,470.147,101.966,178.577
559.550,470.561,102.381,179.100
557.870,470.094,103.303,179.221
558.538,470.007,103.329,179.395
559.220,470.007,101.693,180.758
557.640,470.203,102.950,179.551
559.042,470.446,102.323,179.066
559.502,469.961,102.760,179.221
557.913,470.203,103.493,180.095
558.489,470.224,103.708,178.411
557.180,469.733,103.874,180.758
558.584,469.756,101.616,179.064
559.687,470.413,101.571,179.100
557.796,470.278,104.542,179.910
558.710,469.877,102.440,178.514
559.321,470.096,102.571,179.431
557.637,470.443,103.493,180.095
558.214,470.464,102.067,178.411
558.732,469.985,102.381,179.910
557.497,470.571,104.580,180.095
558.429,470.263,102.440,179.064
556.778,470.591,103.303,179.763
558.172,470.611,102.699,181.090
556.260,470.474,104.065,180.543
556.936,470.390,102.440,180.711
557.172,471.049,104.965,180.758
555.906,469.916,105.018,181.370
557.513,471.246,104.016,179.538
556.162,470.989,104.256,180.053
556.933,470.660,104.088,179.064
557.806,471.260,103.708,180.327
556.204,470.410,104.446,179.560
557.986,471.095,103.076,180.656
556.262,470.742,104.065,180.543
556.937,469.834,102.440,181.261
557.900,470.602,102.699,181.090
558.173,470.466,103.519,180.543
557.121,469.890,103.708,182.242
557.524,469.665,102.626,181.866
558.488,469.751,102.887,180.874
556.670,470.326,104.065,182.455
557.893,469.876,102.171,180.318
558.183,472.296,102.950,178.465
556.689,471.346,105.123,179.551
557.800,470.601,104.277,179.390
556.482,471.201,104.446,180.656
558.080,470.184,101.801,179.665
558.371,470.165,102.571,180.243
556.590,469.938,103.684,181.243
557.899,469.380,103.264,181.535
556.074,469.956,104.446,181.753
557.488,469.155,103.828,180.870
558.045,470.882,102.440,180.437
558.375,470.751,101.507,179.882
556.355,470.842,103.112,180.243
557.653,470.282,102.699,180.543
558.020,470.038,101.693,180.213
558.164,470.128,102.760,180.576
558.562,469.900,101.693,180.213
558.706,469.990,101.134,180.576
557.040,469.615,102.571,179.702
558.253,469.933,102.323,180.426
558.525,469.797,101.507,181.243
556.309,470.236,103.493,179.551
556.979,469.330,103.519,181.909
557.381,469.105,104.088,181.535
557.975,469.352,102.626,181.041
557.938,469.191,102.153,180.543
558.125,471.019,103.140,179.338
556.531,470.172,105.510,180.213
558.477,470.534,102.171,178.937
556.788,470.151,104.736,180.243
558.531,470.853,103.452,178.289
557.190,469.649,105.317,181.243
558.947,470.363,104.016,179.262
557.596,471.061,104.256,180.327
558.367,470.045,104.088,179.338
557.051,470.782,104.256,180.327
557.822,470.590,104.088,180.711
556.312,469.766,104.637,181.535
556.716,468.856,103.276,180.870
556.910,470.359,103.982,180.327
555.444,469.509,106.091,179.560
557.588,469.381,104.016,180.921
558.239,468.663,102.440,182.908
558.196,471.022,103.898,179.286
556.883,469.984,104.065,178.904
557.839,472.852,103.519,177.812
556.629,471.575,103.493,177.921
557.580,470.352,102.950,180.910
556.340,470.126,105.158,178.904
558.385,470.870,103.264,180.437
556.658,470.241,104.256,178.685
557.709,469.722,103.519,181.090
558.205,469.253,103.898,181.205
556.600,470.598,104.637,180.986
558.201,469.579,105.294,179.991
559.303,470.544,106.121,179.716
558.419,471.048,107.059,178.155
560.217,470.218,106.506,178.708
559.623,470.380,106.865,177.833
559.209,471.760,105.209,178.385
558.357,469.939,104.446,179.011
559.410,471.060,103.708,179.779
560.094,472.018,102.067,177.317
558.548,471.158,104.349,179.577
559.459,470.755,103.898,178.189
560.425,471.243,103.329,179.667
558.828,471.215,107.343,177.539
560.768,472.843,103.186,175.942
559.782,471.295,104.349,177.959
560.880,472.052,101.880,178.085
559.241,471.575,104.349,176.611
560.526,471.981,103.140,177.433
559.225,472.578,104.929,175.154
560.894,471.602,102.950,177.921
559.497,472.172,104.929,175.425
561.166,471.331,102.950,179.280
559.575,473.071,103.684,173.895
561.088,472.281,103.617,177.629
559.928,475.258,103.493,171.674
559.583,472.407,103.381,176.575
560.665,470.844,100.947,178.890
560.810,470.936,102.002,177.898
559.232,470.366,102.731,179.577
557.531,469.806,103.684,179.882
559.024,467.257,102.887,182.516
559.935,468.983,101.616,181.261
559.675,466.443,103.222,183.897
559.648,468.370,102.999,180.870
560.071,468.124,101.880,181.909
557.847,468.564,103.874,180.213
558.521,469.301,103.898,179.560
559.300,469.876,102.067,180.600
559.443,469.827,103.140,179.882
557.849,469.252,103.874,180.213
558.523,469.990,102.253,180.930
558.666,469.940,103.329,178.577
559.442,471.328,103.140,178.793
557.945,471.192,103.684,176.888
558.813,471.518,103.032,177.323
557.555,470.328,104.736,178.890
558.660,471.227,102.253,176.544
557.305,471.761,104.155,178.975
558.212,472.043,102.067,175.675
556.960,470.055,103.768,179.382
557.767,469.065,101.880,178.904
558.098,469.478,102.571,179.431
556.415,469.010,103.493,179.551
557.085,468.105,103.519,180.543
557.674,469.444,103.708,178.959
556.364,470.317,103.874,179.667
557.131,469.303,103.708,178.685
558.002,470.039,103.329,178.304
556.698,469.008,103.493,179.551
558.188,468.102,104.338,180.543
556.802,467.194,104.637,181.535
558.311,468.769,103.828,180.042
556.866,470.406,104.256,178.411
557.917,470.569,103.519,176.719
556.805,470.538,103.303,177.594
558.568,471.216,103.574,177.323
557.386,469.694,103.493,179.551
558.056,470.701,103.519,178.631
556.749,469.667,103.684,179.066
557.514,470.977,103.519,178.085
556.207,470.487,105.317,177.433
557.695,470.271,103.708,178.138
556.483,470.895,103.684,177.977
558.252,471.440,102.323,177.977
556.737,470.743,104.542,178.559
555.649,469.176,104.256,179.232
557.428,469.860,102.887,181.695
555.512,469.860,104.256,179.232
556.470,468.628,103.708,182.242
556.874,468.404,104.277,180.215
555.458,469.804,104.637,180.437
556.326,468.676,104.277,180.215
556.832,470.076,102.714,180.437
555.026,468.961,105.510,179.395
557.063,469.628,103.640,181.094
555.427,469.984,104.446,178.737
556.480,468.505,103.708,180.874
557.070,468.751,103.898,181.753
555.367,468.281,104.827,180.215
557.156,469.520,103.452,180.765
557.712,469.055,103.708,180.874
556.109,469.301,104.446,180.382
557.707,470.072,103.452,179.940
558.356,469.361,103.519,178.904
556.952,469.116,103.874,182.121
557.344,468.665,104.467,175.857
556.609,468.855,103.493,178.465
558.282,469.643,102.323,175.800
557.060,469.162,103.962,179.448
557.871,469.954,102.067,178.959
558.296,469.582,102.571,180.243
558.691,469.355,103.956,177.705
559.780,470.307,103.140,178.793
558.828,469.355,104.772,179.066
559.950,469.793,102.253,179.286
558.205,470.232,104.929,179.763
557.569,469.593,104.277,178.839
559.358,468.987,103.708,178.411
560.229,469.585,101.693,179.667
558.302,469.568,103.112,180.243
558.781,469.828,103.519,177.539
559.745,470.316,102.950,179.008
560.331,469.471,101.507,179.066
560.569,470.129,100.760,179.100
559.006,469.519,103.617,180.051
559.644,469.518,102.067,178.685
560.069,469.821,102.571,179.431
558.928,470.168,102.950,178.736
559.608,470.169,102.950,178.736
558.657,470.169,102.950,178.736
559.336,469.354,102.950,179.551
559.922,469.597,101.507,180.426
559.701,469.793,101.405,179.221
559.889,469.718,104.002,179.910
558.433,468.660,104.446,179.011
559.486,468.139,103.708,181.421
559.983,468.494,104.088,180.711
558.472,469.592,104.637,177.416
559.441,467.619,103.792,180.543
560.073,467.700,103.898,180.382
558.566,467.700,104.446,178.737
559.619,468.136,103.708,177.317
558.504,468.513,103.493,179.280
557.087,467.638,105.510,181.576
558.848,468.355,102.541,179.031
559.417,468.668,102.760,179.763
557.730,468.200,103.684,178.249
558.683,467.792,101.507,180.426
559.547,467.988,103.574,180.576
557.877,468.085,106.091,180.382
556.881,467.097,107.253,180.140
556.270,467.329,107.640,181.347
557.797,467.119,104.306,179.249
558.780,467.812,103.708,178.959
557.470,466.776,103.874,181.576
557.957,467.043,104.277,178.839
556.736,468.078,104.256,179.779
557.600,467.777,103.898,178.189
556.113,472.082,104.147,175.850
555.044,471.617,106.827,175.425
554.727,469.960,104.720,177.367
553.825,469.601,105.704,176.719
553.318,469.029,105.897,178.959
552.517,468.650,106.672,176.959
554.127,467.710,104.552,178.289
554.960,467.923,103.982,178.959
555.601,467.540,102.153,178.085
554.001,466.898,104.542,176.938
556.108,467.306,102.511,179.122
556.296,467.499,101.592,177.921
556.494,467.107,102.271,180.589
556.468,467.052,101.779,179.066
556.749,466.734,102.571,178.890
555.163,466.975,104.929,178.407
556.090,467.633,102.527,178.737
556.380,466.984,103.032,179.221
554.829,466.246,103.684,179.882
556.322,466.160,102.887,180.053
556.510,466.489,101.966,178.577
556.978,466.903,102.381,179.100
555.297,467.249,103.303,178.407
555.787,468.553,103.412,177.433
556.519,467.252,103.032,179.221
554.969,467.330,103.684,177.433
553.841,466.678,105.123,178.736
552.849,466.789,104.637,178.789
553.629,467.089,102.527,179.286
553.825,466.549,103.222,179.551
554.181,466.627,101.966,179.395
552.390,466.474,103.112,178.890
553.873,467.474,102.323,177.977
554.519,466.778,102.381,178.559
552.936,466.207,103.112,177.266
551.718,465.801,103.112,179.431
552.291,465.001,103.329,179.395
552.973,465.001,101.693,179.395
551.046,464.848,104.736,178.890
552.972,463.279,101.431,179.011
551.109,463.266,102.731,179.577
551.313,462.705,103.412,177.705
550.050,462.190,103.493,180.095
550.353,461.390,103.982,177.317
549.277,460.515,103.684,179.066
549.769,459.367,103.792,178.904
548.404,458.957,104.065,179.724
548.898,457.805,104.172,177.641
549.729,458.564,103.602,179.122
548.366,457.610,103.874,178.032
547.236,457.093,105.317,176.888
546.633,456.768,104.065,176.446
547.598,456.709,104.037,177.650
546.550,455.185,103.684,176.344
547.512,455.401,102.841,176.996
546.257,454.214,104.542,176.938
545.364,454.076,105.510,176.123
547.862,451.456,102.699,178.358
546.340,448.720,104.929,177.594
545.446,448.585,107.539,178.959
545.076,448.387,105.780,178.799
546.422,447.102,106.121,179.165
545.635,445.007,105.209,180.318
544.490,443.654,105.018,180.543
545.455,443.240,104.467,179.716
543.859,441.919,104.911,179.887
544.864,442.443,105.928,178.289
541.150,441.067,109.505,178.839
541.275,440.002,108.414,179.009
541.608,437.669,107.469,180.045
541.008,437.692,106.162,179.444
540.144,435.569,105.399,179.262
541.393,436.331,104.277,179.390
539.801,435.012,104.720,179.560
538.607,433.613,104.637,179.338
539.662,432.268,103.898,179.560
538.252,431.201,104.256,178.685
539.303,429.862,101.880,178.358
539.728,430.166,102.381,177.749
538.242,429.356,102.921,176.938
537.026,428.140,104.542,176.938
536.679,426.094,104.965,178.577
537.898,425.192,102.253,178.189
536.348,424.601,104.542,178.559
535.807,424.949,105.350,178.138
537.219,423.004,102.253,177.641
535.669,422.140,104.542,178.559
534.581,420.572,104.256,177.317
533.642,420.786,103.684,176.344
533.251,419.107,104.195,177.266
535.276,419.296,102.323,175.800
533.785,417.204,102.618,177.567
532.418,416.302,104.542,178.559
531.877,415.556,103.708,176.496
530.860,413.787,104.929,177.594
532.155,412.557,102.067,176.496
531.341,413.499,103.424,177.030
530.182,411.997,104.929,177.052
529.385,409.841,104.065,176.992
531.437,408.969,102.135,177.107
529.754,408.170,102.809,177.898
528.385,407.268,104.736,176.725
530.588,407.023,102.511,176.668
529.804,405.839,103.809,176.072
529.476,405.918,104.195,174.830
528.897,404.459,102.921,175.588
530.030,402.900,102.002,175.745
528.745,401.752,103.768,175.628
527.952,401.772,102.921,176.668
528.898,402.312,102.381,174.507
527.632,400.712,102.236,176.906
526.269,399.812,104.155,175.745
528.458,399.565,101.947,175.154
527.242,398.288,103.574,176.906
526.700,398.622,104.387,175.154
528.015,398.242,102.841,174.830
527.052,398.351,102.350,177.030
525.648,397.347,102.731,176.072
526.685,397.914,103.617,176.014
525.720,397.965,103.112,174.830
526.947,397.911,103.617,176.014
525.982,397.962,103.112,174.830
525.057,397.908,104.155,174.399
527.430,397.314,103.192,174.507
526.373,397.261,102.618,175.687
525.201,396.560,104.155,175.476
526.670,396.341,102.571,175.372
527.452,395.646,103.693,176.761
528.325,396.450,103.032,176.780
527.164,395.966,102.921,177.749
527.923,395.637,102.760,176.238
526.724,396.664,104.349,177.150
528.009,397.339,103.140,175.256
527.098,396.422,102.540,178.436
527.665,396.436,102.760,176.238
526.467,397.463,104.349,177.150
527.480,397.594,103.412,175.800
528.670,398.240,102.381,177.479
527.185,397.295,104.542,176.938
528.200,397.702,103.602,176.123
527.227,398.349,103.112,177.807
528.081,398.049,102.760,176.238
529.039,398.537,102.192,177.689
529.620,399.587,102.381,178.019
528.578,399.558,104.195,178.078
529.692,399.990,101.693,176.668
528.155,399.944,103.962,178.105
529.153,400.935,101.693,176.123
529.859,400.780,101.623,177.773
530.342,402.198,102.002,177.360
528.764,402.168,102.731,178.768
530.149,403.270,102.135,176.020
530.982,403.974,101.812,177.030
531.560,405.558,102.809,176.821
530.288,405.095,104.542,177.749
531.483,407.385,103.519,177.812
530.273,406.923,105.123,178.736
531.478,407.583,104.088,179.064
532.078,408.730,102.340,179.779
532.180,410.338,101.592,177.378
533.547,409.841,101.007,177.567
531.765,411.481,103.768,178.041
530.582,410.152,103.684,179.882
532.075,412.530,102.887,176.222
530.940,414.357,105.966,177.689
532.291,415.318,104.362,176.042
531.503,417.231,105.123,176.835
530.803,417.425,105.704,176.719
533.306,418.221,104.529,177.590
532.407,418.410,105.510,178.304
533.530,420.502,104.362,177.416
532.547,423.329,105.510,176.941
534.132,423.415,103.708,178.411
535.003,424.014,104.965,178.304
534.029,424.071,104.446,178.463
534.808,424.918,103.982,178.411
535.816,426.062,103.329,177.759
534.512,428.018,105.123,179.008
535.442,428.815,104.362,180.437
536.266,428.677,104.088,180.437
534.755,430.188,106.285,180.437
536.073,430.890,105.036,180.694
534.744,432.045,106.865,181.423
536.907,432.756,104.768,180.280
537.840,434.026,104.277,180.765
538.253,435.540,104.552,180.765
536.877,435.402,104.827,178.839
538.850,436.276,103.898,180.108
537.342,437.783,106.091,180.108
539.486,439.313,104.016,180.921
537.940,440.517,106.285,179.613
539.351,440.969,104.846,180.368
540.230,440.468,104.467,179.992
541.106,443.404,104.088,178.789
539.888,442.937,104.065,181.090
541.295,444.612,101.801,180.765
542.215,445.627,100.505,180.095
542.855,446.964,101.383,178.768
540.967,446.829,104.349,179.577
542.700,447.523,103.076,179.286
544.165,449.266,102.323,178.793
544.353,449.459,101.405,179.763
544.176,450.302,102.841,179.431
545.524,451.573,102.323,179.338
543.814,451.225,104.929,179.221
545.745,452.951,103.264,178.240
544.408,452.703,105.123,178.736
546.437,453.363,104.911,179.064
548.359,455.835,101.616,178.789
546.491,456.355,104.542,179.100
545.305,455.714,104.446,178.737
547.179,456.698,104.529,178.411
548.274,457.519,103.708,179.779
546.769,459.024,105.897,178.411
549.092,459.360,103.452,179.390
548.199,459.358,104.965,177.759
549.512,459.852,103.708,178.411
548.202,460.451,105.510,178.304
550.424,460.896,103.264,179.064
548.989,462.527,105.317,178.793
550.290,462.667,104.088,178.240
549.170,463.180,105.510,178.304
551.392,461.976,103.264,179.064
549.957,463.064,105.317,177.977
551.352,463.506,103.898,178.737
553.044,464.105,102.699,178.631
551.522,464.218,104.929,179.763
552.536,465.230,102.626,179.390
553.868,465.556,102.950,180.095
552.179,465.088,103.874,180.213
553.675,466.100,103.076,178.463
552.244,465.964,103.493,178.736
553.826,465.634,105.510,179.395
552.831,466.301,105.018,179.716
554.715,466.739,103.452,179.115
553.277,466.599,103.874,179.395
554.044,466.270,103.708,179.779
555.549,467.228,101.246,178.959
555.750,467.997,100.574,178.768
553.653,467.388,102.350,179.716
554.847,467.878,102.135,178.736
556.118,468.208,101.759,179.431
556.389,468.884,100.947,179.431
556.440,469.081,102.192,179.577
554.665,468.853,103.303,179.221
556.151,468.766,102.511,179.395
556.611,469.095,102.950,178.736
555.117,469.095,103.493,180.095
556.514,468.295,102.887,180.053
556.975,468.624,101.693,180.758
557.026,468.820,101.320,179.551
555.010,468.910,102.921,179.910
556.305,469.168,102.511,180.758
556.578,469.850,103.329,179.395
555.079,469.850,103.874,179.395
554.204,469.521,105.350,180.053
556.162,468.862,103.640,179.716
554.720,468.858,104.065,179.724
555.489,468.529,103.898,178.737
556.361,469.129,103.519,179.997
554.761,468.280,104.256,178.685
554.174,468.853,105.158,179.997
555.208,468.166,102.813,179.716
553.548,473.390,105.317,175.528
553.140,470.805,106.949,176.344
552.963,469.282,104.827,178.014
554.207,467.441,105.350,179.232
553.230,467.638,104.827,179.940
553.918,466.262,104.552,179.665
554.562,466.837,106.010,180.986
553.428,467.098,105.780,179.355
554.774,467.744,102.813,181.094
554.830,467.610,102.153,178.358
553.231,466.294,102.921,180.720
553.615,465.973,101.880,178.904
553.946,466.386,100.947,179.431
553.998,465.774,100.574,180.386
553.863,466.448,100.574,179.577
553.822,466.884,102.002,179.244
554.214,465.843,102.571,176.184
555.171,465.389,102.002,178.436
553.496,464.923,102.921,176.938
552.280,466.138,104.542,177.479
553.569,465.180,103.329,175.850
552.557,465.311,104.542,178.019
551.566,465.552,105.704,175.081
553.435,464.485,103.329,175.578
552.521,464.643,104.349,172.836
552.214,465.745,104.155,171.170
552.103,464.884,105.180,172.891
552.017,465.697,104.542,171.806
551.905,464.831,105.573,176.493
553.521,464.146,103.708,175.401
552.699,464.593,106.163,170.725
553.202,465.020,104.349,174.993
552.602,464.560,104.736,173.477
552.294,464.045,104.542,177.479
553.582,464.723,103.329,174.215
552.863,465.062,103.962,173.538
552.363,464.362,104.155,172.515
554.206,463.851,103.424,176.493
553.144,464.141,104.736,178.349
554.342,463.288,102.067,181.421
554.392,463.484,101.693,178.849
552.562,463.224,104.542,175.048
554.945,463.171,101.947,175.154
553.730,464.302,103.574,175.835
552.840,464.426,104.542,178.019
554.035,463.573,103.519,179.724
552.260,463.573,104.338,181.090
553.803,462.772,108.954,180.215
553.556,464.478,106.924,179.329
552.976,464.627,105.590,179.031
552.119,463.623,106.478,180.215
554.273,464.053,102.726,178.799
552.667,464.084,106.753,180.095
551.904,462.788,105.780,181.298
553.800,463.922,104.204,180.694
554.545,463.089,102.440,180.711
554.782,462.930,103.329,181.576
553.538,462.704,105.543,182.575
555.132,464.153,102.911,181.347
553.229,463.979,105.897,182.242
554.165,463.592,105.415,180.790
553.482,464.633,106.506,181.751
554.629,463.001,103.932,180.558
553.139,464.734,104.446,180.108
554.004,463.608,104.088,180.711
553.043,464.707,105.735,179.613
554.273,462.835,104.656,180.318
552.950,464.125,104.827,180.765
553.819,463.823,104.467,179.716
553.047,464.424,105.735,179.613
554.277,464.485,104.656,178.385
553.246,464.746,105.897,180.327
554.464,465.002,103.186,179.262
553.438,464.935,104.965,179.395
554.563,464.277,104.088,179.064
553.248,464.877,105.897,180.327
552.805,464.026,104.846,178.432
554.787,464.696,103.898,180.108
553.279,463.736,104.446,179.011
554.333,464.310,103.708,178.959
553.023,464.092,105.510,180.758
554.876,464.563,104.016,178.708
553.623,464.056,104.065,179.724
552.747,463.726,105.543,179.560
554.801,464.475,103.640,178.889
553.457,464.222,105.510,180.758
552.821,464.694,104.846,178.708
553.980,463.857,103.898,178.737
553.214,465.003,105.158,179.451
552.691,464.208,104.277,178.839
553.659,464.696,103.708,180.327
552.057,463.845,104.446,179.560
553.839,463.434,103.898,180.382
552.331,463.434,104.446,179.560
553.291,464.668,103.898,180.108
553.976,463.708,103.898,179.560
554.755,464.556,103.708,180.327
553.152,463.706,104.446,179.011
554.205,464.280,103.708,180.327
552.603,464.252,104.446,180.382
553.375,465.024,102.626,179.115
553.893,464.398,104.580,180.910
552.433,464.168,105.018,180.543
554.225,463.754,101.986,180.543
552.249,463.843,103.493,179.551
553.738,462.937,102.699,181.909
553.918,463.865,103.708,181.421
554.415,463.396,102.440,180.162
552.568,465.033,103.684,179.338
554.153,464.020,102.699,178.904
553.077,464.104,102.950,180.095
553.569,463.636,103.329,180.213
554.157,463.881,101.880,181.090
554.208,464.893,103.140,180.426
552.516,464.425,104.065,180.543
553.191,464.341,102.440,180.711
551.792,464.181,103.329,181.576
553.016,463.955,103.898,179.011
553.888,464.692,101.880,179.997
551.957,464.673,103.303,179.221
553.443,463.768,102.511,180.213
552.176,464.342,103.140,180.426
552.670,463.874,103.519,179.178
553.446,463.765,103.329,180.758
551.752,463.297,104.256,180.874
553.254,463.213,101.801,181.041
553.265,463.385,103.140,181.243
553.665,463.159,102.067,180.874
552.176,463.246,103.140,181.243
553.396,464.936,102.887,180.327
553.857,463.766,101.693,179.667
554.095,463.749,102.571,180.243
552.858,463.521,103.140,181.243
553.258,463.295,102.067,179.506
553.589,463.031,102.760,180.576
553.986,463.622,103.329,180.758
554.481,463.153,102.067,180.874
552.447,463.241,103.684,181.243
552.932,463.507,104.088,180.711
553.619,463.507,104.088,180.711
554.305,463.507,102.440,180.711
554.542,463.347,103.329,181.576
554.943,463.122,102.253,179.834
553.101,462.856,103.493,180.910
554.406,464.216,103.076,180.656
554.867,463.043,103.519,179.724
553.365,463.043,104.065,181.090
554.773,463.068,103.452,178.839
555.515,463.881,101.693,179.667
553.588,463.863,103.112,180.243
554.068,463.304,101.880,178.904
554.399,463.717,102.571,179.431
554.888,463.249,102.950,180.910
555.287,463.023,101.880,178.904
555.618,463.436,100.947,179.431
553.513,463.633,104.349,179.577
554.423,463.230,102.253,180.382
554.661,463.072,103.140,179.882
555.247,462.498,101.693,180.213
555.392,462.587,102.760,179.221
555.976,462.829,101.320,180.095
556.027,463.838,102.571,179.431
554.344,463.370,103.493,180.910
554.827,462.812,103.898,179.560
555.606,463.659,102.067,180.327
555.843,463.640,101.320,180.910
553.632,464.077,103.303,180.576
554.934,463.518,102.887,179.232
555.488,464.690,103.140,179.338
553.894,463.844,103.874,178.577
554.848,463.435,104.965,180.758
555.786,464.231,102.813,178.613
554.224,463.355,105.123,180.910
555.148,462.132,102.999,180.870
555.571,462.705,101.880,181.090
555.621,463.717,101.507,179.066
555.860,463.565,104.002,179.910
554.404,463.329,104.446,178.189
555.550,463.654,103.519,178.631
554.243,462.621,105.317,178.249
555.544,464.685,104.088,177.416
554.522,463.860,103.684,177.433
555.568,464.023,101.320,177.921
555.900,464.439,102.002,178.436
554.224,463.972,102.921,178.559
555.704,463.884,102.135,178.736
556.163,463.401,102.571,177.266
555.312,464.240,105.623,178.019
554.569,463.993,104.637,178.789
555.624,464.292,103.898,179.286
554.312,463.254,107.343,178.904
556.065,464.695,103.559,179.355
554.583,463.691,104.065,179.724
555.351,463.362,102.253,178.189
555.963,464.662,102.381,179.370
554.184,464.164,103.493,177.921
555.950,463.757,102.135,180.095
554.049,463.621,103.493,180.910
554.532,463.884,103.898,179.560
555.311,463.638,103.708,180.053
553.806,463.638,104.256,181.421
555.216,463.664,101.986,179.716
555.507,463.505,101.134,180.576
555.465,463.942,100.947,180.243
555.423,464.379,102.381,179.910
553.645,464.150,105.123,177.921
554.943,464.017,103.898,179.286
553.630,463.798,105.704,177.539
555.218,463.472,103.898,179.286
554.452,464.346,105.158,179.997
553.281,462.833,105.018,180.543
555.073,463.246,101.986,179.165
553.833,462.977,104.195,180.243
554.574,461.919,104.088,181.535
552.966,463.818,104.827,179.390
554.022,464.255,104.088,178.789
554.989,463.788,103.519,178.085
553.410,462.481,105.589,179.882
554.567,464.887,104.656,178.385
553.536,463.232,105.897,179.232
554.847,463.655,104.656,178.385
553.816,463.916,104.256,178.959
554.773,462.548,105.350,180.874
553.504,463.631,105.399,180.368
554.566,462.137,104.656,180.318
553.242,463.426,106.478,179.390
554.750,463.214,104.846,178.708
553.716,462.377,106.091,178.737
555.217,462.715,104.467,179.716
553.897,463.315,104.637,179.613
553.210,462.766,105.735,179.064
554.533,463.267,104.467,178.062
553.505,463.529,105.704,179.997
554.719,461.849,106.313,180.318
553.834,462.493,105.590,180.694
554.897,463.486,104.846,178.708
553.864,462.649,106.091,178.737
553.711,462.435,106.121,178.613
555.227,462.711,104.467,181.094
553.711,462.573,106.672,179.716
555.222,462.915,105.036,179.863
554.088,462.326,106.478,180.215
553.743,462.757,106.891,179.632
553.604,462.896,106.891,180.188
555.038,462.594,105.415,179.678
553.996,462.851,106.672,179.440
555.507,462.501,105.036,179.031
554.196,462.759,104.911,179.613
553.000,462.046,106.478,179.390
554.507,462.386,104.846,180.368
555.386,462.988,104.467,178.613
554.260,462.268,105.897,180.053
553.265,462.387,107.059,179.262
554.876,462.341,105.225,178.799
553.934,463.033,106.285,180.437
555.252,463.181,105.036,179.031
554.215,463.440,106.285,178.789
553.510,463.089,106.865,178.385
555.212,462.374,104.846,178.708
554.178,462.634,106.091,179.286
553.377,463.084,106.865,178.385
555.078,462.369,104.846,178.708
553.770,462.629,106.365,179.286
555.222,462.364,104.846,178.708
553.914,462.624,106.365,179.286
553.152,462.359,107.059,179.262
554.763,462.313,105.225,179.355
553.724,462.571,106.478,179.940
552.921,462.471,107.253,179.031
554.629,462.309,105.225,181.021
553.297,462.912,107.059,179.262
554.908,462.310,105.225,179.910
553.771,461.580,106.672,181.370
552.772,462.265,106.162,179.444
554.122,462.632,106.506,180.368
553.235,462.584,105.780,180.188
554.394,462.770,104.846,179.262
553.263,462.045,106.285,179.887
554.580,461.919,105.036,179.586
553.446,461.192,106.478,180.215
554.767,461.622,105.225,180.188
553.630,462.133,106.672,180.267
555.047,462.034,105.225,179.355
553.733,461.191,105.103,179.390
554.834,461.467,104.277,181.316
553.223,461.440,106.672,180.543
552.322,461.316,107.640,180.512
553.943,461.410,105.794,179.766
552.993,462.100,106.865,180.042
552.286,461.889,107.446,179.910
551.674,461.843,107.833,180.837
553.298,461.379,105.984,179.249
552.443,461.811,106.865,181.423
553.770,461.964,105.604,178.608
552.921,461.848,106.478,181.316
554.148,460.999,105.415,179.400
553.106,461.667,106.672,181.094
554.430,461.819,105.415,180.512
553.290,462.331,105.209,179.766
554.350,461.529,104.467,179.716
553.030,462.129,106.285,180.986
552.032,462.390,107.446,180.188
554.486,461.926,104.768,178.608
553.413,462.135,106.091,180.656
552.971,462.393,106.698,180.417
552.181,462.369,107.446,180.743
553.705,462.020,105.794,178.928
552.852,461.902,106.672,181.645
551.854,462.167,107.833,180.001
553.571,462.006,105.794,180.324
552.524,460.324,107.059,182.858
553.667,461.268,106.173,180.410
552.712,461.957,105.590,182.080
553.588,462.764,105.225,179.355
552.549,461.921,106.478,180.215
553.870,461.796,105.225,179.355
552.831,462.604,106.478,180.765
551.930,462.754,107.446,180.188
553.548,462.290,105.604,180.001
552.503,462.546,106.865,180.594
553.924,461.336,105.415,179.400
552.882,461.453,106.672,180.267
552.078,461.909,107.446,181.021
553.602,462.258,105.794,180.324
552.555,461.406,107.059,180.645
551.750,461.728,107.833,181.673
553.280,461.519,106.173,179.570
552.422,461.396,107.059,180.921
554.682,461.856,104.768,180.001
553.415,461.336,106.478,181.041
552.417,461.462,105.971,181.069
553.484,462.318,105.225,179.355
552.444,461.476,106.478,180.765
553.765,462.181,105.225,179.355
552.726,461.338,106.478,180.215
554.047,461.768,105.225,179.632
553.007,461.064,106.478,181.041
554.234,461.189,105.415,179.678
553.193,461.446,106.672,180.267
554.610,461.902,105.225,180.188
553.473,462.414,106.672,180.267
554.891,461.204,105.225,180.465
553.656,462.244,105.209,180.042
554.716,461.580,104.467,179.716
553.396,461.083,107.109,180.711
554.844,461.438,105.604,180.001
553.800,462.246,105.209,180.042
554.860,461.582,104.467,179.716
553.539,461.084,106.285,182.085
554.575,461.569,105.604,178.608
553.726,461.453,106.478,179.940
553.477,461.907,106.698,180.694
554.814,461.859,105.415,180.234
553.675,462.231,105.209,178.937
554.922,462.443,104.911,179.613
553.726,461.729,106.478,180.215
555.047,462.159,105.225,179.355
554.007,461.317,106.478,181.041
555.235,461.442,105.415,180.234
554.095,460.709,106.865,180.870
555.422,461.144,105.604,180.837
554.280,462.208,105.399,180.368
555.342,462.648,104.656,179.766
554.116,462.175,106.285,180.711
555.340,462.298,105.225,179.910
556.408,461.568,104.467,181.370
554.892,461.568,105.018,181.370
555.670,461.239,104.846,181.198
554.798,462.093,106.313,179.766
556.223,462.622,104.846,180.368
554.897,462.121,105.018,180.543
554.208,461.708,106.121,180.543
555.443,461.909,105.036,179.586
554.309,461.182,106.478,181.041
555.536,461.863,103.746,179.678
554.597,461.675,105.350,181.421
555.541,461.372,104.846,181.198
556.326,462.226,104.656,179.766
555.100,461.754,104.637,180.711
555.874,461.424,104.467,180.543
554.456,461.176,106.478,181.041
555.683,461.857,103.746,180.512
554.099,461.922,106.091,180.382
555.320,462.043,105.036,179.586
554.186,461.316,106.478,181.041
555.413,461.997,105.415,179.678
554.371,462.254,105.018,181.645
555.149,461.232,106.506,180.645
554.262,461.878,105.780,181.021
555.327,462.872,105.036,179.863
554.193,462.283,104.827,179.390
555.250,462.721,104.088,180.986
553.642,461.868,106.478,181.041
554.869,462.550,105.415,181.347
553.534,462.045,105.590,180.140
554.691,462.370,104.656,179.766
553.465,461.897,106.285,180.711
554.689,462.020,105.225,179.355
553.650,462.278,106.478,179.940
552.847,462.178,107.253,179.031
554.555,462.016,105.225,179.632
553.516,461.312,106.478,180.215
554.836,461.742,105.225,179.632
553.797,460.213,106.478,179.665
552.994,460.530,105.590,180.694
554.058,460.969,104.846,178.708
553.572,461.229,105.543,179.286
553.146,461.289,106.121,180.267
554.381,461.353,105.036,179.031
553.345,460.513,106.285,180.711
554.568,461.191,105.225,180.188
553.432,460.600,105.018,179.165
554.583,459.827,104.088,179.064
553.268,460.427,105.897,181.695
552.077,459.931,105.780,180.465
551.576,460.256,106.506,179.538
550.787,460.510,105.590,180.694
551.851,460.950,105.676,179.262
550.939,460.998,106.672,181.645
549.941,461.263,106.162,180.001
551.290,461.356,104.846,179.262
550.708,461.730,106.559,180.986
551.976,461.827,105.415,179.678
550.934,460.982,106.672,181.370
550.492,461.666,105.604,180.001
552.485,460.817,104.656,179.490
553.456,461.854,104.088,181.810
551.750,461.247,105.018,180.818
552.622,461.912,104.656,178.937
551.493,462.286,106.091,180.656
551.051,461.435,105.036,180.694
550.274,462.038,106.313,179.766
551.699,462.567,104.846,180.368
550.924,462.066,104.467,180.543
551.707,462.917,105.103,179.665
551.157,461.404,105.928,180.490
550.633,462.134,106.698,179.863
552.064,462.388,105.225,179.355
551.024,462.645,104.827,179.940
551.987,462.095,104.277,178.839
551.314,462.583,105.350,180.327
550.695,463.001,106.313,178.385
552.307,462.612,104.467,178.062
551.279,462.873,104.065,178.631
552.235,463.966,104.338,178.085
551.688,463.147,105.158,179.724
550.615,463.589,106.478,178.289
550.008,463.541,106.865,178.385
551.709,463.379,104.846,180.368
550.383,463.981,105.018,178.889
552.358,464.168,104.911,178.240
551.455,463.262,105.897,180.053
551.013,463.934,104.846,178.985
552.172,464.880,104.720,178.737
551.075,465.154,104.446,179.286
552.035,463.784,104.720,179.011
553.131,464.743,103.898,178.737
551.819,465.343,104.065,178.631
550.590,463.977,105.704,178.904
551.897,464.398,104.467,179.716
550.577,464.999,106.285,177.965
552.175,464.951,104.467,181.094
550.659,463.986,105.018,179.991
551.717,465.112,105.103,179.390
550.616,465.387,106.478,177.739
552.311,464.675,105.294,180.267
551.111,465.063,105.209,178.937
550.711,465.275,106.559,179.613
550.502,465.011,106.698,179.031
552.120,465.173,104.846,180.368
550.794,464.672,106.672,179.716
552.305,465.014,105.036,178.477
551.366,465.707,106.091,178.737
550.662,464.391,106.672,179.992
552.080,465.542,105.225,179.355
551.040,465.800,106.478,179.115
550.888,465.449,106.506,179.262
552.410,465.173,104.846,179.262
551.828,465.546,105.735,180.986
551.208,464.861,106.698,180.140
552.639,465.253,105.225,179.355
552.150,465.511,105.928,178.289
553.663,465.236,104.277,178.289
552.540,465.611,105.704,179.997
553.754,463.932,104.656,178.937
554.819,464.854,103.898,178.737
553.506,465.454,104.065,179.997
552.630,465.261,105.543,178.189
554.044,464.000,104.911,179.064
552.946,464.275,106.285,179.613
554.357,464.174,104.846,178.708
553.323,463.337,106.091,180.382
554.544,463.458,105.036,179.586
555.611,463.831,104.277,179.940
554.293,462.787,104.446,179.560
555.252,461.554,103.898,179.834
556.031,462.539,104.529,180.327
554.644,461.356,106.478,180.215
556.798,461.787,104.392,179.355
555.537,462.370,106.091,180.656
554.540,460.688,107.253,179.586
556.989,461.476,106.249,178.843
556.267,460.048,106.865,180.042
557.781,460.392,105.225,179.355
558.943,459.549,104.277,179.390
557.625,459.053,106.091,180.382
558.846,459.728,105.036,179.031
560.006,458.888,104.088,179.064
558.691,458.394,105.897,178.411
560.189,458.180,104.277,179.940
561.064,457.958,105.543,178.737
560.183,458.458,106.478,179.390
561.691,457.139,106.506,179.815
561.456,457.530,106.698,179.863
563.720,457.785,104.392,178.799
564.746,456.337,103.708,179.232
565.524,457.183,103.519,179.997
566.113,456.335,103.708,179.232
565.252,457.181,105.158,179.997
566.286,456.495,104.467,179.165
567.256,456.983,103.898,179.286
566.490,455.944,105.158,179.724
567.618,456.386,104.277,179.940
566.848,457.262,105.543,180.656
567.888,456.576,104.846,180.368
568.767,457.178,104.467,180.267
569.643,456.132,102.440,179.887
570.067,455.892,104.580,180.910
568.607,457.316,105.018,181.094
569.479,457.014,104.656,180.042
570.356,456.515,104.277,181.041
571.044,456.515,104.277,181.041
571.732,456.515,104.277,182.416
570.024,456.873,105.209,180.042
571.910,457.863,105.294,181.094
572.826,457.396,103.186,181.198
573.249,457.969,105.350,181.421
571.980,457.666,107.059,182.028
573.216,458.356,105.984,182.325
571.874,457.846,106.162,181.673
572.942,457.175,105.415,184.406
573.451,458.658,105.794,183.953
574.055,458.633,105.984,184.003
573.076,458.633,105.983,184.003
573.775,458.633,106.822,185.401
574.520,458.674,105.052,185.320
574.753,459.332,105.984,185.401
575.265,458.860,108.047,185.503
576.248,459.995,107.500,186.353
576.957,459.854,107.500,184.934
575.689,461.189,109.189,186.777
576.775,459.578,106.731,187.424
577.193,461.836,109.010,187.440
575.900,461.414,109.020,188.282
577.576,462.234,109.976,189.228
576.181,463.454,111.899,189.968
577.499,464.075,111.600,191.940
576.721,463.600,111.103,192.890
577.454,464.772,112.861,193.184
578.599,465.279,112.051,193.354
579.525,466.195,111.671,194.173
577.807,466.178,114.222,195.683
578.884,466.633,113.567,197.469
579.539,467.819,113.757,197.799
577.791,467.804,116.352,197.828
580.095,468.032,115.995,200.107
579.198,468.910,115.653,201.096
579.867,468.898,115.842,201.120
581.548,470.121,115.842,201.425
582.219,469.191,116.032,203.898
582.610,469.757,114.941,202.765
581.090,469.663,117.676,203.565
582.860,471.265,116.618,203.772
583.451,470.678,116.980,204.021
584.129,470.977,117.170,204.970
584.715,473.281,117.549,203.772
585.490,472.196,117.549,205.013
583.687,472.496,118.360,205.965
585.338,472.615,119.435,205.728
587.250,474.006,118.123,204.830
588.032,472.952,118.118,207.563
588.437,474.795,116.994,206.700
589.589,474.675,117.183,203.511
590.369,475.955,117.170,205.279
590.861,475.457,117.738,205.343
591.544,475.758,117.928,206.296
592.135,476.207,116.434,205.399
593.376,477.030,118.288,205.301
591.649,476.045,118.931,205.399
593.494,476.968,117.747,204.804
595.115,478.245,116.995,205.052
595.613,477.799,117.549,206.563
596.951,477.445,117.371,206.335
598.292,478.078,117.183,206.628
598.603,477.922,116.248,207.563
598.541,478.400,117.928,207.230
598.945,478.986,116.807,206.057
600.188,478.877,116.806,205.343
600.592,478.577,117.549,206.563
601.930,480.408,117.371,204.150
602.616,480.442,117.549,205.633
603.205,479.955,117.928,207.230
603.608,479.602,116.807,205.118
604.944,481.360,117.549,205.943
605.438,480.862,118.118,207.563
605.843,481.451,116.994,206.386
606.154,481.340,117.928,205.674
606.839,481.642,116.248,206.628
606.964,481.985,117.549,205.013
608.577,482.285,116.806,204.411
609.075,482.615,117.359,205.301
609.662,483.060,117.738,205.965
607.759,482.572,118.741,206.005
609.508,483.798,117.747,204.804
610.196,483.831,117.928,206.296
611.723,484.279,117.371,206.960
612.035,484.123,116.434,206.335
612.253,485.250,117.549,205.633
610.352,484.763,118.550,205.674
612.099,484.736,117.559,205.728
613.533,485.065,117.183,206.628
611.352,484.909,118.741,206.005
613.101,486.135,117.747,204.804
613.789,485.234,117.928,207.230
612.314,484.881,118.686,205.431
614.128,485.983,117.559,206.041
614.628,485.533,118.118,206.005
612.816,484.900,118.931,207.896
614.385,487.214,118.311,205.157
613.294,486.156,118.307,205.399
615.011,486.156,118.307,205.399
615.792,486.156,118.307,206.960
613.880,485.668,119.313,205.118
614.976,487.077,118.686,205.744
616.698,485.981,117.747,206.057
614.701,486.310,118.931,206.960
616.362,486.432,118.123,204.830
617.144,488.183,118.118,204.758
615.430,487.092,118.741,203.511
617.548,486.478,116.995,206.296
617.859,486.322,116.061,205.674
617.984,486.354,117.359,204.682
616.184,486.653,118.169,205.633
617.831,488.019,118.307,205.711
618.518,487.073,116.621,204.790
618.923,486.662,117.359,206.230
619.323,488.489,116.248,203.823
619.822,488.094,116.790,205.231
617.737,487.737,118.169,205.013
619.477,486.774,117.183,206.005
617.393,486.473,118.550,205.674
619.140,487.696,117.559,204.477
619.826,487.729,117.738,205.965
617.923,487.242,118.741,206.005
619.672,488.468,117.747,206.370
617.675,488.017,118.931,203.838
619.796,488.648,117.183,203.823
620.482,487.754,117.359,206.230
618.389,488.335,118.741,205.070
620.231,488.006,117.559,205.728
618.861,488.335,118.118,205.070
620.575,487.400,118.118,206.005
621.260,488.951,116.434,204.150
619.290,488.553,119.449,205.564
620.361,487.201,116.994,204.818
620.859,487.569,117.549,204.082
619.153,487.569,118.169,204.082
620.985,487.240,116.995,203.807
621.670,488.668,117.170,203.733
619.872,487.729,117.978,204.682
621.609,487.700,116.995,204.740
622.107,488.029,117.549,204.082
620.402,488.029,118.169,204.082
622.233,488.945,116.995,203.496
620.446,488.053,119.643,204.351
621.707,489.079,118.686,204.178
620.277,487.698,118.741,206.005
622.027,487.672,117.747,204.178
622.808,488.798,117.738,204.722
621.002,487.856,118.550,205.674
622.748,489.079,117.559,202.601
621.242,488.668,119.643,204.970
622.410,487.960,118.876,203.877
623.568,488.610,118.118,205.381
621.757,488.601,118.931,205.399
623.601,488.272,117.747,204.491
624.382,488.312,117.738,204.411
622.674,488.312,118.360,205.965
624.325,488.431,117.559,205.728
624.825,488.760,116.248,205.070
625.137,489.583,117.170,204.970
623.241,489.096,118.169,206.563
623.859,489.514,118.497,204.790
624.734,489.209,118.307,206.960
622.822,489.661,119.313,203.552
625.042,490.610,117.371,205.087
623.150,490.016,120.224,203.790
624.608,490.600,116.994,204.504
625.199,490.047,117.359,206.230
625.599,489.692,118.118,205.693
623.788,489.839,118.931,205.399
625.632,489.510,117.747,206.057
626.133,489.839,116.434,205.399
626.444,490.662,117.359,205.301
624.546,490.175,118.360,205.343
626.289,490.147,117.371,205.399
626.789,490.476,117.928,204.740
627.567,490.477,116.061,206.296
627.692,490.819,117.359,204.682
628.372,491.119,115.688,204.082
626.224,491.019,119.062,204.897
628.226,490.604,117.559,205.415
628.819,490.941,116.061,206.296
628.944,491.284,117.359,204.682
627.144,490.654,118.169,205.013
627.949,490.625,118.118,205.070
628.728,490.625,116.248,206.628
628.853,490.968,117.549,205.013
629.535,491.268,117.738,204.411
630.311,491.268,117.738,204.411
631.088,491.268,115.874,204.411
631.400,491.167,117.715,205.231
632.072,490.478,117.928,203.807
632.943,491.419,117.738,204.722
633.626,491.410,117.928,204.740
634.404,492.654,117.928,205.052
635.089,492.645,116.248,205.070
636.328,493.468,116.242,204.970
636.637,494.241,117.170,204.970
637.223,494.685,117.549,205.633
637.811,495.131,117.928,206.296
636.529,497.453,118.307,205.087
637.310,497.297,116.434,203.838
637.808,497.669,117.906,206.181
638.388,498.060,116.434,205.399
636.223,498.883,117.978,205.301
636.932,498.999,118.118,205.070
637.711,500.245,118.118,203.823
636.193,499.951,118.360,204.411
637.093,498.687,118.118,205.693
637.778,498.834,118.307,206.960
638.372,500.538,116.807,204.804
636.393,500.135,119.836,206.230
637.470,499.728,117.367,204.527
638.155,499.950,117.549,205.633
636.254,499.463,118.550,205.674
637.062,499.436,118.497,205.728
637.844,500.687,116.621,204.477
638.342,500.286,117.170,205.897
638.741,500.864,116.061,204.740
636.584,500.761,119.449,205.564
637.655,500.350,116.994,204.504
638.246,500.726,117.359,205.301
636.970,501.171,117.738,204.411
637.746,501.171,117.738,205.965
636.466,500.684,118.118,204.135
637.339,500.381,117.928,206.296
637.929,500.829,116.434,203.838
635.959,501.201,117.597,206.181
637.413,500.822,118.118,203.511
635.894,501.615,118.360,204.722
636.794,501.441,118.118,205.070
637.573,501.441,116.248,205.070
635.412,501.336,119.643,205.897
636.486,502.184,119.066,203.574
637.739,501.436,116.248,205.070
635.578,501.331,119.643,205.897
637.595,502.179,118.123,205.145
635.883,502.216,118.741,205.070
636.787,501.887,118.497,205.415
635.067,501.731,119.122,205.728
636.916,502.656,117.935,204.818
637.697,502.695,116.061,204.740
635.540,502.592,119.449,204.021
636.798,502.989,116.621,206.041
634.531,502.872,120.224,204.411
635.895,503.605,117.181,204.830
636.486,503.979,117.549,204.082
634.780,503.979,120.030,205.633
635.955,504.532,117.367,203.898
634.256,504.604,119.836,205.301
635.426,505.154,119.066,203.574
636.680,504.406,118.118,205.070
634.965,504.406,118.741,204.758
635.963,504.086,118.307,205.087
634.246,503.930,118.931,205.399
635.151,503.601,118.686,204.178
636.215,504.401,118.118,205.381
634.403,504.393,118.931,205.087
635.402,504.072,118.497,204.165
636.371,503.620,118.118,203.200
637.121,504.419,117.859,204.392
635.472,504.410,118.360,202.547
634.172,503.642,120.030,204.082
636.474,504.372,117.935,202.622
635.059,503.807,119.836,205.301
636.230,504.356,119.066,203.888
637.390,504.850,116.434,202.277
635.712,504.013,118.868,204.564
636.773,504.845,118.307,204.150
635.251,504.550,120.417,202.873
637.839,504.210,117.747,202.925
638.807,505.035,117.359,204.063
637.006,504.095,118.169,202.531
638.186,504.723,117.359,204.063
636.385,503.783,118.169,202.531
637.564,504.411,117.359,204.063
638.245,505.641,117.549,204.392
636.441,504.700,118.360,203.479
637.529,504.234,117.738,204.411
638.305,505.477,115.874,202.858
638.498,504.931,116.718,204.564
638.951,504.407,115.501,202.205
637.002,504.785,118.481,202.980
638.150,505.312,115.874,202.858
638.650,504.766,116.411,203.029
639.324,505.062,116.601,203.975
638.054,504.576,116.980,201.551
639.013,505.364,116.601,202.744
639.689,504.429,114.941,203.382
637.460,505.396,118.481,201.449
636.415,505.645,117.788,203.733
638.241,504.540,116.618,203.152
636.460,504.733,117.407,204.306
638.095,504.845,116.618,202.221
636.411,505.968,119.062,202.744
637.756,504.970,117.928,202.873
638.815,505.769,117.359,202.514
636.998,504.553,117.906,202.169
638.139,505.162,117.170,202.187
636.634,506.105,119.256,203.074
635.489,505.107,118.741,202.576
637.699,505.433,117.738,202.858
638.663,504.985,117.359,203.443
636.960,504.830,117.978,203.753
637.856,505.744,117.738,201.305
636.635,505.013,117.407,204.306
637.340,505.125,117.549,202.221
635.927,504.689,119.449,203.095
637.278,505.410,118.307,203.214
635.854,504.811,120.224,202.547
637.499,505.097,118.497,201.976
638.842,504.208,117.359,205.301
636.944,505.896,118.360,204.722
635.351,504.787,118.741,203.511
637.469,505.417,116.995,203.185
638.248,504.536,116.980,203.095
639.019,504.536,116.980,204.638
637.127,506.217,117.978,204.063
635.538,505.111,118.360,202.858
637.649,504.499,116.618,203.772
638.240,504.838,116.980,204.638
636.348,505.280,119.836,201.895
637.986,505.563,118.118,201.330
636.857,504.680,117.597,204.638
637.564,506.036,117.738,203.169
638.527,505.744,117.359,201.895
637.117,504.384,119.256,203.382
638.465,505.410,118.118,201.330
637.336,504.528,117.597,204.638
638.042,505.884,117.738,202.858
636.529,505.436,117.978,201.895
637.706,505.909,115.315,203.733
637.926,504.879,114.568,202.107
635.803,505.702,116.073,204.726
636.121,504.666,116.980,206.490
633.936,504.607,118.550,207.230
635.498,504.088,117.935,205.445
636.186,505.522,116.248,205.381
633.927,504.478,117.978,207.159
635.295,504.090,117.747,206.683
635.702,504.568,116.621,205.728
636.013,505.391,117.549,205.633
634.113,504.903,118.550,207.230
635.675,504.384,116.053,205.445
635.889,504.468,117.170,205.897
636.288,505.046,117.928,206.296
636.879,504.558,116.434,206.335
634.616,504.754,120.030,206.563
635.696,505.610,117.554,204.222
636.474,504.749,119.410,206.563
634.821,504.509,119.884,204.527
636.109,505.461,118.876,206.073
634.384,504.364,119.503,204.818
635.576,504.997,118.686,206.370
636.265,504.989,118.876,204.504
634.833,505.790,118.931,203.838
636.019,505.174,118.118,206.628
634.110,504.686,119.122,204.165
635.298,505.318,118.307,205.711
635.984,504.371,118.497,204.790
634.362,505.316,118.931,204.150
635.455,505.940,118.307,205.711
634.266,504.993,120.373,204.790
635.611,505.125,117.367,203.898
633.912,504.268,119.836,206.230
635.934,503.861,118.311,204.527
634.316,503.590,118.741,204.758
635.314,504.518,118.307,205.711
636.000,503.572,116.621,204.790
633.928,503.161,119.836,206.230
635.949,502.754,118.311,204.527
634.332,501.548,118.741,205.693
636.082,501.366,117.747,206.057
634.085,500.759,118.931,206.023
635.838,499.636,117.935,205.445
636.526,498.889,116.248,206.005
634.267,499.086,119.836,206.230
635.344,498.679,117.367,205.157
635.935,498.120,117.738,206.896
636.338,497.766,116.621,206.666
636.556,497.961,117.738,206.896
634.457,497.608,119.122,206.666
636.213,498.840,118.123,205.459
634.404,497.933,118.931,204.462
635.497,498.714,116.434,205.711
633.233,497.667,120.030,205.943
635.352,498.375,118.311,205.786
634.164,497.466,118.497,204.790
635.976,498.410,117.371,205.711
633.986,497.962,118.550,207.230
634.608,497.443,116.994,205.445
635.012,497.028,115.874,206.896
634.950,498.435,115.688,205.633
635.076,497.852,115.128,206.490
634.922,497.698,116.980,206.798
635.132,497.628,116.248,204.135
633.068,498.148,117.597,204.638
634.706,497.329,116.806,206.896
634.923,497.474,116.061,205.674
635.048,497.505,115.501,206.230
634.987,497.981,115.315,205.897
634.926,498.456,115.128,205.564
634.865,498.931,116.790,205.231
635.262,497.644,115.688,204.082
633.113,497.544,119.062,204.897
634.177,498.380,118.497,206.041
634.866,498.372,118.686,204.178
633.436,496.991,118.741,206.005
634.246,496.965,118.686,206.057
635.029,496.965,118.686,206.057
635.812,496.965,118.686,204.491
634.285,496.511,120.804,206.960
635.472,497.077,118.114,205.195
633.756,497.139,120.611,206.628
634.940,497.702,117.927,204.238
635.811,496.683,118.670,206.896
633.983,495.998,119.503,204.818
635.174,497.257,118.686,205.744
633.452,497.100,119.313,204.178
634.641,496.326,118.497,205.728
635.423,496.326,118.497,205.728
634.329,496.326,118.497,205.728
635.110,496.326,118.497,205.728
633.391,496.326,119.122,205.728
635.239,495.996,119.817,206.386
633.692,496.763,120.075,206.113
634.795,496.133,117.554,205.483
632.896,496.504,120.417,206.296
634.077,497.064,119.634,204.862
635.240,497.556,118.876,205.132
633.710,496.320,119.122,205.103
634.711,497.095,118.686,206.370
632.891,496.146,119.503,205.445
633.989,497.558,119.817,206.073
635.057,497.072,119.255,205.157
633.619,496.622,119.313,207.623
634.341,498.007,119.445,206.113
635.316,496.763,117.181,205.773
633.231,496.346,120.417,207.230
634.318,497.210,119.824,204.870
633.067,497.706,119.503,206.700
633.977,496.590,119.255,205.471
634.951,497.387,118.876,206.700
633.757,497.380,119.066,205.145
634.729,498.176,118.686,206.370
632.909,497.227,119.503,204.818
634.101,497.860,118.686,206.370
634.790,496.911,118.876,204.818
633.260,497.707,119.122,206.041
634.167,497.534,118.876,206.073
634.952,497.377,118.876,206.386
633.227,497.377,119.503,206.386
634.137,497.048,119.255,205.157
633.326,497.850,118.686,206.370
634.015,496.901,118.876,204.818
634.986,497.697,118.497,206.041
633.169,496.749,121.192,205.431
634.643,497.346,117.927,207.716
634.953,497.070,118.876,205.445
636.770,498.016,117.747,204.804
634.968,498.048,118.550,204.429
633.471,496.793,120.611,205.693
635.695,497.682,118.687,205.809
633.973,496.619,119.313,204.491
636.101,497.876,118.497,205.415
634.381,497.720,119.122,203.852
635.569,496.947,118.307,205.399
633.852,496.947,118.931,205.399
635.697,497.870,117.747,204.804
633.896,497.902,120.417,204.740
635.263,498.009,117.367,203.269
636.135,497.004,117.170,204.351
634.337,497.303,119.836,203.753
635.695,498.030,118.686,204.178
634.265,496.649,118.741,205.693
635.076,498.346,118.686,204.178
633.646,496.966,120.611,205.070
635.962,497.074,118.499,205.168
634.341,496.959,118.931,205.399
636.186,496.629,117.747,206.057
634.189,496.959,118.931,205.399
636.034,496.629,117.747,206.057
634.037,496.959,118.931,205.399
635.882,496.629,117.747,206.057
636.383,496.959,118.307,205.399
634.666,496.959,118.931,205.399
636.511,497.882,117.747,204.804
637.198,497.914,117.928,204.740
635.487,497.914,118.550,206.296
634.323,497.094,118.686,204.491
635.293,497.889,118.307,204.150
637.194,497.594,116.995,206.296
635.016,497.439,118.550,205.363
635.824,497.256,116.621,203.852
636.416,496.709,116.980,205.564
636.814,497.285,117.738,204.101
635.105,497.130,120.224,205.965
636.282,497.686,117.554,203.592
634.677,497.605,119.836,205.301
633.334,498.155,121.579,203.574
636.135,497.516,118.499,205.798
634.416,496.613,120.998,205.103
636.834,497.206,118.687,205.493
635.210,498.340,119.122,206.041
636.117,497.226,118.876,204.818
634.587,498.022,120.998,206.041
635.965,497.026,117.927,203.922
634.351,498.024,120.224,204.722
636.658,498.284,118.123,205.459
634.849,498.314,120.804,203.838
636.503,498.132,119.066,205.145
634.971,497.676,121.192,203.552
636.726,497.817,119.255,205.157
635.288,498.620,119.313,204.804
633.879,497.054,121.192,204.491
636.485,497.504,118.499,207.059
634.572,496.899,121.385,204.818
636.237,497.350,119.634,205.809
634.793,498.154,119.694,205.459
633.380,497.525,121.579,204.202
636.088,497.669,118.687,204.862
637.058,497.401,118.307,205.087
637.839,497.245,118.307,205.399
636.122,497.245,118.931,205.399
637.027,498.168,116.807,203.239
635.244,498.240,119.449,204.638
636.408,496.591,116.807,204.491
636.906,498.199,118.288,205.611
635.180,497.369,118.931,203.838
636.366,497.999,118.118,203.823
637.332,497.705,117.738,205.965
635.429,498.153,118.741,205.070
636.332,497.824,118.497,205.728
637.114,499.074,118.497,204.477
635.590,497.843,120.611,204.135
637.148,498.438,119.066,204.830
635.712,497.989,119.122,205.728
636.620,498.915,118.876,203.563
635.285,498.161,118.741,205.070
637.126,497.832,117.559,205.728
637.626,498.162,118.118,205.070
635.912,498.162,118.741,206.628
636.629,498.282,118.876,203.877
635.294,497.686,120.611,206.628
636.478,498.881,117.927,203.606
637.442,497.712,117.549,205.013
636.260,498.013,119.602,205.965
637.314,497.638,117.181,204.202
637.999,497.862,117.359,205.301
636.101,497.375,118.360,206.896
636.720,497.795,116.807,205.744
637.031,497.530,117.738,206.896
637.434,499.990,116.621,203.852
635.248,498.517,119.758,204.947
633.650,497.797,119.817,204.504
634.591,496.856,119.190,206.386
636.381,497.948,118.123,207.030
634.377,497.495,119.313,206.997
636.137,498.729,118.311,203.898
637.106,497.375,117.928,205.674
635.297,496.742,118.741,207.563
635.920,496.223,117.181,206.087
636.325,498.764,117.928,205.985
636.915,498.120,118.307,203.838
637.883,496.736,116.061,207.230
635.336,497.213,118.360,205.343
635.830,496.249,116.746,206.335
633.626,496.279,118.360,205.343
635.369,497.500,115.498,205.711
632.930,497.882,117.597,205.564
634.476,497.360,118.861,205.674
635.347,501.553,116.807,203.239
636.032,497.304,118.832,204.946
634.480,498.789,119.122,205.415
635.481,497.529,118.686,205.431
636.357,496.442,118.497,206.666
634.540,497.999,119.313,202.925
633.424,495.992,118.741,206.005
635.173,497.218,117.747,206.370
635.674,498.953,118.307,204.150
636.641,497.724,117.928,204.740
634.930,496.791,118.550,207.230
635.551,496.271,118.876,204.818
636.522,497.067,118.497,206.041
634.705,496.119,119.313,205.118
635.801,495.650,118.686,207.623
636.397,497.360,119.066,205.145
634.864,495.964,119.313,205.118
634.082,495.495,120.565,204.491
635.523,496.106,119.255,206.730
634.422,495.949,119.255,204.527
635.583,495.348,118.497,205.728
636.365,495.349,118.497,205.728
634.645,495.349,119.122,205.728
635.552,496.274,118.876,205.132
636.523,495.976,118.497,205.728
634.804,495.976,119.122,204.790
633.397,495.507,120.998,203.852
635.999,495.799,118.311,205.157
634.284,495.678,118.931,203.838
635.470,495.062,118.118,206.628
633.561,494.574,119.122,202.601
634.936,493.504,118.861,206.296
633.204,492.518,121.385,204.818
634.868,492.339,119.634,204.546
633.620,490.644,119.313,204.491
634.810,491.276,118.497,206.041
632.993,490.328,121.192,202.925
632.328,487.491,121.579,203.574
634.183,486.852,119.445,204.222
632.937,486.099,119.122,203.852
635.062,486.574,117.371,204.150
633.267,485.678,118.169,202.531
634.446,485.067,115.501,203.753
634.759,484.968,114.568,204.564
632.246,485.442,116.835,204.231
632.851,484.918,115.315,205.897
633.716,485.393,116.054,205.564
633.931,485.536,115.315,204.351
634.057,485.570,114.755,203.359
634.184,485.607,116.032,203.898
632.110,485.249,117.407,205.231
633.653,485.659,116.806,204.411
631.673,485.059,117.978,204.682
632.477,486.274,116.061,203.496
632.976,484.958,118.447,202.436
634.200,485.996,117.549,203.772
632.494,485.841,118.169,201.601
631.294,484.930,119.643,204.970
632.461,486.103,116.994,204.504
633.982,485.550,118.288,202.824
632.646,486.782,118.169,203.772
633.638,486.462,117.738,204.411
634.415,486.462,115.874,202.547
635.008,485.927,116.222,202.391
633.838,486.069,118.254,201.800
635.153,487.112,117.170,201.260
633.745,487.755,119.062,200.898
635.371,486.327,115.501,201.895
633.519,486.715,118.288,202.648
632.183,487.238,120.030,201.911
631.425,487.529,120.611,201.330
630.860,487.367,120.804,203.526
632.515,487.658,119.066,202.945
631.372,488.005,120.417,201.629
633.208,487.368,118.307,202.277
634.456,487.869,117.359,204.063
632.656,486.929,118.169,202.531
634.764,487.557,116.430,202.514
632.986,488.826,119.062,202.744
631.842,487.828,118.550,202.251
634.049,488.153,117.549,202.841
632.538,487.862,117.788,201.569
633.713,488.334,116.980,200.317
632.406,488.830,118.675,202.085
633.745,487.831,117.549,202.221
632.331,489.247,119.449,202.786
631.906,489.351,119.988,201.953
634.556,489.663,117.183,203.200
632.862,489.551,119.643,204.970
634.970,488.843,117.935,202.309
633.653,490.140,119.643,203.115
635.101,490.247,118.307,201.653
633.970,491.216,119.643,201.260
633.213,491.504,120.224,202.547
632.982,491.165,118.497,201.976
634.325,490.276,117.359,201.895
632.915,491.690,119.256,200.608
632.160,491.976,119.836,203.443
633.611,490.833,116.621,203.227
631.832,491.064,119.256,202.765
633.180,491.159,118.118,201.330
632.051,491.511,119.449,203.403
633.403,491.762,118.307,201.653
632.271,490.876,119.643,200.950
631.515,491.010,120.224,204.101
633.914,491.122,117.935,201.054
632.483,490.266,119.564,204.306
633.705,491.270,118.686,201.673
632.356,490.230,120.146,201.276
631.656,492.073,118.741,202.888
630.449,490.379,120.224,202.858
633.032,490.195,117.559,201.976
631.623,489.635,119.449,200.625
630.868,489.768,120.030,203.772
632.323,488.625,118.686,201.986
631.186,489.438,118.169,202.221
632.055,488.672,117.669,201.276
630.800,489.160,119.256,199.684
632.615,489.145,119.025,201.569
631.648,489.129,118.169,200.360
630.642,489.159,119.256,203.074
631.679,488.161,118.429,202.576
630.413,489.269,118.169,203.772
631.405,488.018,117.738,202.858
629.892,487.570,119.836,205.301
631.062,488.120,117.181,202.945
629.465,487.119,119.449,202.477
630.910,487.693,118.118,203.200
629.489,488.493,120.030,200.980
628.828,487.857,118.550,201.629
630.198,488.034,117.359,204.063
630.879,487.094,117.549,202.531
629.368,488.502,119.643,203.115
630.816,486.424,118.307,203.838
629.295,487.840,118.550,202.873
630.477,486.139,117.738,203.479
631.347,487.078,117.549,202.841
629.837,488.024,119.643,203.733
631.191,487.026,116.621,205.728
629.022,486.919,118.169,205.013
629.827,486.890,118.118,206.628
631.357,486.402,117.559,206.666
631.763,487.036,116.434,205.399
632.074,486.930,117.359,206.230
629.981,486.575,118.741,204.135
631.072,487.978,118.118,204.758
629.981,486.887,118.118,204.135
631.787,487.828,116.995,205.052
633.216,487.383,114.757,206.563
630.505,487.433,117.407,202.765
632.324,487.104,116.242,204.970
630.160,486.949,117.788,204.351
631.893,486.919,114.942,205.965
632.664,487.594,115.866,205.231
630.409,487.736,117.597,205.564
631.956,487.215,116.995,205.674
629.875,486.914,118.360,205.343
630.682,486.886,118.307,206.960
631.275,487.338,116.807,206.057
631.586,487.229,117.738,206.896
631.989,486.875,116.621,205.728
632.300,486.767,115.688,206.563
629.761,487.244,119.836,204.682
631.026,486.392,118.876,207.954
631.623,485.903,117.367,205.471
629.631,486.268,120.417,206.296
630.812,486.827,119.634,206.440
629.271,485.581,121.772,205.471
630.942,486.986,118.114,205.511
629.128,486.106,120.804,206.335
630.409,487.155,117.927,204.238
628.795,486.136,120.224,206.896
630.825,485.733,118.687,205.178
629.201,485.458,119.122,207.291
630.865,485.581,118.311,204.527
629.248,486.557,120.611,205.381
628.728,485.560,121.336,204.852
630.368,486.029,119.634,207.387
628.632,484.924,122.160,206.125
631.262,485.383,119.440,205.208
629.819,486.048,121.385,205.132
628.861,483.650,120.456,206.451
631.008,484.918,118.687,205.809
631.792,483.854,120.565,204.491
630.716,482.578,119.884,204.527
632.004,482.903,118.876,206.700
630.182,482.895,121.579,204.830
631.850,482.559,119.824,204.238
630.696,480.710,119.313,204.491
631.886,481.342,120.373,204.477
630.812,479.281,119.694,203.574
632.192,479.454,120.373,204.477
631.118,478.335,121.579,204.202
632.879,478.479,119.634,204.862
631.533,477.717,121.385,204.818
630.672,476.274,120.266,205.178
632.908,477.229,120.199,204.213
631.845,475.201,119.503,203.250
633.223,475.375,118.307,204.150
634.191,476.325,117.928,203.496
632.675,475.101,120.030,205.013
633.942,473.307,117.181,203.574
632.247,473.382,119.643,203.424
633.602,472.230,118.497,204.165
634.571,473.024,118.118,202.265
633.247,471.351,119.836,204.682
634.511,471.754,116.994,205.132
635.009,471.348,117.549,203.462
635.878,470.274,117.359,204.682
634.078,469.643,118.169,205.013
634.883,470.861,118.118,203.823
635.849,470.567,117.738,204.411
634.140,470.567,120.224,204.411
635.505,469.415,119.066,206.715
636.290,469.415,117.181,204.202
635.117,469.640,120.146,205.301
633.832,468.768,119.884,206.101
635.877,469.555,119.255,205.786
636.851,469.255,118.876,204.504
636.043,468.807,120.180,205.399
637.292,469.243,117.367,205.786
637.790,468.832,118.861,205.674
636.155,468.641,121.192,206.057
638.486,469.389,119.064,206.461
639.270,468.319,119.066,206.087
640.149,469.424,118.876,206.700
638.327,469.417,121.579,208.286
640.483,469.995,119.816,205.854
641.550,470.659,119.255,207.359
642.243,470.652,119.445,208.949
642.844,471.110,120.772,209.613
643.641,472.352,120.772,209.997
644.344,472.347,121.919,210.007
645.340,471.854,121.530,212.598
645.954,471.361,119.979,211.653
647.219,473.461,121.919,210.326
648.215,474.409,121.530,211.315
648.923,474.405,121.720,212.929
650.505,474.879,122.099,213.593
651.124,475.355,122.478,212.640
651.932,475.355,122.478,212.640
650.154,476.648,126.033,214.579
652.604,477.617,123.766,216.261
653.214,477.946,124.185,217.241
653.846,478.436,124.564,216.261
654.668,478.436,124.564,217.904
655.209,478.764,123.152,217.249
656.495,478.604,124.185,218.224
656.940,479.257,124.943,218.568
657.483,479.587,125.512,219.563
658.031,479.921,126.081,218.894
658.862,479.921,126.081,220.558
659.413,480.259,124.644,217.877
659.995,481.894,126.123,219.230
661.754,480.898,126.270,220.223
662.400,481.068,126.649,221.553
663.961,481.410,127.218,222.548
661.823,481.755,130.484,223.543
664.105,480.953,128.656,223.096
666.026,480.914,128.545,222.834
666.968,482.263,128.356,223.183
668.739,482.268,128.545,221.139
667.166,483.095,131.691,224.212
669.684,481.968,131.474,223.712
671.247,482.294,131.092,226.150
669.582,481.971,133.388,224.726
671.448,481.666,131.389,223.951
672.876,481.948,131.283,226.480
671.209,480.590,133.582,229.885
673.476,480.161,133.958,228.640
674.878,479.109,132.906,226.186
676.410,479.370,131.579,228.787
674.403,478.336,134.550,229.465
676.970,476.312,133.285,229.644
678.130,475.927,132.716,233.917
678.537,475.797,133.664,231.003
679.606,474.542,133.285,234.216
680.111,475.290,131.921,234.488
681.272,474.555,133.475,235.606
681.591,474.439,134.612,236.548
683.176,474.130,134.299,233.952
683.907,473.187,135.678,238.679
684.393,471.866,134.347,236.278
684.867,472.658,135.181,239.688
685.011,472.756,136.698,236.246
686.100,472.545,136.319,240.266
687.618,471.347,136.180,240.488
687.980,471.347,137.267,241.213
689.604,471.045,139.118,242.545
688.200,471.350,141.558,241.936
690.773,470.362,141.602,245.764
692.815,470.301,140.506,244.765
693.657,470.564,141.793,246.096
692.335,470.504,145.185,246.215
695.249,471.295,144.659,245.012
694.026,471.215,145.972,244.795
696.198,471.296,144.659,245.012
697.993,471.216,145.218,246.304
699.787,471.294,146.174,245.769
698.834,471.539,149.598,245.659
701.883,472.738,148.105,245.947
698.351,472.264,150.966,244.984
701.803,472.650,150.225,243.827
702.193,473.092,150.594,244.476
705.646,474.310,149.835,243.194
701.832,474.752,154.405,242.691
706.536,473.974,151.201,244.635
706.639,474.956,151.766,244.982
706.828,475.796,152.546,243.688
707.793,475.989,154.863,241.371
709.335,475.096,154.490,243.158
710.494,477.111,154.889,239.904
709.542,479.274,157.953,239.826
708.241,476.823,157.826,239.273
711.261,479.311,158.402,240.133
709.979,480.606,160.966,235.980
710.082,481.148,163.102,236.068
714.665,481.373,160.220,237.189
714.395,482.909,160.760,235.678
714.498,483.449,162.892,235.765
715.152,485.634,163.938,233.357
716.431,484.804,163.729,233.451
716.823,487.154,164.512,230.317
716.464,488.522,165.231,229.141
716.464,489.301,168.348,229.141
717.280,489.058,166.715,228.840
716.922,489.640,167.432,228.458
719.165,491.453,169.604,227.184
719.430,493.377,171.041,223.336
720.844,493.945,170.170,222.199
722.641,494.514,170.856,223.009
720.163,495.060,172.297,221.915
722.488,494.776,171.955,222.483
724.643,495.560,171.955,221.700
725.058,497.406,173.469,219.962
723.773,500.199,176.038,218.287
727.755,499.780,175.143,218.732
727.195,498.688,174.305,218.175
726.441,500.725,175.813,218.008
730.025,500.306,175.312,217.277
729.775,501.894,175.813,216.055
729.887,501.057,178.319,217.729
730.240,504.142,177.614,214.321
731.140,502.299,178.548,214.101
732.283,504.375,179.005,214.258
733.541,504.042,179.234,212.963
735.139,505.683,178.776,210.072
737.184,506.683,178.957,212.342
736.918,506.331,180.270,211.486
737.078,507.233,180.732,210.072
737.699,507.697,181.831,209.535
738.755,507.758,180.501,209.803
737.427,508.222,181.988,209.266
740.514,508.149,180.111,209.803
739.109,508.746,181.754,208.998
742.192,508.673,179.880,209.535
740.789,509.270,181.520,208.729
740.750,509.196,182.767,209.266
742.043,508.855,182.530,208.774
741.495,508.536,182.455,209.803
744.591,508.463,180.572,210.341
743.181,509.061,182.221,207.974
742.713,508.610,183.546,209.266
744.281,508.527,181.195,210.217
745.019,508.929,180.501,209.803
743.691,509.393,181.988,209.266
746.779,507.366,180.111,209.022
745.491,509.650,181.520,207.952
