0.00000000,0.00000000
0.97039770,0.00000000
0.98707505,0.00000000
0.94423533,0.00000000
0.93607168,0.00000000
0.93760273,0.00000000
0.95583043,0.00000000
0.93965614,0.00000000
0.95493737,0.00000000
0.95735772,0.00000000
0.93686696,0.00000000
0.95718039,0.00000000
0.94774204,0.00000000
0.96536535,0.00000000
0.94706218,0.00000000
0.95784166,0.00000000
0.94228198,0.00000000
0.95585248,0.00000000
0.95889656,0.00000000
0.93953633,0.00000000
0.94489913,0.00000000
0.94262646,0.00000000
0.96508799,0.00000000
0.94163539,0.00000000
0.96192050,0.00000000
0.94727028,0.00000000
0.95142182,0.00000000
0.96594817,0.00000000
0.95214867,0.00000000
0.96442522,0.00000000
0.97249687,0.00000000
0.94185535,0.00000000
0.95390789,0.00000000
0.95221858,0.00000000
0.97386130,0.00000000
0.98218678,0.00000000
0.96595258,0.00000000
0.94219669,0.00000000
0.95491249,0.00000000
0.95310519,0.00000000
0.95116632,0.00000000
0.96069836,0.00000000
0.94141227,0.00000000
0.95558455,0.00000000
0.92712280,0.00000000
0.93745681,0.00000000
0.92057056,0.00000000
0.92481168,0.00000000
0.95532969,0.00000000
0.90891101,0.00000000
0.93951869,0.00000000
0.89047725,0.00000000
0.87274852,0.00000000
0.87410139,0.00000000
0.93674426,0.00000000
0.88513656,0.00000000
0.92543662,0.00000000
0.88732079,0.00000000
0.87000728,0.00000000
0.87346324,0.00000000
0.85850039,0.00000000
0.80814883,0.00000000
0.82103791,0.00000000
0.86927088,0.00000000
0.88476814,0.00000000
0.83725972,0.00000000
0.82463040,0.00000000
0.79684820,0.00000000
0.79953032,0.00000000
0.85998327,0.00000000
0.88613922,0.00000000
0.88622375,0.00000000
0.84927381,0.00000000
0.86229507,0.00000000
0.78123125,0.00000000
0.90523233,0.00000000
0.86869560,0.00000000
0.92090659,0.00000000
0.92523123,0.00000000
0.94325336,0.00000000
0.91585996,0.00000000
0.89062274,0.00000000
0.93527339,0.00000000
0.93325738,0.00000000
0.87680923,0.00000000
0.91529177,0.00000000
0.95323022,0.00000000
0.92706052,0.00000000
0.94036034,0.00000000
0.91524304,0.00000000
0.96105546,0.00000000
0.93334595,0.00000000
0.96003994,0.00000000
0.94876367,0.00000000
0.96653092,0.00000000
0.98726863,0.00000000
0.94366092,0.00000000
0.94055409,0.00000000
0.93437168,0.00000000
0.93329676,0.00000000
0.93450467,0.00000000
0.93188929,0.00000000
0.90995863,0.00000000
0.96968020,0.00000000
0.95646055,0.00000000
0.96835143,0.00000000
0.96384305,0.00000000
0.94740248,0.00000000
0.94608749,0.00000000
0.97375044,0.00000000
0.97415451,0.00000000
0.95191176,0.00000000
0.96805233,0.00000000
0.93245815,0.00000000
0.96576600,0.00000000
0.95982689,0.00000000
0.95195959,0.00000000
0.91913164,0.00000000
0.93435602,0.00000000
0.94764987,0.00000000
0.95783496,0.00000000
0.90687402,0.00000000
0.92926997,0.00000000
0.94499277,0.00000000
0.93390841,0.00000000
0.92874576,0.00000000
0.96425058,0.00000000
0.96417388,0.00000000
0.95986636,0.00000000
0.96314893,0.00000000
0.93095513,0.00000000
0.95904923,0.00000000
0.95268205,0.00000000
0.95146441,0.00000000
0.96876333,0.00000000
0.97669464,0.00000000
0.97235828,0.00000000
0.98485086,0.00000000
0.94211427,0.00000000
0.94572648,0.00000000
0.95761113,0.00000000
0.91960351,0.00000000
0.94848256,0.00000000
0.95838043,0.00000000
0.94618990,0.00000000
0.93967144,0.00000000
0.95493110,0.00000000
0.95327382,0.00000000
0.95083725,0.00000000
0.94179775,0.00000000
0.91573496,0.00000000
0.94789365,0.00000000
0.93878595,0.00000000
0.95202435,0.00000000
0.95775729,0.00000000
0.94506329,0.00000000
0.95849297,0.00000000
0.98062345,0.00000000
0.95586860,0.00000000
0.95304004,0.00000000
0.93653879,0.00000000
0.95073296,0.00000000
0.94203360,0.00000000
0.95495605,0.00000000
0.94607107,0.00000000
0.97087853,0.00000000
0.95987940,0.00000000
0.98003719,0.00000000
0.97543751,0.00000000
0.96653036,0.00000000
0.95983329,0.00000000
0.95677411,0.00000000
0.95854755,0.00000000
0.94534876,0.00000000
0.97667610,0.00000000
0.94280885,0.00000000
0.95427393,0.00000000
0.92810256,0.00000000
0.94054221,0.00000000
0.93733149,0.00000000
0.94266041,0.00000000
0.92208348,0.00000000
0.93237288,0.00000000
0.95926124,0.00000000
0.93856951,0.00000000
0.96555394,0.00000000
0.97772299,0.00000000
0.95670463,0.00000000
0.98993908,0.00000000
0.97721931,0.00000000
0.95203330,0.00000000
0.93729286,0.00000000
0.93011350,0.00000000
0.95619675,0.00000000
0.93808201,0.00000000
0.93792477,0.00000000
0.95268697,0.00000000
0.95554700,0.00000000
0.95213051,0.00000000
0.94036246,0.00000000
0.91471450,0.00000000
0.94996707,0.00000000
0.95461354,0.00000000
0.94493443,0.00000000
0.92017039,0.00000000
0.95989859,0.00000000
0.95288442,0.00000000
0.95309293,0.00000000
0.95090023,0.00000000
0.94790089,0.00000000
0.93788765,0.00000000
0.91517527,0.00000000
0.95042900,0.00000000
0.90228422,0.00000000
0.93555192,0.00000000
0.91571739,0.00000000
0.91797291,0.00000000
0.93938450,0.00000000
0.93763846,0.00000000
0.90625773,0.00000000
0.92996414,0.00000000
0.94619767,0.00000000
0.93211503,0.00000000
0.90092019,0.00000000
0.92154225,0.00000000
0.92771812,0.00000000
0.90721533,0.00000000
0.89559785,0.00000000
0.89929236,0.00000000
0.90149026,0.00000000
0.87921044,0.00000000
0.91827908,0.00000000
0.88749955,0.00000000
0.90024715,0.00000000
0.92433129,0.00000000
0.88779618,0.00000000
0.95982977,0.00000000
0.91992447,0.00000000
0.97184004,0.00000000
0.91960219,0.00000000
0.93215149,0.00000000
0.91472838,0.00000000
0.87656794,0.00000000
0.94955157,0.00000000
0.93120511,0.00000000
0.97527271,0.00000000
0.95570728,0.00000000
0.98100873,0.00000000
0.98497881,0.00000000
0.96114516,0.00000000
0.96370070,0.00000000
0.96970044,0.00000000
0.96061677,0.00000000
0.95455179,0.00000000
0.94143897,0.00000000
0.96758781,0.00000000
0.92253116,0.00000000
0.93562578,0.00000000
0.94730023,0.00000000
0.94546494,0.00000000
0.91723532,0.00000000
0.95376834,0.00000000
0.93484985,0.00000000
0.88471556,0.00000000
0.93151066,0.00000000
0.88278413,0.00000000
0.93115957,0.00000000
0.95031421,0.00000000
0.94533236,0.00000000
0.94923479,0.00000000
0.95790155,0.00000000
0.96575021,0.00000000
0.97030682,0.00000000
0.95342477,0.00000000
0.94953147,0.00000000
0.93428830,0.00000000
0.95352923,0.00000000
0.96760708,0.00000000
0.96210097,0.00000000
0.96992147,0.00000000
0.95702356,0.00000000
0.94793994,0.00000000
0.95459710,0.00000000
0.94815062,0.00000000
0.90487380,0.00000000
0.95338279,0.00000000
0.94839659,0.00000000
0.93914283,0.00000000
0.93545011,0.00000000
0.95005594,0.00000000
0.92494697,0.00000000
0.90019284,0.00000000
0.89737708,0.00000000
0.86431119,0.00000000
0.94217890,0.00000000
0.92300774,0.00000000
0.93564027,0.00000000
0.86894577,0.00000000
0.89443667,0.00000000
0.91108074,0.00000000
0.88294060,0.00000000
0.91091881,0.00000000
0.89138758,0.00000000
0.92228461,0.00000000
0.87899898,0.00000000
0.89985237,0.00000000
0.87699680,0.00000000
0.88773391,0.00000000
0.89326738,0.00000000
0.90997569,0.00000000
0.87601196,0.00000000
0.89202361,0.00000000
0.91012392,0.00000000
0.90345919,0.00000000
0.89921189,0.00000000
0.90805452,0.00000000
0.90057416,0.00000000
0.88490457,0.00000000
0.89717393,0.00000000
0.88632354,0.00000000
0.88333105,0.00000000
0.91302543,0.00000000
0.89555641,0.00000000
0.91993576,0.00000000
0.89900490,0.00000000
0.89853334,0.00000000
0.90722657,0.00000000
0.90111879,0.00000000
0.90485285,0.00000000
0.91372479,0.00000000
0.87909008,0.00000000
0.92386935,0.00000000
0.89367591,0.00000000
0.89881715,0.00000000
0.90508345,0.00000000
0.90082970,0.00000000
0.92088779,0.00000000
0.90941210,0.00000000
0.94297511,0.00000000
0.93228200,0.00000000
0.91306153,0.00000000
0.92324819,0.00000000
0.93245921,0.00000000
0.93258849,0.00000000
0.93731160,0.00000000
0.92749706,0.00000000
0.89899516,0.00000000
0.91401212,0.00000000
0.91551910,0.00000000
0.91642696,0.00000000
0.91677991,0.00000000
0.93902558,0.00000000
0.91026999,0.00000000
0.93561751,0.00000000
0.88627584,0.00000000
0.92046806,0.00000000
0.89493784,0.00000000
0.93116752,0.00000000
0.89746666,0.00000000
0.93098429,0.00000000
0.92795484,0.00000000
0.94264672,0.00000000
0.91274811,0.00000000
0.91579186,0.00000000
0.93439645,0.00000000
0.92996962,0.00000000
0.92507189,0.00000000
0.90036457,0.00000000
0.91458598,0.00000000
0.90663947,0.00000000
0.91466358,0.00000000
0.92393190,0.00000000
0.91088308,0.00000000
0.91501235,0.00000000
0.92213424,0.00000000
0.93092890,0.00000000
0.92771323,0.00000000
0.91430184,0.00000000
0.92389515,0.00000000
0.91733502,0.00000000
0.89879896,0.00000000
0.92156321,0.00000000
0.92379981,0.00000000
0.91608742,0.00000000
0.90823697,0.00000000
0.94071616,0.00000000
0.93931425,0.00000000
0.93549726,0.00000000
0.92953317,0.00000000
0.92247139,0.00000000
0.92384876,0.00000000
0.91711299,0.00000000
0.92198147,0.00000000
0.93077273,0.00000000
0.92616556,0.00000000
0.91451428,0.00000000
0.93092161,0.00000000
0.92114961,0.00000000
0.91941781,0.00000000
0.91220126,0.00000000
0.92935226,0.00000000
0.91822392,0.00000000
0.91701156,0.00000000
0.90965823,0.00000000
0.92157597,0.00000000
0.90526118,0.00000000
0.92378531,0.00000000
0.92502848,0.00000000
0.92050099,0.00000000
0.93543398,0.00000000
0.93826277,0.00000000
0.91046342,0.00000000
0.96179203,0.00000000
0.96829528,0.00000000
0.95315577,0.00000000
0.96476407,0.00000000
0.95640618,0.00000000
0.92355453,0.00000000
0.93683737,0.00000000
0.94491734,0.00000000
0.93702371,0.00000000
0.96254541,0.00000000
0.94235565,0.00000000
0.94380698,0.00000000
0.92515659,0.00000000
0.93141786,0.00000000
0.91892394,0.00000000
0.92580704,0.00000000
0.94175238,0.00000000
0.91776748,0.00000000
0.93940209,0.00000000
0.91943615,0.00000000
0.93592312,0.00000000
0.92052326,0.00000000
0.92046241,0.00000000
0.91255436,0.00000000
0.92197721,0.00000000
0.92749525,0.00000000
0.91921645,0.00000000
0.90778168,0.00000000
0.92093357,0.00000000
0.91393243,0.00000000
0.91861425,0.00000000
0.94401059,0.00000000
0.90091001,0.00000000
0.93201431,0.00000000
0.91900869,0.00000000
0.93048431,0.00000000
0.94009351,0.00000000
0.95438358,0.00000000
0.93332371,0.00000000
0.93956473,0.00000000
0.95900385,0.00000000
0.95976574,0.00000000
0.94966676,0.00000000
0.97110622,0.00000000
0.96170378,0.00000000
0.94817886,0.00000000
0.96541651,0.00000000
0.96233036,0.00000000
0.95646931,0.00000000
0.96062013,0.00000000
0.95872374,0.00000000
0.96873818,0.00000000
0.97142788,0.00000000
0.96100250,0.00000000
0.95037325,0.00000000
0.97125216,0.00000000
0.97852166,0.00000000
0.96258305,0.00000000
0.98094273,0.00000000
0.96590509,0.00000000
0.96272671,0.00000000
0.96569380,0.00000000
0.96208862,0.00000000
0.97268878,0.00000000
0.97490970,0.00000000
0.97532812,0.00000000
0.96066179,0.00000000
0.98095487,0.00000000
0.97274443,0.00000000
0.97078540,0.00000000
0.97662788,0.00000000
0.97183183,0.00000000
0.97372861,0.00000000
0.97644044,0.00000000
0.96629191,0.00000000
0.96646733,0.00000000
0.96593852,0.00000000
0.96908688,0.00000000
0.96803290,0.00000000
0.96301338,0.00000000
0.96906909,0.00000000
0.96873929,0.00000000
0.96243796,0.00000000
0.98373533,0.00000000
0.98284746,0.00000000
0.97793425,0.00000000
0.97687777,0.00000000
0.97366638,0.00000000
0.96443176,0.00000000
0.96929995,0.00000000
0.95059699,0.00000000
0.96105335,0.00000000
0.92963768,0.00000000
0.91109578,0.00000000
0.91086498,0.00000000
0.90349603,0.00000000
0.88464047,0.00000000
0.96958060,0.00000000
0.95387868,0.00000000
0.92488292,0.00000000
0.94557080,0.00000000
0.95966640,0.00000000
0.94276697,0.00000000
0.95137158,0.00000000
0.95096643,0.00000000
0.95807179,0.00000000
0.93156622,0.00000000
0.93857492,0.00000000
0.94961806,0.00000000
0.95866618,0.00000000
0.94528283,0.00000000
0.95593696,0.00000000
0.94080576,0.00000000
0.93524305,0.00000000
0.94142791,0.00000000
0.94742279,0.00000000
0.95090269,0.00000000
0.93276984,0.00000000
0.94615738,0.00000000
0.96008187,0.00000000
0.94585594,0.00000000
0.93525021,0.00000000
0.92977280,0.00000000
0.94160757,0.00000000
0.93516940,0.00000000
0.92818521,0.00000000
0.93956351,0.00000000
0.93140844,0.00000000
0.92098976,0.00000000
0.92784928,0.00000000
0.93263068,0.00000000
0.91110463,0.00000000
0.90310016,0.00000000
0.91391765,0.00000000
0.91804406,0.00000000
0.91530401,0.00000000
0.91733851,0.00000000
0.91274370,0.00000000
0.91445542,0.00000000
0.91099558,0.00000000
0.90550319,0.00000000
0.91884742,0.00000000
0.91011119,0.00000000
0.92265392,0.00000000
0.92371306,0.00000000
0.92138459,0.00000000
0.91655750,0.00000000
0.91894562,0.00000000
0.92625226,0.00000000
0.91302475,0.00000000
0.95324119,0.00000000
0.93355030,0.00000000
0.94293453,0.00000000
0.91695217,0.00000000
0.92318253,0.00000000
0.95117621,0.00000000
0.93590140,0.00000000
0.94871887,0.00000000
0.94326550,0.00000000
0.94481066,0.00000000
0.96386303,0.00000000
0.96621560,0.00000000
0.97566596,0.00000000
0.96046986,0.00000000
0.96384402,0.00000000
0.96107232,0.00000000
0.96948010,0.00000000
0.97606283,0.00000000
0.97004260,0.00000000
0.97561708,0.00000000
0.98064599,0.00000000
0.98283550,0.00000000
0.97647700,0.00000000
0.96883765,0.00000000
0.96478368,0.00000000
0.92123828,0.00000000
0.91240295,0.00000000
0.90784688,0.00000000
0.94460917,0.00000000
0.95327071,0.00000000
0.92575737,0.00000000
0.94323204,0.00000000
0.93829862,0.00000000
0.93747677,0.00000000
0.92703351,0.00000000
0.90080628,0.00000000
0.89453241,0.00000000
0.86873328,0.00000000
0.84515854,0.00000000
0.83662532,0.00000000
0.88618509,0.00000000
0.84759339,0.00000000
0.86072152,0.00000000
0.81945370,0.00000000
0.76498883,0.00000000
0.86459754,0.00000000
0.96030501,0.00000000
0.97629279,0.00000000
0.93921692,0.00000000
0.91052714,0.00000000
0.83186780,0.00000000
0.70000706,0.00000000
0.54952424,0.00000000
0.42969512,0.00000000
0.47052813,0.00000000
0.87411449,0.00000000
0.90235007,0.00000000
0.89445731,0.00000000
0.94387629,0.00000000
0.95580458,0.00000000
0.91164275,0.00000000
0.88756258,0.00000000
0.84478642,0.00000000
0.90443111,0.00000000
0.92693601,0.00000000
0.87548327,0.00000000
0.76688287,0.00000000
0.72220129,0.00000000
0.70508903,0.00000000
0.70713026,0.00000000
0.54189164,0.00000000
0.54502829,0.00000000
0.60573584,0.00000000
0.61278084,0.00000000
0.20955985,0.00000000
0.00000000,0.00000000
0.00000000,0.00000000
0.00000000,0.00000000
0.00000000,0.00000000
0.00000000,0.00000000
0.00000000,0.00000000
0.00000000,0.00000000
0.00000000,0.00000000
0.00000000,0.00000000
0.00000000,0.00000000
0.00000000,0.00000000
0.00000000,0.00000000
0.00000000,0.00000000
0.00000000,0.00000000
0.00000000,0.00000000
0.00000000,0.00000000
0.00000000,0.00000000
0.00000000,0.00000000
0.00000000,0.00000000
0.00000000,0.00000000
0.00000000,0.00000000
0.00000000,0.00000000
0.00000000,0.00000000
0.00000000,0.00000000
0.00000000,0.00000000
0.00000000,0.00000000
0.00000000,0.00000000
0.00000000,0.00000000
0.00000000,0.00000000
0.00000000,0.00000000
0.00000000,0.00000000
0.00000000,0.00000000
0.00000000,0.00000000
0.00114316,0.00000000
0.00000000,0.00000000
0.00000000,0.00000000
0.00000000,0.00000000
0.00000000,0.00000000
0.00000000,0.00000000
0.00000000,0.00000000
0.00000000,0.00000000
0.00000000,0.00000000
0.00000000,0.00000000
0.00035492,0.00000000
0.00000000,0.00000000
0.00000000,0.00000000
0.00000000,0.00000000
0.00000000,0.00000000
0.00000000,0.00000000
0.00000000,0.00000000
0.00000000,0.00000000
0.00000000,0.00000000
0.00000000,0.00000000
0.00000000,0.00000000
0.00481595,0.00000000
0.00000000,0.00000000
0.00000000,0.00000000
0.00000000,0.00000000
0.03684454,0.00000000
0.04753062,0.00000000
0.05334584,0.00000000
0.11206322,0.00000000
0.04921334,0.00000000
0.05436421,0.00000000
0.05439252,0.00000000
0.08278420,0.00000000
0.11291774,0.00000000
0.12941862,0.00000000
0.11237300,0.00000000
0.89449601,0.00000000
0.27288288,0.00000000
0.23360601,0.00000000
0.88853850,0.00000000
0.12672523,0.00000000
0.30922963,0.00000000
0.67340828,0.00000000
0.30268387,0.00000000
0.12908070,0.00000000
0.09669100,0.00000000
0.07214599,0.00000000
0.06857860,0.00000000
0.07130756,0.00000000
0.14124483,0.00000000
0.82759651,0.00000000
0.84917108,0.00000000
0.88363624,0.00000000
0.94099965,0.00000000
0.89116753,0.00000000
0.95995783,0.00000000
0.95906268,0.00000000
0.91808993,0.00000000
0.93713266,0.00000000
0.86222526,0.00000000
0.90977134,0.00000000
0.93597037,0.00000000
0.90462812,0.00000000
0.96953058,0.00000000
0.92754270,0.00000000
0.98190906,0.00000000
0.95783893,0.00000000
0.97251184,0.00000000
0.96528234,0.00000000
0.95215436,0.00000000
0.96241816,0.00000000
0.96199795,0.00000000
0.95391310,0.00000000
0.96659815,0.00000000
0.96049746,0.00000000
0.89323747,0.00000000
0.90057642,0.00000000
0.88940153,0.00000000
0.93643628,0.00000000
0.94650891,0.00000000
0.95047589,0.00000000
0.94678570,0.00000000
0.95099875,0.00000000
0.94510252,0.00000000
0.92097645,0.00000000
0.97040758,0.00000000
0.94784208,0.00000000
0.94560561,0.00000000
0.96530164,0.00000000
0.88157428,0.00000000
0.96758061,0.00000000
0.91711729,0.00000000
0.92417177,0.00000000
0.97311116,0.00000000
0.97373925,0.00000000
0.98869720,0.00000000
0.95986834,0.00000000
0.95881279,0.00000000
0.97630519,0.00000000
0.95799664,0.00000000
0.96112293,0.00000000
0.94454765,0.00000000
0.96362456,0.00000000
0.94654478,0.00000000
0.91327545,0.00000000
0.92701710,0.00000000
0.88766432,0.00000000
0.91190096,0.00000000
0.84805065,0.00000000
0.85258771,0.00000000
0.84317421,0.00000000
0.83703731,0.00000000
0.83933824,0.00000000
0.82544486,0.00000000
0.87100268,0.00000000
0.88416518,0.00000000
0.87768277,0.00000000
0.86714719,0.00000000
0.88384144,0.00000000
0.88398795,0.00000000
0.85972784,0.00000000
0.89755431,0.00000000
0.88046079,0.00000000
0.89874936,0.00000000
0.88811568,0.00000000
0.89012801,0.00000000
0.86397715,0.00000000
0.85154124,0.00000000
0.86624394,0.00000000
0.87917299,0.00000000
0.87248341,0.00000000
0.86530469,0.00000000
0.87806966,0.00000000
0.90017983,0.00000000
0.87085757,0.00000000
0.86939374,0.00000000
0.82613933,0.00000000
0.84273547,0.00000000
0.86599178,0.00000000
0.87995848,0.00000000
0.86412523,0.00000000
0.87075460,0.00000000
0.88010306,0.00000000
0.87309331,0.00000000
0.89496067,0.00000000
0.90905748,0.00000000
0.95076924,0.00000000
0.96180129,0.00000000
0.97782327,0.00000000
0.90008954,0.00000000
0.91317879,0.00000000
0.93126574,0.00000000
0.94429407,0.00000000
0.90293753,0.00000000
0.94083023,0.00000000
0.87117309,0.00000000
0.92889039,0.00000000
0.97569643,0.00000000
0.96579003,0.00000000
0.96769278,0.00000000
0.96417991,0.00000000
0.96396499,0.00000000
0.97079406,0.00000000
0.97616923,0.00000000
0.95162770,0.00000000
0.97878566,0.00000000
0.97757417,0.00000000
0.91656106,0.00000000
0.97116587,0.00000000
0.90028461,0.00000000
0.84221090,0.00000000
0.82379483,0.00000000
0.81692494,0.00000000
0.83766758,0.00000000
0.82615936,0.00000000
0.93932862,0.00000000
0.92059904,0.00000000
0.92959910,0.00000000
0.91543226,0.00000000
0.87261651,0.00000000
0.85548162,0.00000000
0.83677445,0.00000000
0.84512332,0.00000000
0.83489123,0.00000000
0.81340895,0.00000000
0.80305443,0.00000000
0.81075014,0.00000000
0.81699552,0.00000000
0.79915368,0.00000000
0.79396082,0.00000000
0.79040140,0.00000000
0.80225177,0.00000000
0.72044727,0.00000000
0.80348116,0.00000000
0.84251045,0.00000000
0.82539878,0.00000000
0.92460349,0.00000000
0.93011716,0.00000000
0.93347550,0.00000000
0.96392927,0.00000000
0.96333442,0.00000000
0.93389719,0.00000000
0.96498659,0.00000000
0.91871071,0.00000000
0.90917262,0.00000000
0.92441319,0.00000000
0.94213171,0.00000000
0.93934791,0.00000000
0.93280387,0.00000000
0.93022402,0.00000000
0.82973087,0.00000000
0.85249118,0.00000000
0.90934086,0.00000000
0.92661051,0.00000000
0.96789056,0.00000000
0.96592541,0.00000000
0.90700815,0.00000000
0.81846067,0.00000000
0.86906947,0.00000000
0.84645088,0.00000000
0.93431555,0.00000000
0.93760353,0.00000000
0.93687791,0.00000000
0.84887461,0.00000000
0.81864486,0.00000000
0.95308573,0.00000000
0.73825145,0.00000000
0.72691240,0.00000000
0.70019953,0.00000000
0.75321502,0.00000000
0.73355053,0.00000000
0.77675038,0.00000000
0.94442654,0.00000000
0.97256561,0.00000000
0.91198622,0.00000000
0.91617596,0.00000000
0.90559981,0.00000000
0.93157632,0.00000000
0.91542999,0.00000000
0.93198037,0.00000000
0.93140094,0.00000000
0.92641894,0.00000000
0.90871218,0.00000000
0.86747067,0.00000000
0.67543846,0.00000000
0.61925098,0.00000000
0.64433604,0.00000000
0.67388218,0.00000000
0.67766929,0.00000000
0.58632054,0.00000000
0.65019608,0.00000000
0.89044036,0.00000000
0.89673720,0.00000000
0.70465449,0.00000000
0.66182575,0.00000000
0.66134949,0.00000000
0.64788624,0.00000000
0.65581425,0.00000000
0.67624047,0.00000000
0.64791507,0.00000000
0.65923394,0.00000000
0.69640641,0.00000000
0.69303923,0.00000000
0.68491761,0.00000000
0.96191813,0.00000000
0.94385146,0.00000000
0.95956312,0.00000000
0.97217740,0.00000000
0.93168289,0.00000000
0.95681439,0.00000000
0.93858549,0.00000000
0.93537614,0.00000000
0.94523346,0.00000000
0.78941949,0.00000000
0.95247576,0.00000000
0.93237584,0.00000000
0.92282004,0.00000000
0.92914519,0.00000000
0.93940238,0.00000000
0.95401083,0.00000000
0.95338414,0.00000000
0.93908080,0.00000000
0.94313699,0.00000000
0.96833977,0.00000000
0.97462129,0.00000000
0.97305396,0.00000000
0.94901786,0.00000000
0.95786366,0.00000000
0.95855935,0.00000000
0.97963136,0.00000000
0.97064008,0.00000000
0.96940092,0.00000000
0.94723506,0.00000000
0.93060630,0.00000000
0.97124336,0.00000000
0.97991088,0.00000000
0.95829353,0.00000000
0.96292420,0.00000000
0.97831862,0.00000000
0.95743175,0.00000000
0.96132286,0.00000000
0.95578216,0.00000000
0.95330633,0.00000000
0.95945084,0.00000000
0.95871300,0.00000000
0.94655115,0.00000000
0.95828620,0.00000000
0.96599578,0.00000000
0.96621035,0.00000000
0.83866475,0.00000000
0.85440662,0.00000000
0.92715140,0.00000000
0.92047162,0.00000000
0.96293999,0.00000000
0.97604025,0.00000000
0.86182906,0.00000000
0.92050636,0.00000000
0.96125046,0.00000000
0.78001386,0.00000000
0.94782048,0.00000000
0.90591362,0.00000000
0.88760987,0.00000000
0.92586866,0.00000000
0.76143457,0.00000000
0.70848639,0.00000000
0.74929739,0.00000000
0.85816402,0.00000000
0.88986448,0.00000000
0.87862103,0.00000000
0.87750592,0.00000000
0.90432590,0.00000000
0.91195560,0.00000000
0.90347993,0.00000000
0.89383235,0.00000000
0.86846987,0.00000000
0.95942721,0.00000000
0.96163607,0.00000000
0.87351075,0.00000000
0.86714482,0.00000000
0.89711468,0.00000000
0.95228719,0.00000000
0.96154645,0.00000000
0.83917769,0.00000000
0.86512842,0.00000000
0.93874904,0.00000000
0.92473766,0.00000000
0.87919912,0.00000000
0.86665913,0.00000000
0.85830877,0.00000000
0.90000400,0.00000000
0.87391660,0.00000000
0.87994575,0.00000000
0.90175251,0.00000000
0.91876084,0.00000000
0.89170189,0.00000000
0.92553680,0.00000000
0.93290825,0.00000000
0.93643118,0.00000000
0.91704112,0.00000000
0.94861312,0.00000000
0.91206553,0.00000000
0.91143386,0.00000000
0.93023130,0.00000000
0.91104163,0.00000000
0.91614107,0.00000000
0.89434843,0.00000000
0.89253524,0.00000000
0.92686861,0.00000000
0.89732537,0.00000000
0.90869897,0.00000000
0.89445513,0.00000000
0.89316135,0.00000000
0.89789913,0.00000000
0.90685981,0.00000000
0.88426637,0.00000000
0.94309044,0.00000000
0.92343058,0.00000000
0.91067591,0.00000000
0.93460916,0.00000000
0.93173268,0.00000000
0.93217200,0.00000000
0.90281201,0.00000000
0.89437293,0.00000000
0.92753545,0.00000000
0.92788919,0.00000000
0.89181963,0.00000000
0.91357975,0.00000000
0.91036216,0.00000000
0.91768158,0.00000000
0.90580419,0.00000000
0.88010136,0.00000000
0.88205309,0.00000000
0.92316374,0.00000000
0.92556167,0.00000000
0.93935590,0.00000000
0.96275697,0.00000000
0.96899996,0.00000000
0.96225927,0.00000000
0.97152216,0.00000000
0.92970349,0.00000000
0.96223629,0.00000000
0.92979062,0.00000000
0.89475990,0.00000000
0.92876144,0.00000000
0.90534109,0.00000000
0.93528379,0.00000000
0.90821824,0.00000000
0.92888902,0.00000000
0.92448299,0.00000000
0.90051960,0.00000000
0.88965294,0.00000000
0.91457800,0.00000000
0.91202939,0.00000000
0.90478234,0.00000000
0.94394956,0.00000000
0.91657732,0.00000000
0.88656860,0.00000000
0.88841101,0.00000000
0.86583152,0.00000000
0.86314762,0.00000000
0.91193958,0.00000000
0.89259426,0.00000000
0.90886220,0.00000000
0.96200479,0.00000000
0.92808964,0.00000000
0.95222660,0.00000000
0.93916103,0.00000000
0.94589163,0.00000000
0.89350510,0.00000000
0.85762802,0.00000000
0.96619910,0.00000000
0.97096631,0.00000000
0.92895222,0.00000000
0.91032743,0.00000000
0.92446424,0.00000000
0.95061858,0.00000000
0.84190505,0.00000000
0.82366620,0.00000000
0.90666219,0.00000000
0.76385224,0.00000000
0.81955872,0.00000000
0.72871853,0.00000000
0.80293807,0.00000000
0.74199087,0.00000000
0.82070307,0.00000000
0.88456648,0.00000000
0.68217435,0.00000000
0.80695768,0.00000000
0.90323702,0.00000000
0.76412851,0.00000000
0.92532295,0.00000000
0.88976701,0.00000000
0.87555125,0.00000000
0.93265253,0.00000000
0.71996503,0.00000000
0.71301610,0.00000000
0.74418792,0.00000000
0.93279417,0.00000000
0.87302840,0.00000000
0.83882592,0.00000000
0.84260224,0.00000000
0.86874053,0.00000000
0.95553028,0.00000000
0.89433760,0.00000000
0.95168090,0.00000000
0.91363804,0.00000000
0.93115040,0.00000000
0.94893993,0.00000000
0.93608500,0.00000000
0.95830266,0.00000000
0.95393283,0.00000000
0.94415537,0.00000000
0.93580115,0.00000000
0.93126926,0.00000000
0.88095323,0.00000000
0.86047210,0.00000000
0.92566068,0.00000000
0.95256890,0.00000000
0.95402228,0.00000000
0.94183626,0.00000000
0.95532832,0.00000000
0.89788669,0.00000000
0.90549182,0.00000000
0.94770088,0.00000000
0.94559169,0.00000000
0.93445248,0.00000000
0.94204759,0.00000000
0.96000837,0.00000000
0.93973944,0.00000000
0.96220099,0.00000000
0.93770007,0.00000000
0.93926320,0.00000000
0.93716307,0.00000000
0.92092322,0.00000000
0.94269051,0.00000000
0.94453784,0.00000000
0.92998338,0.00000000
0.93727578,0.00000000
0.95016343,0.00000000
0.96070978,0.00000000
0.92770185,0.00000000
0.93690434,0.00000000
0.92332809,0.00000000
0.96026478,0.00000000
0.94472878,0.00000000
0.93788289,0.00000000
0.93426974,0.00000000
0.96897692,0.00000000
0.97283129,0.00000000
0.94612693,0.00000000
0.93773392,0.00000000
0.95653583,0.00000000
0.96253289,0.00000000
0.96954609,0.00000000
0.97622931,0.00000000
0.96211778,0.00000000
0.97044220,0.00000000
0.94396287,0.00000000
0.96452053,0.00000000
0.95210606,0.00000000
0.97579147,0.00000000
0.96203400,0.00000000
0.96193977,0.00000000
0.95614099,0.00000000
0.96067075,0.00000000
0.98118036,0.00000000
0.97375623,0.00000000
0.97070726,0.00000000
0.97288237,0.00000000
0.97334059,0.00000000
0.97337963,0.00000000
0.96781135,0.00000000
0.95732724,0.00000000
0.95092439,0.00000000
0.95209812,0.00000000
0.96142302,0.00000000
0.95294301,0.00000000
0.97654411,0.00000000
0.98404217,0.00000000
0.97449770,0.00000000
0.98503891,0.00000000
0.97968896,0.00000000
0.99122987,0.00000000
0.97234741,0.00000000
0.98462092,0.00000000
0.95213195,0.00000000
0.94743652,0.00000000
0.96859123,0.00000000
0.97566018,0.00000000
0.98109276,0.00000000
0.96897685,0.00000000
0.95999853,0.00000000
0.93781630,0.00000000
0.95169089,0.00000000
0.97470982,0.00000000
0.95680344,0.00000000
0.94316449,0.00000000
0.95693123,0.00000000
0.96234881,0.00000000
0.96843045,0.00000000
0.97023061,0.00000000
0.95876848,0.00000000
0.93596024,0.00000000
0.94830477,0.00000000
0.97867264,0.00000000
0.96322087,0.00000000
0.94961452,0.00000000
0.97209942,0.00000000
0.94723202,0.00000000
0.96757128,0.00000000
0.97587315,0.00000000
0.96491131,0.00000000
0.92556821,0.00000000
0.94684456,0.00000000
0.97787258,0.00000000
0.95044376,0.00000000
0.95659723,0.00000000
0.96675066,0.00000000
0.97271705,0.00000000
0.96054594,0.00000000
0.97113926,0.00000000
0.97147737,0.00000000
0.95240786,0.00000000
0.95393031,0.00000000
0.96150953,0.00000000
0.96770851,0.00000000
0.96879123,0.00000000
0.94404204,0.00000000
0.97148439,0.00000000
0.97268108,0.00000000
0.95030882,0.00000000
0.94729834,0.00000000
0.94890863,0.00000000
0.97643896,0.00000000
0.97282479,0.00000000
0.97706321,0.00000000
0.96138858,0.00000000
0.94467202,0.00000000
0.94986173,0.00000000
0.90271922,0.00000000
0.93916469,0.00000000
0.90977331,0.00000000
0.91123668,0.00000000
0.91907418,0.00000000
0.97830273,0.00000000
0.95626066,0.00000000
0.97688548,0.00000000
0.98443650,0.00000000
0.96346767,0.00000000
0.98015691,0.00000000
0.95920467,0.00000000
0.94291127,0.00000000
0.95243575,0.00000000
0.94932378,0.00000000
0.95287683,0.00000000
0.92975905,0.00000000
0.90065863,0.00000000
0.89858444,0.00000000
0.88396765,0.00000000
0.81054097,0.00000000
0.71857127,0.00000000
0.60818990,0.00000000
0.56920497,0.00000000
0.54560163,0.00000000
0.56355883,0.00000000
0.66515761,0.00000000
0.78349247,0.00000000
0.53335158,0.00000000
0.57741814,0.00000000
0.75872323,0.00000000
0.74049736,0.00000000
0.64859929,0.00000000
0.58088298,0.00000000
0.81087822,0.00000000
0.83907601,0.00000000
0.81006510,0.00000000
0.83349029,0.00000000
0.82762908,0.00000000
0.77256512,0.00000000
0.96061775,0.00000000
0.96138644,0.00000000
0.95420560,0.00000000
0.96314342,0.00000000
0.96006338,0.00000000
0.96291813,0.00000000
0.78220542,0.00000000
0.93001382,0.00000000
0.93681421,0.00000000
0.94029191,0.00000000
0.95355877,0.00000000
0.96425981,0.00000000
0.97938009,0.00000000
0.97790176,0.00000000
0.94254534,0.00000000
0.93396015,0.00000000
0.94346838,0.00000000
0.91371513,0.00000000
0.91575813,0.00000000
0.93152423,0.00000000
0.96005356,0.00000000
0.92042653,0.00000000
0.94023768,0.00000000
0.94419170,0.00000000
0.93679153,0.00000000
0.88631143,0.00000000
0.89481140,0.00000000
0.88648770,0.00000000
0.81953241,0.00000000
0.87401546,0.00000000
0.86059115,0.00000000
0.84681566,0.00000000
0.86579542,0.00000000
0.94032604,0.00000000
0.89691071,0.00000000
0.91856335,0.00000000
0.89996074,0.00000000
0.90442611,0.00000000
0.93017422,0.00000000
0.92893022,0.00000000
0.88796987,0.00000000
0.87999341,0.00000000
0.90595521,0.00000000
0.93545323,0.00000000
0.88446413,0.00000000
0.89049201,0.00000000
0.89998930,0.00000000
0.91984391,0.00000000
0.91640565,0.00000000
0.91612403,0.00000000
0.92933708,0.00000000
0.94092844,0.00000000
0.93212594,0.00000000
0.95209421,0.00000000
0.95249339,0.00000000
0.90202401,0.00000000
0.90390613,0.00000000
0.94708373,0.00000000
0.93102754,0.00000000
0.89459916,0.00000000
0.87645783,0.00000000
0.77052995,0.00000000
0.71883129,0.00000000
0.68510952,0.00000000
0.72591842,0.00000000
0.75685592,0.00000000
0.92813857,0.00000000
0.92266094,0.00000000
0.88422185,0.00000000
0.80509594,0.00000000
0.93621226,0.00000000
0.90351873,0.00000000
0.84978727,0.00000000
0.94982209,0.00000000
0.90857518,0.00000000
0.94144212,0.00000000
0.95817522,0.00000000
0.92438099,0.00000000
0.95459890,0.00000000
0.96827135,0.00000000
0.94614231,0.00000000
0.97374746,0.00000000
0.96017423,0.00000000
0.90406471,0.00000000
0.91049421,0.00000000
0.87439470,0.00000000
0.88809440,0.00000000
0.86955181,0.00000000
0.95911948,0.00000000
0.85352727,0.00000000
0.91145620,0.00000000
0.93337413,0.00000000
0.89236414,0.00000000
0.90106508,0.00000000
0.86609402,0.00000000
0.91670180,0.00000000
0.92530594,0.00000000
0.92837526,0.00000000
0.94487365,0.00000000
0.95080698,0.00000000
0.92418176,0.00000000
0.94553408,0.00000000
0.94049377,0.00000000
0.94999277,0.00000000
0.89391662,0.00000000
0.91658890,0.00000000
0.92852698,0.00000000
0.90241964,0.00000000
0.87812031,0.00000000
0.90230732,0.00000000
0.88663288,0.00000000
0.91315933,0.00000000
0.89522832,0.00000000
0.87498776,0.00000000
0.89482079,0.00000000
0.87182859,0.00000000
0.86040260,0.00000000
0.85257074,0.00000000
0.88665049,0.00000000
0.86690010,0.00000000
0.88862613,0.00000000
0.92437820,0.00000000
0.90298713,0.00000000
0.87295480,0.00000000
0.90920041,0.00000000
0.89018703,0.00000000
0.90291356,0.00000000
0.91412708,0.00000000
0.94377013,0.00000000
0.90755122,0.00000000
0.91152248,0.00000000
0.94128948,0.00000000
0.90791731,0.00000000
0.88314793,0.00000000
0.89768586,0.00000000
0.91431948,0.00000000
0.92080716,0.00000000
0.92623894,0.00000000
0.91653613,0.00000000
0.93948993,0.00000000
0.94263288,0.00000000
0.94370517,0.00000000
0.95233493,0.00000000
0.96283555,0.00000000
0.96459590,0.00000000
0.97462655,0.00000000
0.94909070,0.00000000
0.93523386,0.00000000
0.93961460,0.00000000
0.94883824,0.00000000
0.89617504,0.00000000
0.91150729,0.00000000
0.92046441,0.00000000
0.85389120,0.00000000
0.84230706,0.00000000
0.81363523,0.00000000
0.82080569,0.00000000
0.81338711,0.00000000
0.83941007,0.00000000
0.86784803,0.00000000
0.84413784,0.00000000
0.90067554,0.00000000
0.81358690,0.00000000
0.79191766,0.00000000
0.79920476,0.00000000
0.76939109,0.00000000
0.78152194,0.00000000
0.76182228,0.00000000
0.78418301,0.00000000
0.73359471,0.00000000
0.74884072,0.00000000
0.72454393,0.00000000
0.72154379,0.00000000
0.72993141,0.00000000
0.73245146,0.00000000
0.73386103,0.00000000
0.73959835,0.00000000
0.74356434,0.00000000
0.73174852,0.00000000
0.75851182,0.00000000
0.76281662,0.00000000
0.79275109,0.00000000
0.54645289,0.00000000
0.75841992,0.00000000
0.53868002,0.00000000
0.52035417,0.00000000
0.51902470,0.00000000
0.54306705,0.00000000
0.56912230,0.00000000
0.89515558,0.00000000
0.86251369,0.00000000
0.83983875,0.00000000
0.88988098,0.00000000
0.95966475,0.00000000
0.95291743,0.00000000
0.84393679,0.00000000
0.92923204,0.00000000
0.90993536,0.00000000
0.91874675,0.00000000
0.90651894,0.00000000
0.92447921,0.00000000
0.93813231,0.00000000
0.94816292,0.00000000
0.95123012,0.00000000
0.89114647,0.00000000
0.92020990,0.00000000
0.88539133,0.00000000
0.88776012,0.00000000
0.83136708,0.00000000
0.91692246,0.00000000
0.88086647,0.00000000
0.85876977,0.00000000
0.85510241,0.00000000
0.94805445,0.00000000
0.92605761,0.00000000
0.92026394,0.00000000
0.92743538,0.00000000
0.95632915,0.00000000
0.93114695,0.00000000
0.91876043,0.00000000
0.95512481,0.00000000
0.95171916,0.00000000
0.92659082,0.00000000
0.95359956,0.00000000
0.85628542,0.00000000
0.90194942,0.00000000
0.92016967,0.00000000
0.86837065,0.00000000
0.93695349,0.00000000
0.71432792,0.00000000
0.74747535,0.00000000
0.77521411,0.00000000
0.62511108,0.00000000
0.64954872,0.00000000
0.67074249,0.00000000
0.82433953,0.00000000
0.91200844,0.00000000
0.96654122,0.00000000
0.90841966,0.00000000
0.97873083,0.00000000
0.98302992,0.00000000
0.89835665,0.00000000
0.87769905,0.00000000
0.93433081,0.00000000
0.93255220,0.00000000
0.97144934,0.00000000
0.94068608,0.00000000
0.92532264,0.00000000
0.94600125,0.00000000
0.98350715,0.00000000
0.91395300,0.00000000
0.91474284,0.00000000
0.93671925,0.00000000
0.96308504,0.00000000
0.97878112,0.00000000
0.96328893,0.00000000
0.95720841,0.00000000
0.93431218,0.00000000
0.92061985,0.00000000
0.92392493,0.00000000
0.83707169,0.00000000
0.94001159,0.00000000
0.89919197,0.00000000
0.80638756,0.00000000
0.85678553,0.00000000
0.86153417,0.00000000
0.82005124,0.00000000
0.89152974,0.00000000
0.89868931,0.00000000
0.92457563,0.00000000
0.90432421,0.00000000
0.89002916,0.00000000
0.91390640,0.00000000
0.92515314,0.00000000
0.90929799,0.00000000
0.91905746,0.00000000
0.90541005,0.00000000
0.88599246,0.00000000
0.92028088,0.00000000
0.88382407,0.00000000
0.92562909,0.00000000
0.94021199,0.00000000
0.96777958,0.00000000
0.97174979,0.00000000
0.97251957,0.00000000
0.97015492,0.00000000
0.96303528,0.00000000
0.96989241,0.00000000
0.95926698,0.00000000
0.96070184,0.00000000
0.96285718,0.00000000
0.95135385,0.00000000
0.92560708,0.00000000
0.96892716,0.00000000
0.96994549,0.00000000
0.95947433,0.00000000
0.95051917,0.00000000
0.95556553,0.00000000
0.96432866,0.00000000
0.96196089,0.00000000
0.94481502,0.00000000
0.95685977,0.00000000
0.94332953,0.00000000
0.94897612,0.00000000
0.93519415,0.00000000
0.92775638,0.00000000
0.94876709,0.00000000
0.94539031,0.00000000
0.94147317,0.00000000
0.93208267,0.00000000
0.95860173,0.00000000
0.92930506,0.00000000
0.90812072,0.00000000
0.90272266,0.00000000
0.90536874,0.00000000
0.92639413,0.00000000
0.90450382,0.00000000
0.90544036,0.00000000
0.90951331,0.00000000
0.93200742,0.00000000
0.89844559,0.00000000
0.90705522,0.00000000
0.93360605,0.00000000
0.93738704,0.00000000
0.93838912,0.00000000
0.91429183,0.00000000
0.92621545,0.00000000
0.92912027,0.00000000
0.91978343,0.00000000
0.89890392,0.00000000
0.90146924,0.00000000
0.92621782,0.00000000
0.92758272,0.00000000
0.90617446,0.00000000
0.88730470,0.00000000
0.88803231,0.00000000
0.89637369,0.00000000
0.88000244,0.00000000
0.89193980,0.00000000
0.92579124,0.00000000
0.91793312,0.00000000
0.91204157,0.00000000
0.92681883,0.00000000
0.92933755,0.00000000
0.93384576,0.00000000
0.92380106,0.00000000
0.91582082,0.00000000
0.93128270,0.00000000
0.88699575,0.00000000
0.89540101,0.00000000
0.88650945,0.00000000
0.88518582,0.00000000
0.87916300,0.00000000
0.88541160,0.00000000
0.89084855,0.00000000
0.89942335,0.00000000
0.89201946,0.00000000
0.92315009,0.00000000
0.91920297,0.00000000
0.92630858,0.00000000
0.91614346,0.00000000
0.93115221,0.00000000
0.91598103,0.00000000
0.95229526,0.00000000
0.96759000,0.00000000
0.97611121,0.00000000
0.96099512,0.00000000
0.98006044,0.00000000
0.96222634,0.00000000
0.96838529,0.00000000
0.98047539,0.00000000
0.95386602,0.00000000
0.96004128,0.00000000
0.96188052,0.00000000
0.96117117,0.00000000
0.95261291,0.00000000
0.92199180,0.00000000
0.66573185,0.00000000
0.67703497,0.00000000
0.69121804,0.00000000
0.69858066,0.00000000
0.69981424,0.00000000
0.68201871,0.00000000
0.68521601,0.00000000
0.67323558,0.00000000
0.69192635,0.00000000
0.68528360,0.00000000
0.76512987,0.00000000
0.76574346,0.00000000
0.87049013,0.00000000
0.80664684,0.00000000
0.80364968,0.00000000
0.77778543,0.00000000
0.78691315,0.00000000
0.80654361,0.00000000
0.83534425,0.00000000
0.85062839,0.00000000
0.81122986,0.00000000
0.82832368,0.00000000
0.82983247,0.00000000
0.93177089,0.00000000
0.76130732,0.00000000
0.79541545,0.00000000
0.89710125,0.00000000
0.79527670,0.00000000
0.80581259,0.00000000
0.94892298,0.00000000
0.74204603,0.00000000
0.80260831,0.00000000
0.75659191,0.00000000
0.75449090,0.00000000
0.72661122,0.00000000
0.78956189,0.00000000
0.75504107,0.00000000
0.78118747,0.00000000
0.74432764,0.00000000
0.75732634,0.00000000
0.72856393,0.00000000
0.72545541,0.00000000
0.73978619,0.00000000
0.72454090,0.00000000
0.75006315,0.00000000
0.78578181,0.00000000
0.81129881,0.00000000
0.84087105,0.00000000
0.87758294,0.00000000
0.81065134,0.00000000
0.93124662,0.00000000
0.95880293,0.00000000
0.87199726,0.00000000
0.91921535,0.00000000
0.79217602,0.00000000
0.66376076,0.00000000
0.83035668,0.00000000
0.69090627,0.00000000
0.71975378,0.00000000
0.67661213,0.00000000
0.96269537,0.00000000
0.95899184,0.00000000
0.93557151,0.00000000
0.96446384,0.00000000
0.93368071,0.00000000
0.95435585,0.00000000
0.92250969,0.00000000
0.95053504,0.00000000
0.94482695,0.00000000
0.93134798,0.00000000
0.74102516,0.00000000
0.71927729,0.00000000
0.92615550,0.00000000
0.92738558,0.00000000
0.88654959,0.00000000
0.93751459,0.00000000
0.70117698,0.00000000
0.84792919,0.00000000
0.78743936,0.00000000
0.93362207,0.00000000
0.90135052,0.00000000
0.88787778,0.00000000
0.95136312,0.00000000
0.94386203,0.00000000
0.87263093,0.00000000
0.88515153,0.00000000
0.88989606,0.00000000
0.96214366,0.00000000
0.98170148,0.00000000
0.93368260,0.00000000
0.93711981,0.00000000
0.94283817,0.00000000
0.96780535,0.00000000
0.91279034,0.00000000
0.92177321,0.00000000
0.90956097,0.00000000
0.93245119,0.00000000
0.91773582,0.00000000
0.89260871,0.00000000
0.91311800,0.00000000
0.93383613,0.00000000
0.91812190,0.00000000
0.94060956,0.00000000
0.94082563,0.00000000
0.92317677,0.00000000
0.94661322,0.00000000
0.90749078,0.00000000
0.94747930,0.00000000
0.94875601,0.00000000
0.97952275,0.00000000
0.95063484,0.00000000
0.96030299,0.00000000
0.97168909,0.00000000
0.98076188,0.00000000
0.96186372,0.00000000
0.93223260,0.00000000
0.91532071,0.00000000
0.95922748,0.00000000
0.93922524,0.00000000
0.88596500,0.00000000
0.95926267,0.00000000
0.91052957,0.00000000
0.97025809,0.00000000
0.98002717,0.00000000
0.90946355,0.00000000
0.91211592,0.00000000
0.90225772,0.00000000
0.84335779,0.00000000
0.96238866,0.00000000
0.97412015,0.00000000
0.95161065,0.00000000
0.96506840,0.00000000
0.98119880,0.00000000
0.97206791,0.00000000
0.97065050,0.00000000
0.96684898,0.00000000
0.93671837,0.00000000
0.95375813,0.00000000
0.97375716,0.00000000
0.97183593,0.00000000
0.96146851,0.00000000
0.97197652,0.00000000
0.96168208,0.00000000
0.96310270,0.00000000
0.95367862,0.00000000
0.95314660,0.00000000
0.93240096,0.00000000
0.96722514,0.00000000
0.96733396,0.00000000
0.96896350,0.00000000
0.97116477,0.00000000
0.95736075,0.00000000
0.92597231,0.00000000
0.93516636,0.00000000
0.94862833,0.00000000
0.95652558,0.00000000
0.94689055,0.00000000
0.94394377,0.00000000
0.89451299,0.00000000
0.93872031,0.00000000
0.90454864,0.00000000
0.94775386,0.00000000
0.96354761,0.00000000
0.92501193,0.00000000
0.93134115,0.00000000
0.95177003,0.00000000
0.94850023,0.00000000
0.94516325,0.00000000
0.96369008,0.00000000
0.96310856,0.00000000
0.92522233,0.00000000
0.96213579,0.00000000
0.95948910,0.00000000
0.96311417,0.00000000
0.98564042,0.00000000
0.94694271,0.00000000
0.94100521,0.00000000
0.92361961,0.00000000
0.90944947,0.00000000
0.91927065,0.00000000
0.91582328,0.00000000
0.91700268,0.00000000
0.89273837,0.00000000
0.91137880,0.00000000
0.91030794,0.00000000
0.94851106,0.00000000
0.97179324,0.00000000
0.95452432,0.00000000
0.94169620,0.00000000
0.97763067,0.00000000
0.94629214,0.00000000
0.97196915,0.00000000
0.95791999,0.00000000
0.92849845,0.00000000
0.95204709,0.00000000
0.94674366,0.00000000
0.94004315,0.00000000
0.96399924,0.00000000
0.90497775,0.00000000
0.98212618,0.00000000
0.94549605,0.00000000
0.93939280,0.00000000
0.91562002,0.00000000
0.83051899,0.00000000
0.90043445,0.00000000
0.93191213,0.00000000
0.93389606,0.00000000
0.91611714,0.00000000
0.93000450,0.00000000
0.96585189,0.00000000
0.81556230,0.00000000
0.81565831,0.00000000
0.81614060,0.00000000
0.82994125,0.00000000
0.88038493,0.00000000
0.87320789,0.00000000
0.94151637,0.00000000
0.93731153,0.00000000
0.94148670,0.00000000
0.96077763,0.00000000
0.97319721,0.00000000
0.97027488,0.00000000
0.96705677,0.00000000
0.97915204,0.00000000
0.96192073,0.00000000
0.98003705,0.00000000
0.96848099,0.00000000
0.98044721,0.00000000
0.89900814,0.00000000
0.92123924,0.00000000
0.90350526,0.00000000
0.81829986,0.00000000
0.86393820,0.00000000
0.83955178,0.00000000
0.80403500,0.00000000
0.78258921,0.00000000
0.80875417,0.00000000
0.77160395,0.00000000
0.79785357,0.00000000
0.76825516,0.00000000
0.76949190,0.00000000
0.78644279,0.00000000
0.79082368,0.00000000
0.76560533,0.00000000
0.78105741,0.00000000
0.77887535,0.00000000
0.77180805,0.00000000
0.78821442,0.00000000
0.77916534,0.00000000
0.79444430,0.00000000
0.80432071,0.00000000
0.78342559,0.00000000
0.80342652,0.00000000
0.79456005,0.00000000
0.77702361,0.00000000
0.77095612,0.00000000
0.78287805,0.00000000
0.79148639,0.00000000
0.78885130,0.00000000
0.78766850,0.00000000
0.76711307,0.00000000
0.86140638,0.00000000
0.77942738,0.00000000
0.89075523,0.00000000
0.90936052,0.00000000
0.83316745,0.00000000
0.81417686,0.00000000
0.93101579,0.00000000
0.92843530,0.00000000
0.97154582,0.00000000
0.83539700,0.00000000
0.80571475,0.00000000
0.93896645,0.00000000
0.90381979,0.00000000
0.92963675,0.00000000
0.82730325,0.00000000
0.89029520,0.00000000
0.88765244,0.00000000
0.86435677,0.00000000
0.85733210,0.00000000
0.81030977,0.00000000
0.92639695,0.00000000
0.94914479,0.00000000
0.94844808,0.00000000
0.95165122,0.00000000
0.96584799,0.00000000
0.97370565,0.00000000
0.96409038,0.00000000
0.94996800,0.00000000
0.97778860,0.00000000
0.96507167,0.00000000
0.98864069,0.00000000
0.97952922,0.00000000
0.97526076,0.00000000
0.98561903,0.00000000
0.98987026,0.00000000
0.96773985,0.00000000
0.97059378,0.00000000
0.98466443,0.00000000
0.97958195,0.00000000
0.97161755,0.00000000
0.97271372,0.00000000
0.97010304,0.00000000
0.97808254,0.00000000
0.96425205,0.00000000
0.96263315,0.00000000
0.97461928,0.00000000
0.98048348,0.00000000
0.97569776,0.00000000
0.97012005,0.00000000
0.98825098,0.00000000
0.97218524,0.00000000
0.96982794,0.00000000
0.96112772,0.00000000
0.97215221,0.00000000
0.97939096,0.00000000
0.95916949,0.00000000
0.98118729,0.00000000
0.97520240,0.00000000
0.97433367,0.00000000
0.97983420,0.00000000
0.96253450,0.00000000
0.96644123,0.00000000
0.96033873,0.00000000
0.96295157,0.00000000
0.96771336,0.00000000
0.97042565,0.00000000
0.96828396,0.00000000
0.97530227,0.00000000
0.96950782,0.00000000
0.97810079,0.00000000
0.98440225,0.00000000
0.96466873,0.00000000
0.95011604,0.00000000
0.96481485,0.00000000
0.97107625,0.00000000
0.99357633,0.00000000
0.94457311,0.00000000
0.91846535,0.00000000
0.90318341,0.00000000
0.93904684,0.00000000
0.81473121,0.00000000
0.90890636,0.00000000
0.91238723,0.00000000
0.71699170,0.00000000
0.88685238,0.00000000
0.88106991,0.00000000
0.95424796,0.00000000
0.96861890,0.00000000
0.94428675,0.00000000
0.95949846,0.00000000
0.97339581,0.00000000
0.96910227,0.00000000
0.96946863,0.00000000
0.97288424,0.00000000
0.96839096,0.00000000
0.96172234,0.00000000
0.95707750,0.00000000
0.96337453,0.00000000
0.97126112,0.00000000
0.95958998,0.00000000
0.94995251,0.00000000
0.96873164,0.00000000
0.96794960,0.00000000
0.95158489,0.00000000
0.95282833,0.00000000
0.94165803,0.00000000
0.94767256,0.00000000
0.95596957,0.00000000
0.95655180,0.00000000
0.96544644,0.00000000
0.96992781,0.00000000
0.98279324,0.00000000
0.97893678,0.00000000
0.95310603,0.00000000
0.96164005,0.00000000
0.95678001,0.00000000
0.94350261,0.00000000
0.97568393,0.00000000
0.96507012,0.00000000
0.94922935,0.00000000
0.94947720,0.00000000
0.95290200,0.00000000
0.96505510,0.00000000
0.96516484,0.00000000
0.97675181,0.00000000
0.97956359,0.00000000
0.96864688,0.00000000
0.97980346,0.00000000
0.96336094,0.00000000
0.92956224,0.00000000
0.91718954,0.00000000
0.94558894,0.00000000
0.91448616,0.00000000
0.93605616,0.00000000
0.91643856,0.00000000
0.95911205,0.00000000
0.95885198,0.00000000
0.92284045,0.00000000
0.94040657,0.00000000
0.94540574,0.00000000
0.95464413,0.00000000
0.96936649,0.00000000
0.94507916,0.00000000
0.93801081,0.00000000
0.91128723,0.00000000
0.90237305,0.00000000
0.91958789,0.00000000
0.91382098,0.00000000
0.94673026,0.00000000
0.96909232,0.00000000
0.95770961,0.00000000
0.95474525,0.00000000
0.95574543,0.00000000
0.97600990,0.00000000
0.96445733,0.00000000
0.98130962,0.00000000
0.97230937,0.00000000
0.97229019,0.00000000
0.97441139,0.00000000
0.97606665,0.00000000
0.97977196,0.00000000
0.95316820,0.00000000
0.97244850,0.00000000
0.97377965,0.00000000
0.97322383,0.00000000
0.96987935,0.00000000
0.95995387,0.00000000
0.96375810,0.00000000
0.97023427,0.00000000
0.95440047,0.00000000
0.92621581,0.00000000
0.88728831,0.00000000
0.92891415,0.00000000
0.90522730,0.00000000
0.80711348,0.00000000
0.61181296,0.00000000
0.75636164,0.00000000
0.90681498,0.00000000
0.96501354,0.00000000
0.93516460,0.00000000
0.96983293,0.00000000
0.75846969,0.00000000
0.69613846,0.00000000
0.80160780,0.00000000
0.85395720,0.00000000
0.96346760,0.00000000
0.95737458,0.00000000
0.95512719,0.00000000
0.97800790,0.00000000
0.95265205,0.00000000
0.96125562,0.00000000
0.96783492,0.00000000
0.95797736,0.00000000
0.96840745,0.00000000
0.98998712,0.00000000
0.96513702,0.00000000
0.97136711,0.00000000
0.96357503,0.00000000
0.95720815,0.00000000
0.95583565,0.00000000
0.93559580,0.00000000
0.94374810,0.00000000
0.98091015,0.00000000
0.97866147,0.00000000
0.96132243,0.00000000
0.95993414,0.00000000
0.96367854,0.00000000
0.95660434,0.00000000
0.95978360,0.00000000
0.97129298,0.00000000
0.97723208,0.00000000
0.92146956,0.00000000
0.92575778,0.00000000
0.95838945,0.00000000
0.94781145,0.00000000
0.95089503,0.00000000
0.96806674,0.00000000
0.95402374,0.00000000
0.95293695,0.00000000
0.94393118,0.00000000
0.97238338,0.00000000
0.94037719,0.00000000
0.97089576,0.00000000
0.94907858,0.00000000
0.93119972,0.00000000
0.96050249,0.00000000
0.95200100,0.00000000
0.93834922,0.00000000
0.92648100,0.00000000
0.96123596,0.00000000
0.94448732,0.00000000
0.93964977,0.00000000
0.92753458,0.00000000
0.93938004,0.00000000
0.94238069,0.00000000
0.95535242,0.00000000
0.95678565,0.00000000
0.94104615,0.00000000
0.95010933,0.00000000
0.93596138,0.00000000
0.98037782,0.00000000
0.93896060,0.00000000
0.94118194,0.00000000
0.93439198,0.00000000
0.91928727,0.00000000
0.94572865,0.00000000
0.95315843,0.00000000
0.94212785,0.00000000
0.96885424,0.00000000
0.96246402,0.00000000
0.94450345,0.00000000
0.96584751,0.00000000
0.96588243,0.00000000
0.98284269,0.00000000
0.96420221,0.00000000
0.94415219,0.00000000
0.96322358,0.00000000
0.96439271,0.00000000
0.96685993,0.00000000
0.96789620,0.00000000
0.95708218,0.00000000
0.95502575,0.00000000
0.94970493,0.00000000
0.96497813,0.00000000
0.96714862,0.00000000
0.97295217,0.00000000
0.95273608,0.00000000
0.95273832,0.00000000
0.94841514,0.00000000
0.97384010,0.00000000
0.95435016,0.00000000
0.96235667,0.00000000
0.95502840,0.00000000
0.94988927,0.00000000
0.97022126,0.00000000
0.95945203,0.00000000
0.95091318,0.00000000
0.95290638,0.00000000
0.94667632,0.00000000
0.95420751,0.00000000
0.94196692,0.00000000
0.95160249,0.00000000
0.95380217,0.00000000
0.94145647,0.00000000
0.94934475,0.00000000
0.93242064,0.00000000
0.93988018,0.00000000
0.93869229,0.00000000
0.94279457,0.00000000
0.94307929,0.00000000
0.93202176,0.00000000
0.93397718,0.00000000
0.91956562,0.00000000
0.93775880,0.00000000
0.94845787,0.00000000
0.94123296,0.00000000
0.94197758,0.00000000
0.94403643,0.00000000
0.94430322,0.00000000
0.93790417,0.00000000
0.92497701,0.00000000
0.92837140,0.00000000
0.92547103,0.00000000
0.91723820,0.00000000
0.93040963,0.00000000
0.92942345,0.00000000
0.91100638,0.00000000
0.92888345,0.00000000
0.92443983,0.00000000
0.92484781,0.00000000
0.92778580,0.00000000
0.91502775,0.00000000
0.90764896,0.00000000
0.91975985,0.00000000
0.92158753,0.00000000
0.92921097,0.00000000
0.93093042,0.00000000
0.91403496,0.00000000
0.91813393,0.00000000
0.90934590,0.00000000
0.93218516,0.00000000
0.92629456,0.00000000
0.92825685,0.00000000
0.91870423,0.00000000
0.92238650,0.00000000
0.91807479,0.00000000
0.91788018,0.00000000
0.92635066,0.00000000
0.92198406,0.00000000
0.92123390,0.00000000
0.92355816,0.00000000
0.90164566,0.00000000
0.91556078,0.00000000
0.92193601,0.00000000
0.90297065,0.00000000
0.89931904,0.00000000
0.91300994,0.00000000
0.90053870,0.00000000
0.88336299,0.00000000
0.89190358,0.00000000
0.91877179,0.00000000
0.83705946,0.00000000
0.83754743,0.00000000
0.84643340,0.00000000
0.95037341,0.00000000
0.94079013,0.00000000
0.96990536,0.00000000
0.86963334,0.00000000
0.94280325,0.00000000
0.86129365,0.00000000
0.83147866,0.00000000
0.81451762,0.00000000
0.71336106,0.00000000
0.71422420,0.00000000
0.72799221,0.00000000
0.97016007,0.00000000
0.93042089,0.00000000
0.96907756,0.00000000
0.95062048,0.00000000
0.96588876,0.00000000
0.96240116,0.00000000
0.94163608,0.00000000
0.93822876,0.00000000
0.98565283,0.00000000
0.97103319,0.00000000
0.97337485,0.00000000
0.96250951,0.00000000
0.96718410,0.00000000
0.96736862,0.00000000
0.96230441,0.00000000
0.97189613,0.00000000
0.97411441,0.00000000
0.97673670,0.00000000
0.98031991,0.00000000
0.97217557,0.00000000
0.97758382,0.00000000
0.98064372,0.00000000
0.96523870,0.00000000
0.96675992,0.00000000
0.96909156,0.00000000
0.96870667,0.00000000
0.96358413,0.00000000
0.96594601,0.00000000
0.97380269,0.00000000
0.97847043,0.00000000
0.97969328,0.00000000
0.97450146,0.00000000
0.96796246,0.00000000
0.97657782,0.00000000
0.96513915,0.00000000
0.95550350,0.00000000
0.97409265,0.00000000
0.96890465,0.00000000
0.96168635,0.00000000
0.96865838,0.00000000
0.96738502,0.00000000
0.96528574,0.00000000
0.97221592,0.00000000
0.96125352,0.00000000
0.97706008,0.00000000
0.96643643,0.00000000
0.98529098,0.00000000
0.94984111,0.00000000
0.97569130,0.00000000
0.96461626,0.00000000
0.96739885,0.00000000
0.97389824,0.00000000
0.96841559,0.00000000
0.97188282,0.00000000
0.97891673,0.00000000
0.97395154,0.00000000
0.97416306,0.00000000
0.97525896,0.00000000
0.96303521,0.00000000
0.95684102,0.00000000
0.92719744,0.00000000
0.95592488,0.00000000
0.95678568,0.00000000
0.93750692,0.00000000
0.94312232,0.00000000
0.96710226,0.00000000
0.94378731,0.00000000
0.96444182,0.00000000
0.98550789,0.00000000
0.95521334,0.00000000
0.93602736,0.00000000
0.95305006,0.00000000
0.91304313,0.00000000
0.90656185,0.00000000
0.92108152,0.00000000
0.96426053,0.00000000
0.93219094,0.00000000
0.95200848,0.00000000
0.97270490,0.00000000
0.96824605,0.00000000
0.93935855,0.00000000
0.94108155,0.00000000
0.97058688,0.00000000
0.95028061,0.00000000
0.94994834,0.00000000
0.94516487,0.00000000
0.94959381,0.00000000
0.95355863,0.00000000
0.89207986,0.00000000
0.90175420,0.00000000
0.95463612,0.00000000
0.93819585,0.00000000
0.93941053,0.00000000
0.90833008,0.00000000
0.89899254,0.00000000
0.89264998,0.00000000
0.88499051,0.00000000
0.87382528,0.00000000
0.85014331,0.00000000
0.86008174,0.00000000
0.86708876,0.00000000
0.84889198,0.00000000
0.82283931,0.00000000
0.85063698,0.00000000
0.81556893,0.00000000
0.84023949,0.00000000
0.84832305,0.00000000
0.84845102,0.00000000
0.84710153,0.00000000
0.84819155,0.00000000
0.82563734,0.00000000
0.84959730,0.00000000
0.86420445,0.00000000
0.87647053,0.00000000
0.86738568,0.00000000
0.87574660,0.00000000
0.85378283,0.00000000
0.86854559,0.00000000
0.87319299,0.00000000
0.85341512,0.00000000
0.86766915,0.00000000
0.85896415,0.00000000
0.84895731,0.00000000
0.83582516,0.00000000
0.85436944,0.00000000
0.84673980,0.00000000
0.84596176,0.00000000
0.85895846,0.00000000
0.86309355,0.00000000
0.87694045,0.00000000
0.88223289,0.00000000
0.86159421,0.00000000
0.87555518,0.00000000
0.89333122,0.00000000
0.87395420,0.00000000
0.89683695,0.00000000
0.86426482,0.00000000
0.88476336,0.00000000
0.86782528,0.00000000
0.83750607,0.00000000
0.81916630,0.00000000
0.83942163,0.00000000
0.85050812,0.00000000
0.82330252,0.00000000
0.84419092,0.00000000
0.83640681,0.00000000
0.85092394,0.00000000
0.87089789,0.00000000
0.85862356,0.00000000
0.86034607,0.00000000
0.84401940,0.00000000
0.85371783,0.00000000
0.85605724,0.00000000
0.89239917,0.00000000
0.90786261,0.00000000
0.89519211,0.00000000
0.89929501,0.00000000
0.89030340,0.00000000
0.88912334,0.00000000
0.89774520,0.00000000
0.89667280,0.00000000
0.91202103,0.00000000
0.91405640,0.00000000
0.93265549,0.00000000
0.94522558,0.00000000
0.90542102,0.00000000
0.89905471,0.00000000
0.91848924,0.00000000
0.92343413,0.00000000
0.95495033,0.00000000
0.93219924,0.00000000
0.93093780,0.00000000
0.91664420,0.00000000
0.94036178,0.00000000
0.96748185,0.00000000
0.82102833,0.00000000
0.94174630,0.00000000
0.93391164,0.00000000
0.86618613,0.00000000
0.96359465,0.00000000
0.91549873,0.00000000
0.95063294,0.00000000
0.95799774,0.00000000
0.96777732,0.00000000
0.82559751,0.00000000
0.84177050,0.00000000
0.96201774,0.00000000
0.91419647,0.00000000
0.90681354,0.00000000
0.93417787,0.00000000
0.94095009,0.00000000
0.95904726,0.00000000
0.96430378,0.00000000
0.95118544,0.00000000
0.94269884,0.00000000
0.94109041,0.00000000
0.93769635,0.00000000
0.96892368,0.00000000
0.96942251,0.00000000
0.92850393,0.00000000
0.94576483,0.00000000
0.92705467,0.00000000
0.94947356,0.00000000
0.92921109,0.00000000
0.92527839,0.00000000
0.90906526,0.00000000
0.90511664,0.00000000
0.90593144,0.00000000
0.93517385,0.00000000
0.91406326,0.00000000
0.90695734,0.00000000
0.90148068,0.00000000
0.92970071,0.00000000
0.91544225,0.00000000
0.93316200,0.00000000
0.90591571,0.00000000
0.90003299,0.00000000
0.96039941,0.00000000
0.91902668,0.00000000
0.96660766,0.00000000
0.96453244,0.00000000
0.94910612,0.00000000
0.96322253,0.00000000
0.97269852,0.00000000
0.96592690,0.00000000
0.93462794,0.00000000
0.95826737,0.00000000
0.97762987,0.00000000
0.95429950,0.00000000
0.93925583,0.00000000
0.93552595,0.00000000
0.93205785,0.00000000
0.97874476,0.00000000
0.95711672,0.00000000
0.94957154,0.00000000
0.97118872,0.00000000
0.97130183,0.00000000
0.97592018,0.00000000
0.95237243,0.00000000
0.95487211,0.00000000
0.93169096,0.00000000
0.89968248,0.00000000
0.72604753,0.00000000
0.83500673,0.00000000
0.96902673,0.00000000
0.92649588,0.00000000
0.87932412,0.00000000
0.93421940,0.00000000
0.89165791,0.00000000
0.94002433,0.00000000
0.93886855,0.00000000
0.89294576,0.00000000
0.90627613,0.00000000
0.93942451,0.00000000
0.93478281,0.00000000
0.96991175,0.00000000
0.92464111,0.00000000
0.89613476,0.00000000
0.90162548,0.00000000
0.91865507,0.00000000
0.92959530,0.00000000
0.91892282,0.00000000
0.92849440,0.00000000
0.94069428,0.00000000
0.95139302,0.00000000
0.93986859,0.00000000
0.95450380,0.00000000
0.96534329,0.00000000
0.97248238,0.00000000
0.92456971,0.00000000
0.95425228,0.00000000
0.95055269,0.00000000
0.95394960,0.00000000
0.97067754,0.00000000
0.92512305,0.00000000
0.95559364,0.00000000
0.92796272,0.00000000
0.90855327,0.00000000
0.93247413,0.00000000
0.94547487,0.00000000
0.94868072,0.00000000
0.94814249,0.00000000
0.96808239,0.00000000
0.94843929,0.00000000
0.95225177,0.00000000
0.94532702,0.00000000
0.92469845,0.00000000
0.94108202,0.00000000
0.97089860,0.00000000
0.95730469,0.00000000
0.97321830,0.00000000
0.95388345,0.00000000
0.96256952,0.00000000
0.96373799,0.00000000
0.96123409,0.00000000
0.95554140,0.00000000
0.96385020,0.00000000
0.95814353,0.00000000
0.96133200,0.00000000
0.95689228,0.00000000
0.96520005,0.00000000
0.95539756,0.00000000
0.95120682,0.00000000
0.94769932,0.00000000
0.94254820,0.00000000
0.94974435,0.00000000
0.94655906,0.00000000
0.96763510,0.00000000
0.96109014,0.00000000
0.95503481,0.00000000
0.96550130,0.00000000
0.96299133,0.00000000
0.95723080,0.00000000
0.95424052,0.00000000
0.97795875,0.00000000
0.98125278,0.00000000
0.97990360,0.00000000
0.98745147,0.00000000
0.97076444,0.00000000
0.95319604,0.00000000
0.96366473,0.00000000
0.95025996,0.00000000
0.95702157,0.00000000
0.96080856,0.00000000
0.95882468,0.00000000
0.94330796,0.00000000
0.95941249,0.00000000
0.94745273,0.00000000
0.94890786,0.00000000
0.96045873,0.00000000
0.96563343,0.00000000
0.95670818,0.00000000
0.95372017,0.00000000
0.93240701,0.00000000
0.93124130,0.00000000
0.96139401,0.00000000
0.94481226,0.00000000
0.92704520,0.00000000
0.94260648,0.00000000
0.94555643,0.00000000
0.87516056,0.00000000
0.79731782,0.00000000
0.78660274,0.00000000
0.91895305,0.00000000
0.78215796,0.00000000
0.81289917,0.00000000
0.77582703,0.00000000
0.77162417,0.00000000
0.93544451,0.00000000
0.91528930,0.00000000
0.93508290,0.00000000
0.95149045,0.00000000
0.96319591,0.00000000
0.96288347,0.00000000
0.95488654,0.00000000
0.98581694,0.00000000
0.96341943,0.00000000
0.93478041,0.00000000
0.89003811,0.00000000
0.95605982,0.00000000
0.90137687,0.00000000
0.96521597,0.00000000
0.92764959,0.00000000
0.96537525,0.00000000
0.91679618,0.00000000
0.92335379,0.00000000
0.89844060,0.00000000
0.92732134,0.00000000
0.96042168,0.00000000
0.94458505,0.00000000
0.96176843,0.00000000
0.95567806,0.00000000
0.95349671,0.00000000
0.94590513,0.00000000
0.91961877,0.00000000
0.93242900,0.00000000
0.94330613,0.00000000
0.92277687,0.00000000
0.91961039,0.00000000
0.92216833,0.00000000
0.91591148,0.00000000
0.91957674,0.00000000
0.92373940,0.00000000
0.93888386,0.00000000
0.92860729,0.00000000
0.92413137,0.00000000
0.92719386,0.00000000
0.91299062,0.00000000
0.92246121,0.00000000
0.91823638,0.00000000
0.90788100,0.00000000
0.92810351,0.00000000
0.91860693,0.00000000
0.90313120,0.00000000
0.90520212,0.00000000
0.89077182,0.00000000
0.89580342,0.00000000
0.89719146,0.00000000
0.88702556,0.00000000
0.90198819,0.00000000
0.89991619,0.00000000
0.90882350,0.00000000
0.90591395,0.00000000
0.91126896,0.00000000
0.90767641,0.00000000
0.94230371,0.00000000
0.95331427,0.00000000
0.94343435,0.00000000
0.95155315,0.00000000
0.83991931,0.00000000
0.93087320,0.00000000
0.89539274,0.00000000
0.85335017,0.00000000
0.93724438,0.00000000
0.83396752,0.00000000
0.98113336,0.00000000
0.97268025,0.00000000
0.96901791,0.00000000
0.94668839,0.00000000
0.94374566,0.00000000
0.94624743,0.00000000
0.92250958,0.00000000
0.83985328,0.00000000
0.87932144,0.00000000
0.88447752,0.00000000
0.94914296,0.00000000
0.95755848,0.00000000
0.93570321,0.00000000
0.95241700,0.00000000
0.96111534,0.00000000
0.96555166,0.00000000
0.94163798,0.00000000
0.94673055,0.00000000
0.94411902,0.00000000
0.93158302,0.00000000
0.94602092,0.00000000
0.92178732,0.00000000
0.92785213,0.00000000
0.93092564,0.00000000
0.92939253,0.00000000
0.93892240,0.00000000
0.94473918,0.00000000
0.94993311,0.00000000
0.94400315,0.00000000
0.95660749,0.00000000
0.96231703,0.00000000
0.98303556,0.00000000
0.96666574,0.00000000
0.97962070,0.00000000
0.97969783,0.00000000
0.96687887,0.00000000
0.96100345,0.00000000
0.95083455,0.00000000
0.95045195,0.00000000
0.94944988,0.00000000
0.95221266,0.00000000
0.97433801,0.00000000
0.97023336,0.00000000
0.96177866,0.00000000
0.96094780,0.00000000
0.96978278,0.00000000
0.97014393,0.00000000
0.96689188,0.00000000
0.95993069,0.00000000
0.96173139,0.00000000
0.98275494,0.00000000
0.98715068,0.00000000
0.94545587,0.00000000
0.97050014,0.00000000
0.95138955,0.00000000
0.94356030,0.00000000
0.94764045,0.00000000
0.95522626,0.00000000
0.95784727,0.00000000
0.95513336,0.00000000
0.96729096,0.00000000
0.96129298,0.00000000
0.95559722,0.00000000
0.94907784,0.00000000
0.95591027,0.00000000
0.95750369,0.00000000
0.96090174,0.00000000
0.96307574,0.00000000
0.96240248,0.00000000
0.96259589,0.00000000
0.95606545,0.00000000
0.94089928,0.00000000
0.95775933,0.00000000
0.97748876,0.00000000
0.98109716,0.00000000
0.96736852,0.00000000
0.96413569,0.00000000
0.97837709,0.00000000
0.98934980,0.00000000
0.96948789,0.00000000
0.96556843,0.00000000
0.95967108,0.00000000
0.95094477,0.00000000
0.96395552,0.00000000
0.93782506,0.00000000
0.95876320,0.00000000
0.92885652,0.00000000
0.92872400,0.00000000
0.93710957,0.00000000
0.93525876,0.00000000
0.93558821,0.00000000
0.96606091,0.00000000
0.95533339,0.00000000
0.99019944,0.00000000
0.97186079,0.00000000
0.94656150,0.00000000
0.95170477,0.00000000
0.89725240,0.00000000
0.85386344,0.00000000
0.86775554,0.00000000
0.92692131,0.00000000
0.94369512,0.00000000
0.96839901,0.00000000
0.93089845,0.00000000
0.95135952,0.00000000
0.97381096,0.00000000
0.96669658,0.00000000
0.97182564,0.00000000
0.95250348,0.00000000
0.95847301,0.00000000
0.97293106,0.00000000
0.97368689,0.00000000
0.97274816,0.00000000
0.94615521,0.00000000
0.94094643,0.00000000
0.95667982,0.00000000
0.94631570,0.00000000
0.93137693,0.00000000
0.90987951,0.00000000
0.91687700,0.00000000
0.92739600,0.00000000
0.92556870,0.00000000
0.92639950,0.00000000
0.97796753,0.00000000
0.94474937,0.00000000
0.95010147,0.00000000
0.95689425,0.00000000
0.96438105,0.00000000
0.93319569,0.00000000
0.96009983,0.00000000
0.95921258,0.00000000
0.97510236,0.00000000
0.94468721,0.00000000
0.98896363,0.00000000
0.94963635,0.00000000
0.94042938,0.00000000
0.92592606,0.00000000
0.94198300,0.00000000
0.92439023,0.00000000
0.92972050,0.00000000
0.90279083,0.00000000
0.93508614,0.00000000
0.90840731,0.00000000
0.90114131,0.00000000
0.91198737,0.00000000
0.91009148,0.00000000
0.94903924,0.00000000
0.95259582,0.00000000
0.94254422,0.00000000
0.93666387,0.00000000
0.95389904,0.00000000
0.90988240,0.00000000
0.91964648,0.00000000
0.95508499,0.00000000
0.92757362,0.00000000
0.89980107,0.00000000
0.87703438,0.00000000
0.87218517,0.00000000
0.85068729,0.00000000
0.86463758,0.00000000
0.88753494,0.00000000
0.90821678,0.00000000
0.90385778,0.00000000
0.93044331,0.00000000
0.90563797,0.00000000
0.89847597,0.00000000
0.90099246,0.00000000
0.92789556,0.00000000
0.93847804,0.00000000
0.91126927,0.00000000
0.90691419,0.00000000
0.89777647,0.00000000
0.87859230,0.00000000
0.86858561,0.00000000
0.86119394,0.00000000
0.83308039,0.00000000
0.89667649,0.00000000
0.85942719,0.00000000
0.87521033,0.00000000
0.85812645,0.00000000
0.85665168,0.00000000
0.87417604,0.00000000
0.88063630,0.00000000
0.87468145,0.00000000
0.88802666,0.00000000
0.87437631,0.00000000
0.87174352,0.00000000
0.86115622,0.00000000
0.87992826,0.00000000
0.86574740,0.00000000
0.87441698,0.00000000
0.89098209,0.00000000
0.86114656,0.00000000
0.82911524,0.00000000
0.85938804,0.00000000
0.84122970,0.00000000
0.85641723,0.00000000
0.82906119,0.00000000
0.86173063,0.00000000
0.84568876,0.00000000
0.83674282,0.00000000
0.87109551,0.00000000
0.83676680,0.00000000
0.86345158,0.00000000
0.84440221,0.00000000
0.85805027,0.00000000
0.85528297,0.00000000
0.84620574,0.00000000
0.84736849,0.00000000
0.88579456,0.00000000
0.85964909,0.00000000
0.88020556,0.00000000
0.85821458,0.00000000
0.87611384,0.00000000
0.84742966,0.00000000
0.89145815,0.00000000
0.85236502,0.00000000
0.88695273,0.00000000
0.83464308,0.00000000
0.85127946,0.00000000
0.82893952,0.00000000
0.85797510,0.00000000
0.87378464,0.00000000
0.82062257,0.00000000
0.84628019,0.00000000
0.87423206,0.00000000
0.85663266,0.00000000
0.88510898,0.00000000
0.86812336,0.00000000
0.88651647,0.00000000
0.86942108,0.00000000
0.87144133,0.00000000
0.85150277,0.00000000
0.86022308,0.00000000
0.84210055,0.00000000
0.84337298,0.00000000
0.88557179,0.00000000
0.92991331,0.00000000
0.93354729,0.00000000
0.87077496,0.00000000
0.95854450,0.00000000
0.83257855,0.00000000
0.89069987,0.00000000
0.81752090,0.00000000
0.80155104,0.00000000
0.78535456,0.00000000
0.93262427,0.00000000
0.91754382,0.00000000
0.95319858,0.00000000
0.94276025,0.00000000
0.95453916,0.00000000
0.96429925,0.00000000
0.90098014,0.00000000
0.84374857,0.00000000
0.84576650,0.00000000
0.85568792,0.00000000
0.84514264,0.00000000
0.81831075,0.00000000
0.89220956,0.00000000
0.88981508,0.00000000
0.87900644,0.00000000
0.86049015,0.00000000
0.89702295,0.00000000
0.87863689,0.00000000
0.89255412,0.00000000
0.88325716,0.00000000
0.88432419,0.00000000
0.85395085,0.00000000
0.90627615,0.00000000
0.89123060,0.00000000
0.86736276,0.00000000
0.89388093,0.00000000
0.89431471,0.00000000
0.87468620,0.00000000
0.87240766,0.00000000
0.88001794,0.00000000
0.86005271,0.00000000
0.84713874,0.00000000
0.88241834,0.00000000
0.89684281,0.00000000
0.95014641,0.00000000
0.87740056,0.00000000
0.92776880,0.00000000
0.90440501,0.00000000
0.93019094,0.00000000
0.90933143,0.00000000
0.90360915,0.00000000
0.91396131,0.00000000
0.92522900,0.00000000
0.93664397,0.00000000
0.93746939,0.00000000
0.96673089,0.00000000
0.95108959,0.00000000
0.94559588,0.00000000
0.95573687,0.00000000
0.96599924,0.00000000
0.96275793,0.00000000
0.96191428,0.00000000
0.96798141,0.00000000
0.95528474,0.00000000
0.94050187,0.00000000
0.96668024,0.00000000
0.94482992,0.00000000
0.95818393,0.00000000
0.95553327,0.00000000
0.98347591,0.00000000
0.97112280,0.00000000
0.97207223,0.00000000
0.97476598,0.00000000
0.97356911,0.00000000
0.96922704,0.00000000
0.97017236,0.00000000
0.96604397,0.00000000
0.96189435,0.00000000
0.96147832,0.00000000
0.97513553,0.00000000
0.97633682,0.00000000
0.97852457,0.00000000
0.96931357,0.00000000
0.96615633,0.00000000
0.97552422,0.00000000
0.98226262,0.00000000
0.97015344,0.00000000
0.95615388,0.00000000
0.96229095,0.00000000
0.94576605,0.00000000
0.97670422,0.00000000
0.97752240,0.00000000
0.94188621,0.00000000
0.97716950,0.00000000
0.96413090,0.00000000
0.96166724,0.00000000
0.98255821,0.00000000
0.97625082,0.00000000
0.98295890,0.00000000
0.98376899,0.00000000
0.98192387,0.00000000
0.98659617,0.00000000
0.98275152,0.00000000
0.97603836,0.00000000
0.96199651,0.00000000
0.97362620,0.00000000
0.97970197,0.00000000
0.96270399,0.00000000
0.98042465,0.00000000
0.96649911,0.00000000
0.94594013,0.00000000
0.96571238,0.00000000
0.96732748,0.00000000
0.98184234,0.00000000
0.95739537,0.00000000
0.98701706,0.00000000
0.97246892,0.00000000
0.98241814,0.00000000
0.98555851,0.00000000
0.96324223,0.00000000
0.98362179,0.00000000
0.98932312,0.00000000
0.96900951,0.00000000
0.95143619,0.00000000
0.96159278,0.00000000
0.97326290,0.00000000
0.95428248,0.00000000
0.97722763,0.00000000
0.97053122,0.00000000
0.97039219,0.00000000
0.96492917,0.00000000
0.96557155,0.00000000
0.95638719,0.00000000
0.94817699,0.00000000
0.95956885,0.00000000
0.94414716,0.00000000
0.95726462,0.00000000
0.96850841,0.00000000
0.95978769,0.00000000
0.96788559,0.00000000
0.97613917,0.00000000
0.97459600,0.00000000
0.97927744,0.00000000
0.97550626,0.00000000
0.97499254,0.00000000
0.98082787,0.00000000
0.97195637,0.00000000
0.94866238,0.00000000
0.96288818,0.00000000
0.95371822,0.00000000
0.97062191,0.00000000
0.96611246,0.00000000
0.98277379,0.00000000
0.96749944,0.00000000
0.95968152,0.00000000
0.96219921,0.00000000
0.96976889,0.00000000
0.98207444,0.00000000
0.97688039,0.00000000
0.95729711,0.00000000
0.96528695,0.00000000
0.95212497,0.00000000
0.94636860,0.00000000
0.95311540,0.00000000
0.95809569,0.00000000
0.96825834,0.00000000
0.94848756,0.00000000
0.96617934,0.00000000
0.97862486,0.00000000
0.97507700,0.00000000
0.97047026,0.00000000
0.96428404,0.00000000
0.97781228,0.00000000
0.97285792,0.00000000
0.96977049,0.00000000
0.98138576,0.00000000
0.97612558,0.00000000
0.94411128,0.00000000
0.96927343,0.00000000
0.96411006,0.00000000
0.95358658,0.00000000
0.94270266,0.00000000
0.95327360,0.00000000
0.94864426,0.00000000
0.97553056,0.00000000
0.98121057,0.00000000
0.94470012,0.00000000
0.97010439,0.00000000
0.96661959,0.00000000
0.97135417,0.00000000
0.95155108,0.00000000
0.93077294,0.00000000
0.95569142,0.00000000
0.96813621,0.00000000
0.98445149,0.00000000
0.96205828,0.00000000
0.95443911,0.00000000
0.96825128,0.00000000
0.97224571,0.00000000
0.97162476,0.00000000
0.97003370,0.00000000
0.97029516,0.00000000
0.95978418,0.00000000
0.96302222,0.00000000
0.96140870,0.00000000
0.97605590,0.00000000
0.95097501,0.00000000
0.96150618,0.00000000
0.98114081,0.00000000
0.96485411,0.00000000
0.94949602,0.00000000
0.97709109,0.00000000
0.94657309,0.00000000
0.96453932,0.00000000
0.96964717,0.00000000
0.97421010,0.00000000
0.99327275,0.00000000
0.96258568,0.00000000
0.97887060,0.00000000
0.96593332,0.00000000
0.95911641,0.00000000
0.95181090,0.00000000
0.97997593,0.00000000
0.96674986,0.00000000
0.97603646,0.00000000
0.97286255,0.00000000
0.96619793,0.00000000
0.97501370,0.00000000
0.96858081,0.00000000
0.96535817,0.00000000
0.96502810,0.00000000
0.95085854,0.00000000
0.96193823,0.00000000
0.93861132,0.00000000
0.93634215,0.00000000
0.94422967,0.00000000
0.95888409,0.00000000
0.95390543,0.00000000
0.94298281,0.00000000
0.95018012,0.00000000
0.93255585,0.00000000
0.95393661,0.00000000
0.94709104,0.00000000
0.95509657,0.00000000
0.96794280,0.00000000
0.97541578,0.00000000
0.97116505,0.00000000
0.96509692,0.00000000
0.95411833,0.00000000
0.97693091,0.00000000
0.96961392,0.00000000
0.96961772,0.00000000
0.96402654,0.00000000
0.95744335,0.00000000
0.95896097,0.00000000
0.95643898,0.00000000
0.95921740,0.00000000
0.97136941,0.00000000
0.96496097,0.00000000
0.92750029,0.00000000
0.96534865,0.00000000
0.96926242,0.00000000
0.97044930,0.00000000
0.96447011,0.00000000
0.96237476,0.00000000
0.93929020,0.00000000
0.95574664,0.00000000
0.93708353,0.00000000
0.94672147,0.00000000
0.94637592,0.00000000
0.95489774,0.00000000
0.94355391,0.00000000
0.93670006,0.00000000
0.97080795,0.00000000
0.96431897,0.00000000
0.92467096,0.00000000
0.95378808,0.00000000
0.92811721,0.00000000
0.93520703,0.00000000
0.95043447,0.00000000
0.93832561,0.00000000
0.90939373,0.00000000
0.92121491,0.00000000
0.91364584,0.00000000
0.93319364,0.00000000
0.92458703,0.00000000
0.83796017,0.00000000
0.98282382,0.00000000
0.89229958,0.00000000
0.85593039,0.00000000
0.94574962,0.00000000
0.93530504,0.00000000
0.91375875,0.00000000
0.94952291,0.00000000
0.94886090,0.00000000
0.95353128,0.00000000
0.94439316,0.00000000
0.96439080,0.00000000
0.95294611,0.00000000
0.98374198,0.00000000
0.93305147,0.00000000
0.96021176,0.00000000
0.96078749,0.00000000
0.97461198,0.00000000
0.95966002,0.00000000
0.96165100,0.00000000
0.93962182,0.00000000
0.95592353,0.00000000
0.97525589,0.00000000
0.96382943,0.00000000
0.97363351,0.00000000
0.96124180,0.00000000
0.94134080,0.00000000
0.95890434,0.00000000
0.96059721,0.00000000
0.95735927,0.00000000
0.95876407,0.00000000
0.96174647,0.00000000
0.92606613,0.00000000
0.93029009,0.00000000
0.92615650,0.00000000
0.96347869,0.00000000
0.95382836,0.00000000
0.95938879,0.00000000
0.97062749,0.00000000
0.97672881,0.00000000
0.97072842,0.00000000
0.97640743,0.00000000
0.97326661,0.00000000
0.95247360,0.00000000
0.97465870,0.00000000
0.95548179,0.00000000
0.95730267,0.00000000
0.95590517,0.00000000
0.95594677,0.00000000
0.93174425,0.00000000
0.95760650,0.00000000
0.96675323,0.00000000
0.94915596,0.00000000
0.96590966,0.00000000
0.95344323,0.00000000
0.90637259,0.00000000
0.96289809,0.00000000
0.95777742,0.00000000
0.97447182,0.00000000
0.97657361,0.00000000
0.96104873,0.00000000
0.97514049,0.00000000
0.95611774,0.00000000
0.95296374,0.00000000
0.98054931,0.00000000
0.96954478,0.00000000
0.96029155,0.00000000
0.95171204,0.00000000
0.94901173,0.00000000
0.93038304,0.00000000
0.94762770,0.00000000
0.96789486,0.00000000
0.95801795,0.00000000
0.97192548,0.00000000
0.98140425,0.00000000
0.95423129,0.00000000
0.97680053,0.00000000
0.97779494,0.00000000
0.97112386,0.00000000
0.95423115,0.00000000
0.97060629,0.00000000
0.96803610,0.00000000
0.92911995,0.00000000
0.93796981,0.00000000
0.92770894,0.00000000
0.90814494,0.00000000
0.94956273,0.00000000
0.96734468,0.00000000
0.92787875,0.00000000
0.95752897,0.00000000
0.92404969,0.00000000
0.95674541,0.00000000
0.95110474,0.00000000
0.94199196,0.00000000
0.95939793,0.00000000
0.91249780,0.00000000
0.98789241,0.00000000
0.95806718,0.00000000
0.93453797,0.00000000
0.96579555,0.00000000
0.96927150,0.00000000
0.94832061,0.00000000
0.93829840,0.00000000
0.92787173,0.00000000
0.91826756,0.00000000
0.93616349,0.00000000
0.92604076,0.00000000
0.90939151,0.00000000
0.94829203,0.00000000
0.94394213,0.00000000
0.93492696,0.00000000
0.97640591,0.00000000
0.96099657,0.00000000
0.95055265,0.00000000
0.94055946,0.00000000
0.95415716,0.00000000
0.96998419,0.00000000
0.97830613,0.00000000
0.96681139,0.00000000
0.97551813,0.00000000
0.95672396,0.00000000
0.97989127,0.00000000
0.97263868,0.00000000
0.97415608,0.00000000
0.97658437,0.00000000
0.98735833,0.00000000
0.96244611,0.00000000
0.98645898,0.00000000
0.97594222,0.00000000
0.98147422,0.00000000
0.98050226,0.00000000
0.94944183,0.00000000
0.97364793,0.00000000
0.97081889,0.00000000
0.97285753,0.00000000
0.96739427,0.00000000
0.96882013,0.00000000
0.98338170,0.00000000
0.96721562,0.00000000
0.96927508,0.00000000
0.96070946,0.00000000
0.95481196,0.00000000
0.98225560,0.00000000
0.97329675,0.00000000
0.96573661,0.00000000
0.96299974,0.00000000
0.96285750,0.00000000
0.97550572,0.00000000
0.97847884,0.00000000
0.96118869,0.00000000
0.97188325,0.00000000
0.96813063,0.00000000
0.95627222,0.00000000
0.96560677,0.00000000
0.97385132,0.00000000
0.97556190,0.00000000
0.96353832,0.00000000
0.92376541,0.00000000
0.94830729,0.00000000
0.95022628,0.00000000
0.94794904,0.00000000
0.95496366,0.00000000
0.95043023,0.00000000
0.97712320,0.00000000
0.96172698,0.00000000
0.97534486,0.00000000
0.96309602,0.00000000
0.97138684,0.00000000
0.94383603,0.00000000
0.95832534,0.00000000
0.87603133,0.00000000
0.96898781,0.00000000
0.93032528,0.00000000
0.90843581,0.00000000
0.96239990,0.00000000
0.94599604,0.00000000
0.96100655,0.00000000
0.96731671,0.00000000
0.98144582,0.00000000
0.94240753,0.00000000
0.97148933,0.00000000
0.93552733,0.00000000
0.94997501,0.00000000
0.92171789,0.00000000
0.91802245,0.00000000
0.94876034,0.00000000
0.94028434,0.00000000
0.96010244,0.00000000
0.95897604,0.00000000
0.95308113,0.00000000
0.92475525,0.00000000
0.95713500,0.00000000
0.96423362,0.00000000
0.97153082,0.00000000
0.96771116,0.00000000
0.95208869,0.00000000
0.96083235,0.00000000
0.97740887,0.00000000
0.96962007,0.00000000
0.98075603,0.00000000
0.97552536,0.00000000
0.96164963,0.00000000
0.98069474,0.00000000
0.96961837,0.00000000
0.96752386,0.00000000
0.98550208,0.00000000
0.97263533,0.00000000
0.95819370,0.00000000
0.96143273,0.00000000
0.98050557,0.00000000
0.99123710,0.00000000
0.96229628,0.00000000
0.98242942,0.00000000
0.96636025,0.00000000
0.96486838,0.00000000
0.97919173,0.00000000
0.96503535,0.00000000
0.97135694,0.00000000
0.98605877,0.00000000
0.97116842,0.00000000
0.98241123,0.00000000
0.97582972,0.00000000
0.96195921,0.00000000
0.98339224,0.00000000
0.98497861,0.00000000
0.97335215,0.00000000
0.97348205,0.00000000
0.96663028,0.00000000
0.97236113,0.00000000
0.96377884,0.00000000
0.97517538,0.00000000
0.97750140,0.00000000
0.95867625,0.00000000
0.97640588,0.00000000
0.96711657,0.00000000
0.96140930,0.00000000
0.98020109,0.00000000
0.97857566,0.00000000
0.95509345,0.00000000
0.97376725,0.00000000
0.95421579,0.00000000
0.96001749,0.00000000
0.97530026,0.00000000
0.97921368,0.00000000
0.96558629,0.00000000
0.96931360,0.00000000
0.96884628,0.00000000
0.96732998,0.00000000
0.96879721,0.00000000
0.96750068,0.00000000
0.97386662,0.00000000
0.96869566,0.00000000
0.96083502,0.00000000
0.99257966,0.00000000
0.97102785,0.00000000
0.96414969,0.00000000
0.97736170,0.00000000
0.97140106,0.00000000
0.97855138,0.00000000
0.97007217,0.00000000
0.95850920,0.00000000
0.96065294,0.00000000
0.96086248,0.00000000
0.96211078,0.00000000
0.97868031,0.00000000
0.95699646,0.00000000
0.96633565,0.00000000
0.96094453,0.00000000
0.96359043,0.00000000
0.94764563,0.00000000
0.95674207,0.00000000
0.95051692,0.00000000
0.96627022,0.00000000
0.98076894,0.00000000
0.95347165,0.00000000
0.95617614,0.00000000
0.96822230,0.00000000
0.99644438,0.00000000
0.96072812,0.00000000
0.97709957,0.00000000
0.98376974,0.00000000
0.95108613,0.00000000
0.97061078,0.00000000
0.96714257,0.00000000
0.98095139,0.00000000
0.95263618,0.00000000
0.98695850,0.00000000
0.97424023,0.00000000
0.97130078,0.00000000
0.97141156,0.00000000
0.97602607,0.00000000
0.98342853,0.00000000
0.97776322,0.00000000
0.96988993,0.00000000
0.96466313,0.00000000
0.96226025,0.00000000
0.98083282,0.00000000
0.98758547,0.00000000
0.96979635,0.00000000
0.97162700,0.00000000
0.96576710,0.00000000
0.95301837,0.00000000
0.97009021,0.00000000
0.97050911,0.00000000
0.98184327,0.00000000
0.95439061,0.00000000
0.96885134,0.00000000
0.95260350,0.00000000
0.92891431,0.00000000
0.97478173,0.00000000
0.96713756,0.00000000
0.96019917,0.00000000
0.95452149,0.00000000
0.95430686,0.00000000
0.97057051,0.00000000
0.94427213,0.00000000
0.97201893,0.00000000
0.92161402,0.00000000
0.96824759,0.00000000
0.96372813,0.00000000
0.93445881,0.00000000
0.93067479,0.00000000
0.95232797,0.00000000
0.96471390,0.00000000
0.93117470,0.00000000
0.97767750,0.00000000
0.97824504,0.00000000
0.95737990,0.00000000
0.96480306,0.00000000
0.92788388,0.00000000
0.93030992,0.00000000
0.94534807,0.00000000
0.96468863,0.00000000
0.95839886,0.00000000
0.92786627,0.00000000
0.92995193,0.00000000
0.89335080,0.00000000
0.92570050,0.00000000
0.94149198,0.00000000
0.96805936,0.00000000
0.91261470,0.00000000
0.89880399,0.00000000
0.95480114,0.00000000
0.97362961,0.00000000
0.97679971,0.00000000
0.98315935,0.00000000
0.96883194,0.00000000
0.97324044,0.00000000
0.96066418,0.00000000
0.97206276,0.00000000
0.97111216,0.00000000
0.96669969,0.00000000
0.94597786,0.00000000
0.96300555,0.00000000
0.95825294,0.00000000
0.95315960,0.00000000
0.96861636,0.00000000
0.95506808,0.00000000
0.94493909,0.00000000
0.92524975,0.00000000
0.92983569,0.00000000
0.93250660,0.00000000
0.94463838,0.00000000
0.93886315,0.00000000
0.93742826,0.00000000
0.95171097,0.00000000
0.94608964,0.00000000
0.94326929,0.00000000
0.94842806,0.00000000
0.93585225,0.00000000
0.94457958,0.00000000
0.95564262,0.00000000
0.94860892,0.00000000
0.93569334,0.00000000
0.92511508,0.00000000
0.96397466,0.00000000
0.93145671,0.00000000
0.96259605,0.00000000
0.95894619,0.00000000
0.96071874,0.00000000
0.93345102,0.00000000
0.93688593,0.00000000
0.93949356,0.00000000
0.94327123,0.00000000
0.96073406,0.00000000
0.96972703,0.00000000
0.93040005,0.00000000
0.94546662,0.00000000
0.95063217,0.00000000
0.94661325,0.00000000
0.94918826,0.00000000
0.95130211,0.00000000
0.93195893,0.00000000
0.92426396,0.00000000
0.92901059,0.00000000
0.93291206,0.00000000
0.90382802,0.00000000
0.92997880,0.00000000
0.92616500,0.00000000
0.91994132,0.00000000
0.93037410,0.00000000
0.92063539,0.00000000
0.92742455,0.00000000
0.93712541,0.00000000
0.91911639,0.00000000
0.96335252,0.00000000
0.94492125,0.00000000
0.92884780,0.00000000
0.94843643,0.00000000
0.94253719,0.00000000
0.93526397,0.00000000
0.94921074,0.00000000
0.96310385,0.00000000
0.93748614,0.00000000
0.63292065,0.00000000
0.92249953,0.00000000
0.93693662,0.00000000
0.82642026,0.00000000
0.58198940,0.00000000
0.92133924,0.00000000
0.84342459,0.00000000
0.91453510,0.00000000
0.85960699,0.00000000
0.82455233,0.00000000
0.82623374,0.00000000
0.79581448,0.00000000
0.82472192,0.00000000
0.79573773,0.00000000
0.79584337,0.00000000
0.87478188,0.00000000
0.87937643,0.00000000
0.81659988,0.00000000
0.82381555,0.00000000
0.80303488,0.00000000
0.79145025,0.00000000
0.83404157,0.00000000
0.85350706,0.00000000
0.82002059,0.00000000
0.81644490,0.00000000
0.84376092,0.00000000
0.83045753,0.00000000
0.84860487,0.00000000
0.83083319,0.00000000
0.84351758,0.00000000
0.83729849,0.00000000
0.86334335,0.00000000
0.84940959,0.00000000
0.85908029,0.00000000
0.84095820,0.00000000
0.85107474,0.00000000
0.85197467,0.00000000
0.84710657,0.00000000
0.83282460,0.00000000
0.81662752,0.00000000
0.83674957,0.00000000
0.85813970,0.00000000
0.85783259,0.00000000
0.82672212,0.00000000
0.92149392,0.00000000
0.94392463,0.00000000
0.93084599,0.00000000
0.88890689,0.00000000
0.98270578,0.00000000
0.82802235,0.00000000
0.95836609,0.00000000
0.92437032,0.00000000
0.95303031,0.00000000
0.87633815,0.00000000
0.99544089,0.00000000
0.97143155,0.00000000
0.95204491,0.00000000
0.93418685,0.00000000
0.82974364,0.00000000
0.51931587,0.00000000
0.93073487,0.00000000
0.97215424,0.00000000
0.93802342,0.00000000
0.93940471,0.00000000
0.95018293,0.00000000
0.67435866,0.00000000
0.73242513,0.00000000
0.90437572,0.00000000
0.88848908,0.00000000
0.90447760,0.00000000
0.93174836,0.00000000
0.89083349,0.00000000
0.82982334,0.00000000
0.89507759,0.00000000
0.89751761,0.00000000
0.96634758,0.00000000
0.94825313,0.00000000
0.89691981,0.00000000
0.94129432,0.00000000
0.94838521,0.00000000
0.87802886,0.00000000
0.89207593,0.00000000
0.96373587,0.00000000
0.96844294,0.00000000
0.97844736,0.00000000
0.99124763,0.00000000
0.95358589,0.00000000
0.96120305,0.00000000
0.93310860,0.00000000
0.95048268,0.00000000
0.94487388,0.00000000
0.96005892,0.00000000
0.95879043,0.00000000
0.92458613,0.00000000
0.93066299,0.00000000
0.94626988,0.00000000
0.84754532,0.00000000
0.86969986,0.00000000
0.89893518,0.00000000
0.94569784,0.00000000
0.91395754,0.00000000
0.90944645,0.00000000
0.96352273,0.00000000
0.92167840,0.00000000
0.90441738,0.00000000
0.93104620,0.00000000
0.91361828,0.00000000
0.93772378,0.00000000
0.94073831,0.00000000
0.96405889,0.00000000
0.94910555,0.00000000
0.95166101,0.00000000
0.94932885,0.00000000
0.96745224,0.00000000
0.94933031,0.00000000
0.95325044,0.00000000
0.95551599,0.00000000
0.95476146,0.00000000
0.91543320,0.00000000
0.96533917,0.00000000
0.97655452,0.00000000
0.96056554,0.00000000
0.92596004,0.00000000
0.94615345,0.00000000
0.92686154,0.00000000
0.96290758,0.00000000
0.96940838,0.00000000
0.97690081,0.00000000
0.95858900,0.00000000
0.96958541,0.00000000
0.94384499,0.00000000
0.95730226,0.00000000
0.95257915,0.00000000
0.94807128,0.00000000
0.95679837,0.00000000
0.96535165,0.00000000
0.95266732,0.00000000
0.92754898,0.00000000
0.93714213,0.00000000
0.95331756,0.00000000
0.97072209,0.00000000
0.96595339,0.00000000
0.96456812,0.00000000
0.94260441,0.00000000
0.95596856,0.00000000
0.97719839,0.00000000
0.96138768,0.00000000
0.97133753,0.00000000
0.93679324,0.00000000
0.92963103,0.00000000
0.93017539,0.00000000
0.95373774,0.00000000
0.88037332,0.00000000
0.88135126,0.00000000
0.88679159,0.00000000
0.91298262,0.00000000
0.93277497,0.00000000
0.78176118,0.00000000
0.94363004,0.00000000
0.96558830,0.00000000
0.91661333,0.00000000
0.91177218,0.00000000
0.89916300,0.00000000
0.97113293,0.00000000
0.95847311,0.00000000
0.93752774,0.00000000
0.88081601,0.00000000
0.97508594,0.00000000
0.92220866,0.00000000
0.86875040,0.00000000
0.88286228,0.00000000
0.83001349,0.00000000
0.83805562,0.00000000
0.80573092,0.00000000
0.73445726,0.00000000
0.85819296,0.00000000
0.73063241,0.00000000
0.77611474,0.00000000
0.90981153,0.00000000
0.85976780,0.00000000
0.91886278,0.00000000
0.77958736,0.00000000
0.93410356,0.00000000
0.94023881,0.00000000
0.93991468,0.00000000
0.91908227,0.00000000
0.93330487,0.00000000
0.96147423,0.00000000
0.95416852,0.00000000
0.93942908,0.00000000
0.92740528,0.00000000
0.92799580,0.00000000
0.95265918,0.00000000
0.93783313,0.00000000
0.94792526,0.00000000
0.95321424,0.00000000
0.95177200,0.00000000
0.96896342,0.00000000
0.92805117,0.00000000
0.93791681,0.00000000
0.94798953,0.00000000
0.93536139,0.00000000
0.94218068,0.00000000
0.91721755,0.00000000
0.94547029,0.00000000
0.94889153,0.00000000
0.92771140,0.00000000
0.97401901,0.00000000
0.96732007,0.00000000
0.96484633,0.00000000
0.95599689,0.00000000
0.93215465,0.00000000
0.91621434,0.00000000
0.90146024,0.00000000
0.94544556,0.00000000
0.92092312,0.00000000
0.93974689,0.00000000
0.90682108,0.00000000
0.94697669,0.00000000
0.90910354,0.00000000
0.91007615,0.00000000
0.90738236,0.00000000
0.93539448,0.00000000
0.94951156,0.00000000
0.93996075,0.00000000
0.95942435,0.00000000
0.94957793,0.00000000
0.95364333,0.00000000
0.94046070,0.00000000
0.93414807,0.00000000
0.96600881,0.00000000
0.95297237,0.00000000
0.94711535,0.00000000
0.97133202,0.00000000
0.97300917,0.00000000
0.96099513,0.00000000
0.94841416,0.00000000
0.92452077,0.00000000
0.95151348,0.00000000
0.96365661,0.00000000
0.95039784,0.00000000
0.94385507,0.00000000
0.94620645,0.00000000
0.93909084,0.00000000
0.95347859,0.00000000
0.96897579,0.00000000
0.95714689,0.00000000
0.96049428,0.00000000
0.97488660,0.00000000
0.97189094,0.00000000
0.95078702,0.00000000
0.95746401,0.00000000
0.95037088,0.00000000
0.94791983,0.00000000
0.94655299,0.00000000
0.95593474,0.00000000
0.97875121,0.00000000
0.95622377,0.00000000
0.96744736,0.00000000
0.96277849,0.00000000
0.95757153,0.00000000
0.97312923,0.00000000
0.97217065,0.00000000
0.97470645,0.00000000
0.97501274,0.00000000
0.96638869,0.00000000
0.97050032,0.00000000
0.95284036,0.00000000
0.96382536,0.00000000
0.94785128,0.00000000
0.95417865,0.00000000
0.77313651,0.00000000
0.80625543,0.00000000
0.92666231,0.00000000
0.93995156,0.00000000
0.93938003,0.00000000
0.92061339,0.00000000
0.93668060,0.00000000
0.94073775,0.00000000
0.96752119,0.00000000
0.97331846,0.00000000
0.99366035,0.00000000
0.98205478,0.00000000
0.97100189,0.00000000
0.97077181,0.00000000
0.98130057,0.00000000
0.98174447,0.00000000
0.98238939,0.00000000
0.97778095,0.00000000
0.97536234,0.00000000
0.94774146,0.00000000
0.98250359,0.00000000
0.95945781,0.00000000
0.97717853,0.00000000
0.95331052,0.00000000
0.98160799,0.00000000
0.95604934,0.00000000
0.96314901,0.00000000
0.96143247,0.00000000
0.95629401,0.00000000
0.96628597,0.00000000
0.97512255,0.00000000
0.95283688,0.00000000
0.95176092,0.00000000
0.96095842,0.00000000
0.95729180,0.00000000
0.99306321,0.00000000
0.96153059,0.00000000
0.96501759,0.00000000
0.96661987,0.00000000
0.97850760,0.00000000
0.94049581,0.00000000
0.97063602,0.00000000
0.95917392,0.00000000
0.96051961,0.00000000
0.98307034,0.00000000
0.96505793,0.00000000
0.95987283,0.00000000
0.97346751,0.00000000
0.97245916,0.00000000
0.96743131,0.00000000
0.92637317,0.00000000
0.97718121,0.00000000
0.98247227,0.00000000
0.97094898,0.00000000
0.95883364,0.00000000
0.96287838,0.00000000
0.97806198,0.00000000
0.95318294,0.00000000
0.95173162,0.00000000
0.94191264,0.00000000
0.94934984,0.00000000
0.93300544,0.00000000
0.95221889,0.00000000
0.95101581,0.00000000
0.90854838,0.00000000
0.94975284,0.00000000
0.92754676,0.00000000
0.93136712,0.00000000
0.89744636,0.00000000
0.94389325,0.00000000
0.92863115,0.00000000
0.92404145,0.00000000
0.90749027,0.00000000
0.91995620,0.00000000
0.93644965,0.00000000
0.92516198,0.00000000
0.96254101,0.00000000
0.92558857,0.00000000
0.95096468,0.00000000
0.95769471,0.00000000
0.91788766,0.00000000
0.95198505,0.00000000
0.98036990,0.00000000
0.88210519,0.00000000
0.74831560,0.00000000
0.79814817,0.00000000
0.76644592,0.00000000
0.75528635,0.00000000
0.93826757,0.00000000
0.95348223,0.00000000
0.94814751,0.00000000
0.94926881,0.00000000
0.87489565,0.00000000
0.93409152,0.00000000
0.92141351,0.00000000
0.95321956,0.00000000
0.96111592,0.00000000
0.92563932,0.00000000
0.90676289,0.00000000
0.89787011,0.00000000
0.89220668,0.00000000
0.90330669,0.00000000
0.89488042,0.00000000
0.89712574,0.00000000
0.88703265,0.00000000
0.90144977,0.00000000
0.89757675,0.00000000
0.87625612,0.00000000
0.85121633,0.00000000
0.83980631,0.00000000
0.87000381,0.00000000
0.85358887,0.00000000
0.91871644,0.00000000
0.90447594,0.00000000
0.94049249,0.00000000
0.95044149,0.00000000
0.93806525,0.00000000
0.90415705,0.00000000
0.92159825,0.00000000
0.92185567,0.00000000
0.91605401,0.00000000
0.85662324,0.00000000
0.91125462,0.00000000
0.92111665,0.00000000
0.91668853,0.00000000
0.97176282,0.00000000
0.96523139,0.00000000
0.94572780,0.00000000
0.95960441,0.00000000
0.92764193,0.00000000
0.93186890,0.00000000
0.94966086,0.00000000
0.92640836,0.00000000
0.93630359,0.00000000
0.92217174,0.00000000
0.93767112,0.00000000
0.91777147,0.00000000
0.90644018,0.00000000
0.94423491,0.00000000
0.79919368,0.00000000
0.70785677,0.00000000
0.68310154,0.00000000
0.91387093,0.00000000
0.72199169,0.00000000
0.77072982,0.00000000
0.72936493,0.00000000
0.74590744,0.00000000
0.82711398,0.00000000
0.82264193,0.00000000
0.86739171,0.00000000
0.95304000,0.00000000
0.95862528,0.00000000
0.81148753,0.00000000
0.85209539,0.00000000
0.82704123,0.00000000
0.83485127,0.00000000
0.96536977,0.00000000
0.93916969,0.00000000
0.96556414,0.00000000
0.97402555,0.00000000
0.97445629,0.00000000
0.97353423,0.00000000
0.97834249,0.00000000
0.96399938,0.00000000
0.99256548,0.00000000
0.96841077,0.00000000
0.99102482,0.00000000
0.98583225,0.00000000
0.98817365,0.00000000
0.97447008,0.00000000
0.96345652,0.00000000
0.95807421,0.00000000
0.95150932,0.00000000
0.95450900,0.00000000
0.96397571,0.00000000
0.95476989,0.00000000
0.96167869,0.00000000
0.94781548,0.00000000
0.94649351,0.00000000
0.95065944,0.00000000
0.93805646,0.00000000
0.97737229,0.00000000
0.96252041,0.00000000
0.93485479,0.00000000
0.95509630,0.00000000
0.95009438,0.00000000
0.93797272,0.00000000
0.94132435,0.00000000
0.93632287,0.00000000
0.93139516,0.00000000
0.93057631,0.00000000
0.95699744,0.00000000
0.95313773,0.00000000
0.96507406,0.00000000
0.96542958,0.00000000
0.96501532,0.00000000
0.96220472,0.00000000
0.96723574,0.00000000
0.97287340,0.00000000
0.97196028,0.00000000
0.95718018,0.00000000
0.93862753,0.00000000
0.94183809,0.00000000
0.94028672,0.00000000
0.97644533,0.00000000
0.95823603,0.00000000
0.97516123,0.00000000
0.97053546,0.00000000
0.96436372,0.00000000
0.96649855,0.00000000
0.97925252,0.00000000
0.97168998,0.00000000
0.96561541,0.00000000
0.97003088,0.00000000
0.97048807,0.00000000
0.98417752,0.00000000
0.98475842,0.00000000
0.96621312,0.00000000
0.97815160,0.00000000
0.97810031,0.00000000
0.93519047,0.00000000
0.74455834,0.00000000
0.74375274,0.00000000
0.79443546,0.00000000
0.95236809,0.00000000
0.97067387,0.00000000
0.97708225,0.00000000
0.96699284,0.00000000
0.95514801,0.00000000
0.84067779,0.00000000
0.97030329,0.00000000
0.96707187,0.00000000
0.97030682,0.00000000
0.96892588,0.00000000
0.95970087,0.00000000
0.97753170,0.00000000
0.97342534,0.00000000
0.97596141,0.00000000
0.93498429,0.00000000
0.96707358,0.00000000
0.95980432,0.00000000
0.95212657,0.00000000
0.94130074,0.00000000
0.93580935,0.00000000
0.91778790,0.00000000
0.90386784,0.00000000
0.88603295,0.00000000
0.90636487,0.00000000
0.91627765,0.00000000
0.89802757,0.00000000
0.89237831,0.00000000
0.91700834,0.00000000
0.91717275,0.00000000
0.91946506,0.00000000
0.91280463,0.00000000
0.92194301,0.00000000
0.92015358,0.00000000
0.92198653,0.00000000
0.90007884,0.00000000
0.90935670,0.00000000
0.90966327,0.00000000
0.91481848,0.00000000
0.90274040,0.00000000
0.90396593,0.00000000
0.90444195,0.00000000
0.89394220,0.00000000
0.89322530,0.00000000
0.86028875,0.00000000
0.87391997,0.00000000
0.86926720,0.00000000
0.86528658,0.00000000
0.88467544,0.00000000
0.86685038,0.00000000
0.87343237,0.00000000
0.88008170,0.00000000
0.88016462,0.00000000
0.84414445,0.00000000
0.87224780,0.00000000
0.83345227,0.00000000
0.84284967,0.00000000
0.85889724,0.00000000
0.85444002,0.00000000
0.87462366,0.00000000
0.83766198,0.00000000
0.83009961,0.00000000
0.84781313,0.00000000
0.87169694,0.00000000
0.84131049,0.00000000
0.85083102,0.00000000
0.82763914,0.00000000
0.83545313,0.00000000
0.85019684,0.00000000
0.87884761,0.00000000
0.83077479,0.00000000
0.88331473,0.00000000
0.91512073,0.00000000
0.88780365,0.00000000
0.79210628,0.00000000
0.77816169,0.00000000
0.78769246,0.00000000
0.86195069,0.00000000
0.72207794,0.00000000
0.76568975,0.00000000
0.62328076,0.00000000
0.81308173,0.00000000
0.96291266,0.00000000
0.96925369,0.00000000
0.93434154,0.00000000
0.96445315,0.00000000
0.95777094,0.00000000
0.94945075,0.00000000
0.95272441,0.00000000
0.98041652,0.00000000
0.94562674,0.00000000
0.96557131,0.00000000
0.96144752,0.00000000
0.97570059,0.00000000
0.95949188,0.00000000
0.96179508,0.00000000
0.97751979,0.00000000
0.97343877,0.00000000
0.96154126,0.00000000
0.97056510,0.00000000
0.96836255,0.00000000
0.97538940,0.00000000
0.98072016,0.00000000
0.97073156,0.00000000
0.97059179,0.00000000
0.97599128,0.00000000
0.96500905,0.00000000
0.93752560,0.00000000
0.96265506,0.00000000
0.97230078,0.00000000
0.98644012,0.00000000
0.98641983,0.00000000
0.97202309,0.00000000
0.97642097,0.00000000
0.97027554,0.00000000
0.98884589,0.00000000
0.98181327,0.00000000
0.98081662,0.00000000
0.97753007,0.00000000
0.97888411,0.00000000
0.96077516,0.00000000
0.97146479,0.00000000
0.96190114,0.00000000
0.95475396,0.00000000
0.93236852,0.00000000
0.95629982,0.00000000
0.94807775,0.00000000
0.95034326,0.00000000
0.95411602,0.00000000
0.95171406,0.00000000
0.95140878,0.00000000
0.94089626,0.00000000
0.94445610,0.00000000
0.94187426,0.00000000
0.94470905,0.00000000
0.92828423,0.00000000
0.94734784,0.00000000
0.95096633,0.00000000
0.95430189,0.00000000
0.95658690,0.00000000
0.95658925,0.00000000
0.96719731,0.00000000
0.96019746,0.00000000
0.96237688,0.00000000
0.92333152,0.00000000
0.94145320,0.00000000
0.93642140,0.00000000
0.94839963,0.00000000
0.93166901,0.00000000
0.92594037,0.00000000
0.98488409,0.00000000
0.97859657,0.00000000
0.94815042,0.00000000
0.96814924,0.00000000
0.95507463,0.00000000
0.95256442,0.00000000
0.97009025,0.00000000
0.95880569,0.00000000
0.86754877,0.00000000
0.96795358,0.00000000
0.95031810,0.00000000
0.95665828,0.00000000
0.94591179,0.00000000
0.95198631,0.00000000
0.95653315,0.00000000
0.93903820,0.00000000
0.97791868,0.00000000
0.97949501,0.00000000
0.98758373,0.00000000
0.95445807,0.00000000
0.94493984,0.00000000
0.95117603,0.00000000
0.97269917,0.00000000
0.96339359,0.00000000
0.95602738,0.00000000
0.94638623,0.00000000
0.97170956,0.00000000
0.96642459,0.00000000
0.95220301,0.00000000
0.96846182,0.00000000
0.96172866,0.00000000
0.92953824,0.00000000
0.92070817,0.00000000
0.94833189,0.00000000
0.95459395,0.00000000
0.94619380,0.00000000
0.92943066,0.00000000
0.93643822,0.00000000
0.92949340,0.00000000
0.96894538,0.00000000
0.95075059,0.00000000
0.95350954,0.00000000
0.95332321,0.00000000
0.92494017,0.00000000
0.93125338,0.00000000
0.96325604,0.00000000
0.94817778,0.00000000
0.91947050,0.00000000
0.93714173,0.00000000
0.92376745,0.00000000
0.96083541,0.00000000
0.97278172,0.00000000
0.96497978,0.00000000
0.97221847,0.00000000
0.98053237,0.00000000
0.97642195,0.00000000
0.96439990,0.00000000
0.97016090,0.00000000
0.95474863,0.00000000
0.96214406,0.00000000
0.96258077,0.00000000
0.97372085,0.00000000
0.95645932,0.00000000
0.94834084,0.00000000
0.95778181,0.00000000
0.94355856,0.00000000
0.93766227,0.00000000
0.93488756,0.00000000
0.93457585,0.00000000
0.91255283,0.00000000
0.92952257,0.00000000
0.94689700,0.00000000
0.94708033,0.00000000
0.93441953,0.00000000
0.94281204,0.00000000
0.93922416,0.00000000
0.95167555,0.00000000
0.95403331,0.00000000
0.94113707,0.00000000
0.95672796,0.00000000
0.94059765,0.00000000
0.94373531,0.00000000
0.93404063,0.00000000
0.93367085,0.00000000
0.93927128,0.00000000
0.93599667,0.00000000
0.94051211,0.00000000
0.92856344,0.00000000
0.93064814,0.00000000
0.92360730,0.00000000
0.91958355,0.00000000
0.92464563,0.00000000
0.92797547,0.00000000
0.93403445,0.00000000
0.93167827,0.00000000
0.93781804,0.00000000
0.93567804,0.00000000
0.92733509,0.00000000
0.93153474,0.00000000
0.93948861,0.00000000
0.93806425,0.00000000
0.94234447,0.00000000
0.94054452,0.00000000
0.94315320,0.00000000
0.95147812,0.00000000
0.93992706,0.00000000
0.94484848,0.00000000
0.93944798,0.00000000
0.92876132,0.00000000
0.95555445,0.00000000
0.95588947,0.00000000
0.92923772,0.00000000
0.95516155,0.00000000
0.94789272,0.00000000
0.94499033,0.00000000
0.93706843,0.00000000
0.93458252,0.00000000
0.95308804,0.00000000
0.95331360,0.00000000
0.95451566,0.00000000
0.96370597,0.00000000
0.95577298,0.00000000
0.95031301,0.00000000
0.95770318,0.00000000
0.94541889,0.00000000
0.96166240,0.00000000
0.94175357,0.00000000
0.94696223,0.00000000
0.93468195,0.00000000
0.93823635,0.00000000
0.92898180,0.00000000
0.95055769,0.00000000
0.94223111,0.00000000
0.95408312,0.00000000
0.95779076,0.00000000
0.95433737,0.00000000
0.96971203,0.00000000
0.94924994,0.00000000
0.94087369,0.00000000
0.96252633,0.00000000
0.93187988,0.00000000
0.97345961,0.00000000
0.97771787,0.00000000
0.98301467,0.00000000
0.97693748,0.00000000
0.98092160,0.00000000
0.98282211,0.00000000
0.92758103,0.00000000
0.93919667,0.00000000
0.94069999,0.00000000
0.94698862,0.00000000
0.95637176,0.00000000
0.93910509,0.00000000
0.92588937,0.00000000
0.94787114,0.00000000
0.93611710,0.00000000
0.93435341,0.00000000
0.94274455,0.00000000
0.94392856,0.00000000
0.93483050,0.00000000
0.93458466,0.00000000
0.92688485,0.00000000
0.93932329,0.00000000
0.93596922,0.00000000
0.92433541,0.00000000
0.93452868,0.00000000
0.92299858,0.00000000
0.90806720,0.00000000
0.91806855,0.00000000
0.92412306,0.00000000
0.92723650,0.00000000
0.93443749,0.00000000
0.89976168,0.00000000
0.91142626,0.00000000
0.90933142,0.00000000
0.91623564,0.00000000
0.91356062,0.00000000
0.92763879,0.00000000
0.90263115,0.00000000
0.89834513,0.00000000
0.90708423,0.00000000
0.90593950,0.00000000
0.93749283,0.00000000
0.96231008,0.00000000
0.93736110,0.00000000
0.95688149,0.00000000
0.95211315,0.00000000
0.94776065,0.00000000
0.93172884,0.00000000
0.94403046,0.00000000
0.95947904,0.00000000
0.97377383,0.00000000
0.97462728,0.00000000
0.97484177,0.00000000
0.96892404,0.00000000
0.97954053,0.00000000
0.97418073,0.00000000
0.98129018,0.00000000
0.95895603,0.00000000
0.97954789,0.00000000
0.98500333,0.00000000
0.98379784,0.00000000
0.98031779,0.00000000
0.98469677,0.00000000
