608.000,232.000,190.000,210.000
602.675,227.482,179.465,209.443
596.912,222.733,172.358,213.895
580.379,217.350,184.268,219.659
588.750,216.840,169.135,237.594
590.269,217.283,168.103,230.289
589.963,191.699,162.409,246.767
587.822,188.862,148.660,244.828
587.624,197.383,135.678,230.843
586.399,201.239,120.066,224.548
585.958,204.396,114.047,209.688
584.766,199.932,111.476,217.068
583.159,206.867,108.145,207.251
578.800,211.008,103.080,207.358
577.956,210.505,102.719,213.339
574.732,188.133,96.411,239.692
576.630,208.662,91.700,222.396
576.125,207.406,88.990,212.032
578.799,198.139,85.843,211.031
580.736,202.002,81.160,203.844
579.581,202.676,82.957,200.950
576.575,181.078,88.968,213.628
576.324,194.558,85.879,203.514
576.394,212.426,78.067,198.739
577.484,216.439,77.883,199.450
579.980,214.567,73.639,198.202
581.450,196.481,71.426,210.887
579.828,192.131,71.967,209.025
578.477,200.114,73.932,191.586
575.833,202.130,77.790,192.327
575.018,201.960,76.233,191.196
573.992,203.084,77.802,201.995
572.211,222.215,80.862,183.322
573.094,224.283,79.340,180.650
572.987,218.521,78.116,191.935
571.355,200.016,80.645,223.552
568.078,214.634,81.548,179.244
567.207,216.850,83.290,181.107
564.796,215.108,83.436,177.947
564.525,212.047,81.781,176.988
563.942,205.781,80.775,165.650
558.933,201.287,82.455,151.940
552.201,194.111,89.645,155.310
543.897,178.972,97.045,168.116
540.015,183.529,99.950,174.849
535.741,181.508,103.471,177.833
531.791,178.612,103.493,174.933
528.263,180.605,105.427,154.770
527.806,182.580,103.785,159.001
529.301,182.113,101.309,156.077
528.372,189.193,101.405,141.162
529.953,192.201,99.921,140.657
531.202,196.234,99.087,142.809
539.789,202.394,88.104,131.680
544.169,207.432,85.812,145.966
540.908,180.910,87.852,177.497
543.313,184.115,85.543,161.831
546.972,189.869,82.937,152.209
552.197,186.509,74.962,157.804
552.164,179.694,75.902,161.619
551.912,176.767,74.407,159.032
555.963,170.566,71.540,167.072
556.237,171.498,71.211,167.400
561.018,169.284,68.425,170.515
560.140,196.707,67.365,141.662
562.332,198.492,65.916,137.114
564.985,199.769,64.421,133.607
568.910,190.833,61.597,150.921
568.619,209.330,61.984,131.692
569.550,189.701,61.209,148.494
573.210,195.727,64.781,139.500
573.962,203.343,67.090,137.419
575.536,201.370,65.098,137.706
576.612,190.783,66.737,148.642
579.641,189.855,55.289,148.103
580.847,188.392,55.414,149.400
580.876,188.981,54.809,147.676
582.888,192.043,57.089,145.873
588.729,208.038,51.998,131.826
589.483,212.999,51.818,131.538
590.224,212.369,53.649,131.804
591.423,204.262,52.598,139.251
594.215,206.454,50.961,133.837
594.527,204.822,55.967,136.937
598.455,207.093,56.715,134.149
600.275,222.665,54.995,112.260
601.615,219.387,55.468,125.118
603.952,213.943,56.474,126.148
606.488,208.200,50.894,137.128
608.306,209.563,48.599,132.056
609.964,215.052,50.262,131.997
610.306,218.753,55.122,125.410
615.545,234.482,53.307,101.449
616.815,236.212,52.831,100.350
619.713,232.194,49.665,114.521
620.223,226.456,50.308,130.227
623.658,238.731,49.597,119.778
624.961,237.871,48.692,123.198
625.735,235.268,50.245,124.217
625.485,250.596,52.648,109.420
628.693,257.401,47.448,100.826
629.415,262.641,46.836,97.691
633.718,262.547,42.433,90.288
633.595,255.709,43.546,100.986
635.142,249.117,44.976,108.582
633.538,253.963,44.962,129.565
632.752,263.485,46.076,126.135
634.277,269.031,48.367,110.618
632.517,277.876,50.714,107.585
633.294,282.508,53.899,104.392
634.344,284.713,58.122,102.391
637.745,286.908,52.865,106.658
638.279,287.084,58.122,107.360
639.044,287.649,67.342,106.703
637.677,288.105,71.436,107.834
635.712,299.232,78.007,96.672
632.413,301.087,85.303,96.792
630.816,300.865,80.302,97.601
631.009,293.370,68.904,104.777
630.424,281.636,60.380,114.467
630.130,281.899,61.469,114.942
631.025,289.637,61.196,110.423
744.408,305.185,10.000,96.116
748.157,339.173,49.587,63.782
753.366,347.652,56.391,65.395
757.735,377.919,50.691,34.159
797.366,345.123,152.297,35.088
761.826,345.225,57.750,72.114
765.306,348.113,86.679,66.726
765.467,350.046,10.000,95.208
769.226,351.498,44.662,70.901
699.981,361.851,47.936,86.488
623.150,292.680,62.209,88.667
623.396,291.695,62.760,104.203
621.225,294.524,62.077,90.441
615.496,301.475,68.884,82.691
608.543,300.217,73.725,84.753
604.968,299.143,75.801,87.694
599.192,326.142,81.137,58.399
592.541,324.275,83.394,54.399
590.205,326.082,84.012,63.077
586.783,326.361,89.981,58.867
580.209,325.412,100.352,59.306
575.820,326.004,106.195,55.648
578.688,320.855,103.848,59.474
579.241,316.870,99.590,60.825
578.155,307.483,95.988,70.703
573.487,302.720,92.446,76.928
573.381,294.855,88.093,84.035
571.347,292.863,83.014,87.846
571.281,291.790,85.029,78.870
568.837,294.307,80.072,77.447
568.690,297.575,79.105,75.480
566.837,300.888,74.747,72.731
566.579,301.394,74.082,73.344
567.465,304.124,72.606,71.426
566.902,308.754,72.575,71.419
566.451,312.047,79.384,64.544
565.656,311.297,82.984,65.899
565.391,312.559,85.587,68.262
565.017,313.779,90.009,70.721
561.357,324.807,97.649,60.030
560.116,335.779,101.514,49.452
558.733,336.921,107.122,49.014
559.052,339.522,109.385,50.630
559.034,340.687,110.315,49.642
556.099,342.182,103.556,48.732
556.409,343.452,91.246,47.476
555.148,344.475,79.504,48.864
554.130,345.395,71.661,46.773
554.678,344.874,66.501,48.512
553.256,346.775,66.495,47.790
549.647,347.154,73.487,48.727
549.052,348.106,72.876,48.864
546.513,350.061,75.562,47.824
544.992,351.307,69.925,48.465
543.704,352.695,71.916,47.789
541.339,354.488,68.184,47.259
538.248,355.762,69.005,46.535
535.731,354.729,71.768,46.785
533.780,358.856,75.438,45.147
529.943,358.486,79.483,46.121
528.110,359.787,59.686,44.370
524.359,359.919,79.453,45.034
521.704,361.785,80.680,46.103
518.957,361.889,85.565,45.651
515.841,362.328,88.294,45.648
514.118,363.297,86.403,45.489
511.238,362.938,86.764,44.700
507.472,364.528,92.171,44.022
503.680,364.598,99.245,43.754
501.664,365.080,104.332,43.978
500.552,364.565,105.743,44.195
497.637,365.143,108.832,43.451
492.959,366.020,108.798,41.421
489.764,367.083,113.171,42.792
485.637,366.567,118.355,45.918
494.196,367.243,110.238,44.272
476.899,368.228,126.623,45.243
480.945,369.326,120.503,42.896
475.211,369.739,125.487,44.086
477.281,370.614,122.241,42.188
471.696,369.953,130.817,43.222
470.249,370.182,125.128,42.613
465.683,370.675,127.665,41.480
462.614,370.673,131.904,39.002
461.662,369.930,137.255,38.190
461.815,371.036,139.560,37.284
461.622,370.305,142.115,39.757
461.607,367.296,142.294,41.709
463.349,364.655,142.520,45.291
463.089,362.978,145.778,48.324
462.862,360.751,150.435,47.400
464.528,358.919,149.133,50.725
464.585,357.994,147.278,50.833
464.623,356.158,144.424,51.729
462.754,356.406,144.700,51.407
462.790,355.013,142.729,48.669
464.147,357.627,139.849,46.616
461.521,357.990,141.222,47.020
460.539,358.343,137.478,43.543
458.718,360.885,136.468,44.042
459.276,362.058,135.197,42.784
460.504,363.005,134.267,39.517
456.938,364.651,135.702,38.709
457.040,363.405,134.627,42.071
458.636,356.643,135.213,46.682
458.156,350.713,138.876,51.701
457.386,345.360,140.925,58.846
456.090,344.473,139.865,61.716
457.727,344.439,131.382,62.899
459.321,344.569,125.825,62.639
456.875,345.258,125.019,61.975
456.696,345.872,124.142,60.570
457.143,344.390,123.073,61.623
461.764,343.951,117.672,63.724
459.671,343.179,119.775,64.921
457.576,347.032,121.140,61.453
456.700,349.719,119.430,60.234
456.545,353.983,119.060,54.937
459.022,355.194,121.723,56.404
458.931,358.318,128.714,53.479
458.018,359.979,127.220,51.652
458.058,357.841,121.936,55.765
459.432,351.386,115.558,61.246
458.037,344.078,110.591,69.288
459.954,337.107,97.978,76.381
459.298,333.116,88.356,79.329
456.217,335.074,88.652,80.273
457.426,339.027,88.600,78.117
457.415,337.605,90.788,79.127
461.478,338.900,88.784,80.450
464.662,340.968,90.389,80.214
466.357,342.694,95.698,79.493
466.369,349.618,103.006,76.120
467.792,357.132,109.572,70.148
469.200,357.966,101.314,71.815
471.611,357.091,94.952,74.935
471.405,353.471,89.446,83.021
474.189,347.693,76.111,91.126
474.651,340.290,68.671,99.582
476.532,332.292,70.373,110.113
478.520,325.719,70.988,117.431
478.311,332.803,71.955,112.784
478.893,339.714,74.042,107.632
477.589,347.862,76.650,102.260
478.976,350.332,77.606,104.777
479.133,349.447,82.169,106.729
479.134,344.470,84.042,115.558
478.869,346.526,84.572,114.212
478.976,351.007,90.862,112.937
478.709,361.777,92.208,105.816
476.675,375.858,103.408,92.116
478.502,381.623,98.777,88.606
480.054,383.717,99.988,88.732
478.373,380.935,107.499,90.337
477.980,376.506,112.631,98.404
477.930,366.176,118.852,111.675
478.550,365.282,123.149,113.693
479.659,368.777,130.652,104.095
479.105,368.261,135.030,106.763
478.765,367.503,141.004,107.798
477.601,365.799,144.814,112.935
477.780,364.638,148.042,117.051
477.457,362.528,154.752,121.798
471.191,364.272,165.083,123.812
473.040,367.233,166.535,120.180
472.781,371.827,172.999,118.636
471.989,374.865,175.158,117.155
472.429,374.394,177.719,119.817
472.476,374.120,181.131,122.701
472.251,372.158,182.176,126.627
472.702,372.816,186.749,127.744
472.094,381.349,191.676,120.879
471.357,385.733,192.845,120.642
468.137,386.452,197.757,116.454
467.862,388.715,202.261,112.536
466.865,388.178,205.765,116.630
464.915,386.013,211.216,121.891
461.971,384.011,218.710,126.537
462.714,384.645,221.556,124.604
456.393,382.077,231.203,130.738
458.490,383.382,234.669,128.824
462.320,379.900,234.669,132.654
464.519,385.481,238.041,126.437
461.681,377.182,244.757,136.092
462.653,382.330,248.664,130.914
467.074,381.331,249.937,133.637
470.469,385.165,251.202,131.094
471.862,388.245,250.595,130.019
466.593,391.045,258.602,129.482
466.998,392.803,262.553,131.094
464.096,389.959,267.986,131.948
459.844,388.507,271.592,131.841
456.661,389.292,280.230,135.571
449.672,387.233,287.574,136.958
450.071,393.749,291.544,135.842
449.520,395.486,292.645,131.172
461.711,401.458,282.773,123.542
465.772,390.263,276.898,137.327
472.166,394.071,272.705,137.525
475.927,396.150,272.161,133.367
477.271,397.182,272.146,136.645
481.266,390.197,271.108,137.099
484.741,387.687,271.108,142.891
487.845,391.331,271.996,141.123
489.712,396.788,272.969,129.033
493.579,396.686,272.749,128.861
497.887,404.088,274.262,131.316
501.572,411.957,273.737,123.182
505.706,436.411,275.028,100.378
510.486,436.368,271.788,103.459
514.463,435.397,272.227,106.407
516.693,438.863,272.877,104.245
512.323,439.997,284.317,105.015
510.128,440.233,289.055,103.852
503.634,442.860,298.569,92.695
498.663,446.563,303.182,92.287
495.071,447.123,310.030,87.479
491.517,449.984,316.149,87.361
498.228,428.795,314.370,106.453
506.377,419.038,311.988,117.179
511.973,411.805,306.536,122.461
512.877,412.555,308.992,122.511
514.223,418.474,310.587,118.857
509.100,423.661,317.371,115.792
507.786,427.073,323.069,115.875
507.861,445.129,329.502,94.475
501.674,455.990,339.050,80.524
500.245,447.975,340.916,92.586
515.983,439.494,332.203,102.435
520.013,430.903,326.359,109.279
518.680,432.218,328.646,103.624
514.797,434.492,332.716,98.706
516.135,432.344,332.579,105.540
515.841,420.582,333.542,103.552
513.267,410.575,334.967,116.866
515.536,403.240,337.165,124.802
520.247,399.107,331.439,132.247
527.925,390.192,326.145,137.501
531.069,388.523,324.098,139.566
536.882,379.975,326.096,147.722
541.371,382.682,328.536,141.429
542.883,376.119,329.831,146.352
546.421,376.302,325.393,144.668
552.365,378.293,321.321,144.594
554.585,389.718,319.470,134.695
555.711,405.580,319.295,128.714
555.917,419.630,328.619,120.088
551.603,417.235,313.784,121.298
549.482,410.685,318.417,125.023
551.608,399.651,320.160,137.497
546.545,383.517,318.519,157.159
541.490,374.790,320.123,143.272
559.218,367.543,302.244,152.194
576.854,359.943,285.428,163.531
588.022,357.328,276.506,170.058
598.181,362.461,267.478,165.871
600.768,363.163,264.413,165.732
602.600,363.864,262.844,165.169
601.767,360.504,264.093,168.552
602.506,349.782,264.726,178.595
599.517,342.462,268.094,177.569
597.744,337.788,269.019,179.928
592.545,337.405,274.569,177.610
589.645,335.554,279.926,172.908
589.900,340.916,278.976,168.355
601.442,354.832,267.170,156.138
616.502,359.743,255.440,149.177
634.046,346.425,233.636,160.576
644.636,336.380,224.862,167.096
650.702,316.280,221.271,185.945
657.755,294.704,216.913,205.133
662.348,284.539,209.417,210.683
664.824,284.704,209.514,212.038
661.917,286.859,215.328,208.572
656.316,288.061,227.378,207.864
650.755,284.930,233.712,206.728
643.469,287.043,242.561,199.420
640.608,296.068,244.322,188.854
647.901,313.487,234.897,168.214
668.588,309.193,214.629,162.465
680.612,303.357,199.549,166.291
687.393,293.508,194.376,170.307
691.714,273.049,185.733,195.566
696.792,254.798,183.212,201.151
690.428,242.037,192.864,209.385
684.299,236.526,197.079,209.547
679.129,229.863,201.725,211.892
674.496,222.453,202.716,209.336
659.613,214.177,218.057,215.172
649.803,207.695,223.364,214.690
641.413,207.238,231.818,209.469
628.485,210.492,251.937,199.873
617.890,210.701,264.144,195.862
611.573,203.929,269.950,201.211
604.661,193.919,280.040,209.563
597.167,180.786,291.146,220.785
588.383,176.935,304.652,208.687
587.264,177.804,307.394,203.415
588.733,179.361,310.465,199.299
578.713,152.085,333.990,219.507
573.808,145.792,337.293,223.416
563.228,140.948,354.605,218.810
558.694,145.491,358.094,208.609
550.026,142.530,371.052,200.849
540.533,136.431,382.391,208.130
534.619,127.540,393.653,209.534
530.845,120.224,400.627,210.372
528.288,121.359,405.160,205.196
527.662,138.518,404.102,179.537
517.780,135.532,394.745,172.566
512.516,119.974,379.684,185.403
502.071,102.172,378.261,195.506
496.896,93.792,378.813,193.217
490.724,84.213,379.240,192.870
484.945,72.395,383.761,201.353
476.009,55.140,389.395,206.936
467.829,47.224,397.799,208.560
465.429,36.146,402.021,207.644
464.617,33.563,403.067,198.931
466.643,35.542,400.149,181.371
472.041,29.698,388.813,184.430
475.000,46.300,384.504,154.982
475.176,57.321,389.529,127.562
475.834,38.998,392.676,137.883
474.701,22.244,404.722,143.911
472.167,3.834,395.775,150.771
470.932,0.000,403.627,140.375
595.000,346.000,171.000,264.000
600.985,344.058,163.707,263.632
608.427,340.353,156.722,262.727
620.983,340.513,146.233,262.813
630.483,343.901,141.371,264.677
642.315,347.691,135.518,263.292
650.698,356.048,139.552,254.899
650.979,353.950,149.565,275.713
652.962,348.647,159.834,291.606
655.512,343.607,169.861,308.602
658.420,340.735,180.084,324.426
661.872,340.895,182.854,330.396
657.311,342.667,187.546,343.096
655.626,345.641,189.900,345.273
662.382,354.708,178.439,357.904
664.612,365.750,173.473,349.981
669.470,375.010,166.224,340.340
673.527,377.544,156.682,339.082
682.222,375.968,155.435,341.311
687.526,377.352,158.202,339.466
693.821,383.851,159.060,330.177
694.450,396.642,164.225,321.569
691.880,407.391,173.047,310.195
698.642,416.413,175.291,298.643
710.221,421.393,170.461,295.100
718.185,423.843,180.139,292.894
725.963,425.476,210.556,290.090
728.334,428.528,238.963,288.438
738.457,432.368,247.634,284.963
744.222,439.249,261.097,278.645
32.000,212.000,323.000,314.000
38.632,210.945,317.385,310.374
42.759,210.310,323.582,312.900
47.892,208.830,315.862,311.404
45.731,208.834,331.486,312.651
54.904,208.589,317.651,308.630
53.892,207.455,324.689,312.153
59.456,208.663,319.297,308.462
66.424,207.072,323.582,312.900
65.826,205.592,327.325,311.404
74.134,206.578,329.250,314.545
80.255,207.281,322.805,307.986
80.673,209.758,330.810,312.501
87.697,209.560,333.500,311.610
95.698,213.714,332.341,307.174
91.037,213.744,344.863,307.753
102.996,215.629,342.471,305.941
101.263,222.839,353.712,301.886
103.413,226.558,360.534,299.028
108.174,228.173,358.902,300.399
113.432,235.733,368.761,295.141
122.826,240.011,365.823,291.206
126.726,239.922,367.823,292.690
130.666,243.736,379.647,292.289
137.777,248.511,375.427,288.072
145.109,254.957,377.881,282.423
149.670,255.596,377.258,284.415
153.356,263.358,384.315,280.694
165.405,262.380,379.936,280.679
170.994,268.685,380.527,280.492
176.879,274.896,380.527,275.261
184.456,283.610,380.920,266.256
188.819,287.362,379.842,267.037
192.643,296.604,383.029,259.389
201.221,302.658,382.274,253.588
210.351,307.906,382.090,249.948
213.278,317.163,386.756,243.192
215.762,319.067,392.837,246.137
218.642,325.763,401.391,244.568
228.634,330.739,400.226,241.516
225.873,335.125,410.725,239.590
235.986,339.402,408.079,232.291
239.109,345.229,415.392,228.650
242.025,349.145,423.131,225.135
248.477,355.450,423.817,221.176
256.934,356.345,420.385,218.159
254.314,361.141,431.082,217.057
260.447,364.352,429.839,205.123
260.825,364.695,436.214,199.090
247.142,362.795,10.000,202.889
267.626,495.749,104.851,44.277
277.579,481.424,89.998,49.438
279.035,472.083,137.040,55.831
284.348,462.530,145.673,65.483
287.356,454.978,137.896,103.667
294.962,380.771,540.343,168.213
300.284,373.779,10.000,171.941
305.450,430.270,165.834,35.459
315.879,423.888,119.483,50.066
314.054,418.526,123.597,56.603
309.322,413.981,132.726,53.794
300.612,406.047,133.915,57.489
298.914,400.376,146.791,64.090
301.076,394.572,147.902,70.651
297.892,393.274,143.426,72.634
297.381,394.399,139.130,69.769
296.403,398.261,148.594,64.417
294.026,399.682,154.133,64.516
304.825,397.609,140.718,61.078
302.246,389.916,147.175,79.619
305.219,383.154,143.178,83.178
305.542,373.370,144.501,74.546
313.072,360.074,137.141,89.901
322.205,350.930,126.221,91.716
327.748,344.395,122.250,107.157
327.699,340.466,93.020,96.228
323.587,342.508,125.512,97.831
327.040,345.224,125.937,93.287
246.716,333.900,116.153,96.179
229.250,311.101,104.956,81.891
346.314,327.178,305.486,112.655
348.000,321.000,419.000,206.000
359.833,367.524,409.453,152.368
367.961,365.169,405.703,164.082
368.760,361.428,402.038,170.014
365.184,360.096,407.098,175.816
371.570,355.852,404.505,179.482
429.838,356.075,345.133,177.420
375.580,353.659,399.170,179.775
364.412,351.845,410.781,179.114
356.493,351.302,419.562,178.572
387.700,346.370,382.894,183.504
390.725,352.139,370.474,176.745
408.967,349.842,361.141,185.949
411.603,349.958,343.419,189.347
416.806,285.787,364.169,253.845
427.208,280.599,340.930,257.524
430.363,287.736,359.538,249.778
427.793,295.664,326.891,244.119
431.829,305.232,322.776,232.331
434.218,308.453,317.451,235.210
434.234,307.299,316.872,234.780
438.620,307.241,311.922,234.351
434.907,302.631,316.102,244.654
437.617,311.375,310.682,251.107
439.715,316.683,309.282,230.982
439.128,322.445,309.920,229.095
431.442,327.673,311.428,223.439
431.318,327.400,311.676,226.097
430.433,326.226,313.447,232.694
431.955,331.175,311.484,228.205
432.904,330.518,312.254,233.790
432.749,331.147,309.862,235.235
431.001,338.009,312.816,229.615
430.673,347.610,315.083,220.075
427.926,347.977,321.104,222.505
418.798,354.852,324.372,214.642
416.694,353.879,325.939,220.286
404.840,350.334,329.805,224.160
411.904,347.028,318.399,227.506
415.399,344.945,314.641,226.822
412.290,343.381,314.978,10.000
619.866,350.858,174.350,55.378
614.996,344.646,104.856,214.049
404.493,343.316,311.856,220.310
394.071,340.647,318.006,216.727
379.572,339.652,325.447,221.872
375.050,339.808,325.888,217.259
369.107,338.687,331.913,219.500
358.936,342.544,335.508,215.568
351.214,344.827,340.186,208.848
347.299,345.167,342.678,206.568
341.760,344.561,345.233,209.377
333.517,344.288,350.951,208.310
329.291,351.555,353.450,204.059
330.704,348.720,349.550,204.890
330.818,350.976,348.249,203.056
328.230,352.971,347.570,204.922
327.844,357.127,345.671,200.884
328.629,358.877,341.463,196.856
330.082,360.204,341.673,204.069
325.368,360.187,342.639,203.574
307.919,363.095,355.858,203.574
296.201,18.781,365.286,546.312
280.388,363.453,375.458,210.971
269.842,365.295,380.215,208.414
265.617,368.675,382.468,205.598
256.474,372.688,387.845,203.184
250.965,370.912,389.876,203.926
247.275,371.869,392.176,202.013
240.019,372.048,396.550,197.149
240.691,370.422,389.607,204.320
231.608,371.486,386.311,197.674
230.011,371.286,382.314,193.647
240.303,370.595,365.542,190.670
244.352,371.282,357.974,185.068
241.968,369.008,360.680,185.493
235.398,369.076,367.091,181.216
229.476,370.887,375.320,178.625
221.753,378.833,391.804,169.989
217.152,382.697,400.488,165.363
214.900,387.574,408.084,160.245
210.657,390.421,412.475,160.691
201.002,392.963,424.057,154.577
198.186,397.441,428.664,149.212
195.842,400.159,436.390,147.320
188.594,405.779,445.300,143.694
191.024,409.789,445.503,140.738
177.185,408.980,453.632,143.358
177.225,413.239,447.932,140.968
166.173,412.262,458.965,143.930
167.104,418.338,451.442,134.352
162.479,415.473,449.841,139.589
164.622,418.033,440.035,137.981
165.638,416.982,432.577,141.069
162.259,417.263,429.935,143.971
169.457,417.002,415.540,142.499
174.046,419.063,406.361,139.352
175.301,419.685,398.611,140.014
168.967,422.563,400.880,139.930
170.702,425.186,396.462,138.003
161.037,427.699,401.277,136.256
151.438,429.337,405.491,136.256
142.823,434.387,408.128,130.864
139.121,434.111,408.129,134.655
132.499,438.561,410.111,132.793
127.767,438.611,411.633,132.227
123.795,442.115,412.567,129.891
119.308,447.767,416.908,124.609
114.704,451.674,416.080,119.076
110.134,453.268,411.848,117.225
104.553,454.717,408.060,115.646
103.831,454.288,399.071,119.547
100.934,455.475,391.311,116.737
104.546,456.530,373.822,121.043
102.441,456.600,362.707,123.882
102.231,458.303,350.823,123.446
96.375,457.103,349.618,130.846
91.763,457.866,350.279,134.459
80.843,459.453,354.295,139.979
76.581,457.236,353.904,148.426
66.830,459.428,357.809,154.133
54.349,462.668,366.783,157.999
48.417,466.516,375.758,161.383
42.450,465.328,377.827,173.623
38.054,463.946,374.825,183.567
34.796,457.505,370.835,195.923
41.010,445.893,360.027,209.970
53.740,432.569,335.668,234.968
60.761,413.419,327.248,262.023
74.881,405.479,307.218,277.317
79.495,395.143,295.068,293.899
76.759,380.626,281.683,325.880
81.182,377.438,275.262,335.286
56.395,378.406,293.203,336.392
58.369,393.800,284.853,317.551
82.745,387.545,259.592,313.799
114.280,375.916,225.658,325.633
133.752,378.615,208.424,326.206
129.960,376.319,212.878,340.188
124.874,390.709,150.317,320.568
121.322,389.616,221.179,321.875
117.044,376.382,158.143,334.985
109.959,370.179,231.747,348.312
93.875,378.251,243.440,336.720
88.325,379.211,245.367,335.946
81.682,62.638,244.859,335.101
64.803,394.149,252.819,320.467
72.697,408.518,239.310,307.684
66.313,419.479,241.213,297.170
58.335,431.443,248.061,283.957
51.674,431.574,253.945,284.758
54.844,441.539,247.066,273.441
51.954,467.964,229.435,250.245
44.338,476.510,224.039,239.390
32.541,491.865,227.229,224.446
25.411,494.198,227.018,222.947
510.000,102.000,314.000,432.000
501.092,83.517,320.755,452.744
489.822,58.901,328.802,484.430
464.883,41.474,353.912,520.883
457.922,48.383,354.085,617.930
452.353,66.106,356.794,500.074
465.893,90.416,339.014,484.427
467.439,80.282,335.111,500.637
464.453,63.310,332.884,528.842
458.712,48.878,338.488,559.387
453.768,74.258,336.181,532.142
455.114,129.570,334.337,480.768
449.766,135.653,337.811,471.812
441.316,123.101,346.722,492.122
442.679,94.627,342.342,519.302
440.846,41.183,344.320,570.491
428.522,50.589,349.456,572.079
353.560,91.412,426.890,519.069
338.106,139.004,444.610,458.740
394.084,154.137,389.603,448.360
409.892,131.574,371.370,471.740
421.290,89.255,361.143,526.213
431.736,47.881,355.082,562.721
424.918,38.384,361.559,563.817
429.427,72.610,355.253,533.332
425.795,123.160,366.003,474.061
429.504,127.527,356.083,479.502
421.490,110.108,361.361,487.879
422.321,89.315,358.019,521.061
421.528,72.363,363.062,533.355
400.443,86.211,384.090,513.588
344.472,126.991,436.472,464.029
315.848,165.302,463.989,445.070
315.932,183.209,456.546,415.621
365.458,158.213,407.194,441.199
403.612,128.527,365.671,486.996
410.808,91.677,354.657,525.231
408.439,102.024,357.668,558.100
408.383,152.990,361.357,503.574
411.445,204.104,353.526,411.593
412.630,205.315,352.682,425.967
414.397,182.428,349.150,452.343
412.393,141.346,353.952,481.216
411.798,125.095,352.665,495.548
350.446,159.455,410.090,554.877
293.827,210.564,464.119,415.415
291.210,267.094,471.112,355.092
325.314,262.842,429.928,350.493
349.163,237.651,402.428,367.468
373.304,190.420,369.545,402.650
392.893,122.357,347.349,465.447
416.050,87.853,321.156,491.796
413.572,91.950,320.545,472.466
421.961,114.767,306.104,430.726
423.825,136.058,295.107,417.946
425.186,134.878,285.358,425.225
424.908,99.235,281.031,461.645
432.786,46.759,266.718,495.231
432.310,8.521,269.125,470.604
418.702,0.000,280.668,463.229
374.962,18.665,327.003,464.157
353.630,37.054,339.252,453.896
378.743,48.804,319.655,434.322
378.208,42.204,308.046,444.540
352.199,15.541,326.724,431.928
323.833,0.000,377.442,463.083
309.183,2.226,328.072,436.035
289.297,0.000,333.783,444.279
282.740,0.000,336.877,444.926
276.829,0.000,354.124,438.656
276.389,0.000,392.081,431.541
274.811,0.000,388.650,419.977
272.572,0.000,386.656,415.450
270.917,0.000,365.093,431.595
265.986,0.000,371.778,417.575
262.540,0.000,379.458,428.889
258.492,0.000,388.361,419.525
256.352,0.000,398.297,409.315
259.058,0.000,398.543,409.992
264.193,0.000,396.363,365.159
271.268,0.000,395.918,371.402
255.127,0.000,428.200,376.012
254.719,0.000,438.657,347.080
260.084,0.000,470.877,339.089
276.350,0.000,474.341,327.925
273.544,0.000,503.634,310.790
267.203,0.183,547.200,336.556
273.676,0.111,529.959,338.418
270.022,0.000,519.471,321.009
263.283,0.293,516.602,322.059
255.435,1.306,502.091,306.153
763.000,371.000,464.000,327.000
767.000,367.000,446.000,324.000
210.098,0.000,522.725,231.496
193.617,0.000,541.759,229.253
187.293,0.000,550.175,229.599
190.643,0.000,542.053,237.153
198.215,0.130,536.241,225.408
196.346,0.000,547.632,224.169
212.767,0.000,537.235,216.586
286.092,0.000,467.746,210.036
299.150,0.000,463.585,195.351
309.898,0.000,454.135,184.407
327.842,1.255,433.309,174.366
328.239,0.000,435.818,157.223
332.773,0.000,432.516,156.726
340.006,0.000,419.615,143.521
344.963,0.000,410.190,144.956
346.461,0.000,407.684,145.226
351.995,0.000,405.387,137.417
352.357,0.000,409.862,139.146
356.906,0.000,406.982,129.353
356.499,0.000,408.255,133.102
360.864,0.275,401.391,135.819
361.584,0.000,401.821,137.802
365.046,0.000,397.723,139.115
367.611,0.000,396.359,137.344
370.954,0.000,393.411,138.290
373.032,0.000,389.722,143.822
374.879,0.301,386.503,139.900
372.988,0.000,385.161,139.180
371.265,0.000,383.506,138.686
370.477,0.000,388.777,138.141
371.489,0.000,382.579,143.268
372.004,0.000,377.800,141.475
372.572,0.000,372.962,146.163
372.626,0.000,360.704,147.839
371.322,0.000,360.540,153.423
371.771,0.000,371.881,153.442
459.000,389.000,193.000,332.000
387.258,388.278,272.633,329.390
474.000,393.000,187.000,326.000
395.996,393.393,331.640,322.743
371.916,0.000,425.638,185.442
372.755,0.000,421.711,197.305
375.209,0.000,409.298,192.751
381.373,0.000,394.159,200.960
381.867,0.000,385.285,205.250
387.666,0.000,364.682,210.679
385.821,1.596,348.400,221.356
378.838,0.000,332.355,230.099
376.667,0.000,309.561,233.558
372.658,0.000,308.967,251.346
374.310,0.000,304.547,253.405
374.164,0.000,305.397,254.090
377.935,7.123,302.316,275.543
378.868,14.892,305.650,252.494
379.273,26.545,305.397,255.888
378.592,35.816,303.961,248.542
379.797,43.429,304.302,256.428
375.909,51.398,308.163,244.964
374.813,60.523,308.704,236.068
372.487,67.802,312.816,236.098
371.056,73.731,304.248,227.506
370.419,82.131,304.996,222.821
368.998,62.580,307.839,241.575
369.009,54.019,315.457,255.968
366.340,54.027,328.757,259.934
365.667,58.741,334.202,261.041
366.022,67.455,341.178,247.162
355.830,84.078,358.656,230.191
370.626,110.580,359.555,202.501
371.033,118.904,381.431,199.900
376.016,117.143,373.124,204.527
379.056,116.037,385.285,197.894
378.780,119.907,399.657,197.894
382.198,118.116,420.961,205.415
385.423,119.551,419.222,201.956
387.738,120.375,413.427,199.726
391.950,121.289,402.701,197.324
392.416,116.123,367.912,200.320
393.833,108.172,348.780,201.011
392.175,99.442,343.612,199.910
392.909,88.148,340.571,208.855
380.112,82.620,355.489,209.237
384.846,78.083,362.939,217.218
383.012,76.485,371.668,210.855
386.195,72.658,377.629,213.467
389.749,73.122,386.433,207.992
397.868,70.943,377.576,207.809
400.477,71.664,357.778,207.489
401.607,69.080,350.065,207.749
405.532,72.017,341.674,207.811
402.525,71.936,331.692,209.574
401.597,79.615,322.991,208.995
399.211,75.898,309.035,204.982
395.046,73.609,294.191,204.523
389.365,76.639,281.975,211.727
392.385,82.207,279.359,197.166
385.977,84.024,284.659,197.289
388.407,82.131,286.439,201.077
382.272,84.220,295.828,200.260
371.344,89.337,307.938,198.308
371.447,87.068,319.607,199.383
363.506,91.772,339.025,195.028
359.031,97.145,346.432,187.886
359.611,97.109,343.738,188.979
351.360,106.896,335.748,179.610
345.648,117.038,324.060,171.128
341.803,115.895,323.739,174.357
343.825,121.246,316.366,163.178
335.123,131.443,325.130,155.971
332.272,136.412,333.537,150.092
330.248,134.449,338.927,153.569
330.265,122.172,351.681,163.509
332.739,117.963,356.818,168.084
334.170,122.585,359.840,170.605
339.410,122.533,356.802,170.709
343.837,122.877,351.904,176.940
347.375,119.394,352.324,177.911
345.593,110.605,358.394,183.458
354.389,117.134,355.174,173.481
364.075,118.433,338.286,177.836
373.071,122.857,324.713,170.953
386.359,149.839,300.496,133.973
391.593,162.194,287.216,123.724
402.255,167.025,283.644,112.929
407.253,169.404,286.543,112.468
414.925,171.327,284.147,112.939
417.831,171.842,291.606,117.647
423.886,172.839,294.695,117.137
424.964,173.346,304.448,124.682
430.085,162.331,306.303,140.080
433.527,139.062,299.004,170.445
435.603,127.055,292.590,178.177
439.700,113.268,286.682,193.408
444.027,108.656,278.029,201.218
445.658,105.990,267.661,203.707
451.329,104.006,255.383,205.335
456.673,101.281,245.611,211.702
457.532,96.147,238.412,221.056
463.645,94.961,228.026,226.647
469.769,92.202,216.688,238.539
473.411,91.747,211.681,242.181
475.009,97.264,213.470,242.023
471.124,106.290,217.599,238.539
469.060,111.959,220.814,233.589
471.696,112.798,221.452,235.549
474.059,108.492,222.670,245.075
474.542,111.757,223.577,245.093
472.428,120.401,226.867,239.992
478.398,129.663,217.264,229.412
472.987,130.327,217.798,238.817
479.123,122.308,200.504,243.436
479.875,120.647,187.060,246.759
476.606,101.195,170.365,270.175
472.408,93.617,171.886,275.018
473.048,125.368,171.476,239.805
467.391,130.721,171.824,234.785
466.829,125.845,178.577,241.321
462.584,123.871,188.731,245.683
457.770,103.549,203.103,285.034
456.229,105.398,211.484,263.030
453.356,122.160,226.673,251.702
451.916,148.537,227.164,220.946
451.073,149.970,210.452,220.324
446.339,152.328,201.378,228.113
444.016,148.780,194.863,237.356
438.076,133.505,192.099,254.122
434.626,123.035,193.251,268.428
428.600,122.662,187.510,269.631
425.556,117.458,180.540,278.689
419.243,115.297,180.139,279.867
415.770,118.514,179.890,281.528
411.964,126.314,180.290,271.787
406.817,131.457,183.051,259.285
404.555,151.609,186.265,247.336
401.002,154.097,187.785,245.797
395.945,152.233,191.016,244.792
394.092,146.978,189.097,252.706
390.154,145.517,200.038,257.379
387.971,146.115,192.138,259.364
384.868,139.993,182.263,264.907
384.538,135.693,173.250,270.867
380.949,118.025,182.161,292.325
381.433,123.669,176.572,289.819
380.985,125.970,172.941,293.819
373.600,125.780,177.783,297.809
366.660,140.151,181.528,286.114
359.791,141.321,187.966,286.055
354.428,143.222,191.264,287.824
352.355,148.562,190.712,287.008
342.359,149.723,198.063,290.305
333.336,153.205,203.142,293.427
324.940,162.092,213.581,286.893
314.238,159.293,222.591,297.449
304.448,166.837,230.320,293.697
296.188,166.831,234.863,328.079
290.237,149.687,241.208,322.351
279.645,153.428,249.551,335.526
271.184,157.831,256.046,340.043
266.278,165.975,264.676,385.789
261.055,170.122,273.203,335.906
255.175,183.468,277.687,317.703
251.267,197.784,276.581,310.484
248.727,213.956,276.967,296.918
247.659,222.863,271.063,299.778
246.202,227.202,274.548,299.092
242.325,219.530,274.270,316.730
237.909,211.573,276.024,330.875
233.188,211.295,283.048,334.456
229.996,209.791,283.272,340.542
220.532,214.039,285.411,335.778
216.343,229.454,293.170,319.202
214.138,240.265,296.356,319.624
212.553,250.314,295.212,321.713
202.873,242.165,300.386,321.357
194.504,244.282,314.015,312.149
184.152,240.519,318.421,319.048
183.270,237.399,319.547,325.288
178.486,241.294,325.888,323.307
175.725,256.737,331.411,311.916
165.023,264.616,349.595,307.103
140.449,277.820,377.757,297.090
110.635,282.806,412.564,293.155
78.070,280.365,451.930,299.430
59.561,286.489,477.167,295.284
50.941,299.634,488.394,283.269
52.473,296.116,495.008,283.606
55.518,313.440,491.168,263.956
61.776,316.384,490.185,263.114
68.207,337.236,488.824,239.380
71.555,356.939,483.499,217.095
75.369,366.942,484.298,209.409
81.073,371.587,478.626,210.952
90.676,367.617,470.875,218.257
96.983,372.770,464.678,223.354
102.345,373.538,459.114,226.333
106.684,371.191,457.534,235.543
114.589,371.301,449.613,224.806
128.138,374.258,440.332,218.257
135.366,369.157,444.500,222.250
146.166,344.980,430.451,242.915
157.485,327.263,425.939,267.345
171.230,313.036,414.657,273.512
183.001,306.833,408.648,281.873
195.751,307.825,399.452,279.888
198.023,317.249,408.963,268.403
196.209,329.397,410.602,253.393
190.972,337.262,426.243,246.704
188.517,341.139,441.541,240.250
177.238,339.373,458.885,250.953
164.156,332.378,505.429,258.828
159.176,344.526,488.607,251.904
156.251,349.674,519.038,240.906
172.976,332.096,497.621,251.288
191.735,305.551,484.880,273.232
212.752,300.136,464.696,277.507
221.535,306.620,450.725,265.978
227.265,320.439,447.579,239.725
233.319,332.090,442.684,230.196
231.713,332.839,449.090,223.587
227.270,331.090,453.537,222.011
220.877,328.373,461.876,222.361
213.885,324.758,472.012,224.462
204.341,334.731,485.889,213.635
214.505,343.535,479.103,201.185
229.763,356.523,464.740,188.878
244.394,371.460,454.465,174.429
252.879,383.128,443.696,156.731
259.927,386.551,432.766,153.579
261.031,379.707,431.076,160.556
256.908,365.695,434.580,170.145
252.679,350.621,443.582,187.230
250.676,340.991,447.011,192.070
243.572,331.990,457.699,214.180
236.113,326.880,461.961,205.595
224.688,327.287,472.475,202.930
217.340,322.145,478.493,207.636
218.769,321.248,464.911,212.585
224.042,311.747,459.400,223.407
227.997,313.143,456.620,225.104
239.372,305.674,440.289,232.981
246.598,301.596,436.098,239.854
253.620,292.059,431.118,245.336
257.010,287.815,423.037,247.964
263.009,300.286,415.576,232.100
257.516,313.115,424.697,218.877
249.544,313.309,432.706,213.607
240.031,308.093,445.036,225.258
229.938,304.100,453.179,234.512
226.080,281.651,457.631,256.561
224.453,268.648,459.515,268.850
224.917,258.886,457.179,275.010
237.711,257.969,445.789,270.455
257.710,257.702,428.026,273.075
269.842,265.583,411.290,255.944
269.651,266.287,416.217,248.042
268.037,271.937,406.579,245.749
265.028,281.537,409.432,238.572
261.974,288.803,405.527,228.422
266.104,298.213,402.750,218.131
266.945,291.586,404.035,226.046
256.072,286.673,415.499,230.430
240.251,270.594,433.517,246.485
224.069,266.243,452.140,249.299
213.653,252.494,461.551,263.360
212.743,248.093,465.465,260.995
224.257,253.676,454.998,254.715
230.320,274.063,449.685,233.700
239.753,279.315,437.956,222.547
241.921,283.121,434.245,219.309
241.575,277.245,436.173,224.883
239.023,267.458,438.769,234.428
229.920,274.279,451.842,229.772
216.612,284.704,463.627,216.660
201.676,293.446,487.156,208.056
190.964,280.208,495.834,221.150
181.039,268.821,501.101,230.002
182.272,250.672,493.880,249.318
191.817,238.373,481.813,257.060
198.879,229.554,472.620,268.358
202.798,251.815,466.921,253.064
218.212,251.784,444.347,244.185
217.532,245.307,443.070,259.117
213.858,233.770,439.564,275.406
212.898,222.455,440.788,278.539
210.964,229.871,436.941,270.721
211.230,242.018,439.164,259.506
192.916,247.417,454.839,250.060
172.671,245.577,473.061,252.389
148.375,252.774,498.129,242.838
134.917,254.421,509.031,238.847
143.789,245.441,496.868,242.154
165.866,238.758,476.322,256.908
186.218,250.954,455.228,236.018
199.869,232.447,442.365,258.593
200.403,222.315,439.268,265.321
197.267,214.207,442.122,276.070
205.726,215.869,433.597,274.844
197.309,234.465,435.923,255.613
193.384,237.293,436.422,249.289
176.517,225.910,447.043,258.849
160.383,210.996,459.567,273.017
140.650,201.481,478.477,286.377
129.474,212.054,488.234,270.418
132.106,213.428,480.788,269.125
137.826,231.373,475.108,252.671
147.268,248.853,469.396,237.818
159.913,244.696,462.833,241.449
161.748,242.263,456.486,245.646
163.418,234.371,453.817,255.398
161.396,229.209,449.685,267.767
151.380,227.597,463.463,290.446
139.302,237.696,472.933,280.528
129.412,257.698,486.153,270.409
116.985,259.344,497.942,268.569
110.535,250.914,506.451,283.232
109.113,236.407,507.779,306.183
117.501,211.885,501.266,340.229
135.085,204.321,485.931,354.531
150.380,210.418,473.622,361.448
153.578,204.749,473.025,376.100
151.963,205.337,468.654,344.524
153.014,218.328,457.705,338.653
153.377,246.622,456.191,316.733
150.165,264.986,456.528,301.309
152.748,256.773,460.270,317.735
154.799,251.083,454.637,328.349
153.969,233.512,457.072,363.492
145.891,207.201,464.252,369.606
144.263,186.434,465.021,376.327
147.321,186.178,463.093,375.164
143.562,186.016,468.108,420.546
127.216,214.261,489.257,372.048
131.037,233.770,483.323,335.593
134.957,233.938,479.512,372.327
136.163,239.074,483.022,338.369
131.615,226.143,485.643,332.665
129.898,219.529,482.641,338.653
132.444,200.265,481.596,361.804
137.655,201.552,477.024,356.723
143.259,218.035,471.596,346.058
151.087,225.341,461.599,337.105
141.911,224.173,473.637,338.650
142.316,221.197,468.018,343.801
132.243,212.445,481.741,346.050
131.978,206.458,483.089,361.295
126.779,198.911,494.323,360.496
124.688,197.501,499.349,370.076
123.117,197.547,499.910,367.404
124.273,205.373,496.741,359.472
123.096,220.155,499.940,344.291
120.620,230.369,505.723,326.353
120.512,234.931,510.006,319.669
119.251,229.043,511.720,325.787
120.897,241.533,512.515,312.250
128.074,231.071,502.165,325.166
144.574,225.402,490.196,328.415
163.254,219.394,480.135,349.262
172.107,225.944,481.287,343.542
183.229,247.956,508.692,301.146
182.189,245.768,513.122,307.873
179.451,228.694,532.121,339.635
163.004,215.562,570.971,351.432
141.904,216.471,614.067,341.547
112.597,247.943,660.766,320.760
121.391,290.376,670.823,275.517
156.513,293.907,647.904,281.361
201.921,274.810,619.460,287.088
273.665,252.945,552.769,344.320
296.753,237.316,520.568,360.729
312.421,213.834,521.328,375.599
323.249,202.297,529.794,388.929
324.694,195.084,541.439,415.164
327.803,189.147,557.997,414.702
342.944,198.124,568.159,418.897
343.842,198.604,591.752,402.313
372.161,208.369,581.010,403.290
403.947,191.993,564.918,384.687
437.304,152.960,550.450,390.913
498.982,122.800,506.941,466.089
525.747,96.057,503.034,415.465
552.185,97.924,473.948,399.836
574.786,101.770,443.561,400.860
596.557,78.561,427.025,419.429
627.981,62.147,397.207,405.676
653.853,69.758,377.599,393.667
668.978,102.952,369.733,335.770
682.444,141.052,361.141,326.578
687.742,175.808,360.168,303.118
691.251,185.182,364.393,282.388
697.451,170.292,366.123,292.256
690.613,174.322,371.942,280.921
731.049,154.371,336.995,315.003
739.074,121.393,323.554,328.772
753.965,87.320,310.093,347.956
780.175,77.904,283.309,360.216
807.391,114.165,260.842,306.234
833.708,112.257,224.050,298.733
834.933,101.637,220.565,332.919
845.437,59.864,214.739,364.949
856.439,46.800,207.304,361.381
871.352,68.636,197.199,320.995
886.328,56.347,187.396,313.334
903.357,39.782,172.746,326.568
917.419,42.267,160.799,312.560
923.330,15.468,157.951,339.236
927.262,23.418,155.646,316.850
921.922,46.647,165.881,284.178
923.136,58.321,162.584,269.090
917.336,55.111,167.484,283.466
915.579,43.295,166.635,301.427
914.537,18.557,167.823,320.389
913.030,8.379,168.516,319.392
911.869,21.841,164.802,301.287
914.397,31.924,158.855,272.642
912.149,29.898,159.183,277.944
919.292,10.074,155.848,295.269
907.836,6.019,169.308,290.487
956.952,29.546,123.494,253.207
957.780,32.541,111.920,261.383
963.710,28.563,101.088,264.542
957.896,20.594,102.559,270.978
953.787,0.000,105.105,280.541
949.290,0.396,106.538,278.718
943.189,0.000,110.800,277.479
941.699,0.000,109.216,265.163
944.525,0.000,106.289,255.223
942.945,0.000,102.196,232.774
938.794,0.000,101.239,239.849
938.844,0.000,97.081,230.428
935.845,0.000,96.188,235.074
932.141,0.000,100.885,231.673
926.251,0.417,101.949,236.350
916.648,0.000,106.865,234.466
910.455,0.000,111.323,212.381
902.637,0.000,109.395,227.911
899.161,0.000,105.281,223.979
882.579,3.388,112.601,223.357
876.936,14.050,109.275,211.561
863.027,37.270,113.940,193.759
853.026,46.343,114.595,188.709
841.081,49.062,117.270,194.173
828.710,50.367,122.975,198.211
819.851,54.425,121.311,203.852
809.595,53.609,122.281,228.489
798.783,59.757,126.504,228.578
783.681,68.097,132.861,224.502
772.335,78.374,134.121,226.416
756.641,89.623,139.670,205.315
741.344,96.635,152.287,196.040
722.637,99.803,168.240,197.319
703.916,101.093,186.353,196.928
688.892,106.320,197.218,196.450
674.366,111.514,201.829,193.157
658.697,114.826,205.503,193.647
643.685,109.854,205.588,203.193
625.763,114.468,207.467,207.058
612.408,117.102,199.300,206.358
594.259,121.574,198.227,201.883
580.375,125.145,197.946,199.148
564.015,128.078,204.020,190.100
549.737,146.260,211.290,164.774
533.560,155.404,215.244,163.301
518.871,156.389,217.984,162.081
502.968,164.073,227.594,154.990
491.871,161.816,229.475,149.723
475.580,163.925,232.362,141.793
463.381,163.540,227.665,136.381
447.781,159.079,227.829,138.249
436.318,152.196,224.117,146.333
423.252,140.132,226.313,157.041
411.015,140.849,230.390,157.874
399.489,133.906,231.686,156.875
388.611,123.409,235.122,154.585
375.252,142.684,219.472,123.286
364.185,136.520,212.311,129.033
351.936,136.029,208.949,130.676
342.992,118.371,200.053,153.098
331.854,130.395,200.586,139.569
322.883,131.135,206.128,140.100
309.269,124.647,211.586,145.593
300.415,111.986,212.764,157.902
292.603,97.306,212.967,166.334
281.936,88.938,212.829,185.707
270.882,125.645,206.267,150.121
257.093,115.127,206.727,160.944
249.441,113.433,207.059,165.793
235.305,116.525,220.855,164.806
221.138,120.197,235.048,160.520
211.948,120.774,241.768,162.086
208.029,120.597,225.833,161.649
200.398,122.587,216.221,164.940
190.891,131.310,223.132,158.083
185.463,159.942,244.522,134.299
176.796,174.140,247.349,120.410
164.621,174.890,256.144,123.751
156.442,171.136,269.292,131.971
144.544,159.318,258.339,145.410
137.070,177.288,233.693,126.939
127.421,198.018,226.105,110.984
119.319,208.474,231.526,101.808
109.867,206.461,223.357,105.525
101.253,194.001,224.587,117.831
99.239,179.643,217.217,133.847
94.413,166.274,217.644,152.727
88.202,164.123,220.570,155.933
83.791,169.337,221.969,155.527
79.026,177.502,225.545,150.363
77.137,183.740,227.478,141.943
71.463,184.574,233.073,146.390
65.264,179.396,239.556,156.746
58.490,177.024,244.951,157.607
57.109,174.829,237.491,160.817
54.192,183.258,240.977,155.696
48.292,191.709,244.635,146.161
47.157,190.945,225.320,154.127
42.263,191.505,221.673,155.619
37.505,205.384,236.021,143.471
30.900,231.403,215.680,124.615
24.211,229.390,220.526,129.297
22.202,227.758,226.911,133.239
16.234,236.580,236.062,131.610
15.598,233.162,238.394,134.913
11.597,234.530,243.524,132.896
13.779,223.900,241.681,144.072
10.555,216.714,244.765,158.443
7.977,218.673,258.988,155.314
4.106,227.238,267.934,148.629
0.977,232.804,270.996,147.889
0.000,240.232,263.096,141.047
0.000,250.202,253.427,132.293
0.941,256.945,241.644,127.606
1.139,260.260,231.754,125.900
0.000,261.961,225.142,124.892
1.129,262.645,217.513,128.225
0.000,257.146,215.640,140.560
0.000,253.508,208.587,147.838
0.549,251.816,205.379,150.166
0.000,254.454,205.225,150.869
0.000,255.227,204.391,150.027
0.000,254.845,200.034,153.596
0.000,248.415,203.965,164.701
1.374,251.821,203.053,169.639
1.059,253.011,201.825,173.206
0.000,250.932,200.383,182.229
0.000,259.768,197.778,164.175
11.244,267.555,188.275,160.503
13.115,269.467,187.318,159.116
18.627,269.520,176.293,161.084
24.720,270.034,166.471,163.432
27.726,271.520,162.771,162.771
31.811,273.648,155.254,160.798
34.390,276.149,153.263,161.179
34.559,280.277,149.462,161.105
35.665,284.408,147.872,160.919
36.331,283.561,149.631,166.325
38.430,286.103,150.807,168.828
41.911,285.168,151.838,171.338
45.119,282.291,155.118,176.446
48.165,279.774,158.959,181.810
50.994,283.808,161.818,180.555
54.915,307.020,155.346,160.478
59.871,306.639,139.742,159.660
65.425,306.596,138.506,168.421
69.269,300.639,141.823,172.388
73.165,294.452,144.365,179.752
76.298,282.045,146.811,192.306
79.676,278.881,149.144,198.971
86.594,282.063,148.769,198.474
89.391,286.997,154.533,196.178
92.042,296.174,161.785,189.679
97.539,294.928,163.064,193.924
99.999,292.516,168.116,198.747
102.765,298.513,172.838,195.542
106.343,297.979,174.887,201.029
109.257,318.096,178.452,183.711
112.890,326.535,183.154,175.900
117.186,327.205,183.900,177.076
120.286,327.976,186.008,177.340
122.006,319.543,191.297,184.023
121.854,312.748,200.242,185.966
123.495,304.162,205.841,193.869
124.365,300.647,212.106,196.098
126.326,301.951,215.532,191.448
125.502,298.846,222.060,193.184
122.902,294.664,231.407,195.742
121.823,288.966,239.958,198.615
118.507,287.713,247.466,198.935
113.415,295.671,257.205,190.571
107.278,298.766,262.830,179.948
100.729,295.603,270.705,185.403
97.426,287.342,275.517,189.810
96.035,279.258,276.468,193.619
91.131,276.936,284.424,190.851
98.135,272.588,277.875,186.493
108.557,268.309,267.968,182.291
117.694,264.712,264.747,177.089
127.759,255.670,254.592,183.462
129.568,250.040,255.303,177.846
136.886,242.953,250.481,186.474
136.638,231.040,253.572,190.828
139.282,230.046,254.447,189.735
142.505,225.976,254.158,186.001
143.371,223.664,258.954,192.366
146.872,217.101,262.673,197.452
149.694,213.288,267.512,192.773
151.579,212.363,271.017,193.714
151.762,219.309,275.238,187.162
151.296,223.861,277.079,173.515
150.603,224.532,280.222,179.202
148.468,220.798,286.286,176.797
142.136,216.450,293.997,181.891
130.418,216.700,313.732,176.763
121.409,218.375,327.509,174.357
118.258,217.557,336.202,176.948
118.891,216.195,337.377,180.650
123.490,224.475,336.088,170.515
132.426,227.303,331.634,171.568
136.767,240.471,333.462,154.310
143.156,244.041,329.769,151.258
148.829,239.617,326.026,156.528
152.659,229.697,321.985,165.515
160.190,220.008,312.006,178.421
162.244,210.994,306.481,186.061
163.883,216.028,306.073,182.687
162.644,220.296,307.131,180.776
159.593,237.094,314.176,161.334
158.026,237.081,313.254,159.106
153.206,224.506,317.082,175.312
147.880,214.881,319.232,185.117
140.543,207.170,327.092,190.803
128.001,213.027,340.670,182.591
122.600,231.432,344.982,165.751
126.575,246.806,340.862,150.803
133.211,250.972,329.406,145.193
143.837,233.398,317.346,165.020
153.127,210.515,306.555,185.125
155.279,190.091,301.775,201.660
156.067,194.147,292.792,201.449
154.645,214.155,288.828,183.800
148.698,221.188,291.037,176.190
146.465,215.919,290.971,183.104
145.423,201.157,283.348,197.835
142.929,184.835,281.223,209.139
129.560,171.369,286.588,221.013
108.631,178.103,299.732,216.110
92.317,192.363,307.892,201.863
83.508,207.423,307.039,184.722
88.761,212.065,293.671,179.254
85.888,203.416,289.774,189.203
116.872,186.928,249.367,203.899
117.920,161.632,242.308,227.869
119.164,161.299,237.469,231.826
118.116,180.447,232.988,212.790
116.494,191.457,228.210,201.912
115.865,200.454,222.163,190.364
114.139,192.710,217.792,197.207
109.405,168.974,217.307,218.551
106.823,158.726,218.982,230.759
92.952,164.701,223.762,224.212
56.023,167.889,259.522,220.975
40.095,195.947,265.499,189.300
62.458,210.275,235.580,175.451
71.525,199.050,219.890,185.278
83.249,180.938,200.888,200.888
94.404,156.297,178.979,232.472
