708.000,289.000,42.000,20.000
705.382,287.626,42.361,19.092
702.155,287.363,41.973,18.933
700.134,287.446,40.418,18.428
698.827,286.535,39.290,18.929
696.956,288.241,39.290,17.994
694.816,289.102,38.272,18.092
692.370,290.671,37.914,18.718
690.398,292.216,38.218,17.771
688.969,294.588,37.504,17.754
687.275,297.014,36.470,19.354
685.865,299.143,36.933,18.895
684.871,301.114,35.793,18.824
682.322,304.075,35.846,19.354
680.784,307.760,34.255,20.256
678.451,312.532,33.725,20.150
674.775,319.088,33.879,19.067
671.764,324.539,34.187,19.798
670.211,331.602,33.302,19.802
666.612,338.978,33.337,19.992
662.834,347.049,33.661,19.354
658.694,354.820,34.059,19.837
653.456,362.189,34.181,19.354
648.133,369.960,33.904,18.549
643.106,375.495,33.246,18.694
639.369,382.391,31.816,17.859
635.731,389.544,30.543,16.568
629.212,392.245,33.227,18.909
624.200,398.315,30.669,17.482
620.553,401.659,30.798,17.214
617.018,405.288,29.310,17.958
609.950,407.777,31.986,20.664
605.796,410.278,33.234,18.858
601.849,410.410,30.568,23.393
595.348,411.616,36.719,22.749
590.090,417.129,32.902,21.471
585.505,420.317,34.632,21.946
580.998,422.073,34.538,21.933
575.668,423.489,32.928,24.488
571.887,427.064,34.730,23.154
566.954,429.174,35.358,22.526
562.530,432.467,36.461,21.989
559.774,436.390,36.897,21.557
556.120,437.446,37.874,21.820
552.563,440.244,38.544,21.861
552.755,442.278,38.922,21.422
549.526,444.807,40.562,21.471
547.960,446.494,42.028,20.835
549.567,447.029,42.445,21.669
546.927,445.963,45.102,23.253
538.782,446.794,55.863,21.201
555.254,444.692,39.971,24.576
558.410,446.138,44.878,19.729
563.801,444.957,44.842,19.990
570.194,443.186,46.883,20.650
574.376,442.006,48.024,21.511
579.932,440.952,49.174,19.876
585.105,438.599,52.631,20.170
592.678,437.412,55.965,19.463
601.632,432.906,58.682,22.555
610.231,429.868,59.233,23.445
619.812,425.532,60.780,23.862
631.604,422.462,65.364,22.961
643.583,420.606,66.916,23.029
659.257,417.577,64.891,26.320
677.004,419.028,60.869,24.082
692.416,421.516,60.937,24.806
711.023,424.243,56.188,24.192
727.864,430.416,80.552,24.728
741.724,432.124,61.786,27.311
758.007,438.434,55.798,25.010
780.278,440.358,47.349,31.516
790.616,445.183,55.440,34.660
805.922,459.256,76.686,31.696
823.068,462.821,77.457,43.582
836.853,472.840,83.106,48.605
851.108,486.937,86.233,51.408
864.172,503.692,89.490,57.033
878.299,519.332,91.423,61.378
887.542,539.366,94.547,60.780
894.212,558.959,93.527,62.351
899.032,577.888,93.224,64.139
897.415,594.295,95.993,67.614
892.736,597.725,96.141,79.659
883.565,630.882,97.451,62.158
871.264,646.197,98.641,59.154
856.445,660.313,96.897,57.098
842.432,670.377,94.364,48.002
822.621,675.333,96.033,44.167
803.135,688.669,93.354,30.030
784.271,691.064,88.236,27.574
767.177,690.885,83.895,27.932
748.954,691.167,78.221,27.659
728.288,691.806,73.715,28.158
706.648,689.040,73.420,30.485
686.709,683.943,68.529,33.172
665.652,679.030,72.425,31.435
646.447,671.530,72.521,30.098
629.947,663.192,71.283,33.116
613.399,657.313,71.503,29.460
601.563,649.676,70.967,28.994
590.068,642.049,70.105,30.318
580.328,634.720,68.299,28.504
573.127,628.606,61.627,29.308
569.328,624.126,56.213,25.258
563.745,617.493,54.765,24.852
559.440,611.039,52.344,24.358
557.641,604.977,50.003,23.964
557.124,599.228,46.936,24.963
556.262,592.382,46.398,25.495
559.717,585.386,45.494,25.957
561.477,578.897,47.703,26.647
565.013,565.895,49.217,32.906
570.050,566.643,46.874,30.686
576.378,563.509,46.535,35.434
582.196,558.883,45.826,36.286
589.111,554.547,43.810,26.909
596.243,551.226,41.490,26.509
603.947,545.719,44.378,30.006
609.703,542.974,41.850,24.686
618.754,539.636,40.591,23.748
626.856,537.128,40.020,23.699
636.320,533.904,38.149,22.827
645.513,530.137,36.373,22.621
653.919,526.778,36.243,21.861
661.018,519.280,37.196,26.794
670.658,514.508,35.197,30.749
675.314,512.251,39.620,23.574
681.956,507.610,40.549,22.828
690.268,501.813,41.013,24.839
695.215,498.673,42.005,23.564
703.863,492.428,40.403,29.310
710.534,489.479,40.247,26.233
714.855,484.256,38.434,25.103
712.311,478.924,45.960,25.700
720.311,473.341,42.870,25.612
727.308,468.383,40.186,26.081
728.802,464.060,38.629,24.127
728.058,458.526,39.011,23.997
728.611,454.095,39.503,24.120
728.141,449.159,38.583,24.750
725.411,443.793,37.777,24.192
720.511,438.578,37.650,26.270
716.960,433.938,35.739,23.574
709.779,428.985,35.527,24.056
701.673,423.220,35.235,22.007
691.500,418.424,37.819,21.963
681.627,413.041,40.272,21.587
669.061,408.074,42.855,21.900
656.400,402.164,45.102,23.259
642.273,397.991,46.368,24.972
628.723,393.823,46.398,25.221
613.954,389.780,46.535,25.221
598.286,387.616,45.563,25.060
585.893,383.614,42.249,25.037
570.058,381.387,40.368,22.936
553.806,379.795,40.829,23.985
536.591,378.299,40.907,22.817
519.019,381.032,44.794,20.859
507.144,381.001,43.625,21.474
490.930,383.062,45.717,18.029
479.444,383.332,43.089,19.617
464.584,385.883,46.297,20.310
452.598,387.362,44.979,19.690
441.651,392.765,44.782,20.590
432.489,396.530,41.867,19.469
423.680,400.109,38.487,20.423
415.564,404.611,35.952,20.068
406.742,407.945,35.010,21.773
398.316,414.667,36.926,21.267
394.563,417.330,37.987,23.177
390.280,422.549,38.397,22.978
388.584,427.311,39.230,21.907
389.841,432.302,38.369,23.435
391.857,437.837,38.059,22.331
396.664,441.745,36.873,23.002
401.931,446.632,36.815,22.592
411.286,450.732,34.875,23.386
417.506,456.615,36.818,22.839
427.733,461.477,34.875,21.297
438.347,465.907,35.823,21.021
450.041,469.594,37.034,21.626
460.516,472.366,36.498,20.245
474.730,474.800,36.533,19.357
488.983,476.932,36.719,17.503
503.515,478.489,36.177,16.685
517.939,479.303,35.064,17.334
533.985,478.858,34.865,17.037
549.604,477.816,37.014,17.992
566.186,476.615,34.077,17.949
582.283,474.991,32.340,17.928
596.997,473.037,34.161,18.100
612.227,470.581,33.567,17.759
627.196,468.430,33.974,17.943
640.519,464.179,37.045,17.779
655.228,460.548,34.059,17.879
668.592,458.097,34.271,17.581
682.014,454.258,34.321,18.819
691.979,449.075,36.177,20.971
702.239,446.067,36.371,21.711
712.453,443.187,37.026,22.159
722.855,440.287,37.681,22.494
733.443,439.008,36.113,21.890
741.889,437.856,36.517,22.611
752.036,436.851,34.747,22.206
758.653,437.645,37.427,22.187
766.050,438.061,37.139,22.167
772.309,439.595,37.911,22.724
779.695,442.633,35.418,23.317
784.920,446.180,34.747,25.140
789.078,451.369,36.254,23.395
791.577,453.350,35.995,27.041
795.505,459.805,36.581,28.014
795.469,464.712,38.203,29.943
795.112,470.091,36.738,31.092
794.024,478.629,36.738,30.071
787.975,486.147,37.591,31.470
779.641,493.322,38.176,33.413
767.610,499.941,40.060,35.839
749.926,509.269,41.669,35.966
729.277,518.490,46.523,36.676
708.028,528.275,45.673,39.528
677.968,541.660,50.345,35.973
646.939,551.007,53.635,35.928
617.497,560.078,53.619,36.010
578.273,582.662,41.029,23.508
541.696,589.726,55.215,24.637
500.968,596.566,57.897,26.135
464.051,603.390,56.188,25.597
428.045,612.463,58.397,23.040
388.340,616.776,63.462,21.105
359.403,616.960,58.462,23.532
328.259,618.216,56.201,23.852
305.840,617.493,48.314,21.840
278.881,614.497,46.303,22.046
255.417,609.960,46.551,22.027
234.359,607.164,44.205,20.521
212.395,602.715,47.214,19.067
194.418,599.295,47.879,16.888
177.468,594.908,50.527,16.937
177.231,590.744,41.970,18.771
163.056,584.076,39.231,19.107
152.021,578.112,39.015,23.882
138.547,572.701,46.702,23.197
144.664,567.395,43.318,24.564
148.563,562.901,37.419,25.165
188.685,564.592,33.780,20.490
163.897,554.846,27.309,22.748
157.891,551.013,35.768,22.611
163.115,546.692,35.187,22.754
167.592,542.843,36.669,22.355
176.031,538.660,35.495,21.343
181.285,535.172,37.204,21.101
187.790,530.630,37.252,20.972
194.426,526.156,36.922,20.786
200.116,522.390,34.261,19.934
204.482,517.965,36.138,19.855
208.774,514.115,35.604,20.530
214.035,510.476,34.570,20.720
218.192,508.680,37.171,19.774
222.873,505.317,35.007,20.066
236.361,502.343,27.834,21.143
243.366,498.992,25.885,21.375
245.996,496.990,26.851,19.912
249.326,495.641,30.798,18.377
253.775,493.160,27.662,18.105
257.836,493.433,27.554,15.488
263.517,493.537,26.573,12.830
266.919,485.404,24.654,17.214
253.421,488.156,27.985,18.560
265.204,484.457,93.979,13.301
279.304,477.185,25.715,16.267
286.378,472.848,21.659,16.736
277.100,467.080,36.016,18.951
280.190,462.531,38.292,20.590
284.243,457.733,37.930,22.159
288.411,453.319,34.991,21.529
290.279,446.144,38.354,26.138
295.669,445.617,30.114,18.170
298.171,442.147,34.797,15.941
302.881,437.429,33.837,17.631
305.141,439.332,31.719,13.041
306.438,434.900,28.837,13.086
303.610,431.024,25.480,15.296
304.534,427.449,17.823,14.069
290.138,424.046,33.681,16.904
300.207,419.676,21.467,16.280
305.238,411.495,16.808,15.195
303.204,406.574,15.304,17.385
300.984,400.905,17.235,20.272
276.548,394.457,39.770,23.299
274.034,391.277,39.426,21.178
271.058,385.269,38.879,20.368
268.621,381.717,38.609,19.615
269.824,362.872,56.971,26.986
267.443,368.276,61.261,35.421
269.261,363.255,60.057,48.270
259.634,354.541,41.169,27.554
258.202,349.274,40.183,25.258
257.419,343.589,39.828,27.342
256.797,338.375,40.082,27.140
256.764,335.106,40.412,26.611
258.085,332.366,40.214,22.913
258.296,330.762,45.102,19.408
263.821,327.726,44.588,18.930
267.034,324.666,43.253,20.778
269.991,322.209,45.383,19.090
277.276,319.121,43.505,18.594
285.171,320.092,42.315,17.451
290.842,317.149,40.732,18.485
297.176,316.926,39.455,17.224
304.140,316.504,40.445,16.861
310.968,315.269,40.393,17.491
318.158,313.577,39.717,17.985
325.972,315.023,39.556,18.146
334.189,315.127,38.521,18.261
338.944,315.372,39.289,18.092
344.296,315.533,39.075,18.092
349.542,314.087,39.075,20.073
353.025,310.387,39.400,22.103
356.831,310.485,39.944,21.609
360.039,308.657,39.609,22.077
362.937,306.956,39.944,21.550
364.079,305.099,39.373,20.011
367.598,303.008,39.005,20.463
368.509,300.123,40.661,20.245
368.417,297.934,39.925,21.516
371.615,298.893,37.307,20.778
374.973,303.511,34.793,22.355
376.457,312.616,36.082,21.571
386.598,323.289,28.070,21.795
387.410,336.217,28.477,22.682
388.025,352.865,28.727,20.920
381.340,370.853,35.707,20.008
381.744,387.548,39.075,23.070
382.880,405.620,41.826,20.399
384.713,422.433,25.168,21.071
398.320,439.528,30.147,17.353
385.504,453.958,43.906,17.213
389.518,459.868,40.665,21.846
391.361,471.631,41.721,19.510
394.503,480.005,43.319,17.431
401.470,489.932,39.180,16.343
401.109,492.643,41.025,16.277
404.661,498.233,40.112,14.463
408.898,501.146,40.033,16.644
405.815,502.132,38.707,15.088
421.529,502.300,38.480,16.983
432.525,502.960,32.770,17.416
419.039,502.303,51.242,17.961
428.365,502.678,46.749,20.689
431.354,502.643,51.588,19.697
440.052,504.551,49.049,19.402
445.471,503.583,51.796,19.850
453.041,502.408,53.626,20.199
463.808,499.631,51.902,21.131
471.995,497.222,54.158,22.355
480.375,495.514,56.728,21.641
494.914,492.509,53.043,21.161
505.025,488.637,56.661,22.894
520.516,483.764,53.169,29.305
535.956,483.003,52.798,28.928
551.281,478.382,54.742,28.902
566.486,472.423,48.984,26.173
576.931,468.005,48.336,24.996
591.225,461.804,46.783,27.454
602.370,455.793,45.383,27.230
615.116,450.081,42.392,28.144
622.753,445.100,45.754,33.794
632.193,439.392,44.025,34.303
640.939,432.820,43.468,35.274
647.279,427.994,40.762,34.086
651.602,422.901,42.171,34.142
655.199,418.226,41.973,31.252
658.559,414.484,41.128,30.973
658.664,410.871,40.418,30.546
660.039,407.311,38.512,29.343
658.765,405.571,37.684,28.027
657.837,402.221,36.288,27.769
655.270,401.493,38.437,26.429
650.989,399.148,42.325,26.573
645.611,399.198,30.930,26.608
639.963,398.523,31.411,26.176
633.059,398.666,34.000,26.118
626.587,399.959,35.358,26.653
620.085,401.964,34.027,25.412
611.833,405.698,34.060,24.025
603.205,409.599,33.769,24.105
593.224,413.540,32.389,24.162
582.301,418.673,33.281,24.204
574.134,424.331,28.913,24.009
562.289,430.662,29.059,23.438
550.766,436.971,28.784,22.376
538.778,443.005,29.034,22.910
526.397,450.298,29.603,21.799
512.930,457.779,30.921,19.900
504.629,462.576,26.363,18.609
494.793,468.586,25.333,18.788
478.537,473.710,31.212,17.301
469.206,478.918,28.286,16.423
462.285,480.993,33.207,17.844
448.395,487.169,33.043,15.933
440.248,493.433,31.664,13.393
433.825,494.275,32.801,16.401
427.708,495.916,32.892,16.423
423.591,497.055,32.380,16.283
417.598,498.708,33.873,18.179
414.975,500.744,32.266,16.958
412.721,502.075,32.305,16.458
410.590,501.744,32.613,16.888
408.511,501.536,32.869,17.963
408.963,500.026,32.601,18.335
409.282,500.173,32.601,18.727
409.438,498.939,32.934,18.522
410.651,497.601,34.420,17.928
412.453,495.860,34.767,16.958
413.855,494.730,35.788,17.453
415.791,492.752,36.618,18.109
418.076,490.672,39.176,16.544
421.029,488.995,37.708,18.114
424.966,487.757,38.292,18.069
426.825,487.989,39.187,19.302
426.706,489.199,41.202,20.323
428.389,492.165,42.883,19.614
428.292,494.714,44.190,20.661
428.899,497.539,44.913,20.338
427.688,501.232,45.458,20.338
426.432,504.870,47.604,19.469
424.113,507.708,50.777,19.835
421.866,511.209,48.157,20.013
418.743,514.900,48.962,18.697
413.685,518.084,50.777,19.225
411.185,521.256,53.152,19.697
406.285,523.756,54.887,20.225
405.038,526.293,55.772,20.847
403.592,528.973,57.021,21.314
402.127,530.945,58.269,22.551
401.739,531.993,58.827,23.719
401.813,534.548,60.330,22.736
402.834,535.407,62.313,23.852
403.673,536.400,64.822,23.339
405.571,536.208,65.241,24.348
406.736,536.216,64.512,24.972
407.500,535.332,67.332,26.256
407.941,533.919,65.943,28.068
407.074,533.587,67.331,27.261
407.097,530.353,69.179,27.620
410.608,527.004,70.035,28.102
410.809,523.602,74.441,28.583
419.896,518.829,70.983,28.689
429.491,512.801,67.818,29.789
439.358,503.654,65.733,35.298
450.791,497.842,70.287,35.530
464.524,488.993,72.836,37.019
480.652,478.992,78.143,42.349
500.541,469.313,82.393,45.299
524.456,459.238,84.322,48.044
548.631,449.201,87.254,48.857
573.777,441.781,91.353,48.232
605.216,439.816,89.820,39.920
641.121,430.601,85.123,46.103
681.297,433.437,73.705,40.306
709.933,425.653,77.674,45.465
740.793,426.479,75.603,45.481
766.133,424.062,82.526,50.315
793.586,429.601,81.827,48.399
816.725,434.639,78.915,47.274
833.631,440.995,78.929,47.554
848.976,447.420,78.882,45.533
861.764,453.258,75.158,46.583
870.533,461.849,70.069,44.815
875.515,468.386,68.209,44.460
878.000,473.811,67.218,44.885
878.152,479.526,64.162,44.792
877.537,485.574,62.704,43.774
874.642,491.493,60.930,41.286
869.814,496.852,58.319,38.913
867.825,501.785,57.806,38.888
861.846,507.828,59.025,36.878
858.523,511.112,55.941,36.016
854.888,515.433,54.477,31.516
851.650,517.406,51.569,30.227
848.427,519.399,49.084,30.035
844.696,523.554,45.453,28.042
839.309,525.700,40.418,26.039
833.960,525.974,38.434,25.623
825.191,534.058,37.567,18.783
816.301,531.834,39.182,21.197
807.806,531.755,26.345,21.471
791.107,535.719,26.317,20.170
783.703,527.520,38.568,25.727
771.723,526.202,41.349,25.465
760.921,524.302,43.117,25.818
751.175,522.866,42.834,25.071
743.868,520.213,40.544,25.027
736.286,517.999,39.316,24.972
726.193,515.169,41.034,25.402
718.421,512.067,39.930,23.932
711.402,510.758,36.412,22.455
701.764,508.006,36.588,22.091
693.426,504.510,34.673,22.583
684.598,501.514,33.169,22.635
677.630,498.139,31.916,22.836
666.791,495.132,32.416,23.070
659.062,492.635,33.402,22.836
651.220,490.560,34.094,22.378
642.057,488.256,34.649,23.044
637.084,485.920,33.590,22.298
632.253,484.413,32.521,22.121
625.012,482.345,34.199,22.799
620.205,479.457,37.539,22.579
616.089,478.222,39.215,21.890
611.671,475.590,37.543,21.900
607.834,472.560,38.659,22.494
604.083,470.230,39.550,22.313
602.010,466.921,39.468,23.276
597.882,462.996,40.890,23.192
594.073,459.519,42.615,24.254
590.019,455.190,45.237,26.781
585.114,450.722,45.313,26.613
580.443,447.131,48.744,25.589
576.898,443.587,48.943,25.218
571.181,438.210,51.068,26.803
566.582,433.621,52.048,27.246
559.747,428.888,52.046,27.798
550.026,426.407,57.098,29.544
537.717,422.195,57.201,27.569
521.457,418.083,59.098,29.112
505.001,413.954,62.447,31.058
490.447,411.243,68.268,29.308
474.078,408.436,64.830,31.788
455.143,404.846,67.647,34.051
431.722,400.261,69.251,35.154
407.215,395.552,73.099,37.045
383.228,390.550,70.573,38.998
353.382,397.022,74.797,31.831
329.794,391.955,73.243,28.042
296.584,393.139,83.398,19.393
264.588,391.479,83.681,33.022
240.986,393.107,85.076,34.832
219.400,395.146,79.501,53.328
203.268,403.400,79.253,54.837
194.427,410.745,74.617,56.788
189.171,422.949,68.416,54.837
190.522,437.200,63.254,52.916
190.349,451.704,60.466,50.485
192.263,465.730,61.192,48.087
198.434,478.810,61.225,48.741
204.396,495.073,61.789,43.493
211.359,506.103,64.200,44.326
223.761,521.093,62.947,40.252
230.680,533.742,63.662,38.298
238.441,545.561,64.085,37.540
248.310,556.447,66.028,35.379
259.003,564.335,65.508,36.878
272.441,573.707,63.170,34.197
281.416,580.850,65.412,33.032
294.210,587.968,62.993,31.357
305.671,592.604,60.995,31.433
317.328,598.900,59.342,28.262
326.078,601.463,58.659,30.355
336.386,604.721,56.643,27.899
350.940,607.384,54.907,27.134
364.127,610.018,58.309,27.526
381.040,612.425,56.298,26.337
396.007,613.110,62.341,26.363
412.745,613.163,67.923,26.175
430.136,613.400,70.170,25.447
453.230,612.007,67.779,26.788
471.978,611.201,71.257,24.893
495.687,609.613,67.380,25.278
517.668,607.969,63.029,25.992
537.755,605.081,62.806,26.014
560.487,602.204,58.754,26.014
581.932,596.126,56.470,24.740
604.614,592.438,51.926,24.762
622.437,585.082,52.658,28.742
637.763,581.504,52.130,28.328
652.965,575.099,53.002,30.199
665.775,570.627,52.029,29.639
676.377,566.240,50.585,29.087
682.949,562.063,49.844,28.966
689.394,558.069,47.904,29.199
693.310,554.434,44.272,29.340
695.572,552.420,42.216,26.911
697.365,550.681,38.157,25.190
697.434,548.081,36.456,24.450
693.631,546.799,37.279,23.832
690.239,544.127,37.279,23.472
685.483,544.195,35.182,22.740
678.267,542.734,36.099,21.956
671.726,542.689,34.708,22.216
664.708,541.191,33.953,22.635
657.530,542.291,35.149,22.933
650.298,541.554,33.476,24.408
639.191,543.172,35.035,25.198
630.814,544.818,33.337,25.717
619.620,546.815,35.241,22.549
609.881,549.497,34.426,22.611
599.976,551.502,35.634,21.291
591.861,552.597,34.816,21.600
582.636,554.262,35.438,22.781
573.723,554.475,35.757,22.469
564.969,555.901,35.757,22.013
558.257,557.524,34.708,23.346
550.804,558.704,33.932,22.697
543.398,559.071,34.401,22.971
536.009,560.155,35.782,22.385
529.092,560.855,37.011,22.583
521.717,560.831,39.170,22.805
516.870,560.528,40.580,23.592
510.177,560.228,42.739,24.378
505.078,559.670,42.986,25.623
499.492,558.244,45.642,25.682
494.420,557.652,45.301,25.221
490.333,556.927,45.719,25.989
485.095,556.460,45.632,25.336
481.114,555.764,47.083,25.152
477.663,556.466,44.527,24.231
475.693,555.705,44.572,24.696
476.289,555.811,44.843,24.152
475.269,555.737,46.421,23.970
476.627,554.583,51.683,23.864
474.889,554.806,54.876,24.335
481.296,554.767,54.858,23.973
486.522,553.314,56.968,26.001
495.361,551.292,58.087,28.812
505.945,551.588,57.511,28.796
518.719,551.961,56.671,31.312
530.569,551.046,55.629,32.295
546.392,550.526,54.427,33.507
561.544,550.513,52.780,33.704
576.014,549.272,54.107,36.015
587.837,549.925,57.377,33.824
600.234,550.545,58.439,35.241
611.608,550.320,59.726,37.329
621.238,548.752,58.808,41.884
629.339,550.182,59.829,40.815
638.057,551.176,55.666,40.610
643.914,553.901,52.838,39.461
646.989,556.787,52.913,41.470
648.335,560.217,51.350,42.603
647.112,563.086,50.785,43.732
641.682,571.620,51.056,40.750
637.366,574.052,49.435,45.041
627.385,580.878,53.419,43.681
616.148,589.034,55.997,39.790
607.179,594.558,55.688,42.357
596.882,601.982,56.286,39.995
590.142,608.483,52.561,39.920
580.248,615.004,53.295,38.199
570.044,618.530,53.693,38.663
559.631,623.031,55.385,40.280
546.196,629.745,57.390,35.077
533.921,637.109,57.719,32.506
520.651,642.569,58.319,29.421
511.362,648.726,54.890,26.324
501.763,653.239,54.572,29.238
493.511,656.572,49.865,27.134
484.164,660.958,48.050,27.542
479.632,664.431,47.109,27.024
475.216,670.289,42.135,25.824
470.332,673.164,46.289,25.159
463.664,678.410,50.099,23.028
462.112,681.487,49.325,22.859
461.990,685.691,50.920,20.598
462.022,687.926,51.701,19.250
465.573,689.673,48.221,20.457
467.307,690.321,47.841,20.422
472.066,690.951,43.555,21.305
473.948,691.106,43.515,19.530
479.200,691.155,34.415,20.778
481.313,689.233,33.722,16.165
491.355,684.760,29.061,18.856
493.330,678.859,28.919,27.274
495.523,680.229,34.143,21.311
500.871,676.459,35.766,18.315
514.374,671.499,32.307,19.889
517.210,663.329,33.677,21.788
526.360,647.941,32.934,27.046
526.799,637.872,36.918,27.914
538.934,634.599,36.203,21.876
549.065,623.321,31.317,23.007
559.429,608.784,33.065,28.256
567.285,598.853,36.057,27.258
580.586,590.547,42.294,26.473
596.706,585.886,30.969,26.277
599.419,580.270,38.372,25.945
609.647,575.073,40.660,29.098
621.969,572.846,39.971,29.616
632.221,572.881,41.697,28.442
645.752,574.400,41.766,30.237
659.052,577.643,40.489,28.257
674.262,581.430,40.004,27.622
687.212,584.197,40.253,27.944
702.273,588.647,40.655,28.364
713.008,595.957,45.447,27.826
730.437,602.502,44.138,28.543
747.179,604.982,42.763,29.409
758.544,606.615,45.463,31.114
770.625,607.367,49.477,33.992
785.789,609.175,46.306,30.540
803.276,607.449,41.395,31.952
813.675,606.992,43.895,30.018
825.325,604.253,43.895,29.434
837.115,601.466,42.213,30.399
848.064,600.457,42.213,28.598
859.367,601.197,38.522,23.920
874.111,599.913,33.384,22.337
882.439,599.141,33.677,23.057
872.160,598.511,57.541,21.627
895.532,591.139,48.801,42.905
906.954,590.225,49.337,26.141
917.575,593.138,47.184,25.573
927.608,595.356,48.257,27.814
940.559,598.085,45.005,25.738
948.395,603.895,45.164,24.056
956.317,606.612,45.035,22.385
961.738,608.776,41.877,21.707
966.515,608.492,43.098,26.149
973.612,608.330,44.505,27.554
977.031,608.282,43.379,28.778
979.754,606.688,43.048,30.048
980.676,606.296,43.870,30.831
978.474,606.460,44.792,29.911
976.898,604.870,45.740,29.194
970.868,599.833,50.520,32.283
964.279,598.631,53.649,30.309
956.418,599.847,40.520,25.366
948.606,595.300,40.268,25.297
940.886,590.852,48.600,26.573
930.321,584.905,49.129,26.725
917.384,578.900,50.993,29.232
905.352,576.923,49.935,24.657
894.699,573.381,45.566,23.206
883.602,572.205,42.072,19.594
868.970,569.519,43.779,19.675
855.619,563.595,41.734,24.497
844.726,560.284,37.907,25.037
833.656,558.535,38.769,24.192
823.260,557.464,40.795,23.751
818.207,555.957,39.770,22.636
813.457,555.412,38.497,20.822
810.407,554.645,36.783,18.306
808.457,552.665,38.447,17.637
809.033,550.243,36.926,19.067
808.494,549.285,39.717,17.182
809.023,546.635,37.609,19.015
812.519,544.688,36.933,17.022
814.514,543.296,38.955,17.381
818.024,541.743,37.661,18.069
820.887,540.483,39.342,18.122
824.285,538.089,36.987,19.377
827.435,536.215,36.252,18.315
831.670,535.228,37.043,18.469
838.111,531.699,32.409,20.170
844.216,529.263,30.040,18.961
849.871,525.921,27.950,17.817
855.067,522.809,27.374,17.649
858.628,518.250,28.306,17.961
863.040,514.211,28.543,19.757
865.192,509.643,28.657,18.819
867.657,503.886,28.054,20.005
868.995,500.296,28.562,19.532
869.779,494.570,28.134,18.914
870.541,490.721,27.077,18.144
869.565,487.060,26.936,18.299
866.649,483.476,28.806,17.364
864.483,479.281,29.130,20.080
863.229,476.365,28.144,20.720
858.328,474.934,28.581,19.555
855.748,473.163,32.269,19.722
852.026,470.747,29.406,21.322
846.973,470.444,37.338,19.048
841.876,472.421,50.315,18.574
834.053,468.355,28.612,22.520
830.245,471.400,21.788,18.522
824.607,473.489,19.450,18.477
811.634,470.334,29.123,20.872
810.051,470.172,32.191,19.463
801.692,470.607,32.134,18.341
796.090,469.286,31.572,19.267
789.986,469.807,30.755,18.324
782.362,469.654,31.033,18.724
774.393,467.856,31.686,18.342
766.750,466.642,30.861,19.992
758.069,464.482,31.716,19.210
752.037,462.053,29.418,19.018
743.174,460.631,30.795,18.534
732.831,457.652,31.024,18.249
722.602,453.954,33.041,18.825
712.309,451.211,34.417,18.409
703.396,446.925,33.801,18.745
693.215,444.020,32.639,17.532
682.113,439.051,32.704,18.153
673.119,435.038,32.797,18.188
661.525,431.043,30.542,17.600
650.883,426.537,32.985,16.655
639.302,419.535,31.459,18.386
628.003,412.909,32.511,18.973
617.496,406.087,33.817,18.909
607.105,398.602,33.677,19.033
595.676,391.484,34.646,19.951
585.319,386.506,36.164,18.400
574.579,380.358,36.158,17.481
562.494,374.648,38.854,17.734
551.929,369.491,40.393,17.806
541.654,366.832,38.683,18.315
529.040,365.552,42.554,17.129
518.063,363.527,42.951,16.208
503.109,363.571,43.058,15.908
488.552,364.119,50.740,17.806
476.515,365.516,49.393,17.191
461.002,369.078,51.798,16.622
446.820,373.021,55.075,17.000
432.086,376.599,58.823,17.106
419.757,377.274,54.320,20.457
406.898,380.732,55.370,20.043
391.748,383.581,59.861,19.641
380.465,384.841,58.748,22.229
371.975,385.728,58.102,23.719
358.987,385.587,59.108,25.343
353.959,382.286,51.021,29.310
344.654,384.069,52.571,27.294
337.863,382.812,53.531,29.047
330.246,381.923,56.434,30.114
326.025,379.976,58.522,32.356
320.881,377.420,62.681,35.018
318.835,374.803,67.244,36.302
320.167,371.757,70.622,37.045
326.148,367.206,71.171,39.482
331.259,364.144,76.718,41.875
342.024,356.125,75.856,47.126
354.259,352.074,77.799,46.823
367.252,347.642,79.779,47.214
383.144,341.345,80.851,49.594
401.715,338.950,80.304,47.522
421.273,332.564,82.501,49.997
440.667,330.050,83.053,40.883
462.294,325.441,83.931,39.683
484.614,320.553,82.855,39.174
509.960,317.785,80.866,37.639
533.589,311.729,79.600,43.890
558.687,304.865,75.641,47.779
584.331,299.458,71.251,46.295
608.336,293.266,66.388,43.722
630.616,286.277,62.347,46.139
650.927,280.629,60.338,42.161
666.848,274.022,60.731,40.319
680.771,267.736,62.005,41.205
694.307,261.224,60.626,42.245
704.716,256.451,59.204,41.027
713.121,249.825,58.142,41.898
718.123,245.516,57.251,40.016
722.257,239.207,55.516,40.628
723.971,235.284,55.318,39.445
724.876,231.152,54.444,39.944
723.660,228.392,53.602,38.822
722.631,226.748,52.456,38.083
721.637,224.030,49.966,39.489
718.927,223.739,49.687,37.666
715.395,223.945,49.876,34.817
711.009,225.982,48.454,31.913
707.494,226.447,47.819,31.142
703.877,226.897,47.221,30.473
700.494,229.055,43.266,29.199
695.873,229.705,41.419,28.114
691.431,230.398,39.681,27.893
686.670,232.010,35.327,26.545
680.152,232.115,34.027,26.212
671.052,233.456,33.617,24.612
659.774,233.343,37.371,24.836
649.959,232.701,38.266,25.999
637.580,233.248,39.453,25.032
624.719,232.275,41.475,25.213
611.835,233.696,42.791,24.062
598.706,234.628,41.623,23.103
584.250,235.424,43.084,22.386
572.337,237.487,39.957,21.511
559.614,238.680,38.133,22.195
545.670,241.525,36.815,20.778
529.761,243.473,37.204,21.156
516.481,244.668,34.821,21.481
502.031,249.190,35.438,21.571
488.432,253.701,34.927,21.212
473.343,258.145,36.097,20.829
459.971,264.157,37.144,20.690
446.836,272.448,37.037,20.878
431.906,280.814,39.276,21.571
420.172,290.195,38.688,23.236
407.400,300.372,39.620,23.832
396.690,313.150,38.211,22.951
386.269,325.935,39.052,22.978
376.740,339.645,37.939,24.492
369.161,354.149,37.473,22.947
359.328,368.693,38.192,24.084
354.439,384.702,37.961,24.107
349.556,400.722,35.947,23.192
344.840,416.090,37.429,25.185
341.711,432.682,37.472,24.305
338.959,448.768,39.405,24.696
339.214,463.430,38.707,24.825
339.462,479.875,39.142,23.572
341.578,494.163,39.426,23.985
344.729,508.451,39.762,22.765
348.448,523.768,40.616,20.520
353.959,534.028,41.607,22.457
361.595,543.780,41.472,22.889
370.172,555.224,40.816,21.029
380.132,562.846,41.557,20.365
392.658,569.107,39.098,20.251
404.237,574.711,39.626,18.541
419.960,579.946,38.660,16.522
435.463,582.747,37.555,15.563
456.764,585.531,32.899,15.819
475.607,586.951,38.245,15.602
472.962,583.868,62.800,15.982
508.937,582.203,50.825,17.598
534.290,579.296,47.844,17.949
558.094,575.638,47.106,18.771
580.456,569.129,47.207,20.181
603.935,565.945,49.501,19.726
631.249,559.112,43.709,21.198
656.278,552.256,44.003,21.422
681.479,545.369,42.333,21.597
706.580,536.435,42.855,23.667
726.087,529.956,55.516,24.972
748.329,521.422,44.797,24.895
760.538,513.023,50.141,27.819
782.832,506.897,43.822,25.438
797.973,500.444,43.438,25.473
813.055,496.087,40.086,25.473
824.070,490.510,38.675,24.972
834.591,486.301,34.080,25.950
840.022,481.179,34.646,27.622
847.048,479.172,31.884,24.999
847.897,477.257,33.352,23.459
848.549,475.371,33.281,22.579
843.673,474.885,35.493,22.671
838.209,475.728,35.415,22.583
829.284,476.526,36.840,21.785
822.897,477.952,36.099,21.671
814.781,479.486,34.457,21.291
806.546,481.844,32.280,21.756
797.689,485.175,30.885,21.143
787.575,489.357,30.503,21.641
777.269,492.912,30.915,21.126
767.170,497.653,31.998,21.692
757.504,501.923,32.293,24.339
746.291,507.084,35.330,23.742
738.075,512.745,35.862,24.546
728.206,517.637,37.325,26.610
723.552,526.240,37.865,25.222
719.719,533.889,35.048,24.068
715.763,541.241,36.347,24.524
715.687,547.980,34.998,24.012
717.692,557.142,34.237,23.038
721.809,565.609,33.352,23.403
728.568,573.164,34.849,25.829
735.945,581.599,37.892,24.031
743.027,591.375,42.069,21.791
753.259,598.181,42.965,22.154
765.995,606.219,43.980,19.726
748.612,613.248,157.078,20.070
798.337,619.119,49.750,23.187
803.890,623.024,56.536,18.573
835.865,625.742,43.572,20.355
857.531,629.857,38.179,18.789
877.809,632.552,37.603,20.422
898.609,634.323,35.427,18.768
919.028,634.759,36.418,20.082
933.202,634.767,39.805,21.702
949.386,632.986,42.442,22.785
964.416,630.997,41.708,23.387
974.202,628.620,44.022,24.075
981.469,625.585,47.446,24.837
991.730,622.126,45.218,25.612
996.040,619.169,44.821,25.426
1000.286,614.533,41.841,25.853
1001.132,610.621,40.412,25.621
1000.301,606.201,36.977,25.297
994.731,601.990,38.149,25.535
987.042,597.624,39.145,24.950
976.107,592.325,40.592,25.654
964.927,587.788,41.881,25.493
950.742,582.578,41.417,26.148
936.057,577.031,41.469,26.875
918.984,574.179,41.293,26.210
902.388,569.654,39.950,24.498
885.868,561.354,37.378,47.841
866.542,561.293,37.929,49.155
847.861,557.657,50.801,53.657
829.454,552.702,36.593,24.883
810.222,549.708,36.379,23.002
791.330,546.411,37.893,24.778
772.128,543.110,39.011,24.797
752.989,538.813,42.709,24.512
737.665,535.266,40.905,25.428
721.439,532.177,42.921,23.932
707.149,527.687,43.817,24.522
696.305,522.318,42.591,27.404
684.430,517.721,42.834,26.249
675.727,512.814,43.492,26.473
668.355,507.885,41.297,26.669
661.924,502.191,40.253,23.819
654.012,493.879,41.871,22.145
651.085,485.055,43.637,23.070
653.335,477.276,41.105,23.443
649.438,468.613,48.649,23.637
654.305,458.252,45.787,23.132
658.456,448.454,47.904,22.805
664.644,436.238,48.569,24.551
674.048,427.096,49.578,22.390
686.973,416.439,47.192,26.210
696.743,404.504,49.022,27.932
710.745,395.810,47.704,25.715
727.120,385.673,44.649,26.662
742.282,376.336,44.919,26.284
755.008,368.492,45.218,27.338
767.671,359.166,48.246,27.579
781.496,352.944,48.788,27.608
793.389,347.113,49.196,28.165
803.453,341.294,45.319,27.653
812.260,342.903,35.589,22.234
822.084,338.927,42.509,20.972
831.573,336.566,35.478,19.090
835.287,332.087,35.718,22.429
840.771,327.675,34.901,28.343
844.733,326.530,34.856,24.645
846.400,326.220,33.942,27.626
840.728,326.189,39.810,27.566
838.943,328.927,40.253,22.488
835.281,328.308,40.676,24.696
830.778,329.728,40.978,24.396
825.410,331.380,41.994,25.095
819.939,333.132,42.531,23.672
813.568,336.010,40.216,23.507
809.494,339.088,38.272,20.859
801.998,340.050,36.840,20.758
796.652,344.488,34.760,18.657
791.275,346.622,32.860,20.155
783.643,350.877,34.265,19.683
775.595,353.383,37.095,21.331
766.782,358.226,36.913,21.029
761.259,362.409,40.564,21.403
752.971,367.149,42.088,20.070
748.964,371.272,41.380,20.778
743.976,375.817,41.557,21.723
740.119,381.776,41.524,22.820
736.503,386.920,42.739,22.951
734.740,392.030,41.790,23.952
736.321,397.462,38.881,23.634
739.039,403.115,37.961,24.229
743.190,408.333,40.036,24.961
746.245,413.635,39.072,25.984
753.294,418.687,45.399,25.805
764.206,429.945,45.986,19.121
774.460,433.136,47.683,21.490
785.718,441.493,47.625,19.747
804.915,446.752,48.794,22.828
819.123,448.714,54.163,29.294
837.640,454.796,53.387,30.095
856.199,461.709,52.190,28.672
878.107,468.059,49.702,28.844
900.145,476.854,48.132,26.081
922.790,484.496,48.020,21.240
937.772,486.088,51.034,29.455
960.401,493.635,45.263,27.001
963.002,499.923,56.028,29.835
974.936,505.569,57.019,31.340
985.246,511.629,53.322,27.809
995.314,515.919,48.617,29.310
996.357,522.491,48.873,27.269
1005.645,525.757,41.622,27.209
1000.050,529.839,47.206,26.271
996.074,529.996,50.362,27.932
999.802,529.157,43.812,32.104
1001.539,534.558,38.826,27.949
997.511,536.382,35.262,27.272
989.691,538.512,35.455,25.825
977.880,541.294,40.463,22.215
965.936,541.356,39.680,21.791
953.073,540.740,39.196,21.664
940.070,540.101,36.815,20.134
925.925,538.499,35.388,20.393
910.122,534.270,31.876,21.179
895.001,533.570,38.967,17.793
879.646,530.535,33.248,20.415
864.912,526.718,30.360,17.806
848.445,523.066,34.092,17.728
831.468,513.705,36.599,24.416
812.428,508.745,36.198,23.412
797.926,507.281,30.845,20.485
783.185,503.175,28.648,19.907
757.025,494.255,36.882,23.868
737.427,489.163,44.588,23.217
717.323,483.541,45.753,23.941
697.685,478.546,42.448,23.885
677.993,473.392,38.995,23.756
658.492,472.027,37.839,19.591
635.589,466.882,40.187,20.611
615.816,464.131,38.125,19.092
594.358,459.251,38.899,21.179
574.286,456.897,40.328,21.056
554.240,454.255,40.502,20.485
534.625,452.080,40.678,21.703
516.925,451.978,41.135,20.478
497.283,450.804,44.424,21.890
476.536,452.932,49.462,22.074
461.547,454.587,47.039,23.619
447.728,458.085,45.717,24.869
432.971,462.888,46.058,24.785
420.826,468.409,43.678,25.853
407.818,476.338,45.113,24.987
397.687,481.606,39.710,27.216
386.705,490.790,41.403,25.291
381.979,496.867,39.930,27.574
377.526,503.801,39.654,26.547
373.486,509.725,43.897,26.598
371.105,514.526,45.438,24.193
372.134,519.903,42.182,23.619
375.182,525.296,40.914,25.222
394.413,535.519,31.750,20.392
390.337,535.714,43.423,22.604
397.866,539.200,45.635,25.402
407.251,542.238,47.631,25.837
418.935,545.211,46.694,25.040
432.618,549.233,44.890,23.781
445.823,550.507,43.776,22.805
460.532,552.952,43.265,21.537
473.489,553.507,43.133,20.797
493.255,552.199,37.579,20.830
499.886,551.689,43.982,20.562
511.587,551.559,43.158,23.909
521.744,547.832,42.140,26.007
531.503,546.598,41.916,26.148
539.420,544.701,40.519,26.879
546.706,541.974,39.853,28.077
553.561,540.930,35.796,27.082
559.203,538.525,33.142,25.200
560.280,536.327,32.670,26.287
559.732,534.419,34.355,24.025
556.487,531.761,36.473,23.414
551.839,530.007,38.629,25.870
545.296,528.329,40.406,28.780
538.702,527.299,41.463,28.168
531.540,526.716,41.463,28.236
522.939,526.168,42.080,30.361
514.864,527.328,42.421,29.187
507.367,529.789,40.205,30.048
498.965,529.825,41.041,29.975
488.803,533.104,41.193,30.683
478.782,534.424,40.704,31.690
469.815,536.150,40.052,32.416
458.795,539.012,41.853,28.869
448.627,541.821,42.301,31.166
438.006,543.965,42.653,31.990
430.236,547.670,43.756,30.651
420.126,550.788,46.549,30.885
415.494,553.152,45.319,29.199
409.450,554.313,47.255,30.164
406.084,555.404,46.307,30.111
406.426,558.003,43.747,28.364
406.857,557.091,43.168,29.061
410.327,555.638,42.195,30.048
414.041,555.354,41.634,28.614
416.292,552.764,47.284,29.830
419.765,547.057,50.686,34.143
427.230,541.823,51.629,35.672
431.104,538.751,53.347,29.857
437.367,537.991,56.028,29.455
444.588,535.269,59.606,27.642
454.577,533.108,57.568,26.827
467.869,529.607,52.087,29.561
478.519,530.879,50.344,27.018
487.847,528.544,49.901,28.578
497.894,527.929,48.740,27.070
508.022,528.026,44.406,26.512
513.450,525.404,47.496,26.923
520.629,523.450,48.624,27.806
526.950,521.509,52.196,32.798
532.869,518.808,53.728,33.383
538.047,514.834,54.597,35.293
543.951,511.086,53.091,35.482
550.912,504.977,52.052,36.819
555.543,499.879,47.456,35.922
558.095,495.087,45.756,33.134
559.200,489.022,44.872,35.118
560.400,483.117,43.349,34.679
559.755,478.449,43.312,37.459
559.206,473.272,42.789,34.037
555.649,467.711,44.392,33.906
552.404,463.282,44.716,33.869
553.926,459.380,40.112,34.805
543.367,456.748,47.799,37.219
541.565,454.813,44.554,42.018
539.296,454.670,43.957,33.425
533.926,452.662,46.916,34.282
525.893,452.568,45.908,37.129
523.602,453.361,41.687,35.376
514.324,454.563,45.376,36.054
505.325,457.679,43.762,32.983
496.182,459.343,46.079,37.335
486.752,462.731,51.486,37.618
483.630,465.247,46.397,35.064
471.576,471.353,53.325,35.415
466.293,474.611,56.230,37.864
460.444,479.476,59.785,37.574
459.351,486.477,60.260,38.304
461.868,492.015,58.701,40.550
463.177,500.132,58.241,39.514
464.827,509.036,55.900,39.284
467.667,518.615,51.350,37.901
469.081,528.622,53.835,37.543
470.245,538.299,57.089,38.179
469.696,547.940,59.215,37.980
468.318,557.331,64.062,38.874
471.335,567.563,67.734,36.118
475.982,575.618,67.552,35.163
480.103,583.347,76.088,34.630
484.553,593.758,79.453,30.503
492.152,599.056,77.460,31.043
494.714,604.624,85.344,30.846
506.058,609.020,81.823,30.194
512.028,610.081,84.617,32.553
520.089,611.440,86.668,31.726
531.488,610.284,84.357,31.831
536.728,608.303,88.860,30.903
546.911,601.273,86.668,32.987
552.669,594.857,90.995,33.615
568.515,586.122,82.514,35.538
582.091,574.147,81.850,37.777
593.230,563.250,87.125,37.037
610.560,549.604,80.524,39.578
626.628,537.511,80.609,39.231
644.984,525.385,72.036,34.892
662.501,511.862,64.754,34.288
681.547,492.038,60.510,38.292
690.079,477.295,64.687,38.909
699.296,461.456,64.654,42.533
707.461,447.215,64.817,42.336
714.342,435.712,63.347,43.597
720.366,425.422,61.432,43.066
723.567,415.627,59.255,39.572
725.438,408.046,57.647,39.499
726.935,402.284,51.596,37.455
725.615,395.830,49.481,38.211
721.979,393.784,49.876,33.425
720.172,390.561,47.584,33.063
715.727,387.764,49.633,31.100
711.536,386.399,51.060,31.616
708.474,384.086,51.063,31.974
709.045,384.270,47.571,31.849
704.190,385.835,50.413,30.903
701.338,387.692,48.135,29.245
695.870,388.416,48.722,30.064
690.109,391.738,46.454,29.352
684.387,395.975,43.608,27.394
676.430,399.102,43.529,27.814
669.691,402.364,42.371,27.384
663.942,404.679,41.600,28.373
651.330,409.132,45.770,27.269
646.298,411.969,45.960,27.065
637.738,413.709,44.255,28.059
625.726,417.793,50.292,27.861
621.533,419.267,48.399,28.514
616.439,423.015,48.226,27.579
609.292,426.506,47.985,28.338
606.113,430.236,44.126,29.245
604.692,434.701,43.582,28.454
603.489,440.958,42.674,25.463
607.195,446.624,40.016,23.838
610.641,452.154,37.591,26.425
615.840,457.997,39.263,26.175
619.790,463.792,44.398,25.297
626.457,468.066,46.598,27.216
634.447,472.804,48.215,28.114
642.711,479.235,49.901,25.987
653.444,484.032,51.501,25.533
665.756,486.500,51.929,27.024
679.264,491.983,49.900,26.638
693.916,497.487,48.788,23.445
710.622,499.616,44.902,25.173
724.699,502.681,45.315,23.974
740.291,505.357,45.827,26.083
751.662,508.594,47.284,25.728
762.908,511.583,47.344,25.913
772.754,511.561,49.022,26.944
780.832,511.595,50.030,27.024
786.079,511.484,49.679,27.394
790.633,511.558,50.197,27.394
796.724,510.645,46.884,27.430
799.564,510.241,42.789,27.518
799.972,508.122,40.247,27.752
798.712,507.653,38.410,26.813
794.234,505.378,40.075,27.233
787.192,504.756,41.317,27.412
780.364,502.929,40.858,26.338
768.833,501.241,43.780,27.140
757.311,500.038,43.699,26.578
745.989,498.660,44.136,26.454
734.064,497.221,43.656,27.414
721.403,496.048,43.181,26.840
709.001,496.035,40.572,25.221
693.621,494.238,42.709,25.421
680.837,492.091,40.478,26.215
668.572,490.454,36.764,26.016
653.705,489.505,40.072,26.239
637.713,486.822,45.913,26.988
625.049,485.221,44.437,27.720
610.801,481.942,46.412,31.106
598.117,481.222,49.501,29.351
589.573,479.519,46.994,27.707
577.963,477.849,48.092,27.129
570.963,475.891,47.656,29.015
565.647,474.447,45.095,27.877
562.125,474.463,44.113,26.638
559.674,471.904,42.042,26.923
559.692,470.170,41.803,27.284
559.435,468.164,44.222,27.350
561.516,465.731,47.134,27.314
566.714,463.180,50.425,29.103
573.206,459.011,53.002,30.122
584.100,456.063,55.548,30.815
598.089,453.700,56.468,28.815
617.165,449.873,55.189,31.201
636.372,447.703,57.133,31.058
658.683,445.139,56.221,30.013
683.739,442.482,54.065,30.870
707.736,439.458,53.737,31.586
731.550,437.587,55.385,30.870
750.855,435.251,59.707,32.054
768.365,432.544,61.018,32.741
785.263,431.364,62.592,33.579
798.610,428.456,60.566,34.425
813.697,427.725,55.934,34.970
824.309,427.856,51.621,33.824
827.681,428.296,47.316,33.113
828.590,430.217,42.951,32.373
825.604,431.696,43.522,30.615
821.553,431.266,43.975,32.577
810.997,433.564,48.816,31.404
803.439,438.192,47.516,27.881
797.471,440.008,46.451,27.754
787.056,440.631,47.904,28.526
782.060,442.159,43.608,28.430
778.824,444.666,37.172,25.675
759.075,444.228,47.082,26.425
748.234,443.518,47.097,28.982
738.762,442.165,46.791,30.503
728.017,441.145,47.752,31.328
718.163,441.611,47.066,30.550
706.186,439.778,47.676,30.719
696.513,438.651,47.841,30.815
687.461,437.573,46.762,29.737
673.623,436.383,47.799,28.964
661.447,434.094,44.275,30.113
647.110,435.620,40.298,26.179
633.637,434.598,37.003,23.802
618.981,433.581,36.254,21.728
603.360,429.352,41.322,22.159
587.586,428.530,45.712,20.506
571.124,422.355,43.748,22.828
556.721,418.330,44.218,22.046
540.186,407.592,45.148,28.264
526.634,401.265,46.212,29.401
511.463,396.198,45.977,30.207
498.134,393.067,47.499,30.240
485.993,390.699,46.611,30.567
471.832,388.609,48.118,29.460
456.913,387.173,51.064,30.215
443.241,388.291,54.853,34.066
426.012,389.400,60.148,32.021
411.623,392.996,61.895,34.777
396.141,397.266,64.853,36.102
381.596,403.283,70.360,34.840
368.594,408.359,72.771,33.648
361.001,411.217,69.137,38.431
353.321,415.831,68.551,40.903
340.509,428.435,57.269,34.043
325.225,436.336,58.085,32.938
313.385,446.940,58.217,32.829
305.024,451.011,65.833,34.580
295.040,456.453,67.170,40.130
282.426,465.384,74.189,40.164
276.684,473.525,80.961,46.561
276.308,483.392,88.481,47.625
274.896,493.807,95.988,46.563
284.547,501.135,92.506,48.264
290.044,509.313,95.456,50.141
298.695,517.201,99.216,51.825
311.692,523.875,102.941,54.701
326.573,532.554,106.156,56.917
339.978,539.076,117.306,55.230
359.488,541.563,119.522,59.600
381.205,545.662,120.895,59.180
403.496,549.475,121.253,56.133
426.979,547.166,113.412,54.972
445.272,545.566,115.872,52.640
465.160,533.837,114.772,63.101
486.040,527.006,112.416,59.705
510.088,519.940,105.177,57.429
529.383,510.849,105.015,57.253
551.397,497.936,102.059,59.586
571.835,487.929,92.866,56.032
590.077,477.345,85.876,53.636
603.896,469.465,81.777,47.624
618.021,458.010,75.163,48.274
629.803,446.582,67.755,48.104
634.468,436.839,68.047,48.114
637.905,423.550,67.589,51.665
640.044,415.949,66.749,45.764
641.656,407.069,65.967,45.644
641.183,398.416,66.033,45.233
638.485,390.137,65.185,44.589
638.229,384.878,60.294,43.654
634.781,379.190,57.194,40.396
629.490,375.251,53.005,38.523
623.849,370.337,50.072,39.749
613.872,366.303,49.339,39.310
607.109,364.442,48.965,37.985
600.868,363.530,46.820,36.002
592.005,362.959,47.626,34.915
583.740,364.419,48.322,33.391
578.343,363.878,48.002,32.216
574.285,365.443,48.135,31.300
572.911,365.797,45.263,30.747
566.203,367.364,48.399,28.664
563.942,369.323,46.511,28.175
560.577,371.370,45.045,26.403
556.107,373.112,44.527,27.269
555.539,376.871,40.620,27.664
551.064,381.181,41.938,26.676
545.823,384.329,41.561,24.534
541.567,387.568,42.901,26.893
536.417,392.579,43.882,26.737
531.365,398.561,46.253,26.647
524.303,404.337,48.105,28.426
519.259,408.111,47.902,28.800
511.308,414.982,46.660,28.324
507.833,423.740,45.356,25.782
502.618,431.148,41.463,24.604
498.313,436.983,42.901,24.332
494.336,443.166,43.572,23.477
495.247,448.437,38.739,24.332
494.558,454.265,37.226,25.289
491.328,460.695,40.795,25.166
493.269,465.986,40.333,23.683
493.213,472.866,44.228,22.269
494.779,478.201,44.941,20.233
497.517,484.020,44.732,19.309
500.639,487.713,43.623,19.480
504.423,489.200,40.678,24.582
507.799,494.947,45.235,23.634
512.919,500.014,44.562,23.395
519.398,503.648,44.742,22.956
527.249,506.027,45.237,22.909
536.058,508.383,46.012,21.876
546.611,511.443,45.933,18.805
556.946,511.047,46.161,18.594
568.456,510.191,42.678,19.598
578.422,507.571,41.955,21.007
586.660,506.407,40.123,20.538
594.410,506.090,38.947,19.790
601.894,503.995,37.763,18.994
606.350,502.903,38.467,19.234
613.043,497.961,35.061,20.230
615.371,495.069,36.826,20.554
616.071,491.853,40.147,20.434
619.691,488.090,36.473,19.962
616.803,483.646,39.440,20.044
618.095,478.575,38.778,20.294
615.382,473.629,41.774,19.163
618.704,462.965,37.411,23.952
615.318,455.792,40.580,25.393
614.571,450.290,39.042,22.393
612.245,444.461,38.456,20.895
610.543,436.317,38.494,19.390
608.275,426.477,37.804,20.745
608.748,416.104,35.161,22.611
608.918,406.664,36.291,21.029
608.962,397.466,34.538,19.990
608.944,388.000,33.619,20.627
608.467,379.860,34.998,20.627
608.353,371.211,35.928,21.179
610.436,365.919,38.814,19.879
611.578,359.834,37.763,21.851
612.740,356.780,37.739,22.494
614.870,353.102,37.108,22.241
615.072,351.912,38.372,22.609
616.077,351.705,38.723,23.199
616.289,352.979,38.299,22.211
614.661,352.613,39.741,23.061
612.866,354.867,39.731,23.253
610.333,357.217,40.463,23.253
610.506,359.490,39.995,24.612
609.955,361.333,40.970,24.897
612.127,364.753,40.596,25.293
613.969,368.301,40.913,26.458
618.380,371.493,42.393,27.800
621.144,377.592,45.149,27.062
625.509,383.209,45.313,26.753
631.147,388.671,45.943,26.753
636.978,394.078,46.271,26.944
642.852,399.949,48.872,27.420
649.419,406.085,50.593,28.091
656.360,412.048,51.970,29.158
665.645,417.808,51.428,29.811
670.389,424.624,53.407,31.337
677.156,431.514,56.444,33.063
684.348,438.266,54.522,33.060
688.903,444.250,52.301,36.738
693.659,453.727,52.034,34.953
696.836,462.564,55.945,36.270
700.633,470.468,60.756,38.120
703.398,480.645,64.977,38.619
709.039,489.799,67.469,41.929
712.300,502.879,71.710,39.425
713.419,511.829,75.972,43.261
718.729,525.751,77.204,43.147
722.201,539.582,72.455,47.956
715.101,555.650,79.336,43.918
711.257,571.918,81.687,43.156
700.310,583.971,85.009,44.766
679.056,598.941,98.232,40.652
658.056,609.141,105.427,40.627
636.849,618.970,112.716,40.499
623.118,625.256,110.217,39.179
610.207,630.768,104.726,40.128
592.986,625.339,87.924,53.327
577.323,626.782,97.045,50.715
567.649,623.182,87.997,54.120
557.190,620.588,86.190,55.428
549.430,616.431,82.587,57.645
543.366,615.706,82.427,56.884
539.895,613.308,82.926,56.335
542.157,608.168,79.774,56.883
542.199,600.547,81.446,57.674
545.228,594.304,82.129,57.091
552.984,587.897,77.581,54.279
560.169,581.870,67.894,52.546
566.617,573.949,75.801,49.139
576.329,558.563,75.620,59.565
581.439,547.437,81.817,60.959
590.494,537.994,81.120,57.619
601.721,526.368,77.033,57.569
614.058,511.610,77.869,60.239
623.661,502.528,77.033,55.102
636.717,490.387,78.209,51.965
647.391,476.541,77.991,51.994
655.388,464.907,74.242,46.816
667.245,449.828,72.960,49.113
680.193,432.243,76.958,52.946
691.267,426.572,79.144,40.468
706.537,418.303,73.585,38.723
717.316,409.081,67.444,36.505
720.078,403.143,79.739,31.358
731.190,397.305,75.011,31.673
736.894,390.705,75.210,27.509
746.821,381.607,69.832,27.587
754.972,370.220,60.838,31.520
763.997,360.799,56.964,30.903
771.048,352.215,50.677,30.087
777.302,341.655,49.480,33.772
783.582,336.636,47.009,23.710
789.189,334.146,44.376,21.317
787.992,319.929,50.989,23.696
786.103,311.887,55.048,24.932
790.967,303.036,51.505,26.684
793.539,295.060,49.120,26.684
794.452,294.186,47.149,20.890
795.650,289.314,37.945,18.594
800.331,287.157,43.571,18.146
802.049,285.206,38.948,20.746
807.665,286.911,36.897,19.960
812.863,291.275,36.043,19.466
819.537,295.652,35.740,19.620
827.014,302.599,34.785,17.658
832.250,304.374,34.417,20.510
835.167,307.082,34.311,19.805
837.405,310.471,33.197,19.855
839.370,314.009,32.101,19.477
838.949,315.360,32.740,18.391
839.174,316.335,30.804,18.027
835.234,315.178,31.413,19.580
829.530,315.764,34.117,19.110
825.618,314.292,34.059,19.271
821.676,316.662,31.379,16.128
817.466,315.091,31.336,16.838
807.499,318.586,24.254,14.037
801.709,319.237,23.544,14.215
792.972,321.125,25.136,15.548
785.690,323.256,26.733,14.127
778.884,327.393,27.899,13.423
773.480,330.086,26.338,12.954
764.549,331.343,30.355,13.068
758.316,334.915,27.494,13.727
751.148,337.760,28.640,11.745
755.584,338.413,19.583,12.549
751.761,348.910,10.526,10.000
745.762,348.301,10.631,10.000
739.816,351.242,10.631,10.000
731.706,350.632,12.795,10.000
722.617,354.780,16.683,10.000
678.985,356.113,53.327,10.000
695.181,354.553,34.985,14.004
687.563,355.277,33.525,15.093
681.994,355.980,33.767,16.388
674.308,356.285,37.829,17.964
666.066,357.283,38.869,18.384
658.952,358.339,40.145,19.484
651.907,359.565,41.349,20.394
644.253,360.865,41.731,19.783
637.275,360.862,38.142,20.595
628.986,360.137,38.552,21.142
618.519,362.596,39.637,20.308
607.828,362.256,40.718,20.302
595.459,363.587,43.116,20.310
580.227,364.694,47.445,19.704
569.246,365.193,48.794,19.936
553.686,365.031,51.588,20.135
539.341,366.000,53.949,20.199
526.662,366.385,52.827,21.158
513.123,366.775,55.303,22.188
500.993,366.442,54.876,25.393
488.286,366.682,57.329,26.413
478.243,366.934,55.408,27.470
467.934,367.632,57.962,27.646
458.497,368.085,56.861,29.317
450.091,369.453,57.675,29.535
442.806,373.923,59.292,28.068
432.744,376.389,63.992,31.832
424.085,382.073,68.543,31.510
417.043,388.245,69.971,33.218
410.030,394.523,71.735,36.302
405.801,402.111,74.452,38.149
403.738,410.373,75.580,40.573
405.324,421.775,74.851,39.869
409.445,432.945,75.702,44.151
414.104,445.736,78.107,43.638
419.678,458.190,80.770,45.419
426.756,474.335,82.418,43.640
435.909,488.112,81.041,43.582
446.069,501.925,78.460,46.433
454.429,517.031,79.779,47.214
461.461,531.531,78.882,50.209
468.756,543.903,77.529,50.047
474.129,556.296,81.791,49.650
480.965,567.981,79.982,47.454
487.965,576.387,80.809,46.830
493.031,582.379,79.821,48.313
497.316,588.848,80.467,44.344
501.204,591.651,77.953,43.042
504.899,593.210,77.643,41.549
509.047,591.743,74.365,42.657
511.860,590.913,73.713,40.248
513.165,587.699,70.776,42.095
513.605,584.097,72.087,40.097
511.290,579.834,74.557,37.819
513.832,575.941,71.817,35.163
510.229,568.259,74.676,32.740
512.405,560.560,70.820,32.983
516.177,552.305,65.411,31.929
519.039,542.453,62.800,31.766
518.651,533.801,60.711,30.356
522.849,524.715,54.981,29.857
525.552,513.061,49.903,31.882
525.611,501.949,48.584,28.814
526.791,488.817,48.549,31.441
528.604,476.656,49.087,31.102
532.177,463.854,49.244,30.081
536.230,453.780,52.386,28.273
541.854,440.568,54.851,28.427
546.674,429.015,57.778,26.873
554.460,420.162,56.276,25.530
563.208,409.812,53.227,24.180
571.452,400.651,52.658,24.204
579.540,392.580,52.293,23.893
588.424,384.494,49.938,23.726
598.620,379.099,50.257,21.746
606.783,373.804,47.571,20.958
614.368,368.400,44.472,22.490
621.166,364.207,45.679,23.380
626.508,361.152,47.839,22.936
635.990,358.382,46.108,24.152
642.754,357.386,47.326,23.797
651.290,356.048,48.827,24.042
657.271,354.608,50.188,24.507
665.225,356.140,48.528,24.687
672.592,356.941,47.840,25.311
679.494,357.970,48.184,25.493
684.753,362.746,47.329,23.065
690.653,364.897,44.644,25.881
694.810,369.402,41.841,26.737
696.559,374.794,41.896,26.009
696.815,380.945,42.116,26.547
698.701,387.314,40.823,26.746
698.421,393.169,43.845,27.212
694.824,399.752,49.717,28.440
698.230,408.382,44.567,28.704
692.204,417.404,44.374,27.518
686.867,425.980,45.313,24.722
677.079,437.068,42.633,27.752
671.265,448.873,40.799,26.095
658.898,459.495,38.992,25.230
646.564,469.589,39.647,28.553
631.540,481.367,41.871,27.756
617.043,491.887,43.999,29.881
603.693,501.423,46.232,30.164
590.491,514.704,48.324,24.912
583.779,525.769,42.625,25.589
570.694,544.951,44.511,20.492
563.653,552.958,44.671,21.549
556.474,562.481,43.834,24.575
551.515,574.637,41.997,24.234
547.477,585.217,39.700,23.244
545.661,596.717,42.355,23.741
546.128,606.237,38.437,26.937
546.890,616.221,38.332,25.942
547.886,626.078,39.707,25.222
553.445,634.433,42.566,26.366
560.276,642.618,44.505,27.891
568.703,649.440,44.437,29.907
578.360,657.674,46.159,30.310
590.033,665.250,45.923,28.514
602.767,672.181,43.739,29.667
614.409,678.818,43.594,28.434
630.987,687.816,37.666,24.899
273.000,609.000,74.000,69.000
273.517,603.154,76.400,70.963
271.724,598.643,79.690,69.212
271.170,592.403,78.860,72.450
272.706,587.096,78.668,71.544
270.783,584.471,79.504,70.319
272.265,577.309,77.589,72.036
270.389,575.058,79.840,70.385
270.239,569.130,80.440,72.936
271.297,564.594,80.474,71.413
269.866,559.696,80.448,72.844
272.464,554.038,78.938,72.488
274.797,551.630,77.910,71.089
276.036,546.329,79.010,72.748
277.522,542.098,78.927,72.844
280.943,537.916,78.167,72.844
283.013,536.570,78.861,75.085
285.928,532.973,82.123,73.803
289.999,530.855,80.224,72.108
293.950,528.765,79.187,73.542
297.265,527.267,81.590,72.405
303.392,527.724,80.274,73.803
308.092,525.336,81.045,72.262
313.291,526.144,82.164,71.413
319.050,526.528,80.781,71.567
324.349,525.235,81.628,72.931
329.610,526.921,81.308,73.424
334.596,527.966,81.571,72.111
340.059,528.698,80.781,73.717
345.669,531.395,80.535,73.424
350.499,534.056,81.045,72.570
353.702,537.476,80.167,72.028
356.831,540.946,79.384,73.453
361.316,544.914,77.916,71.793
363.805,548.694,78.339,72.486
366.264,552.607,78.861,72.970
366.915,559.285,79.688,72.084
367.979,563.999,77.559,72.236
368.490,570.703,78.639,71.286
367.739,576.931,78.339,71.286
368.767,583.257,76.283,71.048
365.293,589.856,79.100,72.606
363.174,597.569,79.232,72.692
359.905,604.261,80.448,72.084
357.102,612.229,77.966,73.237
353.341,622.776,80.184,72.302
349.796,632.684,78.577,71.406
346.163,641.523,77.289,71.286
342.315,651.611,76.516,67.007
625.000,574.000,42.000,34.000
637.408,563.550,43.570,32.392
648.542,555.121,45.625,32.481
660.492,549.483,45.145,27.426
677.774,553.250,29.836,14.530
684.456,535.807,33.911,21.557
691.760,520.194,49.456,29.935
701.389,510.047,49.382,33.127
710.196,500.191,45.464,34.847
717.240,493.283,43.542,30.095
721.384,479.969,42.869,33.584
725.710,466.878,43.570,37.791
725.724,459.191,44.521,35.063
722.054,448.009,46.133,31.577
715.194,434.942,46.306,32.835
709.707,420.846,44.404,35.586
697.092,407.344,52.026,35.458
688.085,397.023,52.056,35.794
675.515,388.610,53.224,34.098
660.724,381.365,56.715,34.987
645.742,373.249,56.682,35.460
630.501,373.420,50.065,31.246
614.412,367.249,53.212,34.520
596.533,365.838,48.958,24.866
575.000,363.283,47.064,15.968
561.498,366.370,47.269,20.250
542.517,367.066,50.369,21.959
526.007,365.712,53.024,27.283
506.825,366.648,55.261,28.931
493.075,369.828,54.187,31.616
480.973,373.927,54.060,25.743
469.208,379.219,50.800,26.638
453.592,386.616,53.085,24.210
446.493,393.390,50.137,28.598
437.801,400.009,50.033,26.993
433.721,408.027,46.051,28.282
428.385,416.801,48.599,28.507
426.224,427.402,51.356,26.610
422.805,435.228,54.195,29.393
423.810,444.001,54.907,29.615
424.844,452.812,55.594,30.714
423.162,464.100,58.378,30.891
425.902,477.505,60.805,28.914
430.756,489.441,59.502,29.331
436.639,503.938,57.821,28.658
440.761,518.104,57.731,29.518
445.877,534.025,58.046,27.736
450.094,549.021,58.070,30.042
455.092,564.462,57.989,32.104
460.980,580.514,58.071,34.963
468.012,597.815,57.044,39.478
475.149,615.652,54.462,40.680
482.147,639.869,56.823,39.615
491.929,661.768,50.850,41.821
500.788,686.010,52.381,33.594
504.540,704.656,57.149,14.791
509.878,697.068,38.512,21.539
490.835,692.982,33.947,25.649
448.159,679.375,49.112,39.706
383.994,671.691,82.435,47.106
299.899,630.712,66.908,78.539
194.519,633.713,81.821,71.956
167.241,623.925,82.778,73.256
139.331,616.539,84.126,70.859
106.579,608.378,89.500,72.342
79.809,600.413,89.561,72.969
52.626,596.378,90.117,72.612
15.023,588.274,100.814,73.423
71.643,541.453,80.598,120.465
0.101,580.543,60.268,79.632
1.726,533.858,94.289,110.977
0.000,533.764,76.559,108.704
0.000,532.426,51.426,110.468
0.000,547.322,26.468,91.552
0.029,584.722,68.492,135.278
0.676,586.322,64.494,133.237
0.073,587.055,55.863,132.699
0.000,588.339,40.431,87.501
0.000,578.275,27.954,90.247
0.202,579.961,13.976,73.603
37.068,639.219,34.783,16.972
30.732,644.077,30.983,14.560
20.839,649.444,28.447,14.500
12.255,653.658,30.027,15.178
4.209,659.311,30.631,14.842
0.423,663.076,23.920,14.885
0.000,667.287,22.306,13.155
0.000,673.174,17.228,12.702
0.000,677.244,13.897,11.286
0.136,684.213,12.501,10.741
0.109,687.585,10.416,10.181
0.000,691.289,11.746,10.000
890.000,569.000,41.000,36.000
880.378,561.885,43.142,27.657
868.294,556.105,44.780,26.840
857.029,550.473,44.780,25.311
846.733,545.097,41.128,25.055
835.289,540.394,40.075,25.297
824.335,537.483,40.532,25.101
814.698,534.473,34.513,25.101
803.384,532.679,35.064,25.324
796.484,532.495,32.896,23.592
785.815,530.676,31.152,23.252
777.294,529.173,30.849,23.826
767.255,526.527,32.280,23.937
759.415,523.536,32.496,24.596
751.255,519.524,31.537,24.750
744.220,514.867,31.320,25.325
737.664,510.853,29.282,25.720
732.110,505.114,34.172,26.743
724.560,500.630,30.931,25.423
719.280,497.174,29.790,23.233
713.442,492.670,31.233,22.748
708.129,487.772,31.527,21.839
704.615,482.724,31.306,22.534
699.232,477.719,31.634,22.963
693.925,472.776,33.497,25.069
689.377,468.714,32.786,25.881
684.231,466.027,36.405,27.216
677.788,463.562,37.126,29.436
670.337,465.239,41.251,27.146
664.752,466.478,43.237,27.685
659.182,468.361,44.850,27.883
653.832,472.286,46.883,25.218
650.281,473.435,47.427,26.233
645.083,477.744,46.954,22.873
636.600,479.143,50.383,25.159
633.678,482.852,48.072,25.252
627.739,485.603,46.013,25.913
623.419,487.990,46.727,25.311
618.685,490.912,47.358,24.369
613.246,493.504,50.073,24.152
608.938,495.705,50.915,24.862
603.277,498.049,54.224,26.468
600.658,499.726,56.192,30.415
598.278,501.149,58.627,32.801
598.890,502.934,65.065,32.048
601.578,503.761,65.272,40.738
605.841,505.077,65.652,35.622
613.919,506.195,64.828,35.908
624.127,506.867,62.081,36.399
634.721,507.486,64.399,37.837
647.506,508.674,63.491,37.342
658.376,508.226,65.943,37.264
667.157,508.540,69.983,41.711
677.724,508.119,72.731,42.770
686.860,505.525,72.948,47.736
696.659,507.578,74.574,47.187
705.014,507.954,75.007,48.695
711.648,510.027,77.721,49.998
718.617,510.639,78.539,51.151
723.071,512.834,80.558,52.477
727.576,513.613,81.212,53.401
731.995,518.390,80.428,52.958
734.725,522.326,79.819,51.771
735.398,528.594,78.729,49.174
736.896,532.503,77.229,47.334
733.018,539.101,78.326,46.245
732.879,542.692,74.988,45.331
729.285,548.852,75.737,45.536
725.891,553.751,76.061,43.027
723.711,556.706,74.119,43.074
716.370,560.983,78.014,41.562
710.780,564.427,78.357,39.920
713.429,566.234,69.699,38.995
707.398,566.494,70.050,38.684
704.053,565.448,67.541,38.266
701.595,562.742,66.435,38.167
697.727,560.201,64.268,37.793
691.133,557.901,66.363,35.856
688.330,554.847,66.183,35.592
685.621,551.767,64.675,35.313
683.862,547.813,62.527,35.922
681.384,543.913,62.826,33.742
679.943,539.961,61.173,34.612
680.359,533.667,57.564,35.168
679.787,530.541,54.477,34.127
680.716,526.574,48.291,32.540
678.932,521.051,45.576,34.520
675.790,515.562,44.145,35.475
671.932,511.506,44.145,34.520
653.400,509.681,56.156,28.902
656.517,505.493,47.571,28.769
648.096,501.887,46.865,29.837
638.888,498.571,48.699,30.240
629.726,494.971,48.765,30.122
616.822,493.546,51.077,29.737
608.413,491.714,49.399,30.123
595.583,491.578,50.865,27.604
588.900,489.321,46.973,28.064
577.037,489.038,48.423,27.389
560.567,488.417,49.811,26.877
556.573,487.517,42.063,27.503
544.434,487.835,41.737,27.003
530.388,486.884,44.437,26.068
517.174,488.130,46.398,25.358
503.370,488.107,47.289,24.576
489.047,488.607,48.933,24.056
475.268,487.932,50.119,23.748
464.637,487.104,49.360,23.748
451.349,487.190,51.538,24.535
441.636,484.149,49.646,25.896
431.594,483.842,49.129,25.645
422.629,482.742,49.796,23.939
416.514,481.917,50.413,23.920
411.473,478.997,46.171,25.172
406.665,475.819,47.015,24.330
403.571,472.677,46.739,22.383
403.074,468.065,46.498,23.932
399.979,463.742,49.672,24.668
399.775,458.936,50.433,23.629
400.306,453.854,53.055,24.129
403.854,446.685,52.082,26.725
409.860,441.813,53.427,23.637
420.121,435.390,52.150,25.681
429.282,429.847,53.608,26.032
443.330,423.728,50.200,26.038
456.099,419.121,50.558,26.693
471.009,414.598,47.064,27.062
484.454,410.746,47.786,27.470
501.166,406.274,45.408,29.812
511.283,400.153,50.641,33.761
524.895,404.412,48.662,27.487
536.578,403.742,48.681,28.091
548.184,405.053,46.791,27.394
556.164,406.792,45.167,30.255
562.904,411.480,45.755,29.245
570.044,413.895,44.196,30.885
574.151,420.158,43.756,29.097
578.646,425.835,40.489,27.041
579.862,430.440,41.583,25.815
580.117,435.886,40.082,27.007
578.632,441.928,41.073,25.885
575.904,447.858,41.548,25.296
570.209,451.337,42.986,27.314
563.606,457.883,43.906,25.681
558.072,462.687,42.951,26.878
549.953,466.533,43.066,26.465
542.368,470.173,42.589,26.465
534.285,473.883,41.466,26.676
525.858,477.032,39.885,26.746
515.197,479.134,39.844,27.524
506.177,481.851,37.259,26.281
493.543,481.503,39.143,27.923
479.515,483.222,43.712,25.416
468.927,483.596,44.912,25.607
457.026,485.106,47.828,24.764
447.527,486.028,47.082,24.300
437.323,486.476,48.304,23.880
427.730,487.123,48.304,22.995
417.226,486.286,47.929,23.060
406.793,486.771,49.634,21.690
398.857,485.466,47.874,20.404
390.207,484.827,48.597,20.926
382.745,484.277,48.985,20.490
374.074,480.926,50.889,21.537
366.518,478.654,55.555,21.357
363.783,475.802,53.571,20.710
358.124,471.075,54.833,23.462
357.374,467.390,51.362,22.907
356.063,464.070,50.050,25.060
356.154,461.398,46.812,23.442
359.068,460.877,50.100,19.162
361.353,461.711,50.369,17.493
364.094,457.718,52.148,17.026
369.878,450.203,51.926,20.350
362.420,447.599,67.957,17.497
386.665,438.744,50.878,22.574
397.340,431.866,50.617,25.241
402.190,425.387,56.156,25.681
413.995,416.480,57.561,28.742
428.914,407.531,58.465,31.801
445.944,400.324,61.359,29.338
464.632,388.545,64.547,35.293
483.434,378.865,67.743,36.117
503.339,370.477,70.226,36.747
524.063,361.603,71.130,37.861
544.957,349.838,69.507,37.459
572.121,340.469,67.786,42.559
598.055,333.031,66.361,36.461
623.352,324.259,63.860,37.252
648.713,319.059,64.124,36.082
674.306,313.639,60.150,38.909
694.773,314.169,58.035,35.617
710.953,311.492,60.818,36.145
728.102,312.260,60.190,33.481
744.510,312.432,55.378,34.397
753.464,315.098,54.890,33.092
766.196,319.583,52.780,28.999
770.124,323.008,49.794,30.552
771.145,327.210,51.208,30.552
774.000,334.293,50.428,28.396
775.566,342.788,50.109,26.157
776.974,348.395,48.889,25.460
776.201,355.869,48.233,24.365
777.812,365.497,46.529,21.815
778.346,371.602,29.391,27.086
779.305,381.358,29.508,20.520
782.024,389.191,27.189,22.435
785.912,390.701,38.035,28.873
787.963,400.148,38.523,27.545
791.300,409.071,35.977,25.034
794.580,415.353,31.597,24.152
798.496,421.820,29.874,23.322
799.275,429.557,36.058,20.256
795.983,433.906,30.535,20.448
793.492,440.428,30.465,18.509
785.723,446.118,31.508,16.823
783.194,447.970,25.355,17.214
772.466,450.652,32.440,14.245
767.949,453.171,19.446,16.606
754.008,455.099,34.253,16.424
756.925,454.567,21.433,17.251
734.515,457.761,35.130,15.331
727.144,458.867,27.356,16.934
718.321,459.326,27.375,16.799
706.325,461.659,28.781,14.584
697.867,463.168,27.976,11.855
689.140,463.544,28.265,10.116
681.536,461.220,28.166,11.634
671.627,453.599,25.891,18.989
661.554,452.275,35.440,18.788
654.198,451.524,32.984,19.458
645.381,451.251,33.473,19.135
639.360,449.083,32.860,19.339
631.336,447.384,34.458,19.452
624.009,445.977,33.869,20.082
619.565,444.777,33.407,19.645
611.949,444.552,34.728,18.910
604.374,442.980,38.026,18.652
598.123,441.869,38.860,19.002
591.162,440.737,40.241,19.357
584.165,439.490,42.749,19.890
577.211,438.666,43.195,19.490
570.480,437.641,44.658,19.490
563.997,436.433,47.148,20.478
559.682,435.917,45.335,20.073
553.053,434.816,47.214,20.822
548.674,433.629,45.572,20.485
545.124,433.288,45.287,21.167
543.389,430.597,43.484,22.455
540.682,430.319,42.959,21.511
542.692,429.112,43.088,21.727
544.177,427.916,43.871,22.643
545.401,424.943,46.378,24.460
549.276,423.936,49.367,24.042
554.216,423.255,50.464,24.576
560.615,421.718,51.491,25.957
568.491,421.166,54.564,26.179
579.501,419.428,55.356,29.883
593.154,418.469,53.980,30.496
607.749,419.692,53.083,29.192
623.146,421.167,52.798,28.770
641.820,423.690,50.413,25.831
661.586,427.611,50.268,27.419
679.043,428.500,52.102,29.442
695.354,431.283,56.548,31.887
711.638,435.236,56.808,30.190
725.759,438.622,58.046,34.047
739.466,443.090,56.276,34.549
751.312,445.667,54.720,36.657
761.023,450.308,52.496,36.558
768.430,456.173,50.537,39.356
771.939,460.987,52.115,37.609
776.359,467.236,50.399,38.912
777.160,473.157,50.755,38.378
778.897,478.888,50.913,36.038
779.745,484.774,50.077,36.138
778.778,490.782,49.016,35.928
775.889,495.972,48.744,33.617
773.842,500.462,49.030,32.983
770.087,504.711,48.163,32.216
768.402,506.276,45.843,32.643
763.797,509.726,47.221,30.628
760.236,510.115,46.612,31.304
756.371,512.603,46.076,30.692
752.593,514.956,45.474,29.158
748.526,515.220,42.434,27.900
742.750,515.639,41.766,28.304
739.126,515.018,38.176,27.614
734.347,514.192,36.743,26.728
727.947,512.240,36.054,26.158
721.793,511.475,36.365,26.028
712.992,510.221,37.653,25.371
704.152,507.089,37.591,26.487
692.198,504.894,40.914,24.841
679.551,503.612,40.148,25.613
666.262,500.737,41.430,27.233
654.290,501.116,40.115,25.325
638.874,500.076,40.084,24.716
625.131,500.080,39.836,24.834
610.130,500.143,39.458,24.078
597.789,500.024,36.536,23.696
586.778,500.302,33.529,23.258
572.503,500.950,33.953,22.075
558.994,502.853,33.347,20.910
544.011,503.551,34.414,21.900
530.567,503.715,37.529,22.451
516.731,505.225,35.644,22.768
506.267,507.142,32.392,18.591
495.918,511.337,32.736,18.918
488.074,513.743,40.420,23.662
479.563,516.827,48.818,22.951
470.724,522.940,36.734,21.987
466.679,525.893,36.897,22.526
463.831,531.295,34.585,22.051
461.411,535.435,35.205,21.822
461.911,539.461,34.205,22.378
461.911,544.930,35.649,21.212
463.998,547.777,37.034,21.406
466.460,552.771,38.891,20.068
469.994,556.810,39.052,19.890
474.561,560.760,39.892,18.825
481.135,564.615,39.565,18.709
489.248,568.462,40.405,17.994
497.024,571.678,39.386,17.343
505.477,572.365,38.922,17.754
514.598,573.766,37.596,17.976
524.551,574.117,36.262,18.313
535.346,574.638,34.753,18.937
545.458,573.080,34.419,19.889
553.370,572.729,36.978,20.065
562.208,572.074,36.860,20.829
569.755,570.606,37.315,21.434
577.235,569.119,37.411,22.013
581.961,566.146,37.739,23.184
584.936,564.998,38.932,23.812
588.107,563.173,37.534,23.497
589.967,561.527,36.135,24.467
589.045,559.294,35.004,24.705
587.303,558.365,34.237,24.261
585.504,559.122,31.336,23.676
579.742,558.691,32.226,23.065
572.303,558.448,33.402,23.442
564.632,559.187,33.337,22.859
553.759,560.400,34.483,22.933
541.775,562.144,36.291,24.081
529.144,563.231,38.218,26.074
515.407,566.611,38.691,25.794
500.699,571.630,38.183,24.015
483.355,576.070,39.609,22.703
468.402,582.619,35.598,25.693
450.065,587.960,36.076,27.057
432.835,595.923,34.580,27.326
415.422,603.617,35.565,29.781
396.243,613.593,36.829,28.507
382.402,623.489,33.167,29.525
367.470,636.360,32.398,27.356
351.493,645.596,30.375,28.694
335.963,663.039,29.586,23.395
319.099,670.759,30.066,25.877
307.015,682.577,26.053,27.006
288.086,695.010,30.350,24.194
266.564,706.016,40.623,12.759
258.249,669.732,31.020,17.995
261.070,668.037,29.227,18.724
265.103,666.819,26.944,18.527
268.805,665.817,31.066,17.874
273.788,664.584,27.089,18.534
277.562,663.586,29.805,18.774
279.776,663.659,29.227,18.297
279.223,662.339,31.357,18.330
279.245,660.699,31.216,17.913
278.600,662.432,18.724,10.645
276.813,661.567,15.968,10.408
272.207,661.698,14.463,10.000
267.574,662.973,13.629,10.000
259.764,664.399,13.919,10.000
251.380,665.149,14.623,10.000
242.587,666.423,15.369,10.000
230.087,668.972,16.658,10.000
217.424,670.304,17.325,10.000
203.284,673.315,18.109,10.000
187.405,676.289,20.152,10.000
170.878,678.495,21.557,10.000
152.082,682.167,23.759,10.065
132.884,687.261,22.982,10.731
112.797,689.948,23.038,10.904
92.236,696.553,28.942,10.789
66.749,707.239,37.436,12.573
39.552,707.390,43.957,11.968
15.415,710.000,33.643,10.000
45.341,681.942,10.000,37.204
47.025,675.611,24.504,10.574
26.695,655.243,21.103,36.873
0.941,693.177,32.104,25.997
0.000,698.226,21.171,21.413
5.982,689.830,20.650,29.685
734.000,628.000,48.000,30.000
749.940,617.299,47.144,28.818
763.073,607.572,43.386,28.948
773.968,600.452,42.408,26.212
783.776,591.705,37.338,28.824
791.220,584.590,34.205,28.394
793.127,578.402,35.393,28.202
797.228,571.792,33.164,28.653
796.069,567.819,33.497,26.053
793.410,563.820,34.527,26.550
789.008,560.373,34.726,26.487
783.973,557.321,34.482,26.792
776.375,555.155,32.468,27.647
765.835,554.391,33.377,25.753
753.954,555.697,34.237,24.379
742.290,555.469,32.554,25.707
729.784,557.645,31.800,25.417
717.398,560.887,31.252,23.952
702.374,563.398,31.421,24.267
687.322,567.091,33.650,23.932
673.579,571.016,34.274,22.583
658.724,574.408,35.634,22.971
645.706,577.782,38.027,22.724
633.079,580.172,37.307,23.966
621.958,583.030,37.279,24.372
611.300,585.168,36.863,23.001
602.106,588.416,38.103,21.656
596.535,590.500,34.920,21.056
592.675,591.976,33.807,20.720
588.845,594.276,32.876,20.203
589.259,594.805,32.048,20.602
588.486,594.080,33.234,20.250
590.223,594.632,35.898,19.874
590.723,593.114,39.075,19.430
595.434,591.946,40.369,19.768
603.521,589.732,40.305,20.068
613.979,585.908,39.749,20.986
624.801,583.983,38.009,21.065
637.931,580.658,35.928,20.986
652.098,579.375,34.612,19.975
669.298,577.166,32.876,20.097
681.924,574.076,34.522,19.580
697.260,572.160,34.077,20.030
710.412,570.094,35.193,20.485
723.956,568.180,36.252,21.449
734.182,566.018,39.276,21.851
747.149,564.312,37.779,22.077
757.857,562.932,38.763,22.399
767.203,561.499,36.303,22.785
772.937,560.474,35.862,22.805
779.592,560.601,34.517,22.666
781.891,559.944,32.216,23.084
783.307,561.361,31.641,21.901
783.962,561.918,29.960,22.536
779.796,562.989,32.360,22.111
775.047,563.607,32.277,23.712
767.031,566.245,33.039,23.322
759.178,568.605,33.337,23.532
751.257,571.779,33.634,22.950
740.284,575.354,33.953,22.971
729.471,578.940,33.617,23.532
718.920,584.318,34.426,22.159
708.591,588.512,31.151,23.988
696.873,592.748,30.870,25.533
687.096,599.692,28.886,24.985
675.498,605.485,28.850,23.340
667.656,613.305,30.175,21.279
654.323,620.117,31.075,21.125
644.921,624.703,34.162,23.444
634.400,632.148,35.244,22.697
626.702,637.736,36.612,23.325
619.957,643.487,39.917,23.938
615.662,650.494,35.358,23.324
614.586,656.345,32.964,23.529
610.506,662.451,33.393,23.756
611.035,668.620,31.938,23.120
612.445,674.673,31.353,22.302
616.191,681.581,32.452,21.370
621.069,686.274,33.248,23.120
625.200,693.725,34.927,20.545
630.507,698.541,37.873,19.990
638.616,702.927,40.091,16.603
649.452,707.743,38.759,12.257
662.625,710.000,38.343,10.000
676.224,710.000,24.265,10.000
671.464,710.000,33.501,10.000
674.999,709.780,30.244,10.000
680.772,705.851,28.364,11.206
685.337,702.701,26.185,11.094
686.107,698.376,28.649,11.287
690.815,694.403,28.598,11.490
690.762,690.397,31.625,11.248
696.424,685.870,28.134,12.888
697.933,682.030,30.777,12.788
702.637,679.419,29.615,11.886
705.050,675.211,30.377,12.128
709.954,670.991,27.426,12.288
709.192,668.139,33.502,11.402
715.391,664.237,31.379,12.449
715.433,660.736,34.577,12.326
721.636,657.349,30.725,12.249
721.742,653.056,33.713,12.447
725.225,649.844,32.775,11.568
731.195,645.210,28.874,12.018
846.000,620.000,34.000,28.000
832.977,613.778,36.846,26.673
821.649,606.566,36.684,27.104
809.242,597.564,36.848,30.495
794.980,593.497,37.549,28.837
781.794,586.389,36.252,28.394
766.557,578.129,36.719,32.782
750.427,574.633,36.645,31.013
735.253,570.825,34.442,29.310
719.370,566.590,35.090,29.135
701.441,560.283,36.370,30.415
684.970,556.319,35.595,29.897
667.641,553.770,41.417,27.982
652.918,551.108,42.012,28.442
639.434,548.432,41.165,31.638
624.038,548.728,42.941,29.885
610.644,549.551,45.815,30.615
604.061,551.052,41.496,29.865
596.101,553.006,41.334,30.894
588.798,555.291,40.060,29.544
584.320,558.603,38.176,28.994
582.762,561.571,37.673,29.562
579.746,564.822,40.555,29.562
577.355,567.643,45.198,26.701
580.206,569.451,47.840,27.466
583.526,570.707,50.558,25.460
591.300,573.281,50.641,24.420
599.480,571.666,52.337,27.791
612.102,571.478,51.740,29.238
626.968,569.397,48.150,32.152
642.112,574.328,49.558,25.846
659.759,571.835,45.095,26.149
677.198,569.032,42.594,27.752
688.761,565.304,48.945,27.338
700.733,562.427,52.432,26.914
716.298,554.281,53.556,31.046
721.171,547.899,59.644,35.032
738.085,540.331,50.716,36.527
744.923,534.881,50.801,34.531
749.901,528.111,49.669,34.541
750.985,523.209,46.918,34.462
749.960,517.406,44.941,34.391
748.087,511.996,41.259,32.485
739.963,507.501,47.431,32.503
734.672,502.096,45.922,32.801
726.963,496.178,46.121,33.869
718.765,490.682,49.474,34.202
709.907,485.744,49.937,33.677
701.282,481.535,49.937,32.686
690.998,478.185,49.759,31.687
683.504,474.700,48.440,33.009
675.148,474.076,48.424,32.016
668.298,470.878,46.712,33.355
660.591,469.771,46.712,32.485
653.434,469.313,48.384,32.152
648.619,469.898,49.084,30.193
643.038,468.508,49.151,30.815
637.101,466.357,48.384,34.259
629.410,467.505,52.594,30.578
620.672,467.008,53.479,30.766
608.924,464.941,57.160,32.616
602.281,464.287,57.205,32.454
593.843,464.590,59.023,32.021
585.490,463.540,59.973,32.032
577.794,462.299,60.046,32.400
573.196,459.551,54.897,33.116
572.758,457.802,53.208,31.993
572.290,454.699,52.648,31.473
572.032,449.643,54.958,32.290
573.219,443.215,59.011,33.817
575.503,434.872,63.398,36.445
579.589,425.868,66.618,37.268
588.586,417.788,67.734,39.220
599.153,409.750,70.933,40.592
611.603,402.619,73.889,39.902
629.245,394.762,75.357,39.151
648.385,385.220,74.593,45.367
667.964,382.959,71.683,42.311
690.097,382.446,70.534,35.488
711.187,381.689,80.139,31.070
733.547,372.912,67.634,40.320
759.627,369.548,59.908,40.253
775.686,370.358,59.228,40.405
791.475,370.461,58.927,41.083
808.719,371.785,57.553,41.785
821.136,376.318,56.567,38.927
830.986,378.477,57.275,35.926
840.140,379.688,57.086,37.602
846.072,382.485,61.039,41.964
851.915,384.781,63.977,40.417
856.656,387.437,64.496,39.392
860.711,390.358,65.077,39.309
864.206,393.155,64.383,38.386
866.134,396.221,64.011,37.431
867.646,400.033,62.163,35.886
865.541,404.551,62.307,34.510
864.035,405.801,61.318,35.172
862.779,409.244,59.457,34.055
859.461,411.324,58.169,34.217
857.116,413.031,56.413,35.370
853.892,415.852,54.175,34.027
849.401,418.066,51.282,33.213
842.573,420.389,52.980,32.801
836.231,422.922,50.710,31.746
829.934,425.425,50.096,30.444
821.367,428.709,50.422,28.745
813.284,430.377,49.673,26.941
806.132,432.670,47.725,26.767
799.378,432.891,46.999,26.468
791.977,435.328,43.616,24.862
785.060,435.609,41.799,24.432
780.923,436.043,37.715,24.460
774.941,438.142,38.449,23.070
768.473,436.170,34.637,25.393
752.634,440.473,37.444,20.181
744.722,439.833,24.982,19.535
735.665,439.939,20.213,18.655
721.501,443.764,23.100,15.413
706.438,443.221,29.351,15.778
694.043,441.665,35.296,16.930
680.364,439.492,32.013,20.345
667.825,438.483,33.904,21.383
655.819,437.451,32.848,23.772
643.276,438.356,33.000,24.876
631.242,439.518,32.676,24.450
615.816,440.565,34.730,24.237
601.809,442.617,36.990,23.470
587.602,445.380,38.841,23.553
573.489,446.018,39.829,24.999
560.558,449.560,40.787,25.095
549.191,452.375,42.005,25.997
538.790,455.992,42.049,25.283
531.308,459.393,39.778,25.427
523.791,463.078,38.867,26.253
518.189,467.176,39.700,26.253
515.212,472.239,39.345,24.582
514.499,476.776,38.894,23.637
512.281,479.989,40.463,24.107
513.065,484.289,43.647,23.699
515.271,488.136,45.689,22.780
519.516,490.357,47.539,23.087
526.319,494.781,47.571,22.555
535.974,496.417,45.563,22.715
547.656,497.321,45.108,24.264
557.236,498.009,46.174,23.819
572.804,497.677,43.912,25.416
587.856,496.039,42.231,26.344
604.011,494.866,41.628,25.875
619.939,492.616,41.007,26.545
635.555,489.843,42.393,26.611
647.230,485.927,43.222,28.027
658.966,482.922,44.822,27.454
669.386,479.509,43.379,27.650
678.281,474.281,41.512,27.744
683.389,470.805,39.324,28.234
685.153,467.024,39.550,27.886
685.900,463.202,38.722,27.678
681.997,458.299,39.909,26.934
678.510,454.135,36.516,26.941
671.996,450.335,34.856,27.356
662.441,447.451,38.087,26.487
650.493,443.150,40.532,26.573
638.007,440.390,41.007,24.300
622.678,436.340,41.931,24.142
607.530,431.314,44.118,25.101
591.782,426.771,45.181,24.065
578.978,421.173,43.648,24.498
566.922,416.711,41.089,24.902
555.707,411.617,39.764,25.549
542.548,407.295,38.931,26.125
530.254,404.798,37.907,23.564
518.172,400.552,38.539,23.532
504.997,398.396,38.739,22.880
495.312,396.990,38.659,21.731
482.494,394.799,40.968,21.645
472.663,392.775,42.201,20.350
462.124,392.797,42.206,17.532
452.092,390.875,43.622,17.503
445.195,390.409,44.200,17.436
437.264,388.818,44.262,17.313
430.687,388.257,45.810,17.436
425.306,387.165,45.851,15.740
422.082,386.823,44.950,17.505
417.198,386.983,44.770,18.315
416.169,386.591,42.629,18.064
412.718,387.183,41.868,18.768
409.458,387.975,43.357,19.107
406.300,387.547,43.580,19.266
402.847,388.998,43.116,19.672
398.945,390.581,43.487,19.139
394.808,391.969,44.682,19.672
391.253,394.423,44.231,20.121
388.936,396.019,44.482,21.311
384.628,398.983,47.268,20.842
383.491,402.660,46.139,21.179
381.789,405.433,45.824,21.305
380.251,408.331,48.649,23.262
380.601,413.141,46.868,21.273
379.195,417.361,50.508,22.554
383.290,422.379,48.644,21.839
386.248,428.056,50.526,21.888
389.658,433.637,48.934,23.395
394.804,438.327,49.597,25.309
399.286,445.298,51.927,23.300
406.060,451.345,51.406,24.442
412.796,456.392,51.643,25.218
420.992,463.198,52.154,24.300
428.827,469.625,53.294,24.966
439.041,476.265,53.974,24.394
448.280,483.276,55.289,23.737
460.401,487.819,53.749,25.315
467.508,494.998,58.785,25.395
480.307,501.957,59.007,24.967
489.242,508.278,61.169,23.805
498.089,512.450,66.665,25.258
510.373,519.218,62.236,24.762
523.708,523.616,61.730,24.897
535.488,528.133,63.695,24.740
546.098,532.469,68.643,25.055
562.649,536.111,64.938,24.331
574.835,538.414,63.791,25.612
588.497,542.062,64.265,24.231
602.845,543.033,64.891,24.739
617.169,544.047,63.707,24.243
635.903,545.023,57.383,23.791
650.083,543.296,55.009,25.469
662.880,544.475,50.425,24.462
678.147,544.574,45.143,24.264
687.678,540.538,44.710,26.813
694.388,538.299,46.588,27.605
700.177,534.597,46.895,29.895
705.391,532.286,48.324,28.364
710.546,529.697,47.853,28.697
714.049,525.933,47.257,29.219
717.776,523.771,45.170,28.697
719.615,521.799,43.087,27.129
718.817,518.710,44.479,26.865
718.388,512.255,42.069,30.248
719.106,511.284,38.486,29.401
716.806,510.789,37.008,27.284
715.588,508.871,37.587,26.573
711.828,505.957,38.691,26.366
708.442,504.413,40.596,27.406
704.943,503.033,42.499,26.612
702.218,500.807,44.775,28.904
701.122,501.140,48.552,27.518
699.292,499.162,58.829,28.385
696.629,499.736,66.863,26.991
696.809,499.114,40.140,27.724
695.026,498.631,35.126,26.344
692.693,498.743,33.872,25.145
690.549,498.790,33.947,25.928
688.115,499.014,34.527,25.360
683.472,498.955,37.028,25.360
679.404,499.575,39.749,24.243
674.829,499.503,40.333,24.575
670.224,498.301,39.206,24.771
664.376,497.305,40.895,25.013
657.418,495.404,42.069,25.421
652.698,494.091,40.761,24.509
647.222,492.750,40.406,23.761
643.171,490.363,40.010,23.014
638.336,487.039,36.923,24.595
633.131,483.902,39.042,23.970
628.593,480.935,41.226,24.797
624.169,478.606,42.901,23.756
618.214,475.756,45.271,22.731
614.585,471.441,46.141,24.780
611.054,469.272,48.576,24.696
614.204,466.739,48.049,23.572
618.913,464.073,46.598,24.515
624.864,462.996,43.678,25.037
632.465,461.276,43.845,24.883
639.085,460.744,38.456,25.349
646.119,459.349,40.958,25.263
652.078,460.106,44.205,25.684
656.960,460.522,44.505,24.987
661.314,459.877,48.934,26.411
666.548,459.828,47.112,26.653
671.137,463.139,40.703,25.218
675.033,470.004,38.913,19.424
683.704,471.352,39.070,16.563
687.370,473.715,33.626,16.022
691.761,475.166,36.939,18.377
695.313,474.059,33.197,19.697
699.391,472.881,31.070,23.805
700.367,471.534,31.353,27.100
699.421,475.017,32.952,22.475
700.412,476.221,32.280,23.883
700.528,478.526,31.656,24.708
700.332,478.890,31.096,23.868
695.868,483.136,33.480,22.901
694.506,486.035,30.485,19.546
690.481,490.121,32.111,20.198
686.484,491.750,34.289,18.573
681.650,493.357,35.570,19.250
676.586,488.958,33.249,27.366
669.422,490.777,35.773,26.875
662.859,492.021,38.769,26.513
658.496,493.404,38.526,25.684
658.597,495.404,34.730,25.276
656.556,493.576,33.039,26.253
649.995,495.133,34.768,24.202
644.494,494.708,34.474,24.114
641.130,494.347,35.340,23.908
635.915,494.888,36.288,21.890
631.957,492.097,37.874,24.251
626.909,490.490,37.961,23.497
620.197,489.392,37.579,23.172
610.293,485.083,35.242,25.419
598.859,481.765,40.940,25.633
589.219,478.778,41.751,25.428
577.590,477.468,42.465,24.509
566.567,474.765,42.661,24.582
553.040,472.099,42.011,24.582
540.682,469.548,41.430,24.393
530.406,467.017,41.237,24.204
519.512,464.825,39.453,24.460
506.910,462.985,40.145,23.324
494.002,459.695,42.825,27.135
479.983,458.596,45.096,26.934
466.322,460.437,46.083,25.493
452.361,461.310,49.360,23.748
440.307,461.807,49.002,24.946
427.269,464.405,50.075,24.862
417.073,466.039,49.299,25.857
406.241,468.881,48.287,27.827
392.365,470.588,47.211,30.885
378.926,475.239,48.678,30.233
370.293,482.574,47.533,28.504
361.039,489.200,42.275,24.580
351.717,494.973,43.237,26.394
343.741,503.135,43.066,27.010
335.941,511.568,42.902,27.208
327.580,519.690,47.220,27.619
320.144,528.639,47.656,28.289
315.072,539.181,49.417,26.841
311.077,547.415,49.081,27.681
308.446,558.516,49.975,26.653
307.506,566.658,51.345,28.265
306.007,575.662,53.806,29.773
309.875,584.106,54.204,28.914
314.229,592.199,53.530,29.907
317.960,599.018,51.063,28.672
322.922,607.654,51.308,27.195
328.540,615.623,59.580,24.687
337.761,620.417,61.169,24.729
348.445,621.778,59.388,27.704
358.325,627.394,57.323,25.685
369.653,627.834,61.092,28.889
382.106,630.274,60.279,26.546
397.426,632.191,58.875,25.209
413.992,631.924,58.387,25.278
428.086,631.774,58.857,24.267
443.524,629.917,59.310,23.496
465.450,626.957,56.953,24.087
483.417,624.391,59.406,23.926
505.340,620.190,57.333,24.021
523.496,616.249,59.406,22.957
545.870,608.848,57.231,24.358
563.905,604.144,61.156,22.436
586.954,595.461,56.425,23.777
609.725,586.318,52.064,26.326
630.241,578.163,49.940,24.374
652.620,567.519,45.873,27.384
670.300,559.616,45.605,25.289
685.891,548.584,48.780,26.465
700.124,538.333,47.184,27.230
708.084,531.634,44.086,24.060
720.166,524.135,47.446,23.788
725.857,511.920,48.084,38.629
733.975,504.320,44.829,27.348
741.295,498.667,39.006,26.662
742.342,493.542,40.333,26.523
741.145,488.061,38.009,25.558
739.764,484.144,36.268,25.950
735.316,480.259,36.672,25.535
731.071,478.875,34.765,23.259
725.243,477.673,34.502,22.640
715.376,477.003,37.147,23.084
705.379,475.913,35.949,23.199
695.268,476.138,37.371,22.863
686.620,477.854,35.586,23.119
675.878,478.828,35.725,21.976
668.530,481.224,33.182,22.611
657.827,482.405,32.576,22.726
647.070,484.716,32.280,23.719
635.668,488.136,31.151,23.377
625.094,491.612,32.902,23.286
614.004,494.815,31.540,23.932
602.480,499.022,33.347,24.047
591.552,503.974,34.730,23.952
583.036,508.755,34.701,23.386
572.785,514.688,36.270,24.180
565.441,519.396,35.004,23.990
559.325,524.834,32.902,22.167
554.347,530.410,32.226,21.647
550.999,535.242,32.929,21.688
548.462,538.538,31.260,21.143
549.355,541.845,29.112,21.641
551.634,547.461,29.406,20.766
553.113,550.861,30.012,20.305
554.896,554.031,35.262,19.265
561.286,556.257,36.243,20.433
568.721,558.785,36.642,19.248
576.551,560.273,34.311,18.734
586.511,561.884,24.492,16.532
597.258,562.249,27.189,18.194
610.007,563.154,35.262,17.720
623.936,563.710,33.067,17.259
639.028,562.974,31.120,17.961
652.830,562.640,32.934,18.724
665.595,560.497,33.517,20.110
678.503,557.909,36.002,21.591
688.604,556.715,36.698,20.954
699.124,554.698,37.093,22.045
706.395,552.776,36.876,23.242
713.263,551.116,35.949,23.435
718.068,549.371,35.820,23.938
721.634,546.996,33.411,26.032
723.995,546.731,31.817,24.261
723.880,545.246,30.255,25.493
721.751,544.378,29.247,25.605
718.435,544.799,29.715,24.982
711.972,545.022,31.081,23.065
703.417,545.965,30.849,26.581
693.183,546.945,32.849,27.786
682.611,549.700,33.655,26.512
672.665,550.110,33.377,26.593
660.299,554.282,33.377,24.372
649.144,556.918,33.827,24.162
637.523,560.888,33.827,23.587
627.077,564.711,31.034,23.742
615.548,568.893,29.881,22.901
602.335,572.938,30.885,22.954
590.104,577.777,31.153,23.926
576.185,581.982,32.356,24.047
565.246,588.234,32.944,23.868
553.680,593.159,34.256,24.420
542.722,599.508,34.469,25.533
531.859,605.548,37.147,25.062
524.097,611.864,35.688,25.043
517.449,619.943,25.333,29.235
522.427,625.509,21.974,26.446
520.458,622.913,25.281,37.412
503.075,638.828,32.256,28.410
502.908,650.042,32.285,24.229
502.803,658.403,31.880,24.204
