0.00000000,0.00000000
0.96008680,0.00000000
0.95163781,0.00000000
0.91703545,0.00000000
0.91342962,0.00000000
0.89867825,0.00000000
0.89356612,0.00000000
0.88725345,0.00000000
0.93397179,0.00000000
0.91198437,0.00000000
0.91595109,0.00000000
0.95572424,0.00000000
0.95634618,0.00000000
0.96176421,0.00000000
0.95313700,0.00000000
0.98472178,0.00000000
0.96164009,0.00000000
0.94528718,0.00000000
0.94230893,0.00000000
0.94051003,0.00000000
0.94681881,0.00000000
0.95844590,0.00000000
0.96598332,0.00000000
0.96898791,0.00000000
0.96745403,0.00000000
0.91870676,0.00000000
0.94959966,0.00000000
0.97011360,0.00000000
0.97230897,0.00000000
0.94737557,0.00000000
0.94306337,0.00000000
0.92606325,0.00000000
0.91088138,0.00000000
0.93728645,0.00000000
0.92205652,0.00000000
0.92946054,0.00000000
0.89783832,0.00000000
0.95375418,0.00000000
0.97589868,0.00000000
0.91935373,0.00000000
0.91516347,0.00000000
0.89981516,0.00000000
0.97582552,0.00000000
0.96373134,0.00000000
0.94218708,0.00000000
0.93723362,0.00000000
0.93510127,0.00000000
0.90571472,0.00000000
0.92758067,0.00000000
0.92862348,0.00000000
0.93965024,0.00000000
0.92450306,0.00000000
0.88814562,0.00000000
0.87664152,0.00000000
0.87271790,0.00000000
0.87755498,0.00000000
0.85417492,0.00000000
0.96723805,0.00000000
0.92963427,0.00000000
0.98625012,0.00000000
0.84671485,0.00000000
0.98392745,0.00000000
0.92339101,0.00000000
0.91771202,0.00000000
0.94200380,0.00000000
0.93983144,0.00000000
0.92393969,0.00000000
0.92579400,0.00000000
0.94748293,0.00000000
0.96667606,0.00000000
0.95078324,0.00000000
0.95631860,0.00000000
0.95797858,0.00000000
0.93656773,0.00000000
0.93190052,0.00000000
0.95254740,0.00000000
0.95073078,0.00000000
0.95902440,0.00000000
0.92352958,0.00000000
0.93901980,0.00000000
0.93134094,0.00000000
0.96048669,0.00000000
0.92628803,0.00000000
0.92531348,0.00000000
0.89593383,0.00000000
0.92609439,0.00000000
0.86694472,0.00000000
0.82649800,0.00000000
0.78668279,0.00000000
0.94918454,0.00000000
0.77219804,0.00000000
0.79776562,0.00000000
0.74193969,0.00000000
0.82024499,0.00000000
0.78753336,0.00000000
0.95138618,0.00000000
0.89029744,0.00000000
0.71620500,0.00000000
0.89641199,0.00000000
0.74311758,0.00000000
0.85014465,0.00000000
0.78531304,0.00000000
0.76336156,0.00000000
0.84046514,0.00000000
0.65991859,0.00000000
0.63772860,0.00000000
0.60389451,0.00000000
0.60057842,0.00000000
0.60328571,0.00000000
0.62282066,0.00000000
0.56712430,0.00000000
0.56242552,0.00000000
0.58420669,0.00000000
0.94201368,0.00000000
0.94611926,0.00000000
0.94068925,0.00000000
0.97032689,0.00000000
0.91840370,0.00000000
0.88187421,0.00000000
0.93975145,0.00000000
0.92758425,0.00000000
0.95242909,0.00000000
0.95021540,0.00000000
0.95821062,0.00000000
0.96290464,0.00000000
0.92362203,0.00000000
0.96276101,0.00000000
0.96975157,0.00000000
0.95734592,0.00000000
0.93812255,0.00000000
0.91288500,0.00000000
0.93201213,0.00000000
0.95475678,0.00000000
0.90948710,0.00000000
0.92378820,0.00000000
0.94264406,0.00000000
0.92807301,0.00000000
0.97210895,0.00000000
0.93574710,0.00000000
0.93720931,0.00000000
0.93752529,0.00000000
0.89697674,0.00000000
0.96042448,0.00000000
0.95896891,0.00000000
0.93762129,0.00000000
0.96281006,0.00000000
0.94967351,0.00000000
0.94509327,0.00000000
0.96547143,0.00000000
0.96418087,0.00000000
0.96286539,0.00000000
0.97265047,0.00000000
0.92862524,0.00000000
0.95986169,0.00000000
0.94803394,0.00000000
0.95136052,0.00000000
0.93724843,0.00000000
0.89097553,0.00000000
0.90328724,0.00000000
0.87707699,0.00000000
0.91070186,0.00000000
0.98227314,0.00000000
0.94749220,0.00000000
0.91179143,0.00000000
0.96331843,0.00000000
0.91888620,0.00000000
0.94415391,0.00000000
0.95767336,0.00000000
0.95707726,0.00000000
0.98378630,0.00000000
0.95324697,0.00000000
0.95502208,0.00000000
0.95929495,0.00000000
0.95662132,0.00000000
0.95476051,0.00000000
0.95841468,0.00000000
0.94217698,0.00000000
0.95219763,0.00000000
0.96067063,0.00000000
0.92677106,0.00000000
0.96782420,0.00000000
0.94981075,0.00000000
0.94749719,0.00000000
0.93845256,0.00000000
0.95442639,0.00000000
0.94991368,0.00000000
0.93880320,0.00000000
0.94122551,0.00000000
0.93747324,0.00000000
0.92843464,0.00000000
0.96019470,0.00000000
0.95132756,0.00000000
0.95563950,0.00000000
0.96673446,0.00000000
0.95331033,0.00000000
0.93189044,0.00000000
0.94202595,0.00000000
0.97243875,0.00000000
0.96307439,0.00000000
0.93056647,0.00000000
0.94342365,0.00000000
0.95416941,0.00000000
0.93200303,0.00000000
0.94165945,0.00000000
0.96679116,0.00000000
0.97688279,0.00000000
0.96046643,0.00000000
0.94712697,0.00000000
0.96170689,0.00000000
0.94109354,0.00000000
0.94569108,0.00000000
0.91711816,0.00000000
0.91208010,0.00000000
0.93333842,0.00000000
0.94107727,0.00000000
0.96785948,0.00000000
0.96503425,0.00000000
0.98719728,0.00000000
0.92340773,0.00000000
0.92039114,0.00000000
0.92760808,0.00000000
0.97401224,0.00000000
0.95262197,0.00000000
0.91869242,0.00000000
0.90746756,0.00000000
0.91826253,0.00000000
0.95068435,0.00000000
0.94182982,0.00000000
0.97947201,0.00000000
0.94334781,0.00000000
0.95448005,0.00000000
0.97858698,0.00000000
0.95493263,0.00000000
0.97374867,0.00000000
0.98380180,0.00000000
0.98202791,0.00000000
0.96237702,0.00000000
0.96627630,0.00000000
0.97152893,0.00000000
0.95979645,0.00000000
0.95788083,0.00000000
0.97113060,0.00000000
0.94931601,0.00000000
0.96196268,0.00000000
0.95837282,0.00000000
0.90684979,0.00000000
0.94866132,0.00000000
0.94713068,0.00000000
0.91792003,0.00000000
0.95413898,0.00000000
0.96128036,0.00000000
0.97692862,0.00000000
0.94511110,0.00000000
0.94022824,0.00000000
0.93951628,0.00000000
0.82762444,0.00000000
0.88802301,0.00000000
0.93751373,0.00000000
0.88220432,0.00000000
0.96936518,0.00000000
0.76642660,0.00000000
0.92964941,0.00000000
0.95368964,0.00000000
0.94655438,0.00000000
0.87940847,0.00000000
0.86870716,0.00000000
0.82715342,0.00000000
0.89911744,0.00000000
0.88981751,0.00000000
0.88456596,0.00000000
0.88496548,0.00000000
0.80467390,0.00000000
0.82945132,0.00000000
0.92906745,0.00000000
0.81018986,0.00000000
0.67485260,0.00000000
0.73762771,0.00000000
0.61545864,0.00000000
0.76341112,0.00000000
0.68606256,0.00000000
0.87329158,0.00000000
0.93249345,0.00000000
0.94230395,0.00000000
0.96406812,0.00000000
0.89146972,0.00000000
0.95393245,0.00000000
0.92989207,0.00000000
0.87399319,0.00000000
0.91980846,0.00000000
0.89367827,0.00000000
0.92309718,0.00000000
0.74663822,0.00000000
0.93316768,0.00000000
0.92235392,0.00000000
0.90736214,0.00000000
0.85390302,0.00000000
0.91493970,0.00000000
0.93667972,0.00000000
0.76432189,0.00000000
0.83531919,0.00000000
0.68084279,0.00000000
0.76156343,0.00000000
0.84930397,0.00000000
0.83030805,0.00000000
0.82327795,0.00000000
0.82371702,0.00000000
0.90207091,0.00000000
0.84683702,0.00000000
0.81248037,0.00000000
0.82626159,0.00000000
0.89753304,0.00000000
0.75688462,0.00000000
0.72151407,0.00000000
0.82074441,0.00000000
0.76001662,0.00000000
0.80327991,0.00000000
0.84569674,0.00000000
0.86554755,0.00000000
0.81641071,0.00000000
0.84728029,0.00000000
0.85625475,0.00000000
0.84135217,0.00000000
0.80070140,0.00000000
0.90136833,0.00000000
0.76201642,0.00000000
0.88829566,0.00000000
0.88748860,0.00000000
0.81665790,0.00000000
0.84910742,0.00000000
0.87773401,0.00000000
0.75236637,0.00000000
0.78660547,0.00000000
0.79569918,0.00000000
0.75922520,0.00000000
0.81911735,0.00000000
0.79530365,0.00000000
0.83360793,0.00000000
0.80099505,0.00000000
0.81108237,0.00000000
0.80428907,0.00000000
0.83314372,0.00000000
0.73998542,0.00000000
0.77200851,0.00000000
0.77908202,0.00000000
0.71011974,0.00000000
0.71319965,0.00000000
0.71097520,0.00000000
0.68885384,0.00000000
0.70059178,0.00000000
0.72457300,0.00000000
0.73808033,0.00000000
0.80084873,0.00000000
0.76970168,0.00000000
0.69389513,0.00000000
0.81476058,0.00000000
0.80191529,0.00000000
0.81739927,0.00000000
0.80140067,0.00000000
0.77403516,0.00000000
0.77839330,0.00000000
0.85153926,0.00000000
0.84208472,0.00000000
0.79306391,0.00000000
0.86537036,0.00000000
0.72881290,0.00000000
0.90716827,0.00000000
0.83241356,0.00000000
0.83393308,0.00000000
0.81248070,0.00000000
0.87989489,0.00000000
0.83394448,0.00000000
0.70242484,0.00000000
0.57116415,0.00000000
0.68144871,0.00000000
0.59331982,0.00000000
0.72247253,0.00000000
0.76299126,0.00000000
0.76734649,0.00000000
0.76560986,0.00000000
0.80212831,0.00000000
0.80278274,0.00000000
0.69665730,0.00000000
0.77659774,0.00000000
0.77789836,0.00000000
0.82784058,0.00000000
0.91744722,0.00000000
0.91494336,0.00000000
0.93201790,0.00000000
0.88295191,0.00000000
0.93260449,0.00000000
0.95295412,0.00000000
0.91160900,0.00000000
0.92794888,0.00000000
0.74031952,0.00000000
0.84979257,0.00000000
0.69413634,0.00000000
0.81042469,0.00000000
0.93534310,0.00000000
0.96430250,0.00000000
0.95114762,0.00000000
0.95987479,0.00000000
0.89965519,0.00000000
0.96309209,0.00000000
0.92103623,0.00000000
0.90310016,0.00000000
0.88046749,0.00000000
0.69534187,0.00000000
0.82762004,0.00000000
0.86073504,0.00000000
0.87694529,0.00000000
0.81320685,0.00000000
0.89782279,0.00000000
0.90506247,0.00000000
0.83847758,0.00000000
0.62071461,0.00000000
0.52180810,0.00000000
0.70097755,0.00000000
0.91024900,0.00000000
0.91605141,0.00000000
0.79368389,0.00000000
0.87606694,0.00000000
0.84660583,0.00000000
0.87193219,0.00000000
0.75571907,0.00000000
0.86842808,0.00000000
0.95542005,0.00000000
0.86595961,0.00000000
0.70377408,0.00000000
0.93534559,0.00000000
0.78095177,0.00000000
0.86221759,0.00000000
0.75362820,0.00000000
0.82023823,0.00000000
0.82645937,0.00000000
0.42944028,0.00000000
0.62009620,0.00000000
0.65075582,0.00000000
0.60861431,0.00000000
0.39112213,0.00000000
0.46193149,0.00000000
0.49079863,0.00000000
0.37557832,0.00000000
0.55580535,0.00000000
0.76104467,0.00000000
0.83000678,0.00000000
0.79144224,0.00000000
0.85168131,0.00000000
0.84015301,0.00000000
0.62052012,0.00000000
0.81437200,0.00000000
0.72405678,0.00000000
0.77888244,0.00000000
0.88689949,0.00000000
0.87653529,0.00000000
0.74743996,0.00000000
0.67298462,0.00000000
0.79458903,0.00000000
0.75733080,0.00000000
0.81215594,0.00000000
0.71358228,0.00000000
0.65907964,0.00000000
0.49342275,0.00000000
0.51642131,0.00000000
0.53969056,0.00000000
0.52448500,0.00000000
0.52833063,0.00000000
0.57650737,0.00000000
0.47906400,0.00000000
0.58897917,0.00000000
0.51505161,0.00000000
0.51590925,0.00000000
0.53263541,0.00000000
0.47807677,0.00000000
0.07667514,0.00000000
0.63186670,0.00000000
0.34666486,0.00000000
0.59699216,0.00000000
0.68812450,0.00000000
0.60210490,0.00000000
0.66952938,0.00000000
0.74332702,0.00000000
0.74472086,0.00000000
0.75661667,0.00000000
0.71292421,0.00000000
0.76142214,0.00000000
0.50514533,0.00000000
0.91290063,0.00000000
0.82947164,0.00000000
0.82125788,0.00000000
0.70599746,0.00000000
0.75387922,0.00000000
0.73019882,0.00000000
0.63562025,0.00000000
0.43012957,0.00000000
0.55504794,0.00000000
0.57392098,0.00000000
0.76988508,0.00000000
0.54478405,0.00000000
0.40101451,0.00000000
0.49000192,0.00000000
0.49786413,0.00000000
0.43148318,0.00000000
0.67858553,0.00000000
0.64282091,0.00000000
0.65806543,0.00000000
0.58627664,0.00000000
0.67731324,0.00000000
0.82788177,0.00000000
0.28593070,0.00000000
0.37337010,0.00000000
0.50594867,0.00000000
0.00000000,0.00000000
0.00000000,0.00000000
0.01714120,0.00000000
0.00000000,0.00000000
0.00000000,0.00000000
0.00000000,0.00000000
0.00000000,0.00000000
0.00000000,0.00000000
0.00000000,0.00000000
0.00000000,0.00000000
0.00000000,0.00000000
0.00000000,0.00000000
0.00000000,0.00000000
0.00000000,0.00000000
0.00000000,0.00000000
0.00000000,0.00000000
0.00000000,0.00000000
0.00000000,0.00000000
0.00000000,0.00000000
0.00000000,0.00000000
0.00000000,0.00000000
0.00000000,0.00000000
0.00000000,0.00000000
0.00000000,0.00000000
0.00000000,0.00000000
0.00000000,0.00000000
0.00000000,0.00000000
0.00000000,0.00000000
0.00000000,0.00000000
0.00000000,0.00000000
0.00000000,0.00000000
0.00000000,0.00000000
0.00000000,0.00000000
0.00000000,0.00000000
0.00000000,0.00000000
0.00000000,0.00000000
0.00000000,0.00000000
0.00000000,0.00000000
0.00000000,0.00000000
0.00000000,0.00000000
0.00000000,0.00000000
0.00000000,0.00000000
0.00000000,0.00000000
0.00000000,0.00000000
0.00000000,0.00000000
0.00000000,0.00000000
0.00000000,0.00000000
0.00000000,0.00000000
0.00000000,0.00000000
0.00000000,0.00000000
0.00000000,0.00000000
0.00000000,0.00000000
0.00000000,0.00000000
0.00000000,0.00000000
0.00000000,0.00000000
0.00000000,0.00000000
0.00000000,0.00000000
0.00000000,0.00000000
0.00000000,0.00000000
0.00000000,0.00000000
0.00000000,0.00000000
0.00000000,0.00000000
0.93438377,0.00000000
0.89560768,0.00000000
0.89037340,0.00000000
0.98074768,0.00000000
0.92525475,0.00000000
0.91348711,0.00000000
0.73056044,0.00000000
0.95592382,0.00000000
0.87545214,0.00000000
0.92698105,0.00000000
0.94382476,0.00000000
0.78974990,0.00000000
0.71947534,0.00000000
0.90199022,0.00000000
0.92130181,0.00000000
0.78115861,0.00000000
0.88343490,0.00000000
0.92251878,0.00000000
0.83632826,0.00000000
0.80245123,0.00000000
0.83666161,0.00000000
0.96104166,0.00000000
0.94238342,0.00000000
0.94706643,0.00000000
0.93281311,0.00000000
0.89558988,0.00000000
0.97172367,0.00000000
0.91530637,0.00000000
0.92215187,0.00000000
0.85337011,0.00000000
0.76001378,0.00000000
0.80410240,0.00000000
0.89917805,0.00000000
0.87495731,0.00000000
0.83752497,0.00000000
0.77409529,0.00000000
0.84873596,0.00000000
0.73395124,0.00000000
0.71524704,0.00000000
0.76653185,0.00000000
0.71519170,0.00000000
0.70154178,0.00000000
0.92695493,0.00000000
0.77746672,0.00000000
0.59110721,0.00000000
0.83399247,0.00000000
0.69345387,0.00000000
0.81290613,0.00000000
0.69579794,0.00000000
0.74005279,0.00000000
0.71877781,0.00000000
0.69956345,0.00000000
0.63885094,0.00000000
0.74053267,0.00000000
0.71607653,0.00000000
0.49328300,0.00000000
0.70924451,0.00000000
0.71312389,0.00000000
0.64164074,0.00000000
0.75250674,0.00000000
0.52870922,0.00000000
0.60236035,0.00000000
0.62245906,0.00000000
0.71320679,0.00000000
0.51296688,0.00000000
0.65937534,0.00000000
0.71692225,0.00000000
0.68242283,0.00000000
0.57810554,0.00000000
0.57273289,0.00000000
0.63269424,0.00000000
0.69019110,0.00000000
0.88969047,0.00000000
0.86511007,0.00000000
0.83772437,0.00000000
0.85393250,0.00000000
0.86461139,0.00000000
0.78975262,0.00000000
0.81827980,0.00000000
0.91168814,0.00000000
0.86546883,0.00000000
0.81337121,0.00000000
0.82036693,0.00000000
0.81666641,0.00000000
0.82023817,0.00000000
0.83910410,0.00000000
0.80292707,0.00000000
0.79153178,0.00000000
0.73876286,0.00000000
0.78481007,0.00000000
0.80769434,0.00000000
0.76561305,0.00000000
0.82761474,0.00000000
0.82315352,0.00000000
0.81298743,0.00000000
0.81530476,0.00000000
0.85139762,0.00000000
0.76414253,0.00000000
0.73588312,0.00000000
0.74352798,0.00000000
0.78581900,0.00000000
0.76575556,0.00000000
0.81261597,0.00000000
0.86603297,0.00000000
0.83269298,0.00000000
0.84188878,0.00000000
0.83846913,0.00000000
0.79551162,0.00000000
0.82978258,0.00000000
0.76012250,0.00000000
0.71234336,0.00000000
0.70792550,0.00000000
0.72625336,0.00000000
0.63734037,0.00000000
0.65225855,0.00000000
0.57507800,0.00000000
0.50588892,0.00000000
0.46043271,0.00000000
0.54924037,0.00000000
0.68831901,0.00000000
0.64950875,0.00000000
0.63953826,0.00000000
0.45537526,0.00000000
0.58109290,0.00000000
0.62184772,0.00000000
0.78576760,0.00000000
0.72407023,0.00000000
0.60770784,0.00000000
0.59383054,0.00000000
0.58325385,0.00000000
0.65268317,0.00000000
0.62481047,0.00000000
0.64743078,0.00000000
0.69105973,0.00000000
0.77854874,0.00000000
0.74901680,0.00000000
0.86829981,0.00000000
0.85050367,0.00000000
0.84421201,0.00000000
0.80294789,0.00000000
0.66448335,0.00000000
0.66659107,0.00000000
0.66335500,0.00000000
0.58510591,0.00000000
0.62576028,0.00000000
0.67545997,0.00000000
0.70727720,0.00000000
0.92137685,0.00000000
0.69832357,0.00000000
0.73374337,0.00000000
0.52928822,0.00000000
0.64472402,0.00000000
0.83836973,0.00000000
0.76379852,0.00000000
0.87251259,0.00000000
0.82264729,0.00000000
0.81081588,0.00000000
0.80241825,0.00000000
0.80912481,0.00000000
0.78121459,0.00000000
0.65063282,0.00000000
0.73659653,0.00000000
0.74414016,0.00000000
0.95824791,0.00000000
0.92343515,0.00000000
0.87227089,0.00000000
0.88670275,0.00000000
0.92918484,0.00000000
0.92760171,0.00000000
0.87862866,0.00000000
0.90218519,0.00000000
0.87534904,0.00000000
0.78721860,0.00000000
0.87350060,0.00000000
0.77703908,0.00000000
0.97082542,0.00000000
0.91154399,0.00000000
0.65779164,0.00000000
0.76422853,0.00000000
0.70956790,0.00000000
0.68328476,0.00000000
0.69520376,0.00000000
0.87801487,0.00000000
0.81091834,0.00000000
0.82714286,0.00000000
0.78449841,0.00000000
0.83917353,0.00000000
0.88818183,0.00000000
0.90227045,0.00000000
0.74889618,0.00000000
0.93012660,0.00000000
0.82455356,0.00000000
0.73923937,0.00000000
0.71877970,0.00000000
0.72056861,0.00000000
0.69602995,0.00000000
0.87190163,0.00000000
0.85892414,0.00000000
0.83621800,0.00000000
0.89107991,0.00000000
0.91396152,0.00000000
0.91917783,0.00000000
0.87103633,0.00000000
0.84893325,0.00000000
0.92461097,0.00000000
0.92060294,0.00000000
0.93993350,0.00000000
0.89470234,0.00000000
0.91240048,0.00000000
0.88911854,0.00000000
0.92604091,0.00000000
0.90955151,0.00000000
0.81929932,0.00000000
0.90742336,0.00000000
0.88057373,0.00000000
0.80848882,0.00000000
0.87828915,0.00000000
0.84767814,0.00000000
0.76954046,0.00000000
0.82194138,0.00000000
0.83422106,0.00000000
0.80961955,0.00000000
0.81695929,0.00000000
0.84162515,0.00000000
0.77701200,0.00000000
0.82326234,0.00000000
0.83046816,0.00000000
0.93065293,0.00000000
0.94180609,0.00000000
0.93342248,0.00000000
0.92604818,0.00000000
0.92634223,0.00000000
0.91882252,0.00000000
0.92113155,0.00000000
0.93001228,0.00000000
0.90328203,0.00000000
0.94380355,0.00000000
0.93632194,0.00000000
0.93490320,0.00000000
0.88710812,0.00000000
0.89812866,0.00000000
0.94227773,0.00000000
0.82678681,0.00000000
0.83732542,0.00000000
0.91366969,0.00000000
0.88602846,0.00000000
0.91925836,0.00000000
0.93617249,0.00000000
0.96973784,0.00000000
0.94859187,0.00000000
0.94097866,0.00000000
0.92091061,0.00000000
0.91011861,0.00000000
0.96984303,0.00000000
0.97918544,0.00000000
0.93406224,0.00000000
0.96660434,0.00000000
0.94914879,0.00000000
0.98206310,0.00000000
0.96417426,0.00000000
0.95487633,0.00000000
0.90552295,0.00000000
0.90484746,0.00000000
0.97097545,0.00000000
0.95004555,0.00000000
0.95523876,0.00000000
0.95020573,0.00000000
0.97436443,0.00000000
0.94915878,0.00000000
0.97236174,0.00000000
0.94457652,0.00000000
0.94757487,0.00000000
0.91434582,0.00000000
0.96058303,0.00000000
0.97120404,0.00000000
0.92719438,0.00000000
0.88542500,0.00000000
0.88937860,0.00000000
0.92049304,0.00000000
0.78613550,0.00000000
0.81090177,0.00000000
0.82095896,0.00000000
0.89630864,0.00000000
0.64797127,0.00000000
0.85128534,0.00000000
0.87363679,0.00000000
0.89952243,0.00000000
0.89061427,0.00000000
0.91479610,0.00000000
0.93389783,0.00000000
0.97881071,0.00000000
0.93667852,0.00000000
0.95466115,0.00000000
0.88603655,0.00000000
0.96630026,0.00000000
0.87539304,0.00000000
0.86107084,0.00000000
0.87703163,0.00000000
0.89632804,0.00000000
0.90467484,0.00000000
0.88153002,0.00000000
0.88397098,0.00000000
0.93711750,0.00000000
0.94482401,0.00000000
0.91116822,0.00000000
0.94596115,0.00000000
0.97542344,0.00000000
0.93598435,0.00000000
0.92455928,0.00000000
0.94409165,0.00000000
0.93704305,0.00000000
0.95552572,0.00000000
0.90881348,0.00000000
0.93779209,0.00000000
0.90573713,0.00000000
0.95696230,0.00000000
0.86961491,0.00000000
0.95638608,0.00000000
0.93664962,0.00000000
0.94581225,0.00000000
0.97819581,0.00000000
0.97020809,0.00000000
0.94095843,0.00000000
0.89706299,0.00000000
0.95818534,0.00000000
0.89860712,0.00000000
0.85757972,0.00000000
0.86959508,0.00000000
0.71928111,0.00000000
0.96123620,0.00000000
0.88475815,0.00000000
0.81351210,0.00000000
0.67308758,0.00000000
0.77411268,0.00000000
0.88616114,0.00000000
0.82409778,0.00000000
0.81471006,0.00000000
0.81723694,0.00000000
0.79586629,0.00000000
0.92281974,0.00000000
0.50197053,0.00000000
0.56613023,0.00000000
0.66015503,0.00000000
0.93841672,0.00000000
0.80586754,0.00000000
0.71449000,0.00000000
0.80438898,0.00000000
0.85497628,0.00000000
0.89570877,0.00000000
0.75636870,0.00000000
0.56875930,0.00000000
0.61010939,0.00000000
0.67319840,0.00000000
0.50432563,0.00000000
0.73171178,0.00000000
0.79025086,0.00000000
0.64963476,0.00000000
0.86821900,0.00000000
0.67420336,0.00000000
0.76458126,0.00000000
0.80827910,0.00000000
0.80525248,0.00000000
0.88255049,0.00000000
0.80341507,0.00000000
0.43451121,0.00000000
0.52680970,0.00000000
0.56487982,0.00000000
0.75614558,0.00000000
0.64974348,0.00000000
0.52018118,0.00000000
0.35011845,0.00000000
0.33287464,0.00000000
0.40657089,0.00000000
0.74908673,0.00000000
0.79779389,0.00000000
0.81474355,0.00000000
0.77342164,0.00000000
0.78367411,0.00000000
0.60526910,0.00000000
0.66054550,0.00000000
0.76463944,0.00000000
0.67341741,0.00000000
0.68180253,0.00000000
0.72651449,0.00000000
0.70937125,0.00000000
0.75653529,0.00000000
0.72521415,0.00000000
0.87250138,0.00000000
0.74070644,0.00000000
0.87081384,0.00000000
0.79744070,0.00000000
0.88761779,0.00000000
0.75140161,0.00000000
0.72268572,0.00000000
0.72220270,0.00000000
0.77409158,0.00000000
0.67215532,0.00000000
0.70776294,0.00000000
0.71224182,0.00000000
0.68387843,0.00000000
0.81258910,0.00000000
0.84327524,0.00000000
0.77842007,0.00000000
0.70040315,0.00000000
0.65907577,0.00000000
0.75636387,0.00000000
0.69627783,0.00000000
0.81337549,0.00000000
0.81416325,0.00000000
0.80635229,0.00000000
0.77692506,0.00000000
0.80327848,0.00000000
0.77063259,0.00000000
0.82265950,0.00000000
0.83262313,0.00000000
0.87189871,0.00000000
0.81614731,0.00000000
0.85187928,0.00000000
0.83855119,0.00000000
0.75726979,0.00000000
0.83707884,0.00000000
0.89642144,0.00000000
0.92257480,0.00000000
0.69760069,0.00000000
0.76939454,0.00000000
0.73539046,0.00000000
0.70705497,0.00000000
0.70060237,0.00000000
0.65415084,0.00000000
0.65870567,0.00000000
0.93510699,0.00000000
0.84080466,0.00000000
0.75876926,0.00000000
0.69715862,0.00000000
0.59637151,0.00000000
0.86783888,0.00000000
0.87467843,0.00000000
0.91622152,0.00000000
0.75710674,0.00000000
0.75200397,0.00000000
0.88655008,0.00000000
0.87587369,0.00000000
0.66628508,0.00000000
0.89320138,0.00000000
0.86090419,0.00000000
0.75265041,0.00000000
0.68109775,0.00000000
0.83507007,0.00000000
0.75424785,0.00000000
0.66275927,0.00000000
0.78436859,0.00000000
0.69037717,0.00000000
0.65398512,0.00000000
0.67599266,0.00000000
0.67144733,0.00000000
0.42405218,0.00000000
0.20614706,0.00000000
0.14413787,0.00000000
0.00000000,0.00000000
0.00000000,0.00000000
0.00000000,0.00000000
0.00000000,0.00000000
0.00000000,0.00000000
0.00000000,0.00000000
0.00000000,0.00000000
0.00000000,0.00000000
0.00000000,0.00000000
0.00000000,0.00000000
0.00000000,0.00000000
0.00000000,0.00000000
0.00000000,0.00000000
0.00000000,0.00000000
0.00000000,0.00000000
0.00000000,0.00000000
0.00000000,0.00000000
0.00000000,0.00000000
0.00000000,0.00000000
0.00000000,0.00000000
0.00000000,0.00000000
0.00000000,0.00000000
0.00000000,0.00000000
0.00000000,0.00000000
0.00000000,0.00000000
0.00000000,0.00000000
0.00000000,0.00000000
0.00000000,0.00000000
0.00000000,0.00000000
0.00000000,0.00000000
0.00000000,0.00000000
0.00000000,0.00000000
0.00000000,0.00000000
0.00000000,0.00000000
0.00000000,0.00000000
0.00000000,0.00000000
0.00000000,0.00000000
0.00000000,0.00000000
0.00000000,0.00000000
0.00000000,0.00000000
0.00000000,0.00000000
0.00000000,0.00000000
0.00000000,0.00000000
0.00000000,0.00000000
0.00000000,0.00000000
0.00000000,0.00000000
0.00000000,0.00000000
0.00000000,0.00000000
0.00000000,0.00000000
0.00000000,0.00000000
0.00000000,0.00000000
0.00000000,0.00000000
0.00000000,0.00000000
0.00000000,0.00000000
0.00000000,0.00000000
0.00000000,0.00000000
0.00000000,0.00000000
0.00000000,0.00000000
0.00000000,0.00000000
0.00000000,0.00000000
0.00000000,0.00000000
0.00000000,0.00000000
0.00000000,0.00000000
0.00000000,0.00000000
0.00000000,0.00000000
0.00000000,0.00000000
0.00000000,0.00000000
0.00000000,0.00000000
0.00000000,0.00000000
0.00000000,0.00000000
0.00000000,0.00000000
0.00000000,0.00000000
0.00000000,0.00000000
0.00000000,0.00000000
0.00000000,0.00000000
0.00000000,0.00000000
0.00000000,0.00000000
0.00000000,0.00000000
0.00000000,0.00000000
0.00000000,0.00000000
0.00000000,0.00000000
0.00000000,0.00000000
0.00000000,0.00000000
0.00000000,0.00000000
0.00000000,0.00000000
0.00000000,0.00000000
0.00000000,0.00000000
0.00000000,0.00000000
0.00000000,0.00000000
0.00000000,0.00000000
0.00000000,0.00000000
0.00000000,0.00000000
0.00000000,0.00000000
0.00000000,0.00000000
0.00000000,0.00000000
0.00000000,0.00000000
0.00000000,0.00000000
0.00000000,0.00000000
0.00000000,0.00000000
0.00000000,0.00000000
0.00000000,0.00000000
0.00000000,0.00000000
0.00000000,0.00000000
0.00000000,0.00000000
0.00000000,0.00000000
0.00000000,0.00000000
0.00000000,0.00000000
0.00000000,0.00000000
0.00000000,0.00000000
0.00000000,0.00000000
0.00000000,0.00000000
0.00000000,0.00000000
0.00000000,0.00000000
0.00000000,0.00000000
0.00000000,0.00000000
0.00000000,0.00000000
0.00000000,0.00000000
0.00000000,0.00000000
0.00000000,0.00000000
0.00000000,0.00000000
0.00000000,0.00000000
0.00000000,0.00000000
0.00000000,0.00000000
0.00000000,0.00000000
0.00000000,0.00000000
0.00000000,0.00000000
0.00000000,0.00000000
0.00000000,0.00000000
0.00000000,0.00000000
0.00000000,0.00000000
0.00000000,0.00000000
0.00000000,0.00000000
0.00000000,0.00000000
0.00000000,0.00000000
0.00000000,0.00000000
0.00000000,0.00000000
0.00000000,0.00000000
0.00000000,0.00000000
0.00000000,0.00000000
0.00000000,0.00000000
0.00000000,0.00000000
0.00000000,0.00000000
0.00000000,0.00000000
0.00000000,0.00000000
0.00000000,0.00000000
0.00000000,0.00000000
0.00000000,0.00000000
0.00000000,0.00000000
0.00000000,0.00000000
0.00000000,0.00000000
0.00000000,0.00000000
0.00000000,0.00000000
0.00000000,0.00000000
0.00000000,0.00000000
0.00000000,0.00000000
0.00000000,0.00000000
0.00000000,0.00000000
0.00000000,0.00000000
0.00000000,0.00000000
0.00000000,0.00000000
0.00000000,0.00000000
0.00000000,0.00000000
0.00000000,0.00000000
0.00000000,0.00000000
0.00000000,0.00000000
0.00000000,0.00000000
0.00000000,0.00000000
0.00000000,0.00000000
0.00000000,0.00000000
0.00000000,0.00000000
0.00000000,0.00000000
0.00000000,0.00000000
0.00000000,0.00000000
0.00000000,0.00000000
0.00000000,0.00000000
0.00000000,0.00000000
0.00000000,0.00000000
0.00000000,0.00000000
0.00000000,0.00000000
0.00000000,0.00000000
0.00000000,0.00000000
0.00000000,0.00000000
0.00000000,0.00000000
0.00000000,0.00000000
0.00000000,0.00000000
0.00000000,0.00000000
0.00000000,0.00000000
0.00000000,0.00000000
0.00000000,0.00000000
0.00000000,0.00000000
0.00000000,0.00000000
0.85714286,0.00000000
0.84050318,0.00000000
0.92643656,0.00000000
0.78478328,0.00000000
0.91073818,0.00000000
0.79133168,0.00000000
0.83144810,0.00000000
0.85935805,0.00000000
0.89260252,0.00000000
0.86467437,0.00000000
0.86319811,0.00000000
0.75711949,0.00000000
0.78507448,0.00000000
0.71240385,0.00000000
0.75781334,0.00000000
0.81052929,0.00000000
0.74505147,0.00000000
0.66861468,0.00000000
0.62857011,0.00000000
0.71415493,0.00000000
0.72291250,0.00000000
0.75779272,0.00000000
0.76079634,0.00000000
0.57551451,0.00000000
0.50369903,0.00000000
0.90778578,0.00000000
0.78176761,0.00000000
0.70541716,0.00000000
0.59901730,0.00000000
0.51379499,0.00000000
0.68363133,0.00000000
0.50293203,0.00000000
0.63223293,0.00000000
0.22955897,0.00000000
0.21331040,0.00000000
0.15328606,0.00000000
0.67181899,0.00000000
0.40097864,0.00000000
0.01355324,0.00000000
0.00000000,0.00000000
0.00000000,0.00000000
0.00000000,0.00000000
0.00000000,0.00000000
0.00000000,0.00000000
0.00000000,0.00000000
0.00000000,0.00000000
0.00000000,0.00000000
0.00000000,0.00000000
0.00000000,0.00000000
0.00000000,0.00000000
0.00000000,0.00000000
0.00000000,0.00000000
0.00000000,0.00000000
0.00000000,0.00000000
0.00000000,0.00000000
0.00000000,0.00000000
0.00000000,0.00000000
0.00000000,0.00000000
0.00000000,0.00000000
0.00000000,0.00000000
0.00000000,0.00000000
0.00000000,0.00000000
0.00000000,0.00000000
0.00000000,0.00000000
0.00000000,0.00000000
0.00000000,0.00000000
0.00000000,0.00000000
0.00000000,0.00000000
0.00000000,0.00000000
0.00000000,0.00000000
0.00000000,0.00000000
0.89374065,0.00000000
0.82410033,0.00000000
0.82815296,0.00000000
0.86258769,0.00000000
0.87994892,0.00000000
0.77478216,0.00000000
0.77895433,0.00000000
0.75850230,0.00000000
0.92008482,0.00000000
0.92262198,0.00000000
0.86228421,0.00000000
0.74320050,0.00000000
0.92870096,0.00000000
0.88090470,0.00000000
0.94646004,0.00000000
0.86691793,0.00000000
0.82972684,0.00000000
0.78251785,0.00000000
0.81537337,0.00000000
0.80081812,0.00000000
0.83549290,0.00000000
0.89753130,0.00000000
0.92392633,0.00000000
0.87488562,0.00000000
0.74180240,0.00000000
0.96271649,0.00000000
0.91109814,0.00000000
0.79945202,0.00000000
0.61060910,0.00000000
0.83634507,0.00000000
0.69979873,0.00000000
0.64261000,0.00000000
0.62893974,0.00000000
0.52001402,0.00000000
0.84852710,0.00000000
0.86088243,0.00000000
0.91166157,0.00000000
0.75247199,0.00000000
0.87189597,0.00000000
0.83986078,0.00000000
0.92512580,0.00000000
0.90103834,0.00000000
0.74106225,0.00000000
0.56891043,0.00000000
0.89201090,0.00000000
0.93822832,0.00000000
0.85612601,0.00000000
0.73250826,0.00000000
0.81161739,0.00000000
0.83407658,0.00000000
0.68782628,0.00000000
0.78869633,0.00000000
0.63745538,0.00000000
0.62346897,0.00000000
0.86583915,0.00000000
0.95329760,0.00000000
0.66016126,0.00000000
0.70974090,0.00000000
0.69251282,0.00000000
0.75506321,0.00000000
0.70759416,0.00000000
0.82706814,0.00000000
0.58873119,0.00000000
0.66656359,0.00000000
0.88840834,0.00000000
0.89565291,0.00000000
0.79996547,0.00000000
0.76369163,0.00000000
0.65603330,0.00000000
0.62007317,0.00000000
0.55740434,0.00000000
0.59006598,0.00000000
0.62767732,0.00000000
0.63362006,0.00000000
0.50365888,0.00000000
0.55294311,0.00000000
0.46644627,0.00000000
0.44744769,0.00000000
0.45842275,0.00000000
0.42387637,0.00000000
0.46136709,0.00000000
0.43074549,0.00000000
0.34544237,0.00000000
0.86234201,0.00000000
0.81547246,0.00000000
0.88353324,0.00000000
0.87591744,0.00000000
0.78575517,0.00000000
0.89258331,0.00000000
0.79495223,0.00000000
0.86333742,0.00000000
0.80464263,0.00000000
0.86665475,0.00000000
0.82353993,0.00000000
0.95043673,0.00000000
0.77983721,0.00000000
0.81236481,0.00000000
0.76727818,0.00000000
0.72167875,0.00000000
0.66012755,0.00000000
0.70993449,0.00000000
0.64408802,0.00000000
0.57014699,0.00000000
0.51050124,0.00000000
0.61617782,0.00000000
0.73816384,0.00000000
0.86697532,0.00000000
0.95717125,0.00000000
0.93522148,0.00000000
0.95255566,0.00000000
0.88349123,0.00000000
0.96142332,0.00000000
0.68427541,0.00000000
0.77665845,0.00000000
0.79986219,0.00000000
0.77790166,0.00000000
0.80767854,0.00000000
0.78679520,0.00000000
0.80651141,0.00000000
0.92172965,0.00000000
0.95971505,0.00000000
0.82336065,0.00000000
0.87371784,0.00000000
0.72780757,0.00000000
0.79446898,0.00000000
0.46013297,0.00000000
0.51362208,0.00000000
0.32942776,0.00000000
0.37653145,0.00000000
0.28476172,0.00000000
0.33527478,0.00000000
0.49931742,0.00000000
0.61935395,0.00000000
0.56095744,0.00000000
0.38294713,0.00000000
0.44473424,0.00000000
0.37610251,0.00000000
0.32368086,0.00000000
0.66212070,0.00000000
0.70332371,0.00000000
0.55212169,0.00000000
0.72381177,0.00000000
0.72327030,0.00000000
0.69330822,0.00000000
0.85981759,0.00000000
0.85981632,0.00000000
0.88636879,0.00000000
0.89501286,0.00000000
0.71668521,0.00000000
0.78070701,0.00000000
0.79575000,0.00000000
0.59085545,0.00000000
0.64329517,0.00000000
0.61913026,0.00000000
0.69283255,0.00000000
0.57705353,0.00000000
0.66764618,0.00000000
0.62071763,0.00000000
0.60055733,0.00000000
0.71926558,0.00000000
0.62353724,0.00000000
0.55047567,0.00000000
0.59061331,0.00000000
0.54617189,0.00000000
0.68331033,0.00000000
0.66151499,0.00000000
0.63560579,0.00000000
0.60661907,0.00000000
0.59932953,0.00000000
0.55999663,0.00000000
0.51225002,0.00000000
0.55342766,0.00000000
0.87821684,0.00000000
0.76283805,0.00000000
0.54631009,0.00000000
0.45567672,0.00000000
0.61606429,0.00000000
0.77973790,0.00000000
0.79397113,0.00000000
0.72111285,0.00000000
0.52190505,0.00000000
0.56322738,0.00000000
0.43092201,0.00000000
0.51420992,0.00000000
0.48255077,0.00000000
0.61227951,0.00000000
0.68770408,0.00000000
0.78344510,0.00000000
0.69813114,0.00000000
0.61650601,0.00000000
0.65004760,0.00000000
0.83880596,0.00000000
0.72467945,0.00000000
0.54641062,0.00000000
0.86507996,0.00000000
0.80714962,0.00000000
0.62100823,0.00000000
0.80024830,0.00000000
0.72611371,0.00000000
0.68566744,0.00000000
0.68214014,0.00000000
0.76240784,0.00000000
0.69445685,0.00000000
0.85590568,0.00000000
0.83623938,0.00000000
0.00000000,0.00000000
0.00000000,0.00000000
0.00000000,0.00000000
0.13521458,0.00000000
0.21508296,0.00000000
0.14339933,0.00000000
0.24226051,0.00000000
0.40272991,0.00000000
0.44544429,0.00000000
0.49250185,0.00000000
0.63812395,0.00000000
0.79596254,0.00000000
0.72204712,0.00000000
0.70649008,0.00000000
0.67790450,0.00000000
0.69338036,0.00000000
0.60499298,0.00000000
0.48392915,0.00000000
0.53413657,0.00000000
0.47597530,0.00000000
0.52566770,0.00000000
0.52501373,0.00000000
0.54364647,0.00000000
0.82975150,0.00000000
0.82006457,0.00000000
0.81400081,0.00000000
0.73844742,0.00000000
0.82537330,0.00000000
0.82133126,0.00000000
0.55317671,0.00000000
0.88131988,0.00000000
0.58866431,0.00000000
0.00000000,0.00000000
0.40488369,0.00000000
0.67789670,0.00000000
0.79143737,0.00000000
0.00000000,0.00000000
0.00000000,0.00000000
0.00000000,0.00000000
0.00000000,0.00000000
0.00000000,0.00000000
0.00000000,0.00000000
0.00000000,0.00000000
0.00000000,0.00000000
0.00000000,0.00000000
0.00000000,0.00000000
0.00000000,0.00000000
0.00000000,0.00000000
0.00000000,0.00000000
0.00000000,0.00000000
0.00000000,0.00000000
0.00000000,0.00000000
0.00000000,0.00000000
0.00000000,0.00000000
0.00000000,0.00000000
0.00000000,0.00000000
0.00000000,0.00000000
0.00000000,0.00000000
0.00000000,0.00000000
0.00000000,0.00000000
0.00000000,0.00000000
0.00000000,0.00000000
0.00000000,0.00000000
0.00000000,0.00000000
0.00000000,0.00000000
0.00000000,0.00000000
0.00000000,0.00000000
0.00000000,0.00000000
0.00000000,0.00000000
0.00000000,0.00000000
0.00000000,0.00000000
0.00000000,0.00000000
0.00000000,0.00000000
0.00000000,0.00000000
0.00000000,0.00000000
0.00000000,0.00000000
0.00000000,0.00000000
0.00000000,0.00000000
0.00000000,0.00000000
0.00000000,0.00000000
0.00000000,0.00000000
0.00000000,0.00000000
0.00000000,0.00000000
0.00000000,0.00000000
0.00000000,0.00000000
0.00000000,0.00000000
0.00000000,0.00000000
0.00000000,0.00000000
0.00000000,0.00000000
0.00000000,0.00000000
0.00000000,0.00000000
0.00000000,0.00000000
0.00000000,0.00000000
0.00000000,0.00000000
0.00000000,0.00000000
0.00000000,0.00000000
0.00000000,0.00000000
0.00000000,0.00000000
0.00000000,0.00000000
0.00000000,0.00000000
0.00000000,0.00000000
0.00000000,0.00000000
0.00000000,0.00000000
0.00000000,0.00000000
0.00000000,0.00000000
0.00000000,0.00000000
0.00000000,0.00000000
0.00000000,0.00000000
0.00000000,0.00000000
0.00000000,0.00000000
0.00000000,0.00000000
0.00000000,0.00000000
0.00000000,0.00000000
0.00000000,0.00000000
0.00000000,0.00000000
0.00000000,0.00000000
0.00000000,0.00000000
0.00000000,0.00000000
0.00000000,0.00000000
0.50633170,0.00000000
0.86692643,0.00000000
0.71952327,0.00000000
0.66154972,0.00000000
0.90368082,0.00000000
0.87594835,0.00000000
0.85273269,0.00000000
0.91903174,0.00000000
0.84261068,0.00000000
0.73504179,0.00000000
0.95865223,0.00000000
0.78144346,0.00000000
0.94613242,0.00000000
0.88887387,0.00000000
0.86954775,0.00000000
0.89410146,0.00000000
0.90404798,0.00000000
0.88889912,0.00000000
0.90684256,0.00000000
0.89950928,0.00000000
0.93946682,0.00000000
0.96743910,0.00000000
0.95217111,0.00000000
0.95607391,0.00000000
0.97794081,0.00000000
0.96583281,0.00000000
0.94309420,0.00000000
0.96462571,0.00000000
0.91543700,0.00000000
0.97075175,0.00000000
0.90457256,0.00000000
0.88723833,0.00000000
0.94261675,0.00000000
0.91513959,0.00000000
0.90482183,0.00000000
0.92072228,0.00000000
0.96298707,0.00000000
0.96532619,0.00000000
0.95008620,0.00000000
0.94421031,0.00000000
0.94353264,0.00000000
0.95251751,0.00000000
0.94878187,0.00000000
0.97673008,0.00000000
0.93808953,0.00000000
0.92513254,0.00000000
0.88875826,0.00000000
0.89631036,0.00000000
0.94572429,0.00000000
0.92686635,0.00000000
0.93419910,0.00000000
0.93988879,0.00000000
0.94040835,0.00000000
0.93929756,0.00000000
0.94830453,0.00000000
0.76506259,0.00000000
0.88798233,0.00000000
0.92308166,0.00000000
0.79522048,0.00000000
0.92580796,0.00000000
0.95495666,0.00000000
0.95078834,0.00000000
0.94309951,0.00000000
0.90137215,0.00000000
0.87656165,0.00000000
0.92923918,0.00000000
0.95075395,0.00000000
0.87252623,0.00000000
0.88427336,0.00000000
0.84708855,0.00000000
0.93708716,0.00000000
0.79122719,0.00000000
0.59254901,0.00000000
0.88592841,0.00000000
0.92180151,0.00000000
0.98909850,0.00000000
0.92542245,0.00000000
0.89735159,0.00000000
0.95724511,0.00000000
0.93992072,0.00000000
0.95241037,0.00000000
0.85643331,0.00000000
0.89434889,0.00000000
0.89065117,0.00000000
0.89788500,0.00000000
0.91498265,0.00000000
0.90692110,0.00000000
0.93523775,0.00000000
0.93173742,0.00000000
0.92259526,0.00000000
0.88601127,0.00000000
0.85197159,0.00000000
0.90212033,0.00000000
0.90572141,0.00000000
0.93722000,0.00000000
0.91959709,0.00000000
0.94266230,0.00000000
0.92127078,0.00000000
0.83256632,0.00000000
0.94200887,0.00000000
0.94998028,0.00000000
0.93769815,0.00000000
0.85647508,0.00000000
0.92998225,0.00000000
0.84884062,0.00000000
0.85177043,0.00000000
0.74542400,0.00000000
0.69821789,0.00000000
0.71529019,0.00000000
0.73782891,0.00000000
0.95783095,0.00000000
0.95013556,0.00000000
0.90657595,0.00000000
0.90692027,0.00000000
0.95569878,0.00000000
0.94432677,0.00000000
0.91262408,0.00000000
0.94675444,0.00000000
0.96771854,0.00000000
0.98451362,0.00000000
0.94949766,0.00000000
0.96217341,0.00000000
0.95969112,0.00000000
0.94095131,0.00000000
0.92189146,0.00000000
0.93306770,0.00000000
0.89523878,0.00000000
0.88387371,0.00000000
0.89884838,0.00000000
0.90862006,0.00000000
0.89825122,0.00000000
0.93616046,0.00000000
0.90936621,0.00000000
0.95567744,0.00000000
0.90395574,0.00000000
0.93187134,0.00000000
0.90518369,0.00000000
0.90003040,0.00000000
0.98971959,0.00000000
0.94174677,0.00000000
0.94083694,0.00000000
0.94372272,0.00000000
0.96045893,0.00000000
0.92691469,0.00000000
0.93896151,0.00000000
0.94201253,0.00000000
0.90654269,0.00000000
0.93317806,0.00000000
0.94970596,0.00000000
0.96639573,0.00000000
0.96859650,0.00000000
0.93477441,0.00000000
0.92959733,0.00000000
0.88758597,0.00000000
0.89448848,0.00000000
0.95628428,0.00000000
0.89753156,0.00000000
0.91128423,0.00000000
0.93080290,0.00000000
0.91672607,0.00000000
0.90200998,0.00000000
0.89647211,0.00000000
0.90947928,0.00000000
0.90477285,0.00000000
0.93943465,0.00000000
0.96280984,0.00000000
0.78322992,0.00000000
0.67524410,0.00000000
0.84848702,0.00000000
0.79542427,0.00000000
0.72967447,0.00000000
0.64044305,0.00000000
0.88899816,0.00000000
0.89335883,0.00000000
0.86920494,0.00000000
0.89318516,0.00000000
0.87998122,0.00000000
0.84814679,0.00000000
0.77429740,0.00000000
0.92989985,0.00000000
0.94586155,0.00000000
0.96311443,0.00000000
0.92917105,0.00000000
0.85808496,0.00000000
0.80674936,0.00000000
0.88902240,0.00000000
0.84312794,0.00000000
0.93905800,0.00000000
0.96713203,0.00000000
0.95197960,0.00000000
0.91093800,0.00000000
0.95978177,0.00000000
0.95742537,0.00000000
0.92554413,0.00000000
0.95523535,0.00000000
0.95024141,0.00000000
0.94288190,0.00000000
0.92637162,0.00000000
0.89860334,0.00000000
0.86676882,0.00000000
0.88229303,0.00000000
0.80449098,0.00000000
0.86920294,0.00000000
0.86797299,0.00000000
0.88277453,0.00000000
0.94974502,0.00000000
0.91914834,0.00000000
0.94447251,0.00000000
0.89277831,0.00000000
0.96060814,0.00000000
0.94699934,0.00000000
0.95668958,0.00000000
0.93902155,0.00000000
0.98231485,0.00000000
0.98257126,0.00000000
0.94795339,0.00000000
0.95123971,0.00000000
0.98342689,0.00000000
0.98807556,0.00000000
0.95461924,0.00000000
0.93924773,0.00000000
0.96781088,0.00000000
0.98282668,0.00000000
0.95042692,0.00000000
0.97392277,0.00000000
0.95257959,0.00000000
0.92336807,0.00000000
0.94594475,0.00000000
0.93571051,0.00000000
0.94377639,0.00000000
0.91525355,0.00000000
0.91607002,0.00000000
0.94293129,0.00000000
0.94836371,0.00000000
0.91382994,0.00000000
0.91134522,0.00000000
0.91164539,0.00000000
0.93945553,0.00000000
0.91936151,0.00000000
0.95801326,0.00000000
0.93725385,0.00000000
0.89055962,0.00000000
0.92525257,0.00000000
0.97802167,0.00000000
0.94471908,0.00000000
0.96680329,0.00000000
0.94473374,0.00000000
0.93536484,0.00000000
0.97189167,0.00000000
0.94216672,0.00000000
0.92774941,0.00000000
0.94844641,0.00000000
0.92195462,0.00000000
0.84369000,0.00000000
0.86759193,0.00000000
0.95822256,0.00000000
0.95864693,0.00000000
0.93076654,0.00000000
0.84592157,0.00000000
0.98042745,0.00000000
0.92962589,0.00000000
0.89947364,0.00000000
0.92756848,0.00000000
0.93802627,0.00000000
0.93488102,0.00000000
0.89023054,0.00000000
0.86540825,0.00000000
0.92884655,0.00000000
0.91944704,0.00000000
0.91738453,0.00000000
0.96638926,0.00000000
0.92594422,0.00000000
0.93652670,0.00000000
0.96108036,0.00000000
0.92738569,0.00000000
0.92665894,0.00000000
0.89112910,0.00000000
0.88754861,0.00000000
0.91609835,0.00000000
0.93764634,0.00000000
0.99085223,0.00000000
0.97528993,0.00000000
0.95891984,0.00000000
0.87488932,0.00000000
0.94939789,0.00000000
0.91168061,0.00000000
0.98863715,0.00000000
0.93964570,0.00000000
0.91161279,0.00000000
0.92757154,0.00000000
0.91048334,0.00000000
0.93093559,0.00000000
0.96893307,0.00000000
0.91494034,0.00000000
0.89757946,0.00000000
0.92278274,0.00000000
0.92693353,0.00000000
0.92826735,0.00000000
0.94624556,0.00000000
0.96145493,0.00000000
0.95618953,0.00000000
0.94110976,0.00000000
0.96252203,0.00000000
0.96858322,0.00000000
0.96550685,0.00000000
0.94302341,0.00000000
0.93065898,0.00000000
0.93506593,0.00000000
0.94336543,0.00000000
0.95641937,0.00000000
0.90768877,0.00000000
0.86570894,0.00000000
0.95993133,0.00000000
0.95289477,0.00000000
0.95969107,0.00000000
0.95632944,0.00000000
0.95778685,0.00000000
0.94927071,0.00000000
0.94725009,0.00000000
0.91284911,0.00000000
0.94880590,0.00000000
0.93328085,0.00000000
0.91155938,0.00000000
0.93638888,0.00000000
0.94042939,0.00000000
0.93597378,0.00000000
0.96745631,0.00000000
0.95400426,0.00000000
0.94514105,0.00000000
0.95519622,0.00000000
0.96064640,0.00000000
0.92158883,0.00000000
0.93414388,0.00000000
0.93589199,0.00000000
0.92966309,0.00000000
0.96674025,0.00000000
0.95211658,0.00000000
0.90603205,0.00000000
0.94068999,0.00000000
0.95456339,0.00000000
0.93573402,0.00000000
0.97208943,0.00000000
0.97614181,0.00000000
0.96326799,0.00000000
0.94941786,0.00000000
0.97533819,0.00000000
0.97546800,0.00000000
0.96325701,0.00000000
0.96185949,0.00000000
0.93942171,0.00000000
0.96790003,0.00000000
0.93167188,0.00000000
0.97320323,0.00000000
0.82628056,0.00000000
0.92561487,0.00000000
0.97453155,0.00000000
0.96868402,0.00000000
0.90391646,0.00000000
0.92244465,0.00000000
0.93780856,0.00000000
0.87974974,0.00000000
0.89730079,0.00000000
0.72432047,0.00000000
0.80119031,0.00000000
0.79457625,0.00000000
0.82967918,0.00000000
0.93826945,0.00000000
0.86579885,0.00000000
0.93110403,0.00000000
0.91432429,0.00000000
0.75282921,0.00000000
0.78485675,0.00000000
0.87808571,0.00000000
0.77537498,0.00000000
0.75843452,0.00000000
0.82068584,0.00000000
0.92130027,0.00000000
0.93030493,0.00000000
0.79481340,0.00000000
0.97263660,0.00000000
0.77330433,0.00000000
0.85288236,0.00000000
0.85750994,0.00000000
0.64082921,0.00000000
0.86081873,0.00000000
0.88681667,0.00000000
0.93612527,0.00000000
0.89509154,0.00000000
0.95435393,0.00000000
0.95854548,0.00000000
0.94634173,0.00000000
0.92632119,0.00000000
0.92259176,0.00000000
0.89705766,0.00000000
0.90009377,0.00000000
0.75161568,0.00000000
0.79260874,0.00000000
0.70527872,0.00000000
0.60821439,0.00000000
0.52023188,0.00000000
0.66897898,0.00000000
0.65126695,0.00000000
0.79657073,0.00000000
0.67071140,0.00000000
0.72390952,0.00000000
0.94703130,0.00000000
0.95854406,0.00000000
0.96830458,0.00000000
0.95705557,0.00000000
0.95172346,0.00000000
0.92859555,0.00000000
0.92990111,0.00000000
0.94383205,0.00000000
0.93845719,0.00000000
0.92420964,0.00000000
0.93950443,0.00000000
0.95101804,0.00000000
0.94917450,0.00000000
0.92499561,0.00000000
0.91580872,0.00000000
0.88462321,0.00000000
0.90518473,0.00000000
0.95249005,0.00000000
0.97544378,0.00000000
0.94310996,0.00000000
0.94277780,0.00000000
0.93775319,0.00000000
0.93440096,0.00000000
0.95926971,0.00000000
0.93057009,0.00000000
0.94421700,0.00000000
0.94210381,0.00000000
0.95639447,0.00000000
0.94864205,0.00000000
0.92297858,0.00000000
0.94544313,0.00000000
0.95920692,0.00000000
0.94256661,0.00000000
0.92785760,0.00000000
0.92180302,0.00000000
0.93210896,0.00000000
0.92994558,0.00000000
0.93652117,0.00000000
0.92530531,0.00000000
0.93945232,0.00000000
0.94769319,0.00000000
0.93598944,0.00000000
0.95194693,0.00000000
0.92369176,0.00000000
0.94842738,0.00000000
0.95945389,0.00000000
0.96662027,0.00000000
0.93469366,0.00000000
0.92851531,0.00000000
0.92643039,0.00000000
0.94057460,0.00000000
0.95180794,0.00000000
0.97774127,0.00000000
0.94830020,0.00000000
0.91178953,0.00000000
0.95916682,0.00000000
0.92790059,0.00000000
0.91502611,0.00000000
0.93622070,0.00000000
0.97755740,0.00000000
0.96021576,0.00000000
0.95673059,0.00000000
0.92115651,0.00000000
0.91371528,0.00000000
0.86835885,0.00000000
0.84989429,0.00000000
0.84678342,0.00000000
0.94793701,0.00000000
0.96997609,0.00000000
0.86418146,0.00000000
0.94464830,0.00000000
0.87973761,0.00000000
0.95179656,0.00000000
0.88155669,0.00000000
0.91871669,0.00000000
0.83846848,0.00000000
0.80257475,0.00000000
0.09997710,0.00000000
0.07653531,0.00000000
0.07779637,0.00000000
0.08037327,0.00000000
0.09797969,0.00000000
0.08894351,0.00000000
0.04087387,0.00000000
0.10678460,0.00000000
0.03324580,0.00000000
0.00000000,0.00000000
0.00000000,0.00000000
0.00000000,0.00000000
0.00000000,0.00000000
0.00000000,0.00000000
0.00000000,0.00000000
0.00000000,0.00000000
0.00000000,0.00000000
0.00000000,0.00000000
0.00000000,0.00000000
0.00000000,0.00000000
0.00000000,0.00000000
0.00000000,0.00000000
0.00000000,0.00000000
0.00000000,0.00000000
0.00000000,0.00000000
0.00000000,0.00000000
0.00000000,0.00000000
0.00000000,0.00000000
0.00000000,0.00000000
0.00000000,0.00000000
0.00000000,0.00000000
0.00000000,0.00000000
0.00000000,0.00000000
0.00000000,0.00000000
0.00000000,0.00000000
0.00000000,0.00000000
0.00000000,0.00000000
0.00000000,0.00000000
0.00000000,0.00000000
0.00000000,0.00000000
0.00000000,0.00000000
0.00000000,0.00000000
0.00000000,0.00000000
0.00000000,0.00000000
0.00000000,0.00000000
0.00000000,0.00000000
0.00000000,0.00000000
0.00000000,0.00000000
0.00000000,0.00000000
0.00000000,0.00000000
0.00000000,0.00000000
0.00000000,0.00000000
0.00000000,0.00000000
0.00000000,0.00000000
0.00000000,0.00000000
0.00000000,0.00000000
0.00000000,0.00000000
0.00000000,0.00000000
0.00000000,0.00000000
0.00000000,0.00000000
0.00000000,0.00000000
0.00000000,0.00000000
0.00000000,0.00000000
0.00000000,0.00000000
0.00000000,0.00000000
0.00000000,0.00000000
0.00000000,0.00000000
0.52506329,0.00000000
0.82200699,0.00000000
0.70092015,0.00000000
0.61948326,0.00000000
0.81948520,0.00000000
0.66544269,0.00000000
0.70512853,0.00000000
0.75109979,0.00000000
0.85475466,0.00000000
0.86384894,0.00000000
0.75971481,0.00000000
0.66799748,0.00000000
0.73491241,0.00000000
0.79771626,0.00000000
0.61742140,0.00000000
0.77582911,0.00000000
0.90530874,0.00000000
0.84387315,0.00000000
0.83808493,0.00000000
0.68253823,0.00000000
0.58221898,0.00000000
0.57022936,0.00000000
0.78412101,0.00000000
0.61509691,0.00000000
0.67041131,0.00000000
0.69138932,0.00000000
0.60850306,0.00000000
0.77289854,0.00000000
0.84583010,0.00000000
0.85633295,0.00000000
0.82491094,0.00000000
0.60850662,0.00000000
0.81625942,0.00000000
0.90816215,0.00000000
0.91852254,0.00000000
0.81024888,0.00000000
0.84381140,0.00000000
0.85449476,0.00000000
0.46455289,0.00000000
0.60292827,0.00000000
0.80024685,0.00000000
0.77413038,0.00000000
0.71612950,0.00000000
0.75328586,0.00000000
0.65516741,0.00000000
0.70501266,0.00000000
0.75249080,0.00000000
0.71400791,0.00000000
0.65036843,0.00000000
0.73811378,0.00000000
0.94751266,0.00000000
0.87730647,0.00000000
0.83088561,0.00000000
0.77876588,0.00000000
0.95326127,0.00000000
0.79701307,0.00000000
0.97216377,0.00000000
0.95058971,0.00000000
0.93147844,0.00000000
0.96723970,0.00000000
0.90350063,0.00000000
0.95706744,0.00000000
0.97668800,0.00000000
0.95584119,0.00000000
0.91083464,0.00000000
0.95650751,0.00000000
0.96182084,0.00000000
0.97686425,0.00000000
0.93087066,0.00000000
0.94334853,0.00000000
0.96349495,0.00000000
0.95429972,0.00000000
0.96528167,0.00000000
0.88399403,0.00000000
0.95326297,0.00000000
0.92382946,0.00000000
0.92322919,0.00000000
0.95376816,0.00000000
0.90939177,0.00000000
0.93687590,0.00000000
0.97026572,0.00000000
0.93515948,0.00000000
0.92581932,0.00000000
0.92634499,0.00000000
0.96734566,0.00000000
0.95542645,0.00000000
0.96841579,0.00000000
0.96557840,0.00000000
0.97013661,0.00000000
0.95879949,0.00000000
0.95745814,0.00000000
0.95066997,0.00000000
0.93477566,0.00000000
0.94938670,0.00000000
0.96294669,0.00000000
0.95696229,0.00000000
0.97171989,0.00000000
0.95875293,0.00000000
0.96394544,0.00000000
0.94656428,0.00000000
0.93745358,0.00000000
0.92390263,0.00000000
0.90993989,0.00000000
0.95778720,0.00000000
0.96491843,0.00000000
0.93343026,0.00000000
0.94671187,0.00000000
0.94992687,0.00000000
0.93526132,0.00000000
0.93326462,0.00000000
0.89483750,0.00000000
0.92798370,0.00000000
0.88902189,0.00000000
0.89470105,0.00000000
0.94416982,0.00000000
0.95642411,0.00000000
0.93644140,0.00000000
0.95645845,0.00000000
0.93953928,0.00000000
0.96290812,0.00000000
0.95158475,0.00000000
0.94581223,0.00000000
0.92683039,0.00000000
0.93721366,0.00000000
0.94280430,0.00000000
0.96109299,0.00000000
0.95477057,0.00000000
0.94838342,0.00000000
0.92794483,0.00000000
0.89199783,0.00000000
0.97220329,0.00000000
0.95250163,0.00000000
0.95832369,0.00000000
0.94395439,0.00000000
0.97847332,0.00000000
0.97353473,0.00000000
0.96366305,0.00000000
0.96102602,0.00000000
0.93924333,0.00000000
0.95007689,0.00000000
0.94589734,0.00000000
0.93740189,0.00000000
0.93023588,0.00000000
0.94613805,0.00000000
0.93681785,0.00000000
0.93184116,0.00000000
0.92497915,0.00000000
0.92785178,0.00000000
0.94984092,0.00000000
0.94968066,0.00000000
0.97024116,0.00000000
0.94350897,0.00000000
0.97837434,0.00000000
0.98263068,0.00000000
0.96458580,0.00000000
0.95294429,0.00000000
0.94903330,0.00000000
0.96909052,0.00000000
0.97819322,0.00000000
0.96366474,0.00000000
0.95768608,0.00000000
0.95438438,0.00000000
0.91047636,0.00000000
0.93042284,0.00000000
0.96487606,0.00000000
0.97957906,0.00000000
0.95593482,0.00000000
0.97191896,0.00000000
0.93837587,0.00000000
0.95038362,0.00000000
0.93835940,0.00000000
0.96577238,0.00000000
0.97499290,0.00000000
0.95117880,0.00000000
0.96775008,0.00000000
0.92305311,0.00000000
0.96906938,0.00000000
0.96752047,0.00000000
0.95079320,0.00000000
0.95566947,0.00000000
0.92597823,0.00000000
0.96391757,0.00000000
0.92715224,0.00000000
0.96606971,0.00000000
0.95236956,0.00000000
0.94385521,0.00000000
0.95517564,0.00000000
0.94613625,0.00000000
0.95811385,0.00000000
0.97266060,0.00000000
0.92359674,0.00000000
0.94091846,0.00000000
0.94970593,0.00000000
0.95056620,0.00000000
0.80746898,0.00000000
0.30087636,0.00000000
0.32150974,0.00000000
0.32020720,0.00000000
0.12954318,0.00000000
0.02982093,0.00000000
0.00000000,0.00000000
0.06644569,0.00000000
0.04272036,0.00000000
0.05767980,0.00000000
0.00000000,0.00000000
0.05113508,0.00000000
0.00000000,0.00000000
0.00000000,0.00000000
0.00000000,0.00000000
0.00000000,0.00000000
0.00000000,0.00000000
0.00000000,0.00000000
0.00000000,0.00000000
0.00000000,0.00000000
0.00000000,0.00000000
0.00000000,0.00000000
0.00000000,0.00000000
0.00000000,0.00000000
0.00000000,0.00000000
0.00000000,0.00000000
0.00000000,0.00000000
0.00000000,0.00000000
0.00000000,0.00000000
0.00000000,0.00000000
0.00000000,0.00000000
0.00000000,0.00000000
0.00000000,0.00000000
0.00000000,0.00000000
0.00000000,0.00000000
0.00000000,0.00000000
0.70325901,0.00000000
0.78521789,0.00000000
0.70098270,0.00000000
0.57874908,0.00000000
0.44470135,0.00000000
0.54405216,0.00000000
0.71829018,0.00000000
0.67021917,0.00000000
0.70934243,0.00000000
0.72818453,0.00000000
0.70780579,0.00000000
0.69384355,0.00000000
0.69151805,0.00000000
0.70651163,0.00000000
0.84626291,0.00000000
0.77704195,0.00000000
0.92426139,0.00000000
0.88008247,0.00000000
0.82694073,0.00000000
0.88408284,0.00000000
0.93898554,0.00000000
0.93410538,0.00000000
0.94495694,0.00000000
0.96272328,0.00000000
0.97437985,0.00000000
0.95278297,0.00000000
0.94629871,0.00000000
0.92624047,0.00000000
0.86553137,0.00000000
0.91178331,0.00000000
0.94048841,0.00000000
0.79808311,0.00000000
0.92083905,0.00000000
0.94745386,0.00000000
0.93007594,0.00000000
0.96595728,0.00000000
0.94566449,0.00000000
0.95444625,0.00000000
0.95367413,0.00000000
0.83889182,0.00000000
0.89226215,0.00000000
0.89589668,0.00000000
0.87004317,0.00000000
0.90682030,0.00000000
0.78326373,0.00000000
0.84116353,0.00000000
0.77132339,0.00000000
0.95221864,0.00000000
0.90884639,0.00000000
0.75845160,0.00000000
0.87899350,0.00000000
0.87711371,0.00000000
0.81264166,0.00000000
0.96880912,0.00000000
0.78264753,0.00000000
0.91576352,0.00000000
0.83715768,0.00000000
0.78849158,0.00000000
0.81466558,0.00000000
0.80847190,0.00000000
0.79914258,0.00000000
0.79065010,0.00000000
0.74837422,0.00000000
0.91993833,0.00000000
0.95842488,0.00000000
0.69632861,0.00000000
0.72696833,0.00000000
0.82208321,0.00000000
0.90900182,0.00000000
0.81029429,0.00000000
0.92940146,0.00000000
0.93950763,0.00000000
0.55355042,0.00000000
0.95133148,0.00000000
0.92875216,0.00000000
0.93161432,0.00000000
0.95589831,0.00000000
0.93163467,0.00000000
0.88270812,0.00000000
0.93263660,0.00000000
0.86877533,0.00000000
0.87769822,0.00000000
0.84288490,0.00000000
0.91383494,0.00000000
0.90060385,0.00000000
0.90956540,0.00000000
0.92486783,0.00000000
0.93983634,0.00000000
0.89357623,0.00000000
0.89292273,0.00000000
0.93659902,0.00000000
0.95623201,0.00000000
0.94262102,0.00000000
0.95306177,0.00000000
0.91115926,0.00000000
0.94792592,0.00000000
0.93207987,0.00000000
0.96035565,0.00000000
0.91787835,0.00000000
0.88352017,0.00000000
0.96236251,0.00000000
0.97809194,0.00000000
0.91558391,0.00000000
0.92495876,0.00000000
0.97932436,0.00000000
0.92998413,0.00000000
0.86432542,0.00000000
0.91521099,0.00000000
0.85830286,0.00000000
0.89402167,0.00000000
0.89345895,0.00000000
0.94983339,0.00000000
0.94899912,0.00000000
0.92178004,0.00000000
0.93760638,0.00000000
0.94748072,0.00000000
0.86980756,0.00000000
0.95793369,0.00000000
0.95023427,0.00000000
0.93315932,0.00000000
0.90065455,0.00000000
0.78190048,0.00000000
0.73708002,0.00000000
0.79478783,0.00000000
0.72503633,0.00000000
0.60730148,0.00000000
0.64109127,0.00000000
0.57287783,0.00000000
0.60599883,0.00000000
0.71194133,0.00000000
0.55963218,0.00000000
0.64999376,0.00000000
0.80905896,0.00000000
0.69931674,0.00000000
0.90515002,0.00000000
0.87672169,0.00000000
0.75534548,0.00000000
0.71625491,0.00000000
0.84799790,0.00000000
0.94103862,0.00000000
0.84891718,0.00000000
0.93282928,0.00000000
0.78871923,0.00000000
0.62104122,0.00000000
0.67297692,0.00000000
0.62826935,0.00000000
0.83858537,0.00000000
0.53284771,0.00000000
0.48423374,0.00000000
0.59917018,0.00000000
0.68635326,0.00000000
0.69278017,0.00000000
0.51397929,0.00000000
0.64830685,0.00000000
0.67161487,0.00000000
0.83316842,0.00000000
0.90508773,0.00000000
0.96893234,0.00000000
0.91926382,0.00000000
0.95801112,0.00000000
0.85941671,0.00000000
0.95555675,0.00000000
0.90080885,0.00000000
0.91555177,0.00000000
0.94610427,0.00000000
0.97347793,0.00000000
0.93841381,0.00000000
0.91943479,0.00000000
0.91894153,0.00000000
0.96500078,0.00000000
0.91478408,0.00000000
0.92373081,0.00000000
0.79080486,0.00000000
0.95175478,0.00000000
0.91238772,0.00000000
0.94035212,0.00000000
0.82125128,0.00000000
0.85959073,0.00000000
0.86090384,0.00000000
0.96523148,0.00000000
0.96844428,0.00000000
0.94820608,0.00000000
0.98308038,0.00000000
0.91395718,0.00000000
0.94020246,0.00000000
0.89365141,0.00000000
0.93261603,0.00000000
0.96266153,0.00000000
0.93076584,0.00000000
0.93418135,0.00000000
0.90327153,0.00000000
0.89882786,0.00000000
0.87833960,0.00000000
0.95907750,0.00000000
0.89052188,0.00000000
0.93385669,0.00000000
0.90706183,0.00000000
0.78458658,0.00000000
0.80069885,0.00000000
0.80413497,0.00000000
0.94083857,0.00000000
0.83795072,0.00000000
0.89540680,0.00000000
0.91354222,0.00000000
0.89193929,0.00000000
0.86094410,0.00000000
0.90793302,0.00000000
0.89341959,0.00000000
0.94739888,0.00000000
0.90939676,0.00000000
0.88968963,0.00000000
0.89857446,0.00000000
0.89597920,0.00000000
0.92147553,0.00000000
0.92210543,0.00000000
0.87250491,0.00000000
0.91687230,0.00000000
0.89213890,0.00000000
0.84629312,0.00000000
0.85796729,0.00000000
0.89246190,0.00000000
0.82303639,0.00000000
0.76446190,0.00000000
0.54460178,0.00000000
0.78006167,0.00000000
0.73954436,0.00000000
0.63808418,0.00000000
0.87652110,0.00000000
0.71988708,0.00000000
0.83656777,0.00000000
0.78262044,0.00000000
0.67383012,0.00000000
0.75742495,0.00000000
0.86230173,0.00000000
0.88549040,0.00000000
0.82543716,0.00000000
0.76008669,0.00000000
0.68119959,0.00000000
0.80046281,0.00000000
0.74229479,0.00000000
0.94905832,0.00000000
0.84534217,0.00000000
0.74801303,0.00000000
0.61866430,0.00000000
0.76951189,0.00000000
0.61387973,0.00000000
0.57243130,0.00000000
0.56771275,0.00000000
0.49682995,0.00000000
0.47171427,0.00000000
0.44399319,0.00000000
0.49040328,0.00000000
0.52661464,0.00000000
0.46318420,0.00000000
0.47479355,0.00000000
0.68721697,0.00000000
0.69223786,0.00000000
0.66849577,0.00000000
0.64538858,0.00000000
0.61890155,0.00000000
0.59421550,0.00000000
0.52072832,0.00000000
0.55906002,0.00000000
0.41835492,0.00000000
0.73259830,0.00000000
0.61328232,0.00000000
0.69367110,0.00000000
0.79103774,0.00000000
0.68504786,0.00000000
0.58842339,0.00000000
0.64051884,0.00000000
0.63583503,0.00000000
0.85895929,0.00000000
0.67227248,0.00000000
0.68897367,0.00000000
0.80971452,0.00000000
0.82594767,0.00000000
0.80275538,0.00000000
0.71971497,0.00000000
0.64182206,0.00000000
0.63562269,0.00000000
0.58233731,0.00000000
0.84206884,0.00000000
0.79836445,0.00000000
0.83566418,0.00000000
0.86579716,0.00000000
0.59358774,0.00000000
0.64956962,0.00000000
0.73021853,0.00000000
0.67993255,0.00000000
0.74151728,0.00000000
0.80214193,0.00000000
0.65203650,0.00000000
0.63500080,0.00000000
0.68807820,0.00000000
0.75159170,0.00000000
0.64774019,0.00000000
0.51123917,0.00000000
0.45597249,0.00000000
0.39387659,0.00000000
0.54022979,0.00000000
0.46311222,0.00000000
0.04182595,0.00000000
0.39881567,0.00000000
0.67689009,0.00000000
0.81100005,0.00000000
0.32444693,0.00000000
0.20979705,0.00000000
0.24176815,0.00000000
0.45411228,0.00000000
0.42571239,0.00000000
0.00000000,0.00000000
0.38781072,0.00000000
0.33183228,0.00000000
0.37596430,0.00000000
0.71615660,0.00000000
0.69030667,0.00000000
0.70970148,0.00000000
0.74783586,0.00000000
0.71103544,0.00000000
0.38244597,0.00000000
0.60060195,0.00000000
0.49150961,0.00000000
0.66309934,0.00000000
0.33496922,0.00000000
0.36213100,0.00000000
0.23193826,0.00000000
0.37372418,0.00000000
0.51790627,0.00000000
0.23427196,0.00000000
0.37857756,0.00000000
0.30964087,0.00000000
0.29308764,0.00000000
0.32041735,0.00000000
0.36425184,0.00000000
0.30086757,0.00000000
0.59016119,0.00000000
0.63515697,0.00000000
0.72235129,0.00000000
0.69670394,0.00000000
0.60426493,0.00000000
0.42169792,0.00000000
0.57444798,0.00000000
0.47215725,0.00000000
0.62053341,0.00000000
0.57056176,0.00000000
0.57512622,0.00000000
0.66810820,0.00000000
0.67013705,0.00000000
0.63064733,0.00000000
0.65159576,0.00000000
0.67133957,0.00000000
0.64893274,0.00000000
0.75703757,0.00000000
0.74528995,0.00000000
0.67129181,0.00000000
0.77403554,0.00000000
0.80123480,0.00000000
0.82987410,0.00000000
0.78708330,0.00000000
0.78750005,0.00000000
0.70914108,0.00000000
0.79403076,0.00000000
0.78215269,0.00000000
0.73829806,0.00000000
0.74545576,0.00000000
0.71346550,0.00000000
0.53859960,0.00000000
0.71101891,0.00000000
0.70928571,0.00000000
0.59511042,0.00000000
0.46240067,0.00000000
0.57516691,0.00000000
0.64476782,0.00000000
0.51272132,0.00000000
0.49736114,0.00000000
0.68451307,0.00000000
0.56127908,0.00000000
0.48382576,0.00000000
0.49272237,0.00000000
0.47083846,0.00000000
0.41351800,0.00000000
0.71715130,0.00000000
0.63382538,0.00000000
0.79557015,0.00000000
0.76716002,0.00000000
0.57414543,0.00000000
0.61281697,0.00000000
0.74328620,0.00000000
0.69641969,0.00000000
0.72634819,0.00000000
0.62306875,0.00000000
0.60466060,0.00000000
0.56799983,0.00000000
0.54347511,0.00000000
0.81726694,0.00000000
0.89361987,0.00000000
0.67504048,0.00000000
0.61580146,0.00000000
0.82466545,0.00000000
0.89949194,0.00000000
0.74403418,0.00000000
0.58917491,0.00000000
0.56432291,0.00000000
0.53497311,0.00000000
0.53306703,0.00000000
0.55659909,0.00000000
0.86901844,0.00000000
0.76914787,0.00000000
0.86434398,0.00000000
0.88816263,0.00000000
0.79120091,0.00000000
0.93667652,0.00000000
0.90891647,0.00000000
0.90794645,0.00000000
0.75057877,0.00000000
0.94722087,0.00000000
0.93486584,0.00000000
0.93692916,0.00000000
0.88958660,0.00000000
0.93620552,0.00000000
0.81275099,0.00000000
0.70732621,0.00000000
0.93142929,0.00000000
0.93199348,0.00000000
0.69932260,0.00000000
0.65144930,0.00000000
0.59075119,0.00000000
0.70464021,0.00000000
0.91465756,0.00000000
0.93447092,0.00000000
0.86591991,0.00000000
0.93656748,0.00000000
0.66111608,0.00000000
0.46291408,0.00000000
0.75407106,0.00000000
0.68976061,0.00000000
0.83586493,0.00000000
0.75041700,0.00000000
0.53289068,0.00000000
0.83916199,0.00000000
0.96547084,0.00000000
0.79216509,0.00000000
0.82353913,0.00000000
0.78288465,0.00000000
0.69889838,0.00000000
0.69389357,0.00000000
0.47575942,0.00000000
0.59484720,0.00000000
0.39382681,0.00000000
0.49216358,0.00000000
0.59521242,0.00000000
0.75882290,0.00000000
0.80796658,0.00000000
0.72141477,0.00000000
0.82364251,0.00000000
0.82510848,0.00000000
0.60836995,0.00000000
0.75182929,0.00000000
0.85463640,0.00000000
0.83698400,0.00000000
0.79093623,0.00000000
0.83862039,0.00000000
0.83325767,0.00000000
0.80483919,0.00000000
0.82872073,0.00000000
0.81307134,0.00000000
0.80799235,0.00000000
0.70389560,0.00000000
0.75996958,0.00000000
0.83567763,0.00000000
0.83178839,0.00000000
0.70546266,0.00000000
0.66172357,0.00000000
0.48014904,0.00000000
0.66731732,0.00000000
0.68205017,0.00000000
0.76600830,0.00000000
0.50537705,0.00000000
0.69902322,0.00000000
0.40095892,0.00000000
0.50832456,0.00000000
0.92788135,0.00000000
0.75537821,0.00000000
0.60675021,0.00000000
0.71339178,0.00000000
0.72206921,0.00000000
0.73318760,0.00000000
0.73482734,0.00000000
0.73810174,0.00000000
0.76119404,0.00000000
0.77698261,0.00000000
0.82209982,0.00000000
0.78939637,0.00000000
0.79342745,0.00000000
0.92455543,0.00000000
0.87917718,0.00000000
0.77471756,0.00000000
0.81850680,0.00000000
0.79175830,0.00000000
0.81792537,0.00000000
0.85539065,0.00000000
0.90829158,0.00000000
0.88449439,0.00000000
0.91019029,0.00000000
0.84926130,0.00000000
0.87470673,0.00000000
0.94769319,0.00000000
0.79521351,0.00000000
0.82960953,0.00000000
0.75415408,0.00000000
0.91281975,0.00000000
0.75946452,0.00000000
0.75016464,0.00000000
0.75212039,0.00000000
0.69199207,0.00000000
0.76196660,0.00000000
0.66780767,0.00000000
0.62113722,0.00000000
0.52664161,0.00000000
0.62194339,0.00000000
0.58536974,0.00000000
0.71711383,0.00000000
0.67517204,0.00000000
0.56331092,0.00000000
0.74089915,0.00000000
0.64779491,0.00000000
0.70402106,0.00000000
0.73165630,0.00000000
0.58742320,0.00000000
0.75484011,0.00000000
0.65795638,0.00000000
0.65196275,0.00000000
0.75091445,0.00000000
0.74457707,0.00000000
0.74063574,0.00000000
0.74337819,0.00000000
0.88437608,0.00000000
0.88428773,0.00000000
0.90014103,0.00000000
0.78278370,0.00000000
0.89260974,0.00000000
0.83054309,0.00000000
0.83906891,0.00000000
0.86480663,0.00000000
0.92171293,0.00000000
0.83210025,0.00000000
0.89869601,0.00000000
0.92599355,0.00000000
0.82762969,0.00000000
0.85636180,0.00000000
0.85447459,0.00000000
0.78402526,0.00000000
0.83769683,0.00000000
0.81072379,0.00000000
0.83521282,0.00000000
0.78060594,0.00000000
0.84435921,0.00000000
0.81440824,0.00000000
0.79988377,0.00000000
0.86485171,0.00000000
0.90203298,0.00000000
0.88214324,0.00000000
0.87555607,0.00000000
0.92447700,0.00000000
0.85842939,0.00000000
0.82435597,0.00000000
0.88875117,0.00000000
0.94113041,0.00000000
0.86825106,0.00000000
0.87627843,0.00000000
0.89025762,0.00000000
0.60893015,0.00000000
0.65626547,0.00000000
0.18039019,0.00000000
0.00000000,0.00000000
0.00000000,0.00000000
0.00000000,0.00000000
0.00000000,0.00000000
0.00000000,0.00000000
0.00000000,0.00000000
0.00000000,0.00000000
0.00000000,0.00000000
0.00000000,0.00000000
0.00000000,0.00000000
0.00000000,0.00000000
0.00000000,0.00000000
0.00000000,0.00000000
0.00000000,0.00000000
0.00000000,0.00000000
0.00000000,0.00000000
0.00000000,0.00000000
0.00000000,0.00000000
0.00000000,0.00000000
0.00000000,0.00000000
0.00000000,0.00000000
0.00000000,0.00000000
0.00000000,0.00000000
0.00000000,0.00000000
0.00000000,0.00000000
0.00000000,0.00000000
0.00000000,0.00000000
0.00000000,0.00000000
0.28347423,0.00000000
0.13054949,0.00000000
0.02682784,0.00000000
0.00000000,0.00000000
0.46279471,0.00000000
0.68111942,0.00000000
0.49815303,0.00000000
0.55301805,0.00000000
0.90998581,0.00000000
0.64248128,0.00000000
0.71629475,0.00000000
0.81409200,0.00000000
0.76751289,0.00000000
0.76693614,0.00000000
0.85013898,0.00000000
0.74998095,0.00000000
0.79119258,0.00000000
0.84335719,0.00000000
0.76390150,0.00000000
0.64925430,0.00000000
0.76246342,0.00000000
0.74112090,0.00000000
0.73810563,0.00000000
0.74552592,0.00000000
0.68960710,0.00000000
0.72214007,0.00000000
0.62215835,0.00000000
0.78749888,0.00000000
0.79388757,0.00000000
0.79271480,0.00000000
0.83495821,0.00000000
0.85469762,0.00000000
0.86632392,0.00000000
0.91222839,0.00000000
0.87900666,0.00000000
0.86421080,0.00000000
0.89370140,0.00000000
0.86930060,0.00000000
0.85773539,0.00000000
0.90781525,0.00000000
0.90326136,0.00000000
0.89626101,0.00000000
0.91119467,0.00000000
0.83041881,0.00000000
0.78873506,0.00000000
0.81045348,0.00000000
0.83527055,0.00000000
0.78849218,0.00000000
0.87171016,0.00000000
0.82961646,0.00000000
0.88776300,0.00000000
0.89408826,0.00000000
0.82239639,0.00000000
0.76019822,0.00000000
0.75465043,0.00000000
0.81853149,0.00000000
0.89237375,0.00000000
0.68111931,0.00000000
0.61442689,0.00000000
0.60631391,0.00000000
0.72292501,0.00000000
0.73173321,0.00000000
0.70052324,0.00000000
0.77243052,0.00000000
0.75720650,0.00000000
0.72356088,0.00000000
0.78595024,0.00000000
0.71462978,0.00000000
0.89861022,0.00000000
0.72557219,0.00000000
0.89615738,0.00000000
0.72791946,0.00000000
0.61334906,0.00000000
0.57680045,0.00000000
0.21497884,0.00000000
0.80342189,0.00000000
0.72421969,0.00000000
0.63774470,0.00000000
0.17259681,0.00000000
0.00000000,0.00000000
0.00000000,0.00000000
0.00000000,0.00000000
0.44555067,0.00000000
0.38649806,0.00000000
0.25420854,0.00000000
0.34634174,0.00000000
0.43925001,0.00000000
0.55420986,0.00000000
0.45038260,0.00000000
0.73427768,0.00000000
0.57690287,0.00000000
0.61205892,0.00000000
0.36034459,0.00000000
0.58556836,0.00000000
0.42390128,0.00000000
0.41368817,0.00000000
0.20513971,0.00000000
0.25773577,0.00000000
0.37309894,0.00000000
0.52864756,0.00000000
0.29172771,0.00000000
0.34373409,0.00000000
0.00000000,0.00000000
0.00000000,0.00000000
0.00000000,0.00000000
0.00000000,0.00000000
0.00000000,0.00000000
0.00000000,0.00000000
0.00000000,0.00000000
0.00000000,0.00000000
0.00000000,0.00000000
0.00000000,0.00000000
0.00000000,0.00000000
0.00000000,0.00000000
0.00000000,0.00000000
0.00000000,0.00000000
0.00000000,0.00000000
0.00000000,0.00000000
0.00000000,0.00000000
0.00000000,0.00000000
0.00000000,0.00000000
0.01794219,0.00000000
0.01437130,0.00000000
0.00000000,0.00000000
0.00000000,0.00000000
0.00215591,0.00000000
0.00000000,0.00000000
0.00000000,0.00000000
0.00000000,0.00000000
0.00000000,0.00000000
0.00000000,0.00000000
0.00000000,0.00000000
0.00000000,0.00000000
0.00000000,0.00000000
0.00000000,0.00000000
0.00000000,0.00000000
0.00000000,0.00000000
0.00000000,0.00000000
0.00000000,0.00000000
0.00000000,0.00000000
0.00000000,0.00000000
0.00000000,0.00000000
0.00000000,0.00000000
0.00000000,0.00000000
0.00000000,0.00000000
0.00000000,0.00000000
0.00000000,0.00000000
0.00000000,0.00000000
0.00000000,0.00000000
0.00000000,0.00000000
0.00000000,0.00000000
0.00000000,0.00000000
0.00000000,0.00000000
0.00000000,0.00000000
0.00000000,0.00000000
0.00000000,0.00000000
0.00000000,0.00000000
0.00000000,0.00000000
0.00000000,0.00000000
0.00000000,0.00000000
0.00000000,0.00000000
0.00000000,0.00000000
0.00000000,0.00000000
0.00000000,0.00000000
0.00000000,0.00000000
0.00000000,0.00000000
0.00000000,0.00000000
0.00000000,0.00000000
0.00000000,0.00000000
0.00000000,0.00000000
0.00000000,0.00000000
0.00000000,0.00000000
0.00000000,0.00000000
0.00000000,0.00000000
0.00000000,0.00000000
0.00000000,0.00000000
0.00000000,0.00000000
0.00000000,0.00000000
0.00000000,0.00000000
0.00000000,0.00000000
0.00000000,0.00000000
0.00000000,0.00000000
0.00000000,0.00000000
0.00000000,0.00000000
0.00000000,0.00000000
0.00000000,0.00000000
0.00000000,0.00000000
0.00000000,0.00000000
0.00000000,0.00000000
0.00000000,0.00000000
0.00000000,0.00000000
0.00000000,0.00000000
0.00000000,0.00000000
0.00000000,0.00000000
0.00000000,0.00000000
0.00000000,0.00000000
0.00000000,0.00000000
0.00000000,0.00000000
0.00000000,0.00000000
0.00000000,0.00000000
0.00000000,0.00000000
0.00000000,0.00000000
0.00000000,0.00000000
0.00000000,0.00000000
0.00000000,0.00000000
0.00000000,0.00000000
0.00000000,0.00000000
0.00000000,0.00000000
0.00000000,0.00000000
0.00000000,0.00000000
0.00000000,0.00000000
0.00000000,0.00000000
0.00000000,0.00000000
0.00000000,0.00000000
0.00000000,0.00000000
0.00000000,0.00000000
0.00000000,0.00000000
0.00000000,0.00000000
0.00000000,0.00000000
0.00000000,0.00000000
0.00000000,0.00000000
0.00000000,0.00000000
0.00000000,0.00000000
0.00000000,0.00000000
0.00000000,0.00000000
0.00000000,0.00000000
0.00000000,0.00000000
0.00000000,0.00000000
0.00000000,0.00000000
0.00000000,0.00000000
0.00000000,0.00000000
0.00000000,0.00000000
0.00000000,0.00000000
0.86313194,0.00000000
0.67128535,0.00000000
0.60291265,0.00000000
0.78341294,0.00000000
0.61829481,0.00000000
0.71634721,0.00000000
0.77099498,0.00000000
0.71581798,0.00000000
0.61856130,0.00000000
0.60777007,0.00000000
0.62966535,0.00000000
0.56760362,0.00000000
0.62152090,0.00000000
0.61483711,0.00000000
0.54128682,0.00000000
0.60457997,0.00000000
0.54212033,0.00000000
0.55272296,0.00000000
0.59626750,0.00000000
0.56313248,0.00000000
0.54848726,0.00000000
0.59177236,0.00000000
0.65677598,0.00000000
0.64674011,0.00000000
0.68205145,0.00000000
0.63642393,0.00000000
0.63557192,0.00000000
0.60271684,0.00000000
0.56291264,0.00000000
0.54049508,0.00000000
0.55023181,0.00000000
0.52215428,0.00000000
0.52767045,0.00000000
0.53320212,0.00000000
0.52750060,0.00000000
0.51351685,0.00000000
0.54725530,0.00000000
0.50663963,0.00000000
0.53857719,0.00000000
0.57077886,0.00000000
0.56207319,0.00000000
0.53663105,0.00000000
0.57612679,0.00000000
0.51743261,0.00000000
0.51787326,0.00000000
0.60382051,0.00000000
0.65679994,0.00000000
0.59124209,0.00000000
0.59243967,0.00000000
0.61856208,0.00000000
0.52764918,0.00000000
0.54262985,0.00000000
0.53886529,0.00000000
0.55949644,0.00000000
0.57399100,0.00000000
0.56702715,0.00000000
0.58506148,0.00000000
0.57062892,0.00000000
0.64040723,0.00000000
0.59526480,0.00000000
0.54656756,0.00000000
0.58300540,0.00000000
0.56138493,0.00000000
0.57161415,0.00000000
0.62591418,0.00000000
0.55667012,0.00000000
0.56934121,0.00000000
0.57209139,0.00000000
0.83335211,0.00000000
0.85180191,0.00000000
0.85297037,0.00000000
0.88065992,0.00000000
0.81086847,0.00000000
0.89742370,0.00000000
0.90965823,0.00000000
0.75873714,0.00000000
0.88552088,0.00000000
0.90616913,0.00000000
0.81714735,0.00000000
0.78534015,0.00000000
0.71832923,0.00000000
0.70246243,0.00000000
0.63334735,0.00000000
0.68919069,0.00000000
0.71017564,0.00000000
0.82183228,0.00000000
0.82945301,0.00000000
0.66144927,0.00000000
0.79698084,0.00000000
0.48107359,0.00000000
0.60777143,0.00000000
0.65287331,0.00000000
0.65422351,0.00000000
0.58704603,0.00000000
0.55307269,0.00000000
0.66885596,0.00000000
0.65140142,0.00000000
0.43323339,0.00000000
0.54430231,0.00000000
0.57256995,0.00000000
0.63534220,0.00000000
0.51080619,0.00000000
0.50736921,0.00000000
0.57889631,0.00000000
0.65459438,0.00000000
0.59492630,0.00000000
0.44427928,0.00000000
0.42533699,0.00000000
0.57173397,0.00000000
0.66952162,0.00000000
0.62009162,0.00000000
0.31508186,0.00000000
0.26534024,0.00000000
0.23988390,0.00000000
0.25785659,0.00000000
0.13552571,0.00000000
0.19289026,0.00000000
0.00000000,0.00000000
0.00000000,0.00000000
0.59531169,0.00000000
0.58275022,0.00000000
0.62925412,0.00000000
0.61820849,0.00000000
0.25508720,0.00000000
0.49010865,0.00000000
0.53636593,0.00000000
0.35203782,0.00000000
0.51738624,0.00000000
0.46324599,0.00000000
0.54041852,0.00000000
0.70286930,0.00000000
0.71503268,0.00000000
0.81644921,0.00000000
0.59154119,0.00000000
0.76134359,0.00000000
0.86805058,0.00000000
0.90837250,0.00000000
0.55174117,0.00000000
0.66495987,0.00000000
0.78524146,0.00000000
0.83229693,0.00000000
0.77504158,0.00000000
0.87436972,0.00000000
0.77478577,0.00000000
0.78249669,0.00000000
0.91610674,0.00000000
0.79149683,0.00000000
0.83474251,0.00000000
0.73791785,0.00000000
0.61210764,0.00000000
0.66053102,0.00000000
0.85550981,0.00000000
0.88989813,0.00000000
0.85497134,0.00000000
0.73623704,0.00000000
0.67634595,0.00000000
0.84864962,0.00000000
0.77088340,0.00000000
0.60710053,0.00000000
0.77251428,0.00000000
0.79162560,0.00000000
0.56552555,0.00000000
0.85384623,0.00000000
0.81894994,0.00000000
0.77648594,0.00000000
0.81297764,0.00000000
0.75072427,0.00000000
0.77506333,0.00000000
0.76369137,0.00000000
0.83306816,0.00000000
0.63628299,0.00000000
0.84098111,0.00000000
0.90409047,0.00000000
0.82402319,0.00000000
0.80297734,0.00000000
0.68575702,0.00000000
0.88647159,0.00000000
0.73516776,0.00000000
0.94282282,0.00000000
0.62007385,0.00000000
0.90877157,0.00000000
0.73942380,0.00000000
0.54948163,0.00000000
0.71054406,0.00000000
0.69058601,0.00000000
0.66174904,0.00000000
0.47094034,0.00000000
0.59251611,0.00000000
0.84444903,0.00000000
0.49325817,0.00000000
0.46505775,0.00000000
0.43630786,0.00000000
0.74155649,0.00000000
0.60427894,0.00000000
0.65227902,0.00000000
0.57310354,0.00000000
0.58013724,0.00000000
0.79942602,0.00000000
0.88571108,0.00000000
0.88728871,0.00000000
0.85056546,0.00000000
0.87419191,0.00000000
0.94149839,0.00000000
0.83647597,0.00000000
0.92956819,0.00000000
0.75916403,0.00000000
0.68600984,0.00000000
0.88950414,0.00000000
0.59743349,0.00000000
0.91235401,0.00000000
0.81379156,0.00000000
0.84090338,0.00000000
0.70295990,0.00000000
0.61752864,0.00000000
0.85704175,0.00000000
0.89069253,0.00000000
0.93687328,0.00000000
0.71963065,0.00000000
0.79443035,0.00000000
0.81187172,0.00000000
0.86760984,0.00000000
0.83013136,0.00000000
0.79235091,0.00000000
0.71833297,0.00000000
0.67695442,0.00000000
0.60097188,0.00000000
0.52718552,0.00000000
0.60673701,0.00000000
0.48882602,0.00000000
0.71215739,0.00000000
0.80082213,0.00000000
0.82691679,0.00000000
0.71747451,0.00000000
0.77716493,0.00000000
0.71340572,0.00000000
0.72861760,0.00000000
0.62314592,0.00000000
0.59166578,0.00000000
0.69858678,0.00000000
0.71778978,0.00000000
0.92393721,0.00000000
0.77271721,0.00000000
0.82000541,0.00000000
0.75696871,0.00000000
0.88052566,0.00000000
0.81357093,0.00000000
0.69816693,0.00000000
0.74575564,0.00000000
0.74519547,0.00000000
0.93119193,0.00000000
0.79965243,0.00000000
0.74647121,0.00000000
0.82174094,0.00000000
0.67191970,0.00000000
0.71538129,0.00000000
0.88790236,0.00000000
0.82110231,0.00000000
0.87214957,0.00000000
0.91090505,0.00000000
0.85791033,0.00000000
0.81283086,0.00000000
0.84777351,0.00000000
0.63968201,0.00000000
0.83225975,0.00000000
0.89726354,0.00000000
0.90234062,0.00000000
0.88318523,0.00000000
0.90230611,0.00000000
0.83886980,0.00000000
0.82581115,0.00000000
0.72054526,0.00000000
0.62856613,0.00000000
0.89157038,0.00000000
0.73880837,0.00000000
0.87616498,0.00000000
0.72296272,0.00000000
0.58564062,0.00000000
0.57839146,0.00000000
0.60220882,0.00000000
0.65707660,0.00000000
0.62017142,0.00000000
0.44388532,0.00000000
0.74466964,0.00000000
0.54178020,0.00000000
0.42911840,0.00000000
0.57033731,0.00000000
0.56704279,0.00000000
0.54920337,0.00000000
0.56698593,0.00000000
0.61392759,0.00000000
0.55986888,0.00000000
0.52477737,0.00000000
0.53867718,0.00000000
0.64397334,0.00000000
0.68006221,0.00000000
0.78584921,0.00000000
0.82915073,0.00000000
0.86826398,0.00000000
0.71084764,0.00000000
0.47361255,0.00000000
0.77988498,0.00000000
0.37263829,0.00000000
0.79990687,0.00000000
0.81074367,0.00000000
0.43828984,0.00000000
0.43309673,0.00000000
0.59308677,0.00000000
0.00000000,0.00000000
0.00000000,0.00000000
0.00000000,0.00000000
0.00000000,0.00000000
0.00000000,0.00000000
0.00000000,0.00000000
0.00000000,0.00000000
0.00000000,0.00000000
0.00000000,0.00000000
0.00000000,0.00000000
0.00000000,0.00000000
0.00000000,0.00000000
0.00000000,0.00000000
0.00000000,0.00000000
0.00000000,0.00000000
0.00000000,0.00000000
0.00000000,0.00000000
0.00000000,0.00000000
0.00000000,0.00000000
0.00000000,0.00000000
0.00000000,0.00000000
0.00000000,0.00000000
0.00000000,0.00000000
0.00000000,0.00000000
0.00000000,0.00000000
0.00000000,0.00000000
0.00000000,0.00000000
0.00000000,0.00000000
0.00000000,0.00000000
0.00000000,0.00000000
0.00000000,0.00000000
0.00000000,0.00000000
0.00000000,0.00000000
0.00000000,0.00000000
0.00000000,0.00000000
0.00000000,0.00000000
0.00000000,0.00000000
0.00000000,0.00000000
0.00000000,0.00000000
0.00000000,0.00000000
0.00000000,0.00000000
0.00000000,0.00000000
0.00000000,0.00000000
0.00000000,0.00000000
0.00000000,0.00000000
0.00000000,0.00000000
0.00000000,0.00000000
0.00000000,0.00000000
0.00000000,0.00000000
0.00000000,0.00000000
0.00000000,0.00000000
0.00000000,0.00000000
0.00000000,0.00000000
0.00000000,0.00000000
0.00000000,0.00000000
0.00000000,0.00000000
0.00000000,0.00000000
0.00000000,0.00000000
0.00000000,0.00000000
0.00000000,0.00000000
0.00000000,0.00000000
0.00000000,0.00000000
0.00000000,0.00000000
0.00000000,0.00000000
0.00000000,0.00000000
0.00000000,0.00000000
0.00000000,0.00000000
0.00000000,0.00000000
0.00000000,0.00000000
0.00000000,0.00000000
0.00000000,0.00000000
0.00000000,0.00000000
0.00000000,0.00000000
0.00000000,0.00000000
0.00000000,0.00000000
0.00000000,0.00000000
0.00000000,0.00000000
0.00000000,0.00000000
0.00000000,0.00000000
0.00000000,0.00000000
0.00000000,0.00000000
0.00000000,0.00000000
0.00000000,0.00000000
0.00000000,0.00000000
0.00000000,0.00000000
0.00000000,0.00000000
0.00000000,0.00000000
0.00000000,0.00000000
0.00000000,0.00000000
0.00000000,0.00000000
0.00000000,0.00000000
0.00000000,0.00000000
0.00000000,0.00000000
0.00000000,0.00000000
0.00000000,0.00000000
0.00000000,0.00000000
0.00000000,0.00000000
0.00000000,0.00000000
0.00000000,0.00000000
0.00000000,0.00000000
0.00000000,0.00000000
0.00000000,0.00000000
0.00000000,0.00000000
0.00000000,0.00000000
0.00000000,0.00000000
0.00000000,0.00000000
0.00000000,0.00000000
0.00000000,0.00000000
0.00000000,0.00000000
0.00000000,0.00000000
0.00000000,0.00000000
0.00000000,0.00000000
0.00000000,0.00000000
0.00000000,0.00000000
0.00000000,0.00000000
0.00000000,0.00000000
0.00000000,0.00000000
0.00000000,0.00000000
0.00000000,0.00000000
0.00000000,0.00000000
0.00000000,0.00000000
0.00000000,0.00000000
0.00000000,0.00000000
0.00000000,0.00000000
0.00000000,0.00000000
0.00000000,0.00000000
0.00000000,0.00000000
0.00000000,0.00000000
0.00000000,0.00000000
0.00000000,0.00000000
0.00000000,0.00000000
0.00000000,0.00000000
0.00000000,0.00000000
0.00000000,0.00000000
0.00000000,0.00000000
0.00000000,0.00000000
0.00000000,0.00000000
0.00000000,0.00000000
0.00000000,0.00000000
0.00000000,0.00000000
0.00000000,0.00000000
0.00000000,0.00000000
0.00000000,0.00000000
0.00000000,0.00000000
0.00000000,0.00000000
0.00000000,0.00000000
0.00000000,0.00000000
0.00000000,0.00000000
0.00000000,0.00000000
0.00000000,0.00000000
0.00000000,0.00000000
0.00000000,0.00000000
0.00000000,0.00000000
0.00000000,0.00000000
0.00000000,0.00000000
0.00000000,0.00000000
0.00000000,0.00000000
0.00000000,0.00000000
0.00000000,0.00000000
0.00000000,0.00000000
0.00000000,0.00000000
0.00000000,0.00000000
0.00000000,0.00000000
0.00000000,0.00000000
0.00000000,0.00000000
0.00000000,0.00000000
0.00000000,0.00000000
0.00000000,0.00000000
0.00000000,0.00000000
0.00000000,0.00000000
0.00000000,0.00000000
0.00000000,0.00000000
0.00000000,0.00000000
0.00000000,0.00000000
0.00000000,0.00000000
0.39588175,0.00000000
