0.00000000,0.00000000
0.87485282,0.00000000
0.87165075,0.00000000
0.89588338,0.00000000
0.89115505,0.00000000
0.85309948,0.00000000
0.91887154,0.00000000
0.87805336,0.00000000
0.88331156,0.00000000
0.93139313,0.00000000
0.92005420,0.00000000
0.92142266,0.00000000
0.91092298,0.00000000
0.87624086,0.00000000
0.88417624,0.00000000
0.84820019,0.00000000
0.88019506,0.00000000
0.89837224,0.00000000
0.92899149,0.00000000
0.89821438,0.00000000
0.80920703,0.00000000
0.88996586,0.00000000
0.84233992,0.00000000
0.89882350,0.00000000
0.80058944,0.00000000
0.81382073,0.00000000
0.85509259,0.00000000
0.88340493,0.00000000
0.88462525,0.00000000
0.84189908,0.00000000
0.80491300,0.00000000
0.80724964,0.00000000
0.83889479,0.00000000
0.78157178,0.00000000
0.79171450,0.00000000
0.85483249,0.00000000
0.88354935,0.00000000
0.75690283,0.00000000
0.88539008,0.00000000
0.86714386,0.00000000
0.91459991,0.00000000
0.91234815,0.00000000
0.88551230,0.00000000
0.85622523,0.00000000
0.88478455,0.00000000
0.96483117,0.00000000
0.89554625,0.00000000
0.94233531,0.00000000
0.87738578,0.00000000
0.86066592,0.00000000
0.91944783,0.00000000
0.93036407,0.00000000
0.90479634,0.00000000
0.92114267,0.00000000
0.92970948,0.00000000
0.95236951,0.00000000
0.92991818,0.00000000
0.92527339,0.00000000
0.89454842,0.00000000
0.87791561,0.00000000
0.92372439,0.00000000
0.90467511,0.00000000
0.87358927,0.00000000
0.91066883,0.00000000
0.90952513,0.00000000
0.92042485,0.00000000
0.90426540,0.00000000
0.87906462,0.00000000
0.85854770,0.00000000
0.85090490,0.00000000
0.92625691,0.00000000
0.88536848,0.00000000
0.89504177,0.00000000
0.90365003,0.00000000
0.90497680,0.00000000
0.81136237,0.00000000
0.86774307,0.00000000
0.89486808,0.00000000
0.87773308,0.00000000
0.92592710,0.00000000
0.95440166,0.00000000
0.90577617,0.00000000
0.90247524,0.00000000
0.82817872,0.00000000
0.90484379,0.00000000
0.93612719,0.00000000
0.89630014,0.00000000
0.90052218,0.00000000
0.89114322,0.00000000
0.85178943,0.00000000
0.84101539,0.00000000
0.92633370,0.00000000
0.92970808,0.00000000
0.94066075,0.00000000
0.93909017,0.00000000
0.96626643,0.00000000
0.94928982,0.00000000
0.92661401,0.00000000
0.93574318,0.00000000
0.87990535,0.00000000
0.90385759,0.00000000
0.87155350,0.00000000
0.93887934,0.00000000
0.94581058,0.00000000
0.93814426,0.00000000
0.95049870,0.00000000
0.92553844,0.00000000
0.92195605,0.00000000
0.91482207,0.00000000
0.94604605,0.00000000
0.93681669,0.00000000
0.94099861,0.00000000
0.97595635,0.00000000
0.97769488,0.00000000
0.98098624,0.00000000
0.97185992,0.00000000
0.95227994,0.00000000
0.98019660,0.00000000
0.92772361,0.00000000
0.88994982,0.00000000
0.86411887,0.00000000
0.82931515,0.00000000
0.84592169,0.00000000
0.89966519,0.00000000
0.80443884,0.00000000
0.91473196,0.00000000
0.94888395,0.00000000
0.91738430,0.00000000
0.93306314,0.00000000
0.96417069,0.00000000
0.83112566,0.00000000
0.90214900,0.00000000
0.86398817,0.00000000
0.94847817,0.00000000
0.89842495,0.00000000
0.98400060,0.00000000
0.92485964,0.00000000
0.96654285,0.00000000
0.92366969,0.00000000
0.92498980,0.00000000
0.87882822,0.00000000
0.83498776,0.00000000
0.86475718,0.00000000
0.89021778,0.00000000
0.88871192,0.00000000
0.93235344,0.00000000
0.87729157,0.00000000
0.91513177,0.00000000
0.96751921,0.00000000
0.90164544,0.00000000
0.94159270,0.00000000
0.95692368,0.00000000
0.91764493,0.00000000
0.85159565,0.00000000
0.83614803,0.00000000
0.90529394,0.00000000
0.93387769,0.00000000
0.97570287,0.00000000
0.94192728,0.00000000
0.85084774,0.00000000
0.83525588,0.00000000
0.84192488,0.00000000
0.87535527,0.00000000
0.93828400,0.00000000
0.93572311,0.00000000
0.93792184,0.00000000
0.97272290,0.00000000
0.97908961,0.00000000
0.96590340,0.00000000
0.91286742,0.00000000
0.83482987,0.00000000
0.96876792,0.00000000
0.91473180,0.00000000
0.94081969,0.00000000
0.93342830,0.00000000
0.94277623,0.00000000
0.95314505,0.00000000
0.86387371,0.00000000
0.98012084,0.00000000
0.94056430,0.00000000
0.81206375,0.00000000
0.88125457,0.00000000
0.92992426,0.00000000
0.84370768,0.00000000
0.82451561,0.00000000
0.80938771,0.00000000
0.82499261,0.00000000
0.82144265,0.00000000
0.87356097,0.00000000
0.92166165,0.00000000
0.91564417,0.00000000
0.91361313,0.00000000
0.93260441,0.00000000
0.93690203,0.00000000
0.90145319,0.00000000
0.93561837,0.00000000
0.97189489,0.00000000
0.94857930,0.00000000
0.92718059,0.00000000
0.93704174,0.00000000
0.91459638,0.00000000
0.88998678,0.00000000
0.95527186,0.00000000
0.93420765,0.00000000
0.93355102,0.00000000
0.94492936,0.00000000
0.88025422,0.00000000
0.87759943,0.00000000
0.87872554,0.00000000
0.92994916,0.00000000
0.92532066,0.00000000
0.93226719,0.00000000
0.92539743,0.00000000
0.89312691,0.00000000
0.94802554,0.00000000
0.88454849,0.00000000
0.94701148,0.00000000
0.93500686,0.00000000
0.87225594,0.00000000
0.90101906,0.00000000
0.90458016,0.00000000
0.89705030,0.00000000
0.82129109,0.00000000
0.88095545,0.00000000
0.90758608,0.00000000
0.90480409,0.00000000
0.96921124,0.00000000
0.93248807,0.00000000
0.94229481,0.00000000
0.93143031,0.00000000
0.92099246,0.00000000
0.84816355,0.00000000
0.87958178,0.00000000
0.88203218,0.00000000
0.83048514,0.00000000
0.79710072,0.00000000
0.83993273,0.00000000
0.87720156,0.00000000
0.85686934,0.00000000
0.84528652,0.00000000
0.87171951,0.00000000
0.87579599,0.00000000
0.85615871,0.00000000
0.88547241,0.00000000
0.81518143,0.00000000
0.77156221,0.00000000
0.82652203,0.00000000
0.77671594,0.00000000
0.80390733,0.00000000
0.82256004,0.00000000
0.87030941,0.00000000
0.89120022,0.00000000
0.93682976,0.00000000
0.89273915,0.00000000
0.92594794,0.00000000
0.96985582,0.00000000
0.91254281,0.00000000
0.91812470,0.00000000
0.82391748,0.00000000
0.84494586,0.00000000
0.89370848,0.00000000
0.85833993,0.00000000
0.96004002,0.00000000
0.92862407,0.00000000
0.88403208,0.00000000
0.84692791,0.00000000
0.86194202,0.00000000
0.87951164,0.00000000
0.96187773,0.00000000
0.87532659,0.00000000
0.92163835,0.00000000
0.82648593,0.00000000
0.79830333,0.00000000
0.80715562,0.00000000
0.77497398,0.00000000
0.83129242,0.00000000
0.82147482,0.00000000
0.77846161,0.00000000
0.82038066,0.00000000
0.80974910,0.00000000
0.78955085,0.00000000
0.78609755,0.00000000
0.75561598,0.00000000
0.94449626,0.00000000
0.88461202,0.00000000
0.91122878,0.00000000
0.82767944,0.00000000
0.80480927,0.00000000
0.79147273,0.00000000
0.86006623,0.00000000
0.93269487,0.00000000
0.90983574,0.00000000
0.97367958,0.00000000
0.96562649,0.00000000
0.95080931,0.00000000
0.94282911,0.00000000
0.93075040,0.00000000
0.96399151,0.00000000
0.93942682,0.00000000
0.98328046,0.00000000
0.83283964,0.00000000
0.88938067,0.00000000
0.90256463,0.00000000
0.92300337,0.00000000
0.93393529,0.00000000
0.91575858,0.00000000
0.93589758,0.00000000
0.96548067,0.00000000
0.95947133,0.00000000
0.94761505,0.00000000
0.90586084,0.00000000
0.92888572,0.00000000
0.88681848,0.00000000
0.91713198,0.00000000
0.93074963,0.00000000
0.91081219,0.00000000
0.89550651,0.00000000
0.83309638,0.00000000
0.88497571,0.00000000
0.93656352,0.00000000
0.92533341,0.00000000
0.90915754,0.00000000
0.92021956,0.00000000
0.93575466,0.00000000
0.92561448,0.00000000
0.89677704,0.00000000
0.92568434,0.00000000
0.92721778,0.00000000
0.89374580,0.00000000
0.91784247,0.00000000
0.91922222,0.00000000
0.93307061,0.00000000
0.93189284,0.00000000
0.21671478,0.00000000
0.27846559,0.00000000
0.23721906,0.00000000
0.13911508,0.00000000
0.14081257,0.00000000
0.18647929,0.00000000
0.18104460,0.00000000
0.15808377,0.00000000
0.16257432,0.00000000
0.15739404,0.00000000
0.14473316,0.00000000
0.16176770,0.00000000
0.05557633,0.00000000
0.00000000,0.00000000
0.00000000,0.00000000
0.00000000,0.00000000
0.00000000,0.00000000
0.00000000,0.00000000
0.00000000,0.00000000
0.00000000,0.00000000
0.00000000,0.00000000
0.00000000,0.00000000
0.02669780,0.00000000
0.14643340,0.00000000
0.00000000,0.00000000
0.00000000,0.00000000
0.00000000,0.00000000
0.02332333,0.00000000
0.02404735,0.00000000
0.00000000,0.00000000
0.00000000,0.00000000
0.00000000,0.00000000
0.00000000,0.00000000
0.00000000,0.00000000
0.00000000,0.00000000
0.00000000,0.00000000
0.00000000,0.00000000
0.00000000,0.00000000
0.00000000,0.00000000
0.00000000,0.00000000
0.00000000,0.00000000
0.00106351,0.00000000
0.03472515,0.00000000
0.00000000,0.00000000
0.00000000,0.00000000
0.00000000,0.00000000
0.87147101,0.00000000
0.95483043,0.00000000
0.57455703,0.00000000
0.76490114,0.00000000
0.78625847,0.00000000
0.91835813,0.00000000
0.84377666,0.00000000
0.00000000,0.00000000
0.00000000,0.00000000
0.00000000,0.00000000
0.00000000,0.00000000
0.00000000,0.00000000
0.00000000,0.00000000
0.00000000,0.00000000
0.00000000,0.00000000
0.00000000,0.00000000
0.00000000,0.00000000
0.00000000,0.00000000
0.00000000,0.00000000
0.00000000,0.00000000
0.27546261,0.00000000
0.87377622,0.00000000
0.95769205,0.00000000
0.89410609,0.00000000
0.93349657,0.00000000
0.89661669,0.00000000
0.88861802,0.00000000
0.90418682,0.00000000
0.96728580,0.00000000
0.90094763,0.00000000
0.93885472,0.00000000
0.94635151,0.00000000
0.95764608,0.00000000
0.94205526,0.00000000
0.86398676,0.00000000
0.96170377,0.00000000
0.95930940,0.00000000
0.92885864,0.00000000
0.86890706,0.00000000
0.88786558,0.00000000
0.91111116,0.00000000
0.91667908,0.00000000
0.86122681,0.00000000
0.92014345,0.00000000
0.91755318,0.00000000
0.87301097,0.00000000
0.83746198,0.00000000
0.74317371,0.00000000
0.77838051,0.00000000
0.83412168,0.00000000
0.82076266,0.00000000
0.85253233,0.00000000
0.90023693,0.00000000
0.83746050,0.00000000
0.82846421,0.00000000
0.88277061,0.00000000
0.84802918,0.00000000
0.83296449,0.00000000
0.81292122,0.00000000
0.83805808,0.00000000
0.84812184,0.00000000
0.90912486,0.00000000
0.86763122,0.00000000
0.89410886,0.00000000
0.91585935,0.00000000
0.94265647,0.00000000
0.94080451,0.00000000
0.94842771,0.00000000
0.94578744,0.00000000
0.94168341,0.00000000
0.92243691,0.00000000
0.96453952,0.00000000
0.97420509,0.00000000
0.98013829,0.00000000
0.95317424,0.00000000
0.91517707,0.00000000
0.90423362,0.00000000
0.92368657,0.00000000
0.93194298,0.00000000
0.92548710,0.00000000
0.93817947,0.00000000
0.94843351,0.00000000
0.91590884,0.00000000
0.87723741,0.00000000
0.89080671,0.00000000
0.90602898,0.00000000
0.90889652,0.00000000
0.85992555,0.00000000
0.83889446,0.00000000
0.86899593,0.00000000
0.88673684,0.00000000
0.87280371,0.00000000
0.91368935,0.00000000
0.84252498,0.00000000
0.83471371,0.00000000
0.75815808,0.00000000
0.81537594,0.00000000
0.85979739,0.00000000
0.94825308,0.00000000
0.95903908,0.00000000
0.77784289,0.00000000
0.95254427,0.00000000
0.96327749,0.00000000
0.93577647,0.00000000
0.92181250,0.00000000
0.88577757,0.00000000
0.91533957,0.00000000
0.90323968,0.00000000
0.92580870,0.00000000
0.91383251,0.00000000
0.94654436,0.00000000
0.90203582,0.00000000
0.89651245,0.00000000
0.83556513,0.00000000
0.84543374,0.00000000
0.84224628,0.00000000
0.85591722,0.00000000
0.93141629,0.00000000
0.95627224,0.00000000
0.95136377,0.00000000
0.93483208,0.00000000
0.95044832,0.00000000
0.95309057,0.00000000
0.86262920,0.00000000
0.91702566,0.00000000
0.90382023,0.00000000
0.90131492,0.00000000
0.90955671,0.00000000
0.94923087,0.00000000
0.91524229,0.00000000
0.94745038,0.00000000
0.92460833,0.00000000
0.95987337,0.00000000
0.92641334,0.00000000
0.93320753,0.00000000
0.92619967,0.00000000
0.94618443,0.00000000
0.93405977,0.00000000
0.93928743,0.00000000
0.93903323,0.00000000
0.88376606,0.00000000
0.96489168,0.00000000
0.93216311,0.00000000
0.95845009,0.00000000
0.94144474,0.00000000
0.94646647,0.00000000
0.98168854,0.00000000
0.96350367,0.00000000
0.96331932,0.00000000
0.99084908,0.00000000
0.96698527,0.00000000
0.97831424,0.00000000
0.97076353,0.00000000
0.95964596,0.00000000
0.96704116,0.00000000
0.93982919,0.00000000
0.97032479,0.00000000
0.95904441,0.00000000
0.93768458,0.00000000
0.96438235,0.00000000
0.92944483,0.00000000
0.98570036,0.00000000
0.92219627,0.00000000
0.89738629,0.00000000
0.86574491,0.00000000
0.89277369,0.00000000
0.96644887,0.00000000
0.96021044,0.00000000
0.95498468,0.00000000
0.97253119,0.00000000
0.92996002,0.00000000
0.97944791,0.00000000
0.94137538,0.00000000
0.97301450,0.00000000
0.96857797,0.00000000
0.95010238,0.00000000
0.92754230,0.00000000
0.93366190,0.00000000
0.94678188,0.00000000
0.95769170,0.00000000
0.97474430,0.00000000
0.97242507,0.00000000
0.95206500,0.00000000
0.88868186,0.00000000
0.92218369,0.00000000
0.90577587,0.00000000
0.92294845,0.00000000
0.90933048,0.00000000
0.93117855,0.00000000
0.88929004,0.00000000
0.90467070,0.00000000
0.88198317,0.00000000
0.88066801,0.00000000
0.95633755,0.00000000
0.96315849,0.00000000
0.94630508,0.00000000
0.96061231,0.00000000
0.94947429,0.00000000
0.93093397,0.00000000
0.97789235,0.00000000
0.95728022,0.00000000
0.95514786,0.00000000
0.96254211,0.00000000
0.97376229,0.00000000
0.95686812,0.00000000
0.95657766,0.00000000
0.91313331,0.00000000
0.94515288,0.00000000
0.92154238,0.00000000
0.93125858,0.00000000
0.90966514,0.00000000
0.92956433,0.00000000
0.93845172,0.00000000
0.86884506,0.00000000
0.90056478,0.00000000
0.95589362,0.00000000
0.93659793,0.00000000
0.93587241,0.00000000
0.93286104,0.00000000
0.93228935,0.00000000
0.95753542,0.00000000
0.92966934,0.00000000
0.92949575,0.00000000
0.95860115,0.00000000
0.87931980,0.00000000
0.84137933,0.00000000
0.90061000,0.00000000
0.91321553,0.00000000
0.88294609,0.00000000
0.94427693,0.00000000
0.95378440,0.00000000
0.97056459,0.00000000
0.94293276,0.00000000
0.95404350,0.00000000
0.95229399,0.00000000
0.88732942,0.00000000
0.92876292,0.00000000
0.92940849,0.00000000
0.84705755,0.00000000
0.85414497,0.00000000
0.92306684,0.00000000
0.85399626,0.00000000
0.90430210,0.00000000
0.77364302,0.00000000
0.85404225,0.00000000
0.97159682,0.00000000
0.88532659,0.00000000
0.85155416,0.00000000
0.80693655,0.00000000
0.78333656,0.00000000
0.89109887,0.00000000
0.83576350,0.00000000
0.71507483,0.00000000
0.87797355,0.00000000
0.87342894,0.00000000
0.84863014,0.00000000
0.85452636,0.00000000
0.84931581,0.00000000
0.83190125,0.00000000
0.92246384,0.00000000
0.92044529,0.00000000
0.72924520,0.00000000
0.93246501,0.00000000
0.89349135,0.00000000
0.91043955,0.00000000
0.81092310,0.00000000
0.91420089,0.00000000
0.84767165,0.00000000
0.92428729,0.00000000
0.86463009,0.00000000
0.95017724,0.00000000
0.57944454,0.00000000
0.91035602,0.00000000
0.82333960,0.00000000
0.87244871,0.00000000
0.87718247,0.00000000
0.81935258,0.00000000
0.71531625,0.00000000
0.87017785,0.00000000
0.46287333,0.00000000
0.50228527,0.00000000
0.44147042,0.00000000
0.53890657,0.00000000
0.43217732,0.00000000
0.35319561,0.00000000
0.38171691,0.00000000
0.42629372,0.00000000
0.40486148,0.00000000
0.30543218,0.00000000
0.24105461,0.00000000
0.32631965,0.00000000
0.17839361,0.00000000
0.17733678,0.00000000
0.09899445,0.00000000
0.23711064,0.00000000
0.17015027,0.00000000
0.25325237,0.00000000
0.36638728,0.00000000
0.17392329,0.00000000
0.00000000,0.00000000
0.08432829,0.00000000
0.07088827,0.00000000
0.05220076,0.00000000
0.15489607,0.00000000
0.23026054,0.00000000
0.27048490,0.00000000
0.26258345,0.00000000
0.29453113,0.00000000
0.34123009,0.00000000
0.31626002,0.00000000
0.28813945,0.00000000
0.04125237,0.00000000
0.00000000,0.00000000
0.00000000,0.00000000
0.08231714,0.00000000
0.07471321,0.00000000
0.07777281,0.00000000
0.06778583,0.00000000
0.06803440,0.00000000
0.12872273,0.00000000
0.04374661,0.00000000
0.25974601,0.00000000
0.26755545,0.00000000
0.41810328,0.00000000
0.85688594,0.00000000
0.53608860,0.00000000
0.88468242,0.00000000
0.89628868,0.00000000
0.86847850,0.00000000
0.82845830,0.00000000
0.84672870,0.00000000
0.83040372,0.00000000
0.93367911,0.00000000
0.90719099,0.00000000
0.90806686,0.00000000
0.88187002,0.00000000
0.81591042,0.00000000
0.83104619,0.00000000
0.82909493,0.00000000
0.93708193,0.00000000
0.72480290,0.00000000
0.65583275,0.00000000
0.64089950,0.00000000
0.64218795,0.00000000
0.80177606,0.00000000
0.86027903,0.00000000
0.84528646,0.00000000
0.82545431,0.00000000
0.79742739,0.00000000
0.87535881,0.00000000
0.89371932,0.00000000
0.96406621,0.00000000
0.87807783,0.00000000
0.91307363,0.00000000
0.97094246,0.00000000
0.94863221,0.00000000
0.91434511,0.00000000
0.92677381,0.00000000
0.81235663,0.00000000
0.81951163,0.00000000
0.82287949,0.00000000
0.77398448,0.00000000
0.80632832,0.00000000
0.89069962,0.00000000
0.85440949,0.00000000
0.87972193,0.00000000
0.84554606,0.00000000
0.82102206,0.00000000
0.84157235,0.00000000
0.96131439,0.00000000
0.98439584,0.00000000
0.95562064,0.00000000
0.77695036,0.00000000
0.80254474,0.00000000
0.78970706,0.00000000
0.81873701,0.00000000
0.82535162,0.00000000
0.79041280,0.00000000
0.77688076,0.00000000
0.81251559,0.00000000
0.81414168,0.00000000
0.77091770,0.00000000
0.78585577,0.00000000
0.72553819,0.00000000
0.91916843,0.00000000
0.86026457,0.00000000
0.89041518,0.00000000
0.92885922,0.00000000
0.94722252,0.00000000
0.96833529,0.00000000
0.95762902,0.00000000
0.98193296,0.00000000
0.92907996,0.00000000
0.96564391,0.00000000
0.94436873,0.00000000
0.93632833,0.00000000
0.97691082,0.00000000
0.94468034,0.00000000
0.93207563,0.00000000
0.94693550,0.00000000
0.90810936,0.00000000
0.94646744,0.00000000
0.91822159,0.00000000
0.91007123,0.00000000
0.89068457,0.00000000
0.96758186,0.00000000
0.96399119,0.00000000
0.95602553,0.00000000
0.93155572,0.00000000
0.92749376,0.00000000
0.95647459,0.00000000
0.93055887,0.00000000
0.96788585,0.00000000
0.94332785,0.00000000
0.93831338,0.00000000
0.96302410,0.00000000
0.93607189,0.00000000
0.94162456,0.00000000
0.93560703,0.00000000
0.95707333,0.00000000
0.93377706,0.00000000
0.98553403,0.00000000
0.98675384,0.00000000
0.93345309,0.00000000
0.92566369,0.00000000
0.88597952,0.00000000
0.90461354,0.00000000
0.89474063,0.00000000
0.80290500,0.00000000
0.79798962,0.00000000
0.74931002,0.00000000
0.78044913,0.00000000
0.83080147,0.00000000
0.87935596,0.00000000
0.91066194,0.00000000
0.94414840,0.00000000
0.93535213,0.00000000
0.95138024,0.00000000
0.95630502,0.00000000
0.96426983,0.00000000
0.90233085,0.00000000
0.91191381,0.00000000
0.88448972,0.00000000
0.90428621,0.00000000
0.87607249,0.00000000
0.89866523,0.00000000
0.94103482,0.00000000
0.97960684,0.00000000
0.94226971,0.00000000
0.96214321,0.00000000
0.84569808,0.00000000
0.82971342,0.00000000
0.86339541,0.00000000
0.82807053,0.00000000
0.82890810,0.00000000
0.83713945,0.00000000
0.84398602,0.00000000
0.80198517,0.00000000
0.85985998,0.00000000
0.88234598,0.00000000
0.88009228,0.00000000
0.93711769,0.00000000
0.96337305,0.00000000
0.97779112,0.00000000
0.93834094,0.00000000
0.97903802,0.00000000
0.94544239,0.00000000
0.94561347,0.00000000
0.95161748,0.00000000
0.92132409,0.00000000
0.95095460,0.00000000
0.96033601,0.00000000
0.95679520,0.00000000
0.95617693,0.00000000
0.97788784,0.00000000
0.97023291,0.00000000
0.97033487,0.00000000
0.96075337,0.00000000
0.95937811,0.00000000
0.97373735,0.00000000
0.95912467,0.00000000
0.95869346,0.00000000
0.95374546,0.00000000
0.95411560,0.00000000
0.94789184,0.00000000
0.97380664,0.00000000
0.97152531,0.00000000
0.94937365,0.00000000
0.95853469,0.00000000
0.96721319,0.00000000
0.93165670,0.00000000
0.96187549,0.00000000
0.97585878,0.00000000
0.95113672,0.00000000
0.95337970,0.00000000
0.93037891,0.00000000
0.93590668,0.00000000
0.94801036,0.00000000
0.94067066,0.00000000
0.94489331,0.00000000
0.95821477,0.00000000
0.97749069,0.00000000
0.97870906,0.00000000
0.96595957,0.00000000
0.93634735,0.00000000
0.96963873,0.00000000
0.97284803,0.00000000
0.96999901,0.00000000
0.96557445,0.00000000
0.96011316,0.00000000
0.97121409,0.00000000
0.97970515,0.00000000
0.97637036,0.00000000
0.97458720,0.00000000
0.97085112,0.00000000
0.98482817,0.00000000
0.97617486,0.00000000
0.94386899,0.00000000
0.95635856,0.00000000
0.96678962,0.00000000
0.95169448,0.00000000
0.96326329,0.00000000
0.98200379,0.00000000
0.97594300,0.00000000
0.96607723,0.00000000
0.82051434,0.00000000
0.97486995,0.00000000
0.80510632,0.00000000
0.93709847,0.00000000
0.97166670,0.00000000
0.95154203,0.00000000
0.95712266,0.00000000
0.94960192,0.00000000
0.96740221,0.00000000
0.96566256,0.00000000
0.96202922,0.00000000
0.94506842,0.00000000
0.94813397,0.00000000
0.96458341,0.00000000
0.93143700,0.00000000
0.91452668,0.00000000
0.93265987,0.00000000
0.95885123,0.00000000
0.97540422,0.00000000
0.98339338,0.00000000
0.95839705,0.00000000
0.96224809,0.00000000
0.96546475,0.00000000
0.95657568,0.00000000
0.97472360,0.00000000
0.96025922,0.00000000
0.98073066,0.00000000
0.94481311,0.00000000
0.95974344,0.00000000
0.94111666,0.00000000
0.95762835,0.00000000
0.96056137,0.00000000
0.96349216,0.00000000
0.95984791,0.00000000
0.95592124,0.00000000
0.95725175,0.00000000
0.95377493,0.00000000
0.92328021,0.00000000
0.95568691,0.00000000
0.95015391,0.00000000
0.95267077,0.00000000
0.94123778,0.00000000
0.95615762,0.00000000
0.96089168,0.00000000
0.91079370,0.00000000
0.93403493,0.00000000
0.93938109,0.00000000
0.92757638,0.00000000
0.94212883,0.00000000
0.93701824,0.00000000
0.96435635,0.00000000
0.95459095,0.00000000
0.97550567,0.00000000
0.97673881,0.00000000
0.94856141,0.00000000
0.95581099,0.00000000
0.96640584,0.00000000
0.93950185,0.00000000
0.93782483,0.00000000
0.93930103,0.00000000
0.92366331,0.00000000
0.97871145,0.00000000
0.96206428,0.00000000
0.96452622,0.00000000
0.95487477,0.00000000
0.90281972,0.00000000
0.94334612,0.00000000
0.95893493,0.00000000
0.90208366,0.00000000
0.90215638,0.00000000
0.92581748,0.00000000
0.93451819,0.00000000
0.94761446,0.00000000
0.97506718,0.00000000
0.97228280,0.00000000
0.93815795,0.00000000
0.93775031,0.00000000
0.94419349,0.00000000
0.93595873,0.00000000
0.95334977,0.00000000
0.92438341,0.00000000
0.95672920,0.00000000
0.93506581,0.00000000
0.93442160,0.00000000
0.87256275,0.00000000
0.95113224,0.00000000
0.95092407,0.00000000
0.89161196,0.00000000
0.85220153,0.00000000
0.80485362,0.00000000
0.76452377,0.00000000
0.77310042,0.00000000
0.75750397,0.00000000
0.78987660,0.00000000
0.79310287,0.00000000
0.77658131,0.00000000
0.76222419,0.00000000
0.92082256,0.00000000
0.91829305,0.00000000
0.94132648,0.00000000
0.93025521,0.00000000
0.91725927,0.00000000
0.92979290,0.00000000
0.92233601,0.00000000
0.89815692,0.00000000
0.93822536,0.00000000
0.96785033,0.00000000
0.93570413,0.00000000
0.90844589,0.00000000
0.89974707,0.00000000
0.85570917,0.00000000
0.92248695,0.00000000
0.92495443,0.00000000
0.92539079,0.00000000
0.96527194,0.00000000
0.91776664,0.00000000
0.93671769,0.00000000
0.93972710,0.00000000
0.97781840,0.00000000
0.92396077,0.00000000
0.91530279,0.00000000
0.90022596,0.00000000
0.88974711,0.00000000
0.88462054,0.00000000
0.86767134,0.00000000
0.81247307,0.00000000
0.79112822,0.00000000
0.81491829,0.00000000
0.78228640,0.00000000
0.78498894,0.00000000
0.92285345,0.00000000
0.88797441,0.00000000
0.92062314,0.00000000
0.88576686,0.00000000
0.95258725,0.00000000
0.94485250,0.00000000
0.94658090,0.00000000
0.94453910,0.00000000
0.94842129,0.00000000
0.94316756,0.00000000
0.96633886,0.00000000
0.93984057,0.00000000
0.94526773,0.00000000
0.94044366,0.00000000
0.95953056,0.00000000
0.98193914,0.00000000
0.96952769,0.00000000
0.96077134,0.00000000
0.96865959,0.00000000
