0.00000000,0.00000000
0.97005439,0.00000000
0.97121437,0.00000000
0.96138216,0.00000000
0.96800409,0.00000000
0.96603001,0.00000000
0.96750352,0.00000000
0.96885746,0.00000000
0.97455817,0.00000000
0.96948275,0.00000000
0.96697728,0.00000000
0.97372450,0.00000000
0.96033985,0.00000000
0.95255861,0.00000000
0.96651239,0.00000000
0.96435574,0.00000000
0.97620248,0.00000000
0.95754580,0.00000000
0.96657690,0.00000000
0.94585920,0.00000000
0.97175533,0.00000000
0.97802273,0.00000000
0.96426405,0.00000000
0.97274546,0.00000000
0.98100365,0.00000000
0.97525380,0.00000000
0.96871114,0.00000000
0.97880747,0.00000000
0.98707708,0.00000000
0.97646711,0.00000000
0.97065608,0.00000000
0.95941006,0.00000000
0.97571773,0.00000000
0.97179214,0.00000000
0.96290633,0.00000000
0.95924476,0.00000000
0.96102042,0.00000000
0.95400999,0.00000000
0.97870171,0.00000000
0.94020771,0.00000000
0.96220489,0.00000000
0.97806328,0.00000000
0.96033090,0.00000000
0.93888240,0.00000000
0.96453301,0.00000000
0.96485830,0.00000000
0.96310399,0.00000000
0.94179701,0.00000000
0.95514300,0.00000000
0.95869579,0.00000000
0.97712338,0.00000000
0.98086115,0.00000000
0.97204250,0.00000000
0.95422133,0.00000000
0.95043738,0.00000000
0.95675083,0.00000000
0.96196391,0.00000000
0.97256918,0.00000000
0.95851838,0.00000000
0.96520966,0.00000000
0.97520530,0.00000000
0.97260278,0.00000000
0.96253962,0.00000000
0.97768769,0.00000000
0.96323485,0.00000000
0.97226556,0.00000000
0.98370921,0.00000000
0.96385183,0.00000000
0.95995037,0.00000000
0.96697240,0.00000000
0.96753671,0.00000000
0.96284225,0.00000000
0.96635517,0.00000000
0.96111912,0.00000000
0.95708991,0.00000000
0.97582750,0.00000000
0.95189173,0.00000000
0.95600549,0.00000000
0.95608781,0.00000000
0.95889626,0.00000000
0.95210680,0.00000000
0.95451226,0.00000000
0.92500618,0.00000000
0.97608902,0.00000000
0.97202855,0.00000000
0.97675902,0.00000000
0.94567777,0.00000000
0.97428207,0.00000000
0.97464301,0.00000000
0.95747799,0.00000000
0.96828268,0.00000000
0.94932979,0.00000000
0.97431750,0.00000000
0.95959608,0.00000000
0.97415720,0.00000000
0.96909743,0.00000000
0.95813715,0.00000000
0.95178667,0.00000000
0.96737181,0.00000000
0.94269460,0.00000000
0.97494954,0.00000000
0.94306455,0.00000000
0.92802957,0.00000000
0.94153209,0.00000000
0.95307708,0.00000000
0.96421282,0.00000000
0.95687625,0.00000000
0.96442384,0.00000000
0.93777640,0.00000000
0.94050694,0.00000000
0.95167945,0.00000000
0.89044288,0.00000000
0.94185055,0.00000000
0.93105760,0.00000000
0.96067643,0.00000000
0.97065897,0.00000000
0.98344705,0.00000000
0.98239734,0.00000000
0.96601357,0.00000000
0.94105444,0.00000000
0.96185441,0.00000000
0.93497905,0.00000000
0.93321404,0.00000000
0.92691651,0.00000000
0.96968998,0.00000000
0.96413671,0.00000000
0.95562856,0.00000000
0.93670762,0.00000000
0.94822584,0.00000000
0.94879763,0.00000000
0.96288578,0.00000000
0.95031003,0.00000000
0.98767333,0.00000000
0.97081033,0.00000000
0.96092328,0.00000000
0.96500968,0.00000000
0.95839710,0.00000000
0.96355717,0.00000000
0.95688192,0.00000000
0.94409950,0.00000000
0.95409141,0.00000000
0.96787908,0.00000000
0.95872684,0.00000000
0.95678780,0.00000000
0.96779129,0.00000000
0.96664779,0.00000000
0.95248427,0.00000000
0.97558444,0.00000000
0.97472387,0.00000000
0.96777004,0.00000000
0.96954117,0.00000000
0.96372727,0.00000000
0.98148757,0.00000000
0.96515392,0.00000000
0.96833977,0.00000000
0.97869577,0.00000000
0.96976485,0.00000000
0.98977059,0.00000000
0.95463668,0.00000000
0.97019252,0.00000000
0.97662121,0.00000000
0.98009602,0.00000000
0.99274992,0.00000000
0.99310886,0.00000000
0.98062472,0.00000000
0.99111819,0.00000000
0.98731737,0.00000000
0.97495067,0.00000000
0.98401776,0.00000000
0.98191623,0.00000000
0.96890839,0.00000000
0.96777885,0.00000000
0.96656344,0.00000000
0.97712135,0.00000000
0.98776929,0.00000000
0.98578088,0.00000000
0.97178038,0.00000000
0.95997715,0.00000000
0.97618163,0.00000000
0.97302249,0.00000000
0.93367114,0.00000000
0.93375463,0.00000000
0.93005726,0.00000000
0.95664038,0.00000000
0.90833673,0.00000000
0.93528895,0.00000000
0.93805004,0.00000000
0.96578211,0.00000000
0.93580075,0.00000000
0.93339098,0.00000000
0.95076793,0.00000000
0.97618580,0.00000000
0.97525988,0.00000000
0.94424788,0.00000000
0.94579132,0.00000000
0.94452695,0.00000000
0.97016599,0.00000000
0.96268898,0.00000000
0.95429960,0.00000000
0.92163856,0.00000000
0.96881215,0.00000000
0.94099973,0.00000000
0.94016877,0.00000000
0.94670923,0.00000000
0.93707719,0.00000000
0.92465826,0.00000000
0.97466751,0.00000000
0.96671759,0.00000000
0.97174861,0.00000000
0.93866223,0.00000000
0.95808079,0.00000000
0.96400251,0.00000000
0.96035553,0.00000000
0.96713166,0.00000000
0.97657053,0.00000000
0.97828464,0.00000000
0.96568523,0.00000000
0.97489226,0.00000000
0.97493753,0.00000000
0.97100599,0.00000000
0.96817691,0.00000000
0.94841611,0.00000000
0.97310558,0.00000000
0.96163233,0.00000000
0.95440091,0.00000000
0.95865232,0.00000000
0.96181556,0.00000000
0.96606124,0.00000000
0.97281771,0.00000000
0.96960607,0.00000000
0.94548953,0.00000000
0.96910814,0.00000000
0.94942827,0.00000000
0.97017994,0.00000000
0.96197206,0.00000000
0.95732421,0.00000000
0.95133159,0.00000000
0.94738094,0.00000000
0.95521846,0.00000000
0.95600181,0.00000000
0.94634871,0.00000000
0.94288191,0.00000000
0.95175839,0.00000000
0.94807707,0.00000000
0.97202695,0.00000000
0.95971058,0.00000000
0.97134818,0.00000000
0.95178340,0.00000000
0.96856513,0.00000000
0.96438931,0.00000000
0.98102537,0.00000000
0.95791337,0.00000000
0.97369941,0.00000000
0.94152921,0.00000000
0.93382633,0.00000000
0.95769151,0.00000000
0.95580893,0.00000000
0.95144599,0.00000000
0.96028620,0.00000000
0.93917505,0.00000000
0.95484861,0.00000000
0.94206996,0.00000000
0.96062266,0.00000000
0.93598360,0.00000000
0.94528979,0.00000000
0.93742746,0.00000000
0.95346043,0.00000000
0.94461303,0.00000000
0.95559515,0.00000000
0.95051556,0.00000000
0.96440593,0.00000000
0.95347720,0.00000000
0.94404568,0.00000000
0.95179453,0.00000000
0.95230146,0.00000000
0.93700777,0.00000000
0.93974350,0.00000000
0.94004226,0.00000000
0.94960646,0.00000000
0.96427386,0.00000000
0.94757819,0.00000000
0.94199390,0.00000000
0.95849578,0.00000000
0.95631107,0.00000000
0.94417753,0.00000000
0.95750813,0.00000000
0.96514258,0.00000000
0.96903732,0.00000000
0.94468630,0.00000000
0.95477876,0.00000000
0.95123217,0.00000000
0.96845829,0.00000000
0.96293790,0.00000000
0.96296764,0.00000000
0.95314424,0.00000000
0.96124340,0.00000000
0.96792407,0.00000000
0.95263059,0.00000000
0.96326026,0.00000000
0.97469027,0.00000000
0.95494114,0.00000000
0.95784211,0.00000000
0.97553097,0.00000000
0.94955901,0.00000000
0.96702659,0.00000000
0.95355128,0.00000000
0.97053995,0.00000000
0.96917746,0.00000000
0.96204677,0.00000000
0.94856708,0.00000000
0.95186980,0.00000000
0.96656378,0.00000000
0.94399892,0.00000000
0.96194074,0.00000000
0.95109024,0.00000000
0.96093631,0.00000000
0.96053254,0.00000000
0.96097263,0.00000000
0.97283724,0.00000000
0.97694473,0.00000000
0.98515909,0.00000000
0.96162935,0.00000000
0.97575097,0.00000000
0.96720989,0.00000000
0.97864484,0.00000000
0.96753802,0.00000000
0.95973449,0.00000000
0.97388265,0.00000000
0.96890420,0.00000000
0.97029581,0.00000000
0.97408044,0.00000000
0.95732766,0.00000000
0.97145839,0.00000000
0.97255856,0.00000000
0.95649675,0.00000000
0.97476064,0.00000000
0.96580545,0.00000000
0.95518431,0.00000000
0.96119422,0.00000000
0.96556737,0.00000000
0.94603974,0.00000000
0.93740052,0.00000000
0.94723161,0.00000000
0.95411433,0.00000000
0.95896479,0.00000000
0.94703156,0.00000000
0.94385144,0.00000000
0.91969174,0.00000000
0.95420478,0.00000000
0.95439206,0.00000000
0.97391115,0.00000000
0.93391061,0.00000000
0.95102676,0.00000000
0.95017326,0.00000000
0.97010757,0.00000000
0.96172862,0.00000000
0.98253749,0.00000000
0.96898948,0.00000000
0.92770554,0.00000000
0.96372686,0.00000000
0.93610585,0.00000000
0.92748800,0.00000000
0.92379431,0.00000000
0.90214349,0.00000000
0.92879579,0.00000000
0.90276207,0.00000000
0.94724085,0.00000000
0.97557509,0.00000000
0.95401516,0.00000000
0.97148082,0.00000000
0.95960234,0.00000000
0.94883423,0.00000000
0.95225532,0.00000000
0.93109564,0.00000000
0.95180637,0.00000000
0.92865378,0.00000000
0.91875070,0.00000000
0.92203106,0.00000000
0.91814326,0.00000000
0.91536583,0.00000000
0.91167114,0.00000000
0.91228193,0.00000000
0.90662076,0.00000000
0.93796355,0.00000000
0.91535296,0.00000000
0.90228837,0.00000000
0.92105190,0.00000000
0.91571538,0.00000000
0.91130747,0.00000000
0.91829407,0.00000000
0.91094123,0.00000000
0.91935598,0.00000000
0.91034375,0.00000000
0.90269729,0.00000000
0.90793851,0.00000000
0.90183656,0.00000000
0.89714693,0.00000000
0.88756938,0.00000000
0.87505452,0.00000000
0.81145778,0.00000000
0.94655128,0.00000000
0.83704567,0.00000000
0.97317696,0.00000000
0.85726254,0.00000000
0.94586026,0.00000000
0.92411050,0.00000000
0.88743957,0.00000000
0.92589122,0.00000000
0.96075454,0.00000000
0.94516668,0.00000000
0.97428834,0.00000000
0.97750765,0.00000000
0.96782610,0.00000000
0.97140324,0.00000000
0.96930956,0.00000000
0.93765385,0.00000000
0.91058061,0.00000000
0.92102351,0.00000000
0.95104032,0.00000000
0.95792376,0.00000000
0.93429562,0.00000000
0.92675850,0.00000000
0.93239034,0.00000000
0.96081448,0.00000000
0.94536234,0.00000000
0.91637166,0.00000000
0.91983103,0.00000000
0.97337440,0.00000000
0.93151528,0.00000000
0.93268032,0.00000000
0.93066424,0.00000000
0.92599161,0.00000000
0.94555912,0.00000000
0.94651286,0.00000000
0.92014566,0.00000000
0.93422461,0.00000000
0.87990556,0.00000000
0.90321523,0.00000000
0.87908379,0.00000000
0.89737840,0.00000000
0.87565806,0.00000000
0.86430489,0.00000000
0.88798734,0.00000000
0.96086191,0.00000000
0.85121353,0.00000000
0.93173320,0.00000000
0.92635990,0.00000000
0.91235079,0.00000000
0.93756651,0.00000000
0.93909545,0.00000000
0.93322734,0.00000000
0.93166708,0.00000000
0.95755520,0.00000000
0.94558385,0.00000000
0.96572974,0.00000000
0.94719177,0.00000000
0.97190030,0.00000000
0.97844088,0.00000000
0.97747784,0.00000000
0.94872151,0.00000000
0.93830697,0.00000000
0.92287402,0.00000000
0.94733330,0.00000000
0.95081716,0.00000000
0.97295421,0.00000000
0.97787077,0.00000000
0.96321920,0.00000000
0.95064703,0.00000000
0.94672275,0.00000000
0.96932562,0.00000000
0.97201638,0.00000000
0.96843224,0.00000000
0.96588149,0.00000000
0.96075299,0.00000000
0.94942203,0.00000000
0.97052962,0.00000000
0.95859297,0.00000000
0.97753368,0.00000000
0.95367500,0.00000000
0.98700982,0.00000000
0.97417497,0.00000000
0.96056485,0.00000000
0.96141557,0.00000000
0.96353162,0.00000000
0.96382512,0.00000000
0.96843263,0.00000000
0.96046355,0.00000000
0.97558385,0.00000000
0.96681929,0.00000000
0.96380141,0.00000000
0.96214097,0.00000000
0.95199533,0.00000000
0.95118455,0.00000000
0.97574135,0.00000000
0.97472870,0.00000000
0.97059570,0.00000000
0.96031909,0.00000000
0.96873038,0.00000000
0.95081027,0.00000000
0.98235294,0.00000000
0.97352075,0.00000000
0.93151733,0.00000000
0.97365071,0.00000000
0.96214049,0.00000000
0.99070016,0.00000000
0.98153106,0.00000000
0.96582306,0.00000000
0.98651081,0.00000000
0.97293751,0.00000000
0.97107983,0.00000000
0.96422080,0.00000000
0.96903190,0.00000000
0.96673677,0.00000000
0.95435048,0.00000000
0.96275342,0.00000000
0.95517749,0.00000000
0.96330968,0.00000000
0.95680566,0.00000000
0.95743235,0.00000000
0.94875898,0.00000000
0.94421604,0.00000000
0.96436979,0.00000000
0.96685832,0.00000000
0.96000152,0.00000000
0.96239486,0.00000000
0.97132131,0.00000000
0.98253353,0.00000000
0.97017606,0.00000000
0.96305757,0.00000000
0.96941937,0.00000000
0.98000869,0.00000000
0.99446006,0.00000000
0.98751780,0.00000000
0.98636139,0.00000000
0.98958633,0.00000000
0.98432176,0.00000000
0.98154119,0.00000000
0.96900700,0.00000000
0.97026329,0.00000000
0.98275910,0.00000000
0.97244865,0.00000000
0.95867862,0.00000000
0.95875225,0.00000000
0.97180842,0.00000000
0.97091503,0.00000000
0.96895793,0.00000000
0.95052608,0.00000000
0.96511612,0.00000000
0.95730391,0.00000000
0.95411716,0.00000000
0.95622814,0.00000000
0.96220539,0.00000000
0.97146122,0.00000000
0.97726813,0.00000000
0.95672435,0.00000000
0.95286879,0.00000000
0.94238246,0.00000000
0.95562688,0.00000000
0.96617119,0.00000000
0.98301724,0.00000000
0.97772396,0.00000000
0.95521304,0.00000000
0.95797661,0.00000000
0.95241660,0.00000000
0.98021722,0.00000000
0.96581773,0.00000000
0.94106739,0.00000000
0.97503440,0.00000000
0.96308063,0.00000000
0.95870920,0.00000000
0.97124465,0.00000000
0.96374504,0.00000000
0.96825503,0.00000000
0.96797616,0.00000000
0.95824051,0.00000000
0.95711769,0.00000000
0.94678046,0.00000000
0.94945609,0.00000000
0.95287890,0.00000000
0.93404818,0.00000000
0.90096386,0.00000000
0.89145196,0.00000000
0.89095104,0.00000000
0.90121326,0.00000000
0.90290799,0.00000000
0.88737932,0.00000000
0.88563502,0.00000000
0.87335619,0.00000000
0.85811627,0.00000000
0.85070251,0.00000000
0.83625012,0.00000000
0.84062816,0.00000000
0.83061088,0.00000000
0.82655566,0.00000000
0.82143115,0.00000000
0.80814450,0.00000000
0.81776787,0.00000000
0.81713675,0.00000000
0.82000960,0.00000000
0.83268218,0.00000000
0.82504937,0.00000000
0.82768306,0.00000000
0.95955716,0.00000000
0.98067806,0.00000000
0.96702001,0.00000000
0.96023767,0.00000000
0.94544975,0.00000000
0.95593608,0.00000000
0.96084302,0.00000000
0.97326866,0.00000000
0.98703225,0.00000000
0.97347409,0.00000000
0.96272269,0.00000000
0.95010163,0.00000000
0.96202715,0.00000000
0.96815985,0.00000000
0.97842980,0.00000000
0.97028281,0.00000000
0.98052848,0.00000000
0.98931153,0.00000000
0.98159406,0.00000000
0.98483152,0.00000000
0.98934448,0.00000000
0.97504561,0.00000000
0.97942871,0.00000000
0.98230509,0.00000000
0.97140783,0.00000000
0.97576653,0.00000000
0.97239759,0.00000000
0.94938865,0.00000000
0.95517404,0.00000000
0.95601273,0.00000000
0.95752475,0.00000000
0.95810168,0.00000000
0.95565499,0.00000000
0.95808770,0.00000000
0.93601109,0.00000000
0.95063830,0.00000000
0.93965116,0.00000000
0.95421240,0.00000000
0.95280771,0.00000000
0.96916149,0.00000000
0.95793611,0.00000000
0.95712352,0.00000000
0.95009531,0.00000000
0.96675422,0.00000000
0.94849431,0.00000000
0.96103427,0.00000000
0.98477002,0.00000000
0.97201160,0.00000000
0.97360786,0.00000000
0.96838283,0.00000000
0.96826565,0.00000000
0.97858720,0.00000000
0.94998223,0.00000000
0.96448149,0.00000000
0.97288685,0.00000000
0.98055472,0.00000000
0.92827054,0.00000000
0.93634532,0.00000000
0.93630548,0.00000000
0.92243124,0.00000000
0.97275767,0.00000000
0.96054157,0.00000000
0.94156548,0.00000000
0.93221512,0.00000000
0.92427699,0.00000000
0.94034630,0.00000000
0.96591833,0.00000000
0.94053793,0.00000000
0.94693468,0.00000000
0.96548662,0.00000000
0.94584278,0.00000000
0.96270215,0.00000000
0.97903841,0.00000000
0.94388924,0.00000000
0.95457705,0.00000000
0.94906437,0.00000000
0.95050706,0.00000000
0.98846106,0.00000000
0.93749295,0.00000000
0.96655527,0.00000000
0.94345929,0.00000000
0.94399715,0.00000000
0.93386099,0.00000000
0.96056188,0.00000000
0.94424492,0.00000000
0.92558492,0.00000000
0.95883833,0.00000000
0.93275768,0.00000000
0.92203338,0.00000000
0.92928365,0.00000000
0.93010937,0.00000000
0.94507835,0.00000000
0.94076101,0.00000000
0.93831197,0.00000000
0.93361920,0.00000000
0.96196339,0.00000000
0.95364084,0.00000000
0.96625422,0.00000000
0.93286054,0.00000000
0.95677792,0.00000000
0.92899067,0.00000000
0.92857296,0.00000000
0.90859770,0.00000000
0.94808956,0.00000000
0.93689792,0.00000000
0.93408601,0.00000000
0.94882908,0.00000000
0.94423776,0.00000000
0.95801682,0.00000000
0.94303452,0.00000000
0.92302628,0.00000000
0.91873228,0.00000000
0.92808902,0.00000000
0.94433451,0.00000000
0.92377321,0.00000000
0.93460111,0.00000000
0.96706643,0.00000000
0.97388594,0.00000000
0.95410996,0.00000000
0.95319387,0.00000000
0.95513239,0.00000000
0.92937476,0.00000000
0.93025688,0.00000000
0.92665983,0.00000000
0.91191827,0.00000000
0.89861798,0.00000000
0.90523784,0.00000000
0.93416594,0.00000000
0.93563174,0.00000000
0.94346535,0.00000000
0.93088729,0.00000000
0.95748027,0.00000000
0.91795650,0.00000000
0.93232634,0.00000000
0.95334169,0.00000000
0.93093470,0.00000000
0.93709354,0.00000000
0.93294508,0.00000000
0.92591336,0.00000000
0.95139560,0.00000000
0.95560226,0.00000000
0.89359420,0.00000000
0.92472264,0.00000000
0.95669296,0.00000000
0.96730684,0.00000000
0.96079597,0.00000000
0.95994660,0.00000000
0.97577784,0.00000000
0.91904641,0.00000000
0.93468570,0.00000000
0.93846200,0.00000000
0.92443164,0.00000000
0.94074270,0.00000000
0.95617959,0.00000000
0.94371840,0.00000000
0.91476341,0.00000000
0.95291444,0.00000000
0.99005946,0.00000000
0.95503796,0.00000000
0.98716274,0.00000000
0.97517198,0.00000000
0.94490915,0.00000000
0.95809152,0.00000000
0.96666219,0.00000000
0.95398599,0.00000000
0.95068439,0.00000000
0.94849429,0.00000000
0.98146195,0.00000000
0.94449105,0.00000000
0.93168465,0.00000000
0.93240228,0.00000000
0.93959356,0.00000000
0.93786901,0.00000000
0.95705083,0.00000000
0.95048424,0.00000000
0.97546816,0.00000000
0.94552151,0.00000000
0.95842406,0.00000000
0.97642161,0.00000000
0.95028660,0.00000000
0.96536878,0.00000000
0.93602536,0.00000000
0.95235054,0.00000000
0.93616661,0.00000000
0.92381273,0.00000000
0.96667168,0.00000000
0.93559434,0.00000000
0.95470758,0.00000000
0.90566974,0.00000000
0.91853876,0.00000000
0.92646241,0.00000000
0.93048842,0.00000000
0.95015581,0.00000000
0.94886716,0.00000000
0.95205907,0.00000000
0.96055362,0.00000000
0.96157010,0.00000000
0.96435145,0.00000000
0.94558165,0.00000000
0.96933495,0.00000000
0.97562734,0.00000000
0.96582691,0.00000000
0.95071928,0.00000000
0.95481274,0.00000000
0.94104027,0.00000000
0.95433699,0.00000000
0.97131045,0.00000000
0.94869467,0.00000000
0.94424005,0.00000000
0.94791968,0.00000000
0.96419541,0.00000000
0.96251667,0.00000000
0.96687750,0.00000000
0.92590482,0.00000000
0.96440345,0.00000000
0.96800853,0.00000000
0.98206404,0.00000000
0.96758119,0.00000000
0.93969113,0.00000000
0.92407630,0.00000000
0.90623587,0.00000000
0.90711286,0.00000000
0.92223736,0.00000000
0.94222200,0.00000000
0.94715132,0.00000000
0.94957803,0.00000000
0.94483853,0.00000000
0.92643637,0.00000000
0.97230110,0.00000000
0.96933958,0.00000000
0.98298554,0.00000000
0.95405285,0.00000000
0.95550855,0.00000000
0.96854189,0.00000000
0.96804082,0.00000000
0.93193564,0.00000000
0.90968128,0.00000000
0.90762056,0.00000000
0.95687526,0.00000000
0.95934183,0.00000000
0.93425147,0.00000000
0.95867659,0.00000000
0.96613500,0.00000000
0.95685217,0.00000000
0.96761594,0.00000000
0.94969481,0.00000000
0.93410104,0.00000000
0.93866218,0.00000000
0.95253305,0.00000000
0.95658698,0.00000000
0.97527950,0.00000000
0.95329168,0.00000000
0.95645705,0.00000000
0.93752579,0.00000000
0.93037534,0.00000000
0.91662573,0.00000000
0.92948968,0.00000000
0.93933920,0.00000000
0.93194618,0.00000000
0.93775660,0.00000000
0.95152701,0.00000000
0.94916167,0.00000000
0.93673332,0.00000000
0.96571118,0.00000000
0.93865192,0.00000000
0.94854951,0.00000000
0.94266584,0.00000000
0.94701825,0.00000000
0.94976331,0.00000000
0.97132577,0.00000000
0.93849123,0.00000000
0.94817328,0.00000000
0.94708929,0.00000000
0.94950064,0.00000000
0.93248721,0.00000000
0.93260323,0.00000000
0.92731056,0.00000000
0.93715472,0.00000000
0.92083165,0.00000000
0.94517367,0.00000000
0.91723161,0.00000000
0.94745944,0.00000000
0.94552322,0.00000000
0.92963250,0.00000000
0.92420507,0.00000000
0.94082965,0.00000000
0.92776178,0.00000000
0.93836469,0.00000000
0.93033759,0.00000000
0.92891586,0.00000000
0.93988424,0.00000000
0.94052104,0.00000000
0.91467806,0.00000000
0.93018483,0.00000000
0.94005409,0.00000000
0.94089287,0.00000000
0.93270248,0.00000000
0.92724408,0.00000000
0.93855395,0.00000000
0.92836770,0.00000000
0.93864266,0.00000000
0.92061441,0.00000000
0.91445748,0.00000000
0.89603501,0.00000000
0.91069796,0.00000000
0.91120787,0.00000000
0.89367312,0.00000000
0.90318741,0.00000000
0.90184547,0.00000000
0.94987174,0.00000000
0.91335233,0.00000000
0.93616653,0.00000000
0.93391123,0.00000000
0.95354756,0.00000000
0.91984641,0.00000000
0.95509312,0.00000000
0.96244821,0.00000000
0.94154978,0.00000000
0.94958610,0.00000000
0.96997825,0.00000000
0.97279223,0.00000000
0.97396083,0.00000000
0.96308252,0.00000000
0.96102068,0.00000000
0.97164711,0.00000000
0.96615589,0.00000000
0.96752451,0.00000000
0.97590753,0.00000000
0.96748556,0.00000000
0.98797879,0.00000000
0.98843208,0.00000000
0.98046481,0.00000000
0.97237003,0.00000000
0.97039180,0.00000000
0.96680045,0.00000000
0.96204723,0.00000000
0.95520428,0.00000000
0.96498515,0.00000000
0.95467116,0.00000000
0.95071675,0.00000000
0.95319233,0.00000000
0.95042432,0.00000000
0.94313999,0.00000000
0.93713248,0.00000000
0.96652954,0.00000000
0.95849100,0.00000000
0.95400077,0.00000000
0.96921101,0.00000000
0.96014885,0.00000000
0.96077425,0.00000000
0.97698383,0.00000000
0.96708186,0.00000000
0.96383691,0.00000000
0.94631182,0.00000000
0.97598052,0.00000000
0.96356598,0.00000000
0.94964410,0.00000000
0.97352248,0.00000000
0.93599906,0.00000000
0.93434205,0.00000000
0.95092332,0.00000000
0.93284155,0.00000000
0.95793309,0.00000000
0.91786996,0.00000000
0.96127881,0.00000000
0.93078545,0.00000000
0.95456127,0.00000000
0.91857373,0.00000000
0.92111877,0.00000000
0.96705282,0.00000000
0.96834821,0.00000000
0.98088258,0.00000000
0.99645877,0.00000000
0.96847989,0.00000000
0.96315842,0.00000000
0.97041253,0.00000000
0.95691139,0.00000000
0.95308397,0.00000000
0.96497459,0.00000000
0.98621858,0.00000000
0.96876881,0.00000000
0.97532024,0.00000000
0.97559398,0.00000000
0.95388932,0.00000000
0.95344892,0.00000000
0.97212118,0.00000000
0.95506066,0.00000000
0.95551844,0.00000000
0.97380377,0.00000000
0.96642142,0.00000000
0.96906856,0.00000000
0.94852896,0.00000000
0.94547055,0.00000000
0.95127005,0.00000000
0.97643447,0.00000000
0.97003835,0.00000000
0.96652568,0.00000000
0.95543180,0.00000000
0.94045823,0.00000000
0.95104715,0.00000000
0.97208908,0.00000000
0.98741150,0.00000000
0.97265052,0.00000000
0.94835274,0.00000000
0.96247260,0.00000000
0.94923918,0.00000000
0.95417796,0.00000000
0.94443203,0.00000000
0.95639417,0.00000000
0.98003627,0.00000000
0.98330680,0.00000000
0.97223642,0.00000000
0.93227193,0.00000000
0.92582653,0.00000000
0.97085684,0.00000000
0.97638171,0.00000000
0.96713507,0.00000000
0.93995251,0.00000000
0.99020313,0.00000000
0.95025730,0.00000000
0.95919110,0.00000000
0.94813742,0.00000000
0.94827557,0.00000000
0.96145947,0.00000000
0.96000965,0.00000000
0.96480530,0.00000000
0.97234156,0.00000000
0.95864037,0.00000000
0.96087155,0.00000000
0.94735340,0.00000000
0.92415063,0.00000000
0.92160364,0.00000000
0.94770566,0.00000000
0.92877555,0.00000000
0.93108886,0.00000000
0.95259631,0.00000000
0.95188713,0.00000000
0.93608062,0.00000000
0.95024787,0.00000000
0.91627519,0.00000000
0.92915789,0.00000000
0.95341593,0.00000000
0.95683016,0.00000000
0.93922827,0.00000000
0.93441984,0.00000000
0.95778065,0.00000000
0.96851294,0.00000000
0.96142007,0.00000000
0.92464432,0.00000000
0.94537595,0.00000000
0.95564500,0.00000000
0.96027911,0.00000000
0.96824339,0.00000000
0.95608903,0.00000000
0.95955373,0.00000000
0.97125226,0.00000000
0.96123752,0.00000000
0.96038027,0.00000000
0.98263992,0.00000000
0.96250637,0.00000000
0.96389047,0.00000000
0.96809218,0.00000000
0.97495664,0.00000000
0.95358555,0.00000000
0.97393643,0.00000000
0.95755782,0.00000000
0.96657920,0.00000000
0.93611282,0.00000000
0.95948074,0.00000000
0.95398223,0.00000000
0.96949004,0.00000000
0.96746758,0.00000000
0.95979735,0.00000000
0.95126962,0.00000000
0.94187356,0.00000000
0.93652634,0.00000000
0.93964343,0.00000000
0.96639741,0.00000000
0.97156630,0.00000000
0.97729389,0.00000000
0.97007598,0.00000000
0.96079896,0.00000000
0.96264989,0.00000000
0.97708965,0.00000000
0.98055638,0.00000000
0.96911734,0.00000000
0.96910581,0.00000000
0.95921340,0.00000000
0.96940156,0.00000000
0.93215316,0.00000000
0.93581073,0.00000000
0.93675319,0.00000000
0.94137702,0.00000000
0.93584747,0.00000000
0.92974834,0.00000000
0.96135343,0.00000000
0.94743982,0.00000000
0.95103770,0.00000000
0.92813509,0.00000000
0.93224367,0.00000000
0.94249635,0.00000000
0.94352461,0.00000000
0.94518871,0.00000000
0.95757537,0.00000000
0.95602841,0.00000000
0.96345743,0.00000000
0.95860001,0.00000000
0.95075083,0.00000000
0.94355002,0.00000000
0.97611148,0.00000000
0.95927420,0.00000000
0.96910759,0.00000000
0.97138091,0.00000000
0.96328999,0.00000000
0.95341897,0.00000000
0.95325197,0.00000000
0.94171411,0.00000000
0.94172020,0.00000000
0.94308693,0.00000000
0.94914323,0.00000000
0.94172222,0.00000000
0.94172383,0.00000000
0.95652745,0.00000000
0.97021279,0.00000000
0.96881804,0.00000000
0.97256736,0.00000000
0.97281037,0.00000000
0.96002958,0.00000000
0.95204393,0.00000000
0.96476623,0.00000000
0.95447708,0.00000000
0.97359199,0.00000000
0.96846572,0.00000000
0.97877108,0.00000000
0.98922535,0.00000000
0.97460436,0.00000000
0.96326987,0.00000000
0.95837885,0.00000000
0.93738089,0.00000000
0.98024524,0.00000000
0.96587307,0.00000000
0.95846973,0.00000000
0.96381153,0.00000000
0.98397463,0.00000000
0.97291189,0.00000000
0.97097352,0.00000000
0.98663286,0.00000000
0.97512728,0.00000000
0.93465370,0.00000000
0.97170808,0.00000000
0.96720096,0.00000000
0.96739586,0.00000000
0.96894435,0.00000000
0.98286782,0.00000000
0.97570609,0.00000000
0.97278732,0.00000000
0.97600925,0.00000000
0.97486981,0.00000000
0.96845997,0.00000000
0.96927253,0.00000000
0.96944769,0.00000000
0.95476546,0.00000000
0.97353974,0.00000000
0.96377048,0.00000000
0.96790211,0.00000000
0.97067550,0.00000000
0.97261123,0.00000000
0.96217821,0.00000000
0.95431128,0.00000000
0.96681703,0.00000000
0.96812003,0.00000000
0.98586805,0.00000000
0.96331659,0.00000000
0.97255571,0.00000000
0.97181666,0.00000000
0.95865648,0.00000000
0.95846993,0.00000000
0.94609800,0.00000000
0.93148646,0.00000000
0.94840248,0.00000000
0.94014352,0.00000000
0.95570237,0.00000000
0.94594381,0.00000000
0.95059045,0.00000000
0.97533476,0.00000000
0.97837622,0.00000000
0.98540400,0.00000000
0.96240402,0.00000000
0.95865014,0.00000000
0.94929213,0.00000000
0.94022037,0.00000000
0.90157229,0.00000000
0.91281685,0.00000000
0.94921755,0.00000000
0.95411523,0.00000000
0.96818863,0.00000000
0.94988337,0.00000000
0.95919608,0.00000000
0.94690455,0.00000000
0.92444975,0.00000000
0.93140642,0.00000000
0.92692981,0.00000000
0.95507664,0.00000000
0.93284996,0.00000000
0.93982607,0.00000000
0.93552598,0.00000000
0.95147743,0.00000000
0.94031251,0.00000000
0.90378271,0.00000000
0.91326818,0.00000000
0.90163881,0.00000000
0.94248679,0.00000000
0.90376620,0.00000000
0.92118865,0.00000000
0.91872814,0.00000000
0.93513256,0.00000000
0.94077463,0.00000000
0.94995986,0.00000000
0.95037537,0.00000000
0.95114108,0.00000000
0.95249392,0.00000000
0.95437135,0.00000000
0.95483448,0.00000000
0.94809525,0.00000000
0.93658521,0.00000000
0.96337107,0.00000000
0.95978557,0.00000000
0.96150740,0.00000000
0.95848946,0.00000000
0.95489387,0.00000000
0.94307348,0.00000000
0.96879384,0.00000000
0.96313572,0.00000000
0.97704594,0.00000000
0.95168496,0.00000000
0.97562680,0.00000000
0.96351028,0.00000000
0.97930694,0.00000000
0.94054458,0.00000000
0.95135751,0.00000000
0.94241955,0.00000000
0.95403873,0.00000000
0.96183786,0.00000000
0.96902828,0.00000000
0.95323093,0.00000000
0.96262105,0.00000000
0.97431737,0.00000000
0.96347480,0.00000000
0.94433724,0.00000000
0.93062367,0.00000000
0.95118918,0.00000000
0.93127026,0.00000000
0.97451815,0.00000000
0.92702683,0.00000000
0.96093660,0.00000000
0.93928899,0.00000000
0.94842748,0.00000000
0.95317970,0.00000000
0.93612514,0.00000000
0.97659287,0.00000000
0.96829943,0.00000000
0.97932964,0.00000000
0.96627616,0.00000000
0.95043082,0.00000000
0.95225405,0.00000000
0.98469075,0.00000000
0.98424484,0.00000000
0.97177643,0.00000000
0.97984430,0.00000000
0.96271193,0.00000000
0.95018057,0.00000000
0.98120415,0.00000000
0.94974424,0.00000000
0.96142981,0.00000000
0.97732527,0.00000000
0.94402468,0.00000000
0.92871895,0.00000000
0.94843532,0.00000000
0.93612694,0.00000000
0.95474498,0.00000000
0.97370976,0.00000000
0.93832830,0.00000000
0.94303104,0.00000000
0.93853102,0.00000000
0.95321715,0.00000000
0.94776503,0.00000000
0.95981119,0.00000000
0.96172995,0.00000000
0.92609395,0.00000000
0.97120051,0.00000000
0.95821381,0.00000000
0.96081738,0.00000000
0.96123963,0.00000000
0.95156573,0.00000000
0.98058124,0.00000000
0.96297956,0.00000000
0.97695718,0.00000000
0.98297032,0.00000000
0.94841941,0.00000000
0.94430182,0.00000000
0.97515291,0.00000000
0.97926471,0.00000000
0.96093472,0.00000000
0.96863230,0.00000000
0.94022197,0.00000000
0.94755594,0.00000000
0.94791378,0.00000000
0.94116836,0.00000000
0.93779476,0.00000000
0.91946488,0.00000000
0.93857373,0.00000000
0.94891488,0.00000000
0.97037602,0.00000000
0.94761293,0.00000000
0.95242024,0.00000000
0.94352687,0.00000000
0.94493008,0.00000000
0.95027923,0.00000000
0.96123508,0.00000000
0.95237983,0.00000000
0.95658226,0.00000000
0.94876382,0.00000000
0.96300215,0.00000000
0.94822891,0.00000000
0.94449245,0.00000000
0.95258530,0.00000000
0.97142925,0.00000000
0.94157139,0.00000000
0.94761544,0.00000000
0.96508654,0.00000000
0.96339090,0.00000000
0.96128333,0.00000000
0.95299387,0.00000000
0.96846678,0.00000000
0.97052942,0.00000000
0.95428435,0.00000000
0.97188264,0.00000000
0.95656488,0.00000000
0.96303941,0.00000000
0.96008908,0.00000000
0.96624031,0.00000000
0.96478203,0.00000000
0.95543470,0.00000000
0.95932986,0.00000000
0.95533456,0.00000000
0.96057606,0.00000000
0.95146692,0.00000000
0.94005347,0.00000000
0.95786708,0.00000000
0.93646309,0.00000000
0.96694193,0.00000000
0.93550345,0.00000000
0.93369213,0.00000000
0.95322104,0.00000000
0.94404489,0.00000000
0.93142966,0.00000000
0.95604556,0.00000000
0.95523188,0.00000000
0.95532619,0.00000000
0.94708949,0.00000000
0.96672485,0.00000000
0.96286218,0.00000000
0.93407445,0.00000000
0.94000210,0.00000000
0.93852153,0.00000000
0.93540806,0.00000000
0.96519110,0.00000000
0.96494860,0.00000000
0.95730014,0.00000000
0.97371583,0.00000000
0.95672632,0.00000000
0.96315233,0.00000000
0.94584230,0.00000000
0.96114700,0.00000000
0.98463515,0.00000000
0.96819068,0.00000000
0.98185516,0.00000000
0.95762012,0.00000000
0.96021947,0.00000000
0.97742527,0.00000000
0.91249092,0.00000000
0.97395643,0.00000000
0.92610733,0.00000000
0.92698572,0.00000000
0.94872230,0.00000000
0.95052609,0.00000000
0.94007719,0.00000000
0.93587225,0.00000000
0.95211822,0.00000000
0.95617360,0.00000000
0.95421312,0.00000000
0.94334159,0.00000000
0.95972514,0.00000000
0.95485234,0.00000000
0.95967095,0.00000000
0.91636750,0.00000000
0.93925491,0.00000000
0.94994292,0.00000000
0.94726473,0.00000000
0.94952563,0.00000000
0.97129259,0.00000000
0.95845866,0.00000000
0.97338331,0.00000000
0.96655851,0.00000000
0.94176769,0.00000000
0.96151309,0.00000000
0.96254136,0.00000000
0.94333878,0.00000000
0.95650913,0.00000000
0.95817772,0.00000000
0.94985478,0.00000000
0.95663194,0.00000000
0.95554150,0.00000000
0.97541745,0.00000000
0.97011897,0.00000000
0.96626703,0.00000000
0.97477026,0.00000000
0.95719400,0.00000000
0.96948710,0.00000000
0.98297084,0.00000000
0.95384311,0.00000000
0.96940509,0.00000000
0.95915274,0.00000000
0.96967140,0.00000000
0.98144836,0.00000000
0.96961380,0.00000000
0.98039458,0.00000000
0.98910842,0.00000000
0.98312683,0.00000000
0.98089991,0.00000000
0.96310598,0.00000000
0.96410444,0.00000000
0.94938442,0.00000000
0.94322535,0.00000000
0.95699083,0.00000000
0.94960919,0.00000000
0.95295930,0.00000000
0.96175302,0.00000000
0.94987728,0.00000000
0.95533804,0.00000000
0.95347195,0.00000000
0.97202834,0.00000000
0.93492043,0.00000000
0.96082970,0.00000000
0.96629133,0.00000000
0.96368293,0.00000000
0.98437359,0.00000000
0.97189900,0.00000000
0.96655068,0.00000000
0.97500328,0.00000000
0.96803057,0.00000000
0.98762806,0.00000000
0.98479814,0.00000000
0.97694359,0.00000000
0.96939964,0.00000000
0.96450861,0.00000000
0.96584767,0.00000000
0.95482956,0.00000000
0.95495182,0.00000000
0.95480346,0.00000000
0.97121161,0.00000000
0.97102502,0.00000000
0.97191440,0.00000000
0.96418036,0.00000000
0.95009977,0.00000000
0.94309330,0.00000000
0.95801796,0.00000000
0.95599267,0.00000000
0.93978199,0.00000000
0.93855246,0.00000000
0.97647548,0.00000000
0.98831795,0.00000000
0.96841364,0.00000000
0.93635853,0.00000000
0.95406459,0.00000000
0.95790372,0.00000000
0.96422558,0.00000000
0.94709833,0.00000000
0.95205050,0.00000000
0.97552903,0.00000000
0.93619703,0.00000000
0.94487581,0.00000000
0.96878466,0.00000000
0.96417964,0.00000000
0.96426169,0.00000000
0.98192908,0.00000000
0.99067773,0.00000000
0.96699751,0.00000000
0.96784101,0.00000000
0.95885765,0.00000000
0.97672617,0.00000000
0.93523843,0.00000000
0.94517453,0.00000000
0.95204177,0.00000000
0.95572925,0.00000000
0.92989996,0.00000000
0.95985814,0.00000000
0.96169961,0.00000000
0.97952130,0.00000000
0.95793518,0.00000000
0.97028057,0.00000000
0.96297237,0.00000000
0.94669225,0.00000000
0.96582655,0.00000000
0.95743168,0.00000000
0.93671672,0.00000000
0.95005113,0.00000000
0.94550349,0.00000000
0.96486957,0.00000000
0.95934905,0.00000000
0.93476147,0.00000000
0.95604448,0.00000000
0.95858380,0.00000000
0.97027187,0.00000000
0.96192728,0.00000000
0.98790542,0.00000000
0.98412782,0.00000000
0.96684461,0.00000000
0.97283733,0.00000000
0.96233105,0.00000000
0.98432104,0.00000000
0.94630444,0.00000000
0.94650999,0.00000000
0.94844482,0.00000000
0.98643086,0.00000000
0.96967763,0.00000000
0.96602691,0.00000000
0.96028386,0.00000000
0.96624544,0.00000000
0.96646685,0.00000000
0.95316663,0.00000000
0.97470125,0.00000000
0.98724608,0.00000000
0.97230941,0.00000000
0.97459049,0.00000000
0.96254396,0.00000000
0.96807413,0.00000000
0.97585940,0.00000000
0.95707634,0.00000000
0.96536709,0.00000000
0.96427546,0.00000000
0.95468705,0.00000000
0.97145273,0.00000000
0.95882378,0.00000000
0.96468298,0.00000000
0.97835905,0.00000000
0.97545828,0.00000000
0.97226858,0.00000000
0.97164511,0.00000000
0.97928820,0.00000000
0.97400085,0.00000000
0.97447902,0.00000000
0.97946248,0.00000000
0.96853727,0.00000000
0.97172260,0.00000000
0.97419430,0.00000000
0.97344117,0.00000000
0.98519069,0.00000000
0.98251153,0.00000000
0.98443711,0.00000000
0.97276550,0.00000000
0.98619679,0.00000000
0.97704013,0.00000000
0.98185244,0.00000000
0.97050616,0.00000000
0.97554295,0.00000000
0.99369928,0.00000000
0.98000660,0.00000000
0.98570460,0.00000000
0.98839676,0.00000000
0.97027248,0.00000000
0.97176274,0.00000000
0.97697969,0.00000000
0.95942332,0.00000000
0.93936059,0.00000000
0.93336948,0.00000000
0.95388677,0.00000000
0.96309729,0.00000000
0.96827510,0.00000000
0.95343204,0.00000000
0.96842206,0.00000000
0.97552889,0.00000000
0.96703306,0.00000000
0.96653978,0.00000000
0.97400678,0.00000000
0.97400444,0.00000000
0.97609677,0.00000000
0.98363383,0.00000000
0.96185049,0.00000000
0.96536761,0.00000000
0.96486397,0.00000000
0.96569329,0.00000000
0.96724164,0.00000000
0.98145493,0.00000000
0.97381598,0.00000000
0.97441891,0.00000000
0.96736045,0.00000000
0.98674118,0.00000000
0.97029859,0.00000000
0.97721693,0.00000000
0.96263183,0.00000000
0.96568511,0.00000000
0.96907481,0.00000000
0.97143086,0.00000000
0.97000265,0.00000000
0.96244279,0.00000000
0.96496470,0.00000000
0.96494310,0.00000000
0.98169829,0.00000000
0.97155392,0.00000000
0.96863952,0.00000000
0.96714450,0.00000000
0.97992885,0.00000000
0.96450678,0.00000000
0.96421068,0.00000000
0.97064958,0.00000000
0.97647773,0.00000000
0.96790100,0.00000000
0.97855878,0.00000000
0.98289986,0.00000000
0.98842072,0.00000000
0.98969754,0.00000000
0.97727637,0.00000000
0.96872906,0.00000000
0.96747302,0.00000000
0.97065968,0.00000000
0.97629562,0.00000000
0.97438641,0.00000000
0.98866233,0.00000000
0.99032964,0.00000000
0.98639875,0.00000000
0.98761173,0.00000000
0.98569874,0.00000000
0.97590990,0.00000000
0.95231829,0.00000000
0.98100722,0.00000000
0.98045830,0.00000000
0.97202989,0.00000000
0.95772429,0.00000000
0.98133965,0.00000000
0.98254102,0.00000000
0.96474858,0.00000000
0.96729559,0.00000000
0.97478214,0.00000000
0.97013877,0.00000000
0.96875625,0.00000000
0.97617887,0.00000000
0.97548155,0.00000000
0.97716469,0.00000000
0.98295606,0.00000000
0.97960201,0.00000000
0.97820697,0.00000000
0.98937281,0.00000000
0.98705950,0.00000000
0.97808399,0.00000000
0.97813635,0.00000000
0.97963979,0.00000000
0.98133516,0.00000000
0.98941934,0.00000000
0.97276609,0.00000000
0.97759153,0.00000000
0.98296520,0.00000000
0.98327628,0.00000000
0.97314097,0.00000000
0.97471921,0.00000000
0.97905478,0.00000000
0.96424238,0.00000000
0.96189425,0.00000000
0.96590029,0.00000000
0.96856411,0.00000000
0.97447557,0.00000000
0.96735243,0.00000000
0.96741874,0.00000000
0.96162301,0.00000000
0.97697176,0.00000000
0.94824650,0.00000000
0.96213433,0.00000000
0.97377175,0.00000000
0.97548266,0.00000000
0.96866575,0.00000000
0.98235704,0.00000000
0.97534735,0.00000000
0.97152506,0.00000000
0.97095139,0.00000000
0.96278241,0.00000000
0.97149233,0.00000000
0.97335478,0.00000000
0.95950541,0.00000000
0.97376117,0.00000000
0.96315853,0.00000000
0.97004891,0.00000000
0.97303534,0.00000000
0.96843653,0.00000000
0.95508886,0.00000000
0.95823204,0.00000000
0.97593455,0.00000000
0.96665770,0.00000000
0.96891685,0.00000000
0.97598020,0.00000000
0.96053522,0.00000000
0.94783412,0.00000000
0.94536413,0.00000000
0.94870371,0.00000000
0.94931532,0.00000000
0.96480908,0.00000000
0.96943280,0.00000000
0.96486880,0.00000000
0.94683247,0.00000000
0.95413157,0.00000000
0.95466546,0.00000000
0.95003935,0.00000000
0.97030597,0.00000000
0.94971087,0.00000000
0.94751849,0.00000000
0.99264488,0.00000000
0.96395431,0.00000000
0.97315864,0.00000000
0.95397720,0.00000000
0.94026182,0.00000000
0.95764262,0.00000000
0.94273198,0.00000000
0.96050192,0.00000000
0.97730131,0.00000000
0.96942898,0.00000000
0.96357197,0.00000000
0.95889275,0.00000000
0.95071520,0.00000000
0.92975417,0.00000000
0.93645515,0.00000000
0.95299810,0.00000000
0.96714919,0.00000000
0.96241425,0.00000000
0.94836093,0.00000000
0.95367912,0.00000000
0.95838370,0.00000000
0.95250911,0.00000000
0.95496871,0.00000000
0.95934073,0.00000000
0.97667178,0.00000000
0.96480565,0.00000000
0.96991692,0.00000000
0.96096875,0.00000000
0.96519432,0.00000000
0.98587685,0.00000000
0.96221899,0.00000000
0.96853697,0.00000000
0.98582721,0.00000000
0.98059575,0.00000000
0.98081963,0.00000000
0.92156055,0.00000000
0.97364263,0.00000000
0.96147278,0.00000000
0.96900810,0.00000000
0.96236768,0.00000000
0.98158365,0.00000000
0.98502259,0.00000000
0.99384017,0.00000000
0.99399789,0.00000000
0.97170897,0.00000000
0.97155823,0.00000000
0.98351184,0.00000000
0.97531128,0.00000000
0.97244240,0.00000000
0.96629461,0.00000000
0.97653908,0.00000000
0.94950948,0.00000000
0.97321628,0.00000000
0.98241872,0.00000000
0.96631167,0.00000000
0.97508171,0.00000000
0.96411069,0.00000000
0.96274715,0.00000000
0.96523663,0.00000000
0.96082924,0.00000000
0.93712168,0.00000000
0.96204046,0.00000000
0.96638315,0.00000000
0.97452255,0.00000000
0.96229216,0.00000000
0.96209368,0.00000000
0.96163773,0.00000000
0.97785178,0.00000000
0.96629435,0.00000000
0.96714652,0.00000000
0.98163885,0.00000000
0.96637080,0.00000000
0.96766789,0.00000000
0.95055990,0.00000000
0.93819259,0.00000000
0.96875085,0.00000000
0.97225947,0.00000000
0.97528970,0.00000000
0.95551695,0.00000000
0.97158483,0.00000000
0.96280912,0.00000000
0.96991355,0.00000000
0.97688241,0.00000000
0.96830146,0.00000000
0.97328344,0.00000000
0.95705175,0.00000000
0.95400509,0.00000000
0.97250747,0.00000000
0.95174683,0.00000000
0.95526346,0.00000000
0.96764256,0.00000000
0.95745721,0.00000000
0.96024365,0.00000000
0.96403049,0.00000000
0.96515625,0.00000000
0.96733811,0.00000000
0.96926072,0.00000000
0.97627756,0.00000000
0.97481860,0.00000000
0.96720653,0.00000000
0.96857113,0.00000000
0.96380435,0.00000000
0.97529670,0.00000000
0.96394978,0.00000000
0.96551657,0.00000000
0.96535053,0.00000000
0.97342110,0.00000000
0.94815748,0.00000000
0.95076381,0.00000000
0.94254998,0.00000000
0.95718620,0.00000000
0.95979946,0.00000000
0.96409152,0.00000000
0.96707643,0.00000000
0.97485178,0.00000000
0.97371737,0.00000000
0.97754010,0.00000000
0.96466542,0.00000000
0.96119848,0.00000000
0.96834742,0.00000000
0.94601294,0.00000000
0.96912191,0.00000000
0.97060302,0.00000000
0.96266136,0.00000000
0.97167013,0.00000000
0.96552975,0.00000000
0.96912534,0.00000000
0.98896231,0.00000000
0.96978459,0.00000000
0.97808831,0.00000000
0.97106336,0.00000000
0.97613364,0.00000000
0.96542093,0.00000000
0.95502371,0.00000000
0.96327587,0.00000000
0.96692549,0.00000000
0.96999119,0.00000000
0.97649281,0.00000000
0.98670777,0.00000000
0.96255253,0.00000000
0.98292184,0.00000000
0.95744490,0.00000000
0.96979428,0.00000000
0.96577929,0.00000000
0.96265477,0.00000000
0.97682067,0.00000000
0.95928520,0.00000000
0.96003976,0.00000000
0.97540219,0.00000000
0.98111630,0.00000000
0.97443211,0.00000000
0.97595573,0.00000000
0.96782268,0.00000000
0.96306700,0.00000000
0.95513041,0.00000000
0.95255048,0.00000000
0.97041315,0.00000000
0.95687005,0.00000000
0.96373294,0.00000000
0.96218195,0.00000000
0.97088360,0.00000000
0.98593269,0.00000000
0.96495572,0.00000000
0.97957284,0.00000000
0.97697308,0.00000000
0.98044906,0.00000000
0.97736404,0.00000000
0.97234522,0.00000000
0.97782395,0.00000000
0.97510612,0.00000000
0.97929020,0.00000000
0.98914962,0.00000000
0.95955763,0.00000000
0.99070898,0.00000000
0.96162879,0.00000000
0.96399367,0.00000000
0.97448156,0.00000000
0.96705923,0.00000000
0.97520528,0.00000000
0.97353060,0.00000000
0.95932991,0.00000000
0.96930633,0.00000000
0.97448963,0.00000000
0.99060451,0.00000000
0.97608877,0.00000000
0.98353386,0.00000000
0.97586160,0.00000000
0.96279589,0.00000000
0.98000689,0.00000000
0.97339053,0.00000000
0.97028752,0.00000000
0.99330849,0.00000000
0.97892747,0.00000000
0.98295877,0.00000000
0.97864579,0.00000000
0.97648246,0.00000000
0.94518076,0.00000000
0.97878474,0.00000000
0.97313262,0.00000000
0.97163313,0.00000000
0.97944534,0.00000000
0.98155312,0.00000000
0.96105232,0.00000000
0.97935652,0.00000000
0.97428454,0.00000000
0.97093972,0.00000000
0.98100398,0.00000000
0.97273170,0.00000000
0.96649475,0.00000000
0.98827558,0.00000000
0.97953310,0.00000000
0.94050281,0.00000000
0.96435751,0.00000000
0.96069052,0.00000000
0.98779732,0.00000000
0.98718350,0.00000000
0.98307467,0.00000000
0.98224262,0.00000000
0.97733276,0.00000000
0.98576920,0.00000000
0.97813452,0.00000000
0.97359881,0.00000000
0.98060868,0.00000000
0.97889483,0.00000000
0.91381075,0.00000000
0.97174256,0.00000000
0.97100730,0.00000000
0.96175196,0.00000000
0.97248535,0.00000000
0.95197232,0.00000000
0.98102025,0.00000000
0.97679758,0.00000000
0.98206025,0.00000000
0.98914202,0.00000000
0.95139293,0.00000000
0.98575027,0.00000000
0.97832053,0.00000000
0.97988162,0.00000000
0.98985514,0.00000000
0.98088614,0.00000000
0.97404080,0.00000000
0.96198898,0.00000000
0.98914292,0.00000000
0.97902110,0.00000000
0.98592289,0.00000000
0.97413051,0.00000000
0.98097118,0.00000000
0.97926065,0.00000000
0.96663185,0.00000000
0.98025119,0.00000000
0.96004379,0.00000000
0.95009214,0.00000000
0.96027806,0.00000000
0.97312893,0.00000000
0.97885252,0.00000000
0.99189703,0.00000000
0.99065618,0.00000000
0.97411300,0.00000000
0.96593042,0.00000000
0.98839882,0.00000000
0.96749181,0.00000000
0.96469418,0.00000000
0.96580568,0.00000000
0.97102804,0.00000000
0.97884130,0.00000000
0.98396656,0.00000000
0.96792530,0.00000000
0.96300070,0.00000000
0.96882142,0.00000000
0.98202205,0.00000000
0.97220130,0.00000000
0.95526677,0.00000000
0.97513391,0.00000000
0.96584382,0.00000000
0.96029963,0.00000000
0.94176685,0.00000000
0.95542766,0.00000000
0.94256415,0.00000000
0.96422173,0.00000000
0.95192293,0.00000000
0.98171055,0.00000000
0.96033761,0.00000000
0.96968156,0.00000000
0.95137504,0.00000000
0.94156646,0.00000000
0.97017400,0.00000000
0.95727764,0.00000000
0.95005613,0.00000000
0.95419310,0.00000000
0.95475261,0.00000000
0.95288064,0.00000000
0.94470748,0.00000000
0.96726336,0.00000000
0.95817474,0.00000000
0.95248371,0.00000000
0.95191913,0.00000000
0.97576871,0.00000000
0.95079607,0.00000000
0.96892606,0.00000000
0.97941152,0.00000000
0.97688242,0.00000000
0.97715236,0.00000000
0.97514655,0.00000000
0.94866723,0.00000000
0.93209235,0.00000000
0.94831155,0.00000000
0.96889950,0.00000000
0.95724102,0.00000000
0.95905358,0.00000000
0.96671089,0.00000000
0.95469138,0.00000000
0.96641836,0.00000000
0.98647678,0.00000000
0.98560223,0.00000000
0.97303142,0.00000000
0.97004478,0.00000000
0.98593756,0.00000000
0.99231865,0.00000000
0.97301976,0.00000000
0.96726460,0.00000000
0.95822666,0.00000000
0.95245251,0.00000000
0.95654442,0.00000000
0.96383312,0.00000000
0.95275524,0.00000000
0.94390573,0.00000000
0.93594873,0.00000000
0.95652897,0.00000000
0.95078041,0.00000000
0.96391543,0.00000000
0.95969049,0.00000000
0.96216510,0.00000000
0.96358395,0.00000000
0.94252535,0.00000000
0.95886841,0.00000000
0.97779025,0.00000000
0.97376621,0.00000000
0.98598506,0.00000000
0.97463538,0.00000000
0.97085429,0.00000000
0.98948361,0.00000000
0.97983766,0.00000000
0.97987431,0.00000000
0.98491604,0.00000000
0.96572273,0.00000000
0.98396346,0.00000000
0.97857114,0.00000000
0.97192437,0.00000000
0.98255979,0.00000000
0.97184819,0.00000000
0.98674651,0.00000000
0.96030196,0.00000000
0.97384927,0.00000000
0.97018031,0.00000000
0.97575471,0.00000000
0.96551996,0.00000000
0.96612387,0.00000000
0.95961849,0.00000000
0.96359920,0.00000000
0.96809970,0.00000000
0.96076182,0.00000000
0.95005864,0.00000000
0.96962872,0.00000000
0.97198987,0.00000000
0.97513382,0.00000000
0.95696395,0.00000000
0.96894799,0.00000000
0.97858555,0.00000000
0.96098426,0.00000000
0.96149090,0.00000000
0.96369774,0.00000000
0.96094214,0.00000000
0.96004186,0.00000000
0.96253827,0.00000000
0.96027648,0.00000000
0.98155212,0.00000000
0.95803455,0.00000000
0.95910017,0.00000000
0.95568507,0.00000000
0.96206916,0.00000000
0.96129293,0.00000000
0.97652215,0.00000000
0.95713302,0.00000000
0.97719824,0.00000000
0.97219998,0.00000000
0.96919171,0.00000000
0.95540602,0.00000000
0.95863047,0.00000000
0.98619346,0.00000000
0.97609543,0.00000000
0.95544503,0.00000000
0.96717207,0.00000000
0.96078358,0.00000000
0.96149588,0.00000000
0.95859095,0.00000000
0.95622336,0.00000000
0.94055160,0.00000000
0.97670652,0.00000000
0.97621201,0.00000000
0.98583251,0.00000000
0.96354715,0.00000000
0.98612966,0.00000000
0.96986383,0.00000000
0.96668529,0.00000000
0.96528450,0.00000000
0.97947470,0.00000000
0.98551352,0.00000000
0.98356028,0.00000000
0.97356039,0.00000000
0.97095110,0.00000000
0.96834172,0.00000000
0.97868881,0.00000000
0.97746550,0.00000000
0.97558160,0.00000000
0.98182973,0.00000000
0.97065559,0.00000000
0.98245773,0.00000000
0.95850347,0.00000000
0.96423573,0.00000000
0.98536508,0.00000000
0.96847520,0.00000000
0.98669730,0.00000000
0.98909612,0.00000000
0.97646516,0.00000000
0.98290759,0.00000000
0.98602114,0.00000000
0.97123333,0.00000000
0.97949358,0.00000000
0.96566548,0.00000000
0.97306902,0.00000000
0.97964522,0.00000000
0.96962461,0.00000000
0.97167023,0.00000000
0.95898144,0.00000000
0.96241674,0.00000000
0.97451278,0.00000000
0.97681278,0.00000000
0.97818282,0.00000000
0.97940367,0.00000000
0.96792019,0.00000000
0.98602886,0.00000000
0.97666936,0.00000000
0.98078210,0.00000000
0.97725631,0.00000000
0.97424437,0.00000000
0.96620227,0.00000000
0.96543903,0.00000000
0.96108250,0.00000000
0.96029249,0.00000000
0.97398386,0.00000000
0.98079352,0.00000000
0.97262020,0.00000000
0.97059961,0.00000000
0.98729641,0.00000000
0.97926005,0.00000000
0.98096605,0.00000000
0.97219199,0.00000000
0.95706910,0.00000000
0.96091258,0.00000000
0.96273460,0.00000000
0.97161258,0.00000000
0.95421208,0.00000000
0.96192773,0.00000000
0.96433508,0.00000000
0.96072178,0.00000000
0.96881409,0.00000000
0.95340205,0.00000000
0.95384176,0.00000000
0.94407443,0.00000000
0.95006410,0.00000000
0.95437365,0.00000000
0.96312369,0.00000000
0.96438944,0.00000000
0.97559544,0.00000000
0.96324099,0.00000000
0.96984097,0.00000000
0.96731055,0.00000000
0.97096783,0.00000000
0.97166633,0.00000000
0.96145421,0.00000000
0.96450754,0.00000000
0.95506224,0.00000000
0.95410745,0.00000000
0.96043319,0.00000000
0.95650362,0.00000000
0.93535889,0.00000000
0.97210536,0.00000000
0.96641048,0.00000000
0.96982771,0.00000000
0.97938475,0.00000000
0.97300416,0.00000000
0.97660612,0.00000000
0.98336347,0.00000000
0.97166780,0.00000000
0.97513567,0.00000000
0.97396285,0.00000000
0.97753221,0.00000000
0.96699989,0.00000000
0.97334731,0.00000000
0.94959049,0.00000000
0.97494752,0.00000000
0.95914698,0.00000000
0.97198071,0.00000000
0.96651106,0.00000000
0.97345874,0.00000000
0.97278515,0.00000000
0.97756286,0.00000000
0.95655313,0.00000000
0.95262524,0.00000000
0.96465786,0.00000000
0.97375513,0.00000000
0.97249600,0.00000000
0.97240077,0.00000000
0.96245020,0.00000000
0.96737308,0.00000000
0.96350081,0.00000000
0.97837336,0.00000000
0.99026718,0.00000000
0.96745590,0.00000000
0.97120679,0.00000000
0.97326928,0.00000000
0.98385701,0.00000000
0.96096275,0.00000000
0.97715333,0.00000000
0.97700044,0.00000000
0.95561597,0.00000000
0.96613534,0.00000000
0.96439513,0.00000000
0.97143411,0.00000000
0.97774077,0.00000000
0.97293141,0.00000000
0.97899926,0.00000000
0.97342040,0.00000000
0.99016234,0.00000000
0.96358315,0.00000000
0.96925251,0.00000000
0.97359820,0.00000000
0.95810900,0.00000000
0.95190979,0.00000000
0.95130621,0.00000000
0.97430014,0.00000000
0.96977893,0.00000000
0.97113595,0.00000000
0.97252055,0.00000000
0.98248589,0.00000000
0.96720047,0.00000000
0.96642585,0.00000000
0.97532193,0.00000000
0.97248928,0.00000000
0.97154330,0.00000000
0.95957484,0.00000000
0.95850466,0.00000000
0.94906735,0.00000000
0.96000333,0.00000000
0.96214889,0.00000000
0.95434908,0.00000000
0.98368933,0.00000000
0.96802316,0.00000000
0.96781115,0.00000000
0.97024488,0.00000000
0.96820605,0.00000000
0.96978233,0.00000000
0.95706969,0.00000000
0.94344144,0.00000000
0.96142586,0.00000000
0.95566018,0.00000000
0.95987661,0.00000000
0.94815778,0.00000000
0.95398795,0.00000000
0.95859998,0.00000000
0.97000970,0.00000000
0.97659572,0.00000000
0.98258400,0.00000000
0.96461295,0.00000000
0.98842582,0.00000000
0.98034352,0.00000000
0.97353554,0.00000000
0.96923555,0.00000000
0.97896254,0.00000000
0.97835026,0.00000000
0.96465325,0.00000000
0.97647171,0.00000000
0.97418842,0.00000000
0.97041729,0.00000000
0.97966094,0.00000000
0.97976856,0.00000000
0.96971118,0.00000000
0.96575512,0.00000000
0.97941470,0.00000000
0.97503140,0.00000000
0.96739520,0.00000000
0.97527727,0.00000000
0.96948381,0.00000000
0.98128747,0.00000000
0.95123916,0.00000000
0.94837037,0.00000000
0.98385499,0.00000000
0.97179882,0.00000000
0.97534610,0.00000000
0.97602340,0.00000000
0.97390035,0.00000000
0.96631390,0.00000000
0.95125062,0.00000000
0.97761418,0.00000000
0.96111912,0.00000000
0.97632331,0.00000000
0.96839091,0.00000000
0.98573763,0.00000000
0.97069019,0.00000000
0.96874510,0.00000000
0.97742590,0.00000000
0.96753694,0.00000000
0.96256584,0.00000000
0.98122930,0.00000000
0.96018507,0.00000000
0.95960130,0.00000000
0.96811491,0.00000000
0.96433218,0.00000000
0.97052554,0.00000000
0.97525403,0.00000000
0.96773473,0.00000000
0.96661314,0.00000000
0.97154112,0.00000000
0.96678686,0.00000000
0.96537829,0.00000000
0.96944080,0.00000000
0.95933669,0.00000000
0.97039824,0.00000000
0.95766368,0.00000000
0.95849256,0.00000000
0.98364764,0.00000000
0.96551510,0.00000000
0.98423301,0.00000000
0.96728249,0.00000000
0.95597215,0.00000000
0.97024620,0.00000000
0.96100687,0.00000000
0.95978474,0.00000000
0.97447059,0.00000000
0.96250982,0.00000000
0.95870513,0.00000000
0.96283442,0.00000000
0.98315775,0.00000000
0.95344514,0.00000000
0.95333622,0.00000000
0.94384070,0.00000000
0.95464457,0.00000000
0.96759231,0.00000000
0.94935106,0.00000000
0.97511603,0.00000000
0.97640536,0.00000000
0.97591423,0.00000000
0.97924625,0.00000000
0.96288308,0.00000000
0.96406302,0.00000000
0.96453974,0.00000000
0.96632378,0.00000000
0.97508134,0.00000000
0.97188021,0.00000000
0.98375092,0.00000000
0.96050302,0.00000000
0.97384126,0.00000000
0.97172725,0.00000000
0.95781709,0.00000000
0.97681086,0.00000000
0.96508037,0.00000000
0.96139668,0.00000000
0.94027885,0.00000000
0.96638750,0.00000000
0.96147165,0.00000000
0.95906447,0.00000000
0.95553075,0.00000000
0.97275796,0.00000000
0.96722636,0.00000000
0.95077532,0.00000000
0.95873795,0.00000000
0.94798346,0.00000000
0.94921458,0.00000000
0.94901508,0.00000000
0.95005546,0.00000000
0.94357640,0.00000000
0.96892729,0.00000000
0.94763328,0.00000000
0.95170164,0.00000000
0.97493675,0.00000000
0.97587990,0.00000000
0.95896521,0.00000000
0.96725930,0.00000000
0.97337582,0.00000000
0.96540539,0.00000000
0.96248399,0.00000000
0.96992094,0.00000000
0.96490939,0.00000000
0.95903728,0.00000000
0.94153981,0.00000000
0.96583344,0.00000000
0.95477875,0.00000000
0.97395916,0.00000000
0.95610237,0.00000000
0.95395545,0.00000000
0.96819169,0.00000000
0.94829929,0.00000000
0.96515670,0.00000000
0.96557113,0.00000000
0.96456389,0.00000000
0.95606808,0.00000000
0.96890026,0.00000000
0.96601621,0.00000000
0.97089797,0.00000000
0.96242588,0.00000000
0.96745984,0.00000000
0.97491155,0.00000000
0.95845579,0.00000000
0.96517953,0.00000000
0.96952567,0.00000000
0.96810606,0.00000000
0.96873245,0.00000000
0.95206577,0.00000000
0.95672658,0.00000000
0.95905872,0.00000000
0.96928285,0.00000000
0.96126241,0.00000000
0.98208352,0.00000000
0.95878990,0.00000000
0.97142855,0.00000000
0.97637906,0.00000000
0.96105587,0.00000000
0.94708407,0.00000000
0.96578145,0.00000000
0.95299618,0.00000000
0.96692488,0.00000000
0.94657566,0.00000000
0.96244335,0.00000000
0.97267008,0.00000000
0.98163222,0.00000000
0.95633789,0.00000000
0.96608828,0.00000000
0.97058574,0.00000000
0.94225448,0.00000000
0.95792438,0.00000000
0.96063498,0.00000000
0.95001381,0.00000000
0.97264570,0.00000000
0.96621446,0.00000000
0.96368955,0.00000000
0.95406903,0.00000000
0.96202705,0.00000000
0.96966170,0.00000000
0.96381639,0.00000000
0.97146425,0.00000000
0.96452167,0.00000000
0.98436690,0.00000000
0.97640711,0.00000000
0.97598367,0.00000000
0.96119188,0.00000000
0.98518611,0.00000000
0.96407454,0.00000000
0.97306947,0.00000000
0.98020264,0.00000000
0.98067096,0.00000000
0.95707089,0.00000000
0.98258170,0.00000000
0.96868153,0.00000000
0.96028545,0.00000000
0.96428719,0.00000000
0.96508247,0.00000000
0.95798062,0.00000000
0.94504233,0.00000000
0.97104964,0.00000000
0.98235382,0.00000000
0.97856194,0.00000000
0.97500654,0.00000000
0.97575010,0.00000000
0.96744993,0.00000000
0.98303227,0.00000000
0.95809737,0.00000000
0.95498326,0.00000000
0.95216657,0.00000000
0.96342373,0.00000000
0.97308444,0.00000000
0.96680159,0.00000000
0.95601919,0.00000000
0.98425996,0.00000000
0.97606871,0.00000000
0.98818984,0.00000000
0.98552473,0.00000000
0.98142410,0.00000000
0.97948897,0.00000000
0.97770511,0.00000000
0.97759607,0.00000000
0.97612755,0.00000000
0.96198914,0.00000000
0.98761768,0.00000000
0.96738380,0.00000000
0.97830831,0.00000000
0.97780818,0.00000000
0.97256542,0.00000000
0.96777033,0.00000000
0.98289361,0.00000000
0.97640683,0.00000000
0.98298123,0.00000000
0.98630821,0.00000000
0.97103260,0.00000000
0.95943788,0.00000000
0.98690091,0.00000000
0.97276677,0.00000000
0.96513141,0.00000000
0.98339301,0.00000000
0.96381872,0.00000000
0.97095597,0.00000000
0.97707974,0.00000000
0.97340982,0.00000000
0.98061704,0.00000000
0.97796339,0.00000000
0.96919299,0.00000000
0.97514148,0.00000000
0.95688309,0.00000000
0.97086925,0.00000000
0.96695754,0.00000000
0.96873350,0.00000000
0.97424841,0.00000000
0.98817322,0.00000000
0.98714559,0.00000000
0.96965255,0.00000000
0.97442651,0.00000000
0.96929495,0.00000000
0.96513618,0.00000000
0.96632587,0.00000000
0.96853879,0.00000000
0.95587953,0.00000000
0.94639289,0.00000000
0.96830399,0.00000000
0.96768517,0.00000000
0.97391323,0.00000000
0.96705040,0.00000000
0.97098436,0.00000000
0.96763442,0.00000000
0.97203334,0.00000000
0.98416510,0.00000000
0.95263381,0.00000000
0.95406092,0.00000000
0.96314362,0.00000000
0.96517634,0.00000000
0.96401935,0.00000000
0.96143253,0.00000000
0.97128065,0.00000000
0.95806798,0.00000000
0.93164311,0.00000000
0.94630042,0.00000000
0.96214617,0.00000000
0.96560483,0.00000000
0.97143712,0.00000000
0.97038223,0.00000000
0.97880940,0.00000000
0.97939949,0.00000000
0.96598537,0.00000000
0.97800123,0.00000000
0.96216631,0.00000000
0.97185329,0.00000000
0.98264738,0.00000000
0.98529038,0.00000000
0.97520637,0.00000000
0.97209427,0.00000000
0.97923963,0.00000000
0.97446754,0.00000000
0.98021652,0.00000000
0.95841726,0.00000000
0.96255446,0.00000000
0.96379248,0.00000000
0.96440336,0.00000000
0.96867010,0.00000000
0.95428619,0.00000000
0.95058965,0.00000000
0.96284305,0.00000000
0.98045069,0.00000000
0.95164797,0.00000000
0.97366808,0.00000000
0.96572246,0.00000000
0.97954020,0.00000000
0.96750017,0.00000000
0.96725313,0.00000000
0.96770286,0.00000000
0.94679010,0.00000000
0.97926012,0.00000000
0.96481006,0.00000000
0.99094906,0.00000000
0.95124220,0.00000000
0.94234680,0.00000000
0.92625588,0.00000000
0.94814831,0.00000000
0.95186040,0.00000000
0.95664825,0.00000000
0.96306882,0.00000000
0.97180102,0.00000000
0.96405094,0.00000000
0.96756955,0.00000000
0.96486374,0.00000000
0.94966240,0.00000000
0.98129856,0.00000000
0.96187745,0.00000000
0.95809511,0.00000000
0.95364192,0.00000000
0.93301497,0.00000000
0.97034419,0.00000000
0.96832501,0.00000000
0.96604133,0.00000000
0.95624140,0.00000000
0.96796439,0.00000000
0.97229616,0.00000000
0.97324191,0.00000000
0.97262246,0.00000000
0.97107476,0.00000000
0.95773812,0.00000000
0.97094828,0.00000000
0.95036255,0.00000000
0.96661885,0.00000000
0.95570250,0.00000000
0.95798722,0.00000000
0.96230450,0.00000000
0.95875768,0.00000000
0.95938099,0.00000000
0.97147687,0.00000000
0.96840571,0.00000000
0.96449744,0.00000000
0.95756221,0.00000000
0.96766123,0.00000000
0.97775776,0.00000000
0.95405998,0.00000000
0.96015636,0.00000000
0.94659414,0.00000000
0.94792842,0.00000000
0.97007769,0.00000000
0.96609500,0.00000000
0.97057069,0.00000000
0.97344085,0.00000000
0.97381565,0.00000000
0.98458256,0.00000000
0.97744866,0.00000000
0.97188543,0.00000000
0.96352029,0.00000000
0.97449264,0.00000000
0.95834807,0.00000000
0.98037104,0.00000000
0.97854231,0.00000000
0.97459893,0.00000000
0.96989273,0.00000000
0.96962451,0.00000000
0.97453908,0.00000000
0.94795714,0.00000000
0.95963950,0.00000000
0.94469872,0.00000000
0.95504960,0.00000000
0.96464235,0.00000000
0.96841959,0.00000000
0.97735673,0.00000000
0.96068012,0.00000000
0.96173537,0.00000000
0.96578824,0.00000000
0.96103961,0.00000000
0.97581414,0.00000000
0.97065687,0.00000000
0.96266251,0.00000000
0.96608790,0.00000000
0.97776126,0.00000000
0.96203340,0.00000000
0.97986409,0.00000000
0.96162425,0.00000000
0.96867469,0.00000000
0.96819087,0.00000000
0.93464482,0.00000000
0.96914398,0.00000000
0.97276016,0.00000000
0.97550188,0.00000000
0.97553510,0.00000000
0.96822340,0.00000000
0.95723340,0.00000000
0.97901095,0.00000000
0.97340399,0.00000000
0.96251537,0.00000000
0.97596655,0.00000000
0.97195140,0.00000000
0.97356227,0.00000000
0.95779646,0.00000000
0.96383509,0.00000000
0.96690907,0.00000000
0.95594828,0.00000000
0.98426524,0.00000000
0.97370987,0.00000000
0.97214733,0.00000000
0.97528698,0.00000000
0.97578412,0.00000000
0.97824467,0.00000000
0.97509172,0.00000000
0.96223328,0.00000000
0.96107764,0.00000000
0.96043678,0.00000000
0.96179015,0.00000000
0.95689963,0.00000000
0.95763566,0.00000000
0.95194393,0.00000000
0.95516192,0.00000000
0.95416721,0.00000000
0.97608070,0.00000000
0.96957225,0.00000000
0.96778172,0.00000000
0.98397900,0.00000000
0.96826332,0.00000000
0.97653763,0.00000000
0.97995634,0.00000000
0.97978006,0.00000000
0.97763647,0.00000000
0.96773352,0.00000000
0.98348020,0.00000000
0.97068260,0.00000000
0.96137921,0.00000000
0.95194091,0.00000000
0.96915703,0.00000000
0.96667431,0.00000000
0.95821103,0.00000000
0.96450429,0.00000000
0.95802524,0.00000000
0.95872491,0.00000000
0.96104676,0.00000000
0.95197416,0.00000000
0.97013957,0.00000000
0.94979741,0.00000000
0.93829703,0.00000000
0.96376188,0.00000000
0.94134190,0.00000000
0.94567831,0.00000000
0.95102791,0.00000000
0.95376217,0.00000000
0.95185617,0.00000000
0.93047941,0.00000000
0.93783187,0.00000000
0.94255330,0.00000000
0.92817946,0.00000000
0.94281521,0.00000000
0.93917986,0.00000000
0.93559868,0.00000000
0.94002482,0.00000000
0.93504223,0.00000000
0.93216122,0.00000000
0.94761289,0.00000000
0.94052882,0.00000000
0.94032048,0.00000000
0.93800780,0.00000000
0.93901529,0.00000000
0.95035881,0.00000000
0.95822325,0.00000000
0.95927986,0.00000000
0.97066447,0.00000000
0.95009790,0.00000000
0.95888419,0.00000000
0.94731399,0.00000000
0.96300625,0.00000000
0.95932081,0.00000000
0.95264630,0.00000000
0.95501655,0.00000000
0.94902572,0.00000000
0.94317333,0.00000000
0.95667337,0.00000000
0.95196534,0.00000000
0.94727198,0.00000000
0.94366397,0.00000000
0.95645939,0.00000000
0.96640118,0.00000000
0.97362000,0.00000000
0.93806899,0.00000000
0.93559536,0.00000000
0.93487028,0.00000000
0.94213205,0.00000000
0.89648026,0.00000000
0.92470827,0.00000000
0.94630378,0.00000000
0.93729629,0.00000000
0.94298043,0.00000000
0.96037947,0.00000000
0.94294017,0.00000000
0.93775628,0.00000000
0.91787041,0.00000000
0.88606841,0.00000000
0.86134148,0.00000000
0.86918878,0.00000000
0.87104046,0.00000000
0.86076611,0.00000000
0.84928826,0.00000000
0.84188717,0.00000000
0.83411835,0.00000000
0.83208189,0.00000000
0.82509681,0.00000000
0.81796267,0.00000000
0.81839693,0.00000000
0.82056010,0.00000000
0.96249054,0.00000000
0.93118138,0.00000000
0.90985495,0.00000000
0.95646334,0.00000000
0.93443644,0.00000000
0.91435665,0.00000000
0.92447601,0.00000000
0.93892993,0.00000000
0.94804157,0.00000000
0.94353546,0.00000000
0.93751370,0.00000000
0.92842182,0.00000000
0.93510125,0.00000000
0.93841997,0.00000000
0.97089223,0.00000000
0.94489273,0.00000000
0.95359638,0.00000000
0.94467368,0.00000000
0.93802395,0.00000000
0.92777732,0.00000000
0.93701703,0.00000000
0.94207698,0.00000000
0.96031805,0.00000000
0.94681468,0.00000000
0.94691032,0.00000000
0.93770750,0.00000000
0.96810035,0.00000000
0.97066077,0.00000000
0.97030671,0.00000000
0.94983381,0.00000000
0.95312580,0.00000000
0.95766378,0.00000000
0.95084583,0.00000000
0.95013112,0.00000000
0.91007820,0.00000000
0.95179113,0.00000000
0.93986133,0.00000000
0.95334069,0.00000000
0.96390194,0.00000000
0.95940639,0.00000000
0.97872735,0.00000000
0.92919720,0.00000000
0.96588953,0.00000000
0.94557324,0.00000000
0.94680636,0.00000000
0.93364739,0.00000000
0.92699841,0.00000000
0.92120956,0.00000000
0.93244251,0.00000000
0.92863527,0.00000000
0.91388045,0.00000000
0.91374552,0.00000000
0.89897131,0.00000000
0.97369892,0.00000000
0.93958125,0.00000000
0.90964821,0.00000000
0.90579019,0.00000000
0.94538896,0.00000000
0.90051596,0.00000000
0.95425868,0.00000000
0.96055083,0.00000000
0.94742047,0.00000000
0.95586753,0.00000000
0.97600033,0.00000000
0.97018845,0.00000000
0.98494625,0.00000000
0.97320691,0.00000000
0.97861717,0.00000000
0.95617081,0.00000000
0.96260183,0.00000000
0.95866513,0.00000000
0.95474863,0.00000000
0.96447695,0.00000000
0.97739841,0.00000000
0.96187699,0.00000000
0.96906405,0.00000000
0.95649633,0.00000000
0.95681448,0.00000000
0.95590932,0.00000000
0.96018650,0.00000000
0.96090133,0.00000000
0.93905973,0.00000000
0.95697464,0.00000000
0.97789581,0.00000000
0.96127332,0.00000000
0.97152107,0.00000000
0.96929763,0.00000000
0.97802414,0.00000000
0.97707041,0.00000000
0.96563112,0.00000000
0.97113278,0.00000000
0.98022471,0.00000000
0.97072688,0.00000000
0.95982929,0.00000000
0.93881631,0.00000000
0.93249685,0.00000000
0.96023935,0.00000000
0.96686730,0.00000000
0.96703253,0.00000000
0.94755648,0.00000000
0.97584684,0.00000000
0.95223275,0.00000000
0.96766558,0.00000000
0.95610464,0.00000000
0.96374177,0.00000000
0.92346928,0.00000000
0.95223186,0.00000000
0.93918583,0.00000000
0.96264082,0.00000000
0.96157318,0.00000000
0.95499783,0.00000000
0.95628402,0.00000000
0.93488667,0.00000000
0.94448998,0.00000000
0.94074689,0.00000000
0.95674175,0.00000000
0.96530034,0.00000000
0.94974831,0.00000000
0.94365983,0.00000000
0.94168004,0.00000000
0.95665349,0.00000000
0.97357451,0.00000000
0.96705498,0.00000000
0.97590127,0.00000000
0.97225034,0.00000000
0.96431418,0.00000000
0.96939525,0.00000000
0.96081532,0.00000000
0.96246037,0.00000000
0.95418657,0.00000000
0.94585724,0.00000000
0.94267630,0.00000000
0.95631143,0.00000000
0.96211858,0.00000000
0.95469356,0.00000000
0.95669553,0.00000000
0.96826700,0.00000000
0.96123532,0.00000000
0.94909759,0.00000000
0.96711700,0.00000000
0.94677947,0.00000000
0.96035323,0.00000000
0.96559060,0.00000000
0.96201210,0.00000000
0.97346139,0.00000000
0.97264887,0.00000000
0.96801029,0.00000000
0.97104157,0.00000000
0.97657394,0.00000000
0.97578341,0.00000000
0.97541199,0.00000000
0.94323589,0.00000000
0.94438416,0.00000000
0.95281144,0.00000000
0.95817614,0.00000000
0.95190966,0.00000000
0.95797240,0.00000000
0.94719447,0.00000000
0.95820534,0.00000000
0.95163504,0.00000000
0.95518353,0.00000000
0.98770078,0.00000000
0.96039539,0.00000000
0.96643012,0.00000000
0.97980222,0.00000000
0.97219063,0.00000000
0.96790748,0.00000000
0.96426952,0.00000000
0.98544943,0.00000000
0.96557623,0.00000000
0.96776033,0.00000000
0.97140879,0.00000000
0.97433960,0.00000000
0.93810285,0.00000000
0.93910397,0.00000000
0.92826325,0.00000000
0.88962105,0.00000000
0.94376412,0.00000000
0.94159890,0.00000000
0.93170033,0.00000000
0.93299735,0.00000000
0.93173203,0.00000000
0.96056875,0.00000000
0.93541433,0.00000000
0.92753426,0.00000000
0.95291358,0.00000000
0.93932902,0.00000000
0.98343923,0.00000000
0.93876806,0.00000000
0.96295518,0.00000000
0.98073956,0.00000000
0.96355821,0.00000000
0.95728447,0.00000000
0.95755571,0.00000000
0.93702019,0.00000000
0.94141008,0.00000000
0.93638651,0.00000000
0.95672902,0.00000000
0.97199701,0.00000000
0.97792907,0.00000000
0.97254007,0.00000000
0.96758296,0.00000000
0.98078238,0.00000000
0.94330670,0.00000000
0.98044908,0.00000000
0.91416978,0.00000000
0.93515620,0.00000000
0.95248553,0.00000000
0.94280194,0.00000000
0.94140659,0.00000000
0.93687252,0.00000000
0.96620857,0.00000000
0.97833828,0.00000000
0.95861286,0.00000000
0.97259544,0.00000000
0.98775023,0.00000000
0.96073532,0.00000000
0.94425145,0.00000000
0.95460067,0.00000000
0.96347989,0.00000000
0.96262317,0.00000000
0.93257783,0.00000000
0.94845284,0.00000000
0.94862462,0.00000000
0.94721501,0.00000000
0.95457618,0.00000000
0.95847520,0.00000000
0.96144595,0.00000000
0.97232616,0.00000000
0.96759465,0.00000000
0.96038559,0.00000000
0.96561842,0.00000000
0.94288580,0.00000000
0.95464230,0.00000000
0.93946987,0.00000000
0.96843236,0.00000000
0.91309657,0.00000000
0.93953959,0.00000000
0.95181946,0.00000000
0.92217444,0.00000000
0.96008710,0.00000000
0.95884787,0.00000000
0.95100255,0.00000000
0.94042933,0.00000000
0.92942321,0.00000000
0.96039232,0.00000000
0.97865614,0.00000000
0.94837342,0.00000000
0.97056431,0.00000000
0.96633323,0.00000000
0.97114616,0.00000000
0.98142530,0.00000000
0.97136298,0.00000000
0.94989216,0.00000000
0.96245875,0.00000000
0.97441100,0.00000000
0.93460555,0.00000000
0.97039142,0.00000000
0.96620366,0.00000000
0.95976865,0.00000000
0.92895453,0.00000000
0.96252056,0.00000000
0.94518612,0.00000000
0.98022994,0.00000000
0.95768695,0.00000000
0.93319332,0.00000000
0.93890997,0.00000000
0.97946194,0.00000000
0.96181516,0.00000000
0.95586550,0.00000000
0.96290574,0.00000000
0.96325946,0.00000000
0.95779082,0.00000000
0.97227447,0.00000000
0.95781330,0.00000000
0.94457334,0.00000000
0.93091725,0.00000000
0.95617308,0.00000000
0.92429916,0.00000000
0.93114065,0.00000000
0.93356647,0.00000000
0.95518950,0.00000000
0.93547554,0.00000000
0.95710487,0.00000000
0.95754791,0.00000000
0.94951009,0.00000000
0.96129169,0.00000000
0.95383030,0.00000000
0.97223095,0.00000000
0.93812439,0.00000000
0.94153744,0.00000000
0.94758745,0.00000000
0.94284942,0.00000000
0.93615163,0.00000000
0.94404477,0.00000000
0.95099094,0.00000000
0.96424778,0.00000000
0.96364194,0.00000000
0.93806522,0.00000000
0.97699875,0.00000000
0.93922732,0.00000000
0.97809637,0.00000000
0.93887073,0.00000000
0.96161042,0.00000000
0.96831430,0.00000000
0.93602286,0.00000000
0.95721696,0.00000000
0.97569887,0.00000000
0.96462102,0.00000000
0.97366195,0.00000000
0.97453915,0.00000000
0.95472781,0.00000000
0.97601541,0.00000000
0.93860820,0.00000000
0.94931122,0.00000000
0.94128755,0.00000000
0.94223074,0.00000000
0.94760561,0.00000000
0.94682208,0.00000000
0.95012526,0.00000000
0.90807516,0.00000000
0.93894181,0.00000000
0.92857401,0.00000000
0.93455945,0.00000000
0.93705127,0.00000000
0.94206733,0.00000000
0.91467646,0.00000000
0.91662245,0.00000000
0.92409279,0.00000000
0.93015127,0.00000000
0.91374644,0.00000000
0.92574847,0.00000000
0.90469509,0.00000000
0.94229388,0.00000000
0.93569512,0.00000000
0.93159571,0.00000000
0.93319574,0.00000000
0.93731513,0.00000000
0.94851780,0.00000000
0.95750141,0.00000000
0.94139099,0.00000000
0.95672940,0.00000000
0.92534037,0.00000000
0.95248604,0.00000000
0.96064558,0.00000000
0.92739609,0.00000000
0.96163623,0.00000000
0.94053414,0.00000000
0.93814695,0.00000000
0.90574003,0.00000000
0.94488338,0.00000000
0.91487078,0.00000000
0.94130050,0.00000000
0.89528739,0.00000000
0.94470844,0.00000000
0.92133999,0.00000000
0.91488018,0.00000000
0.90652143,0.00000000
0.93147070,0.00000000
0.90837872,0.00000000
0.93404643,0.00000000
0.93209302,0.00000000
0.95190806,0.00000000
0.90345205,0.00000000
0.92349575,0.00000000
0.92059726,0.00000000
0.92186201,0.00000000
0.93472062,0.00000000
0.91711781,0.00000000
0.93098559,0.00000000
0.97076901,0.00000000
0.94556116,0.00000000
0.92932585,0.00000000
0.93497031,0.00000000
0.96154052,0.00000000
0.97333468,0.00000000
0.97422283,0.00000000
0.93079265,0.00000000
0.94378707,0.00000000
0.93255064,0.00000000
0.96560693,0.00000000
0.90136465,0.00000000
0.95227427,0.00000000
0.90959948,0.00000000
0.92926125,0.00000000
0.92501912,0.00000000
0.95809445,0.00000000
0.94679896,0.00000000
0.90682578,0.00000000
0.94469892,0.00000000
0.95528286,0.00000000
0.94639755,0.00000000
0.94447870,0.00000000
0.95744675,0.00000000
0.97401747,0.00000000
0.94356872,0.00000000
0.94852184,0.00000000
0.96486471,0.00000000
0.90909798,0.00000000
0.92832947,0.00000000
0.97204342,0.00000000
0.91615583,0.00000000
0.94808517,0.00000000
0.92982173,0.00000000
0.94882281,0.00000000
0.94885925,0.00000000
0.93252026,0.00000000
0.92996462,0.00000000
0.91502510,0.00000000
0.90290960,0.00000000
0.92719974,0.00000000
0.92116363,0.00000000
0.93203547,0.00000000
0.90755723,0.00000000
0.95304084,0.00000000
0.95571739,0.00000000
0.96556339,0.00000000
0.97525297,0.00000000
0.95715776,0.00000000
0.94331615,0.00000000
0.97293874,0.00000000
0.97146274,0.00000000
0.97986780,0.00000000
0.97073923,0.00000000
0.95342569,0.00000000
0.94046289,0.00000000
0.95287863,0.00000000
0.92567547,0.00000000
0.97813352,0.00000000
0.95213820,0.00000000
0.93667414,0.00000000
0.93544163,0.00000000
0.96276957,0.00000000
0.96404327,0.00000000
0.98354435,0.00000000
0.96714122,0.00000000
0.96256150,0.00000000
0.96592574,0.00000000
0.98004857,0.00000000
0.97947376,0.00000000
0.96960895,0.00000000
0.97127714,0.00000000
0.94904196,0.00000000
0.95840268,0.00000000
0.96341399,0.00000000
0.97059148,0.00000000
0.97353058,0.00000000
0.97623321,0.00000000
0.96434015,0.00000000
0.96769599,0.00000000
0.96168790,0.00000000
0.97687455,0.00000000
0.97514325,0.00000000
0.95723122,0.00000000
0.97997704,0.00000000
0.97263044,0.00000000
0.96473021,0.00000000
0.94769460,0.00000000
0.96122788,0.00000000
0.98785432,0.00000000
0.97105793,0.00000000
0.96624602,0.00000000
0.93316095,0.00000000
0.95207847,0.00000000
0.98251204,0.00000000
0.96960495,0.00000000
0.98370411,0.00000000
0.97344312,0.00000000
0.96057200,0.00000000
0.95866353,0.00000000
0.96692149,0.00000000
0.94950219,0.00000000
0.96624048,0.00000000
0.97208327,0.00000000
0.97790997,0.00000000
0.95072014,0.00000000
0.97254527,0.00000000
0.98277278,0.00000000
0.97733064,0.00000000
0.96776500,0.00000000
0.97114396,0.00000000
0.95714396,0.00000000
0.96476970,0.00000000
0.97947179,0.00000000
0.98204495,0.00000000
0.96866948,0.00000000
0.96230484,0.00000000
0.97430683,0.00000000
0.95181436,0.00000000
0.97742470,0.00000000
0.95725491,0.00000000
0.96624505,0.00000000
0.95240075,0.00000000
0.97200920,0.00000000
0.94394035,0.00000000
0.94829694,0.00000000
0.95025761,0.00000000
0.94164218,0.00000000
0.94992516,0.00000000
0.94181419,0.00000000
0.95030662,0.00000000
0.94863163,0.00000000
0.96496367,0.00000000
0.94352421,0.00000000
0.96166818,0.00000000
0.95440969,0.00000000
0.95589932,0.00000000
0.93946737,0.00000000
0.96290882,0.00000000
0.94504168,0.00000000
0.97330240,0.00000000
0.97955747,0.00000000
0.95531100,0.00000000
0.97943522,0.00000000
0.98693488,0.00000000
0.98798274,0.00000000
0.96909216,0.00000000
0.96226192,0.00000000
0.93357491,0.00000000
0.98318635,0.00000000
0.95428110,0.00000000
0.95315021,0.00000000
0.93963725,0.00000000
0.92482611,0.00000000
0.96794673,0.00000000
0.96794694,0.00000000
0.95787126,0.00000000
0.94683253,0.00000000
0.95619652,0.00000000
0.94890629,0.00000000
0.96126026,0.00000000
0.95590833,0.00000000
0.94677224,0.00000000
0.97802545,0.00000000
0.95969802,0.00000000
0.96334728,0.00000000
0.97951835,0.00000000
0.95377922,0.00000000
0.97334208,0.00000000
0.95239047,0.00000000
0.95882604,0.00000000
0.95398221,0.00000000
0.97541451,0.00000000
0.96705037,0.00000000
0.98044526,0.00000000
0.93342931,0.00000000
0.98681110,0.00000000
0.96210147,0.00000000
0.96495122,0.00000000
0.97498120,0.00000000
0.96870395,0.00000000
0.96499181,0.00000000
0.95854985,0.00000000
0.96855576,0.00000000
0.96827902,0.00000000
0.95911227,0.00000000
0.95396067,0.00000000
0.94409953,0.00000000
0.94228740,0.00000000
0.98244692,0.00000000
0.97118509,0.00000000
0.96493137,0.00000000
0.96031533,0.00000000
0.96276276,0.00000000
0.95947683,0.00000000
0.96912885,0.00000000
0.96931942,0.00000000
0.96818221,0.00000000
0.97010527,0.00000000
0.96726758,0.00000000
0.96916397,0.00000000
0.97632323,0.00000000
0.97228330,0.00000000
0.95545876,0.00000000
0.97812024,0.00000000
0.96217766,0.00000000
0.94734826,0.00000000
0.96746869,0.00000000
0.94523698,0.00000000
0.93222686,0.00000000
0.94299192,0.00000000
0.94186608,0.00000000
0.93026477,0.00000000
0.95517409,0.00000000
0.94679732,0.00000000
0.94227302,0.00000000
0.95516737,0.00000000
0.93802194,0.00000000
0.96405013,0.00000000
0.96156272,0.00000000
0.96917736,0.00000000
0.95221283,0.00000000
0.94812467,0.00000000
0.94116735,0.00000000
0.94902409,0.00000000
0.92501213,0.00000000
0.96214266,0.00000000
0.94406740,0.00000000
0.94136467,0.00000000
0.96713664,0.00000000
0.95289621,0.00000000
0.95438701,0.00000000
0.95005470,0.00000000
0.94412814,0.00000000
0.95117531,0.00000000
0.95825410,0.00000000
0.95988198,0.00000000
0.96655969,0.00000000
0.94725119,0.00000000
0.95077647,0.00000000
0.95594157,0.00000000
0.96972814,0.00000000
0.95413595,0.00000000
0.97379178,0.00000000
0.95274153,0.00000000
0.95424703,0.00000000
0.95937020,0.00000000
0.97068945,0.00000000
0.96657595,0.00000000
0.97156750,0.00000000
0.96341217,0.00000000
0.96741660,0.00000000
0.95959414,0.00000000
0.97457954,0.00000000
0.97706157,0.00000000
0.96641925,0.00000000
0.96648909,0.00000000
0.96008773,0.00000000
0.94876610,0.00000000
0.95478806,0.00000000
0.96753431,0.00000000
0.97098986,0.00000000
0.95486236,0.00000000
0.96576465,0.00000000
0.95556425,0.00000000
0.96600933,0.00000000
0.95353634,0.00000000
0.92748173,0.00000000
0.94437786,0.00000000
0.94424195,0.00000000
0.96924464,0.00000000
0.94176311,0.00000000
0.93799854,0.00000000
0.94244796,0.00000000
0.95039216,0.00000000
0.95961624,0.00000000
0.95667493,0.00000000
0.95762418,0.00000000
0.95664931,0.00000000
0.96640942,0.00000000
0.95688733,0.00000000
0.94213083,0.00000000
0.97753348,0.00000000
0.96066175,0.00000000
0.96881482,0.00000000
0.96939050,0.00000000
0.95631501,0.00000000
0.93063425,0.00000000
0.94776469,0.00000000
0.96769566,0.00000000
0.97023534,0.00000000
0.95210178,0.00000000
0.96550491,0.00000000
0.95866623,0.00000000
0.96628095,0.00000000
0.97475578,0.00000000
0.97248332,0.00000000
0.96832562,0.00000000
0.96225250,0.00000000
0.95016365,0.00000000
0.94606579,0.00000000
0.94289842,0.00000000
0.96577253,0.00000000
0.95391303,0.00000000
0.98931961,0.00000000
0.97794918,0.00000000
0.97615320,0.00000000
0.96860812,0.00000000
0.96862010,0.00000000
0.95570013,0.00000000
0.94111194,0.00000000
0.95160207,0.00000000
0.95573605,0.00000000
0.97617054,0.00000000
0.96132504,0.00000000
0.96342617,0.00000000
0.93910587,0.00000000
0.96418727,0.00000000
0.97067397,0.00000000
0.95278892,0.00000000
0.95984975,0.00000000
0.96643837,0.00000000
0.95630124,0.00000000
0.98071896,0.00000000
0.94887389,0.00000000
0.96587575,0.00000000
0.95253882,0.00000000
0.98233834,0.00000000
0.97016377,0.00000000
0.98746973,0.00000000
0.96916783,0.00000000
0.96301697,0.00000000
0.95692091,0.00000000
0.96951716,0.00000000
0.97799296,0.00000000
0.98205451,0.00000000
0.95878050,0.00000000
0.96710338,0.00000000
0.92440283,0.00000000
0.97292153,0.00000000
0.96621170,0.00000000
0.95450216,0.00000000
0.95533262,0.00000000
0.98008562,0.00000000
0.97165309,0.00000000
0.97123863,0.00000000
0.95336097,0.00000000
0.97558678,0.00000000
0.96850970,0.00000000
0.95563085,0.00000000
0.97285017,0.00000000
0.97234717,0.00000000
0.97728428,0.00000000
0.96913455,0.00000000
0.97518451,0.00000000
0.97904703,0.00000000
0.96247418,0.00000000
0.96426015,0.00000000
0.95493523,0.00000000
0.96193441,0.00000000
0.95044123,0.00000000
0.96933516,0.00000000
0.95523684,0.00000000
0.96807431,0.00000000
0.96892559,0.00000000
0.94651263,0.00000000
0.94616321,0.00000000
0.94716741,0.00000000
0.96446215,0.00000000
0.93410697,0.00000000
0.93898115,0.00000000
0.98622341,0.00000000
0.95178633,0.00000000
0.96401415,0.00000000
0.96143729,0.00000000
0.96502988,0.00000000
0.98265835,0.00000000
0.98302515,0.00000000
0.96677808,0.00000000
0.96829544,0.00000000
0.96333515,0.00000000
0.94982634,0.00000000
0.97215020,0.00000000
0.97879057,0.00000000
0.98654026,0.00000000
0.97336014,0.00000000
0.95675382,0.00000000
0.96326408,0.00000000
0.96922172,0.00000000
0.94407749,0.00000000
0.95246454,0.00000000
0.96681941,0.00000000
0.98330610,0.00000000
0.96402323,0.00000000
0.96833008,0.00000000
0.96314113,0.00000000
0.98037230,0.00000000
0.96425888,0.00000000
0.96839520,0.00000000
0.97423254,0.00000000
0.96814823,0.00000000
0.95101380,0.00000000
0.96757511,0.00000000
0.95320729,0.00000000
0.94484902,0.00000000
0.96048438,0.00000000
0.94861462,0.00000000
0.95434780,0.00000000
0.97540109,0.00000000
0.98221804,0.00000000
0.96030039,0.00000000
0.94492545,0.00000000
0.94514152,0.00000000
0.94701803,0.00000000
0.95842572,0.00000000
0.97059921,0.00000000
0.96362058,0.00000000
0.97163099,0.00000000
0.94962223,0.00000000
0.96167819,0.00000000
0.97693664,0.00000000
0.94686904,0.00000000
0.95788417,0.00000000
0.94318514,0.00000000
0.97851865,0.00000000
0.93475842,0.00000000
0.98016208,0.00000000
0.97512328,0.00000000
0.96633333,0.00000000
0.99096633,0.00000000
0.95968239,0.00000000
0.96782912,0.00000000
0.96016694,0.00000000
0.97086267,0.00000000
0.96036640,0.00000000
0.97143755,0.00000000
0.96061734,0.00000000
0.94665839,0.00000000
0.93932865,0.00000000
0.94381762,0.00000000
0.96804682,0.00000000
0.98427942,0.00000000
0.94191767,0.00000000
0.94789462,0.00000000
0.92035992,0.00000000
0.93823158,0.00000000
0.95983163,0.00000000
0.96865154,0.00000000
0.94845781,0.00000000
0.95154706,0.00000000
0.94972139,0.00000000
0.94509702,0.00000000
0.93099108,0.00000000
0.93043194,0.00000000
0.95913524,0.00000000
0.93346832,0.00000000
0.93691639,0.00000000
0.94870237,0.00000000
0.96014433,0.00000000
0.95057448,0.00000000
0.96227881,0.00000000
0.95237321,0.00000000
0.97232639,0.00000000
0.96422641,0.00000000
0.95006224,0.00000000
0.96210314,0.00000000
0.95395276,0.00000000
0.95975717,0.00000000
0.96838823,0.00000000
0.93551895,0.00000000
0.95064008,0.00000000
0.96292884,0.00000000
0.94363240,0.00000000
0.95875046,0.00000000
0.97890734,0.00000000
0.95688442,0.00000000
0.92543787,0.00000000
0.95830454,0.00000000
0.92377790,0.00000000
0.93973553,0.00000000
0.95916967,0.00000000
0.96858650,0.00000000
0.97388384,0.00000000
0.95355476,0.00000000
0.96345989,0.00000000
0.94418387,0.00000000
0.94169465,0.00000000
0.95001447,0.00000000
0.94261264,0.00000000
0.96481260,0.00000000
0.94689795,0.00000000
0.98288552,0.00000000
0.94182177,0.00000000
0.95628903,0.00000000
0.95861222,0.00000000
0.95479444,0.00000000
0.94949946,0.00000000
0.94855526,0.00000000
0.95256304,0.00000000
0.95031791,0.00000000
0.95854310,0.00000000
0.95446609,0.00000000
0.97623196,0.00000000
0.97095340,0.00000000
0.96522050,0.00000000
0.95856698,0.00000000
0.95776625,0.00000000
0.96048322,0.00000000
0.95417718,0.00000000
0.94400741,0.00000000
0.93815413,0.00000000
0.95902381,0.00000000
0.97830977,0.00000000
0.97371540,0.00000000
0.97625784,0.00000000
0.96726852,0.00000000
0.96833446,0.00000000
0.95792954,0.00000000
0.95978255,0.00000000
0.97180372,0.00000000
0.95854498,0.00000000
0.98078114,0.00000000
0.97647635,0.00000000
0.97390254,0.00000000
0.97648274,0.00000000
0.98119044,0.00000000
0.96327172,0.00000000
0.97510246,0.00000000
0.93749544,0.00000000
0.97618761,0.00000000
0.97473357,0.00000000
0.83994115,0.00000000
0.95006915,0.00000000
0.97309892,0.00000000
0.99001567,0.00000000
0.96354203,0.00000000
0.95203575,0.00000000
0.95263545,0.00000000
0.96080065,0.00000000
0.98337615,0.00000000
0.96930530,0.00000000
0.96668488,0.00000000
0.94509230,0.00000000
0.98094710,0.00000000
0.94510784,0.00000000
0.95504620,0.00000000
0.95946153,0.00000000
0.95299785,0.00000000
0.96077281,0.00000000
0.96460352,0.00000000
0.97502482,0.00000000
0.96854738,0.00000000
0.96528431,0.00000000
0.98710716,0.00000000
0.97309534,0.00000000
0.96824057,0.00000000
0.96907657,0.00000000
0.96229994,0.00000000
0.97178115,0.00000000
0.95102952,0.00000000
0.96317794,0.00000000
0.98267371,0.00000000
0.96106317,0.00000000
0.96498767,0.00000000
0.96074852,0.00000000
0.94887766,0.00000000
0.96857606,0.00000000
0.95387023,0.00000000
0.95904024,0.00000000
0.96748751,0.00000000
0.99170375,0.00000000
0.97911821,0.00000000
0.98038220,0.00000000
0.96040363,0.00000000
0.95824454,0.00000000
0.95713216,0.00000000
0.94862903,0.00000000
0.94351245,0.00000000
0.93889872,0.00000000
0.93576324,0.00000000
0.95951098,0.00000000
0.95290485,0.00000000
0.96150199,0.00000000
0.97103050,0.00000000
0.96822450,0.00000000
0.96728675,0.00000000
0.96915230,0.00000000
0.95870273,0.00000000
0.95276634,0.00000000
0.96329928,0.00000000
0.95324732,0.00000000
0.95226735,0.00000000
0.95516079,0.00000000
0.94060142,0.00000000
0.95066534,0.00000000
0.96698960,0.00000000
0.95794607,0.00000000
0.97537110,0.00000000
0.95606367,0.00000000
0.96848901,0.00000000
0.96236439,0.00000000
0.95634467,0.00000000
0.94645970,0.00000000
0.96558700,0.00000000
0.97554322,0.00000000
0.95406204,0.00000000
0.94743172,0.00000000
0.96883185,0.00000000
0.95492658,0.00000000
0.95971704,0.00000000
0.95261805,0.00000000
0.95784436,0.00000000
0.95786972,0.00000000
0.94911484,0.00000000
0.94053719,0.00000000
0.95917254,0.00000000
0.97134449,0.00000000
0.95862135,0.00000000
0.91021641,0.00000000
0.92324533,0.00000000
0.93565107,0.00000000
0.95902433,0.00000000
0.96610713,0.00000000
0.90686343,0.00000000
0.96741770,0.00000000
0.92975723,0.00000000
0.97861009,0.00000000
0.95419962,0.00000000
0.95986658,0.00000000
0.98175551,0.00000000
0.92247187,0.00000000
0.97164942,0.00000000
0.91825844,0.00000000
0.96343849,0.00000000
0.96790243,0.00000000
0.96407382,0.00000000
0.95704349,0.00000000
0.96022601,0.00000000
0.95186065,0.00000000
0.97434236,0.00000000
0.93595961,0.00000000
0.92551169,0.00000000
0.92768453,0.00000000
0.91724766,0.00000000
0.93652863,0.00000000
0.92983846,0.00000000
0.91965431,0.00000000
0.93565991,0.00000000
0.92866996,0.00000000
0.93303482,0.00000000
0.94493358,0.00000000
0.94936950,0.00000000
0.94795611,0.00000000
0.96776065,0.00000000
0.95801992,0.00000000
0.95083250,0.00000000
0.85374384,0.00000000
0.84953176,0.00000000
0.83591382,0.00000000
0.90222541,0.00000000
0.93177790,0.00000000
0.94349933,0.00000000
0.92061659,0.00000000
0.90281142,0.00000000
0.96067784,0.00000000
0.94313965,0.00000000
0.92759402,0.00000000
0.93917197,0.00000000
0.92510863,0.00000000
0.96057260,0.00000000
0.97077007,0.00000000
0.96628059,0.00000000
0.94065436,0.00000000
0.92881847,0.00000000
0.95852928,0.00000000
0.94142138,0.00000000
0.96267066,0.00000000
0.97831063,0.00000000
0.97305178,0.00000000
0.97507894,0.00000000
0.95675472,0.00000000
0.96540060,0.00000000
0.96145025,0.00000000
0.98368297,0.00000000
0.95922682,0.00000000
0.97816142,0.00000000
0.97992878,0.00000000
0.93882413,0.00000000
0.94251947,0.00000000
0.96021841,0.00000000
0.97028382,0.00000000
0.95978872,0.00000000
0.96110289,0.00000000
0.95640696,0.00000000
0.98370348,0.00000000
0.98220977,0.00000000
0.96589279,0.00000000
0.94670563,0.00000000
0.94991807,0.00000000
0.95928140,0.00000000
0.96276866,0.00000000
0.97009984,0.00000000
0.96927150,0.00000000
0.96516694,0.00000000
0.95431782,0.00000000
0.96808296,0.00000000
0.95602487,0.00000000
0.96225860,0.00000000
0.94118918,0.00000000
0.96553616,0.00000000
0.95576906,0.00000000
0.95632874,0.00000000
0.95769637,0.00000000
0.95662082,0.00000000
0.96336524,0.00000000
0.94779753,0.00000000
0.96832808,0.00000000
0.97904987,0.00000000
0.94812423,0.00000000
0.96717261,0.00000000
0.95793400,0.00000000
0.94490267,0.00000000
0.95178707,0.00000000
0.97331171,0.00000000
0.94081966,0.00000000
0.90642945,0.00000000
0.85543035,0.00000000
0.92650135,0.00000000
0.90787906,0.00000000
0.95004924,0.00000000
0.95364203,0.00000000
0.95676531,0.00000000
0.92373283,0.00000000
0.94994086,0.00000000
0.94391074,0.00000000
0.97620024,0.00000000
0.95917919,0.00000000
0.93008064,0.00000000
0.92565358,0.00000000
0.94423414,0.00000000
0.95958994,0.00000000
0.96238386,0.00000000
0.97171272,0.00000000
0.97548857,0.00000000
0.97393162,0.00000000
0.97232449,0.00000000
0.98357341,0.00000000
0.98085554,0.00000000
0.97134517,0.00000000
0.96511580,0.00000000
0.96748218,0.00000000
0.96531938,0.00000000
0.96881668,0.00000000
0.96162506,0.00000000
0.97540153,0.00000000
0.97894046,0.00000000
0.97656255,0.00000000
0.96561610,0.00000000
0.97176517,0.00000000
0.97517942,0.00000000
0.98187103,0.00000000
0.96199248,0.00000000
0.96084701,0.00000000
0.95036692,0.00000000
0.96132400,0.00000000
0.94274931,0.00000000
0.94417415,0.00000000
0.94314497,0.00000000
0.97159895,0.00000000
0.96962735,0.00000000
0.97662190,0.00000000
0.96890579,0.00000000
0.95372451,0.00000000
0.96910215,0.00000000
0.97189895,0.00000000
0.96372431,0.00000000
0.96022589,0.00000000
0.96910401,0.00000000
0.96628151,0.00000000
0.98417571,0.00000000
0.96381033,0.00000000
0.97451972,0.00000000
0.97312498,0.00000000
0.97389371,0.00000000
0.97499244,0.00000000
0.96564133,0.00000000
0.95293439,0.00000000
0.95627667,0.00000000
0.97227806,0.00000000
0.96806109,0.00000000
0.97340069,0.00000000
0.97153355,0.00000000
0.96149920,0.00000000
0.97860198,0.00000000
0.95571580,0.00000000
0.96208627,0.00000000
0.94526130,0.00000000
0.95828862,0.00000000
0.96651746,0.00000000
0.98304393,0.00000000
0.98543405,0.00000000
0.98933355,0.00000000
0.97663382,0.00000000
0.97628556,0.00000000
0.97101862,0.00000000
0.96814261,0.00000000
0.96383361,0.00000000
0.96194665,0.00000000
0.97473922,0.00000000
0.96563841,0.00000000
0.98097510,0.00000000
0.94555593,0.00000000
0.97091856,0.00000000
0.95802860,0.00000000
0.94792250,0.00000000
0.96210686,0.00000000
0.98216799,0.00000000
0.96963019,0.00000000
0.96446178,0.00000000
0.97097847,0.00000000
0.97864381,0.00000000
0.97290921,0.00000000
0.97772179,0.00000000
0.96558237,0.00000000
0.97447863,0.00000000
0.96955670,0.00000000
0.97586374,0.00000000
0.97145194,0.00000000
0.97527156,0.00000000
0.97186320,0.00000000
0.97348706,0.00000000
0.96214269,0.00000000
0.97777225,0.00000000
0.96077741,0.00000000
0.96130478,0.00000000
0.94962055,0.00000000
0.95475689,0.00000000
0.94819199,0.00000000
0.96283246,0.00000000
0.94367736,0.00000000
0.96015725,0.00000000
0.96019225,0.00000000
0.96152112,0.00000000
0.95850624,0.00000000
0.96181163,0.00000000
0.97202078,0.00000000
0.94513166,0.00000000
0.96772230,0.00000000
0.96461822,0.00000000
0.97185022,0.00000000
0.96529952,0.00000000
0.94469189,0.00000000
0.93392505,0.00000000
0.94566203,0.00000000
0.95367650,0.00000000
0.96415514,0.00000000
0.96784361,0.00000000
0.97076174,0.00000000
0.96124943,0.00000000
0.96520835,0.00000000
0.98072388,0.00000000
0.98481069,0.00000000
0.96896933,0.00000000
0.99052878,0.00000000
0.97967592,0.00000000
0.98450186,0.00000000
0.96048706,0.00000000
0.93998516,0.00000000
0.94012465,0.00000000
0.95626220,0.00000000
0.96321780,0.00000000
0.96185519,0.00000000
0.95398024,0.00000000
0.96135669,0.00000000
0.96668182,0.00000000
0.96419463,0.00000000
0.95322287,0.00000000
0.93888647,0.00000000
0.95074538,0.00000000
0.95740624,0.00000000
0.94725664,0.00000000
0.95859853,0.00000000
0.96648872,0.00000000
0.95910728,0.00000000
0.95915714,0.00000000
0.95700788,0.00000000
0.94240113,0.00000000
0.94327924,0.00000000
0.94583821,0.00000000
0.94995482,0.00000000
0.94495065,0.00000000
0.95679515,0.00000000
0.93996035,0.00000000
0.95715985,0.00000000
0.96851389,0.00000000
0.95188061,0.00000000
0.93671636,0.00000000
0.93349557,0.00000000
0.93544220,0.00000000
0.93684143,0.00000000
0.94309406,0.00000000
0.93613013,0.00000000
0.92246163,0.00000000
0.91747582,0.00000000
0.90577052,0.00000000
0.93156495,0.00000000
0.93198202,0.00000000
0.93550624,0.00000000
0.93338106,0.00000000
0.93809607,0.00000000
0.92969516,0.00000000
0.92718071,0.00000000
0.96001080,0.00000000
0.94828270,0.00000000
0.96587508,0.00000000
0.96665436,0.00000000
0.94139466,0.00000000
0.94672589,0.00000000
0.96927898,0.00000000
0.96749619,0.00000000
0.97508730,0.00000000
0.97079410,0.00000000
0.95110174,0.00000000
0.94223975,0.00000000
0.94074051,0.00000000
0.93386315,0.00000000
0.94041337,0.00000000
0.96123598,0.00000000
0.95362609,0.00000000
0.92122681,0.00000000
0.94007712,0.00000000
0.95201919,0.00000000
0.96397785,0.00000000
0.94697072,0.00000000
0.96311130,0.00000000
0.96469257,0.00000000
0.97039969,0.00000000
0.96899758,0.00000000
0.93220407,0.00000000
0.94762559,0.00000000
0.93532537,0.00000000
0.93363487,0.00000000
0.94503197,0.00000000
0.92632070,0.00000000
0.93008749,0.00000000
0.92971087,0.00000000
0.96181135,0.00000000
0.96271874,0.00000000
0.96316571,0.00000000
0.96961862,0.00000000
0.97276660,0.00000000
0.95396774,0.00000000
0.95485108,0.00000000
0.94739737,0.00000000
0.98003413,0.00000000
0.94669100,0.00000000
0.96797351,0.00000000
0.94762403,0.00000000
0.98007899,0.00000000
0.97310352,0.00000000
0.97832410,0.00000000
0.97567659,0.00000000
0.96393606,0.00000000
0.96090064,0.00000000
0.96608320,0.00000000
0.93943115,0.00000000
0.97802230,0.00000000
0.97140099,0.00000000
0.96865625,0.00000000
0.96820300,0.00000000
0.95858786,0.00000000
0.97522676,0.00000000
0.96738965,0.00000000
0.97794294,0.00000000
0.96189283,0.00000000
0.94624829,0.00000000
0.96579198,0.00000000
0.97366297,0.00000000
0.98244840,0.00000000
0.98061449,0.00000000
0.96417742,0.00000000
0.97914613,0.00000000
0.96615682,0.00000000
0.95932892,0.00000000
0.95964023,0.00000000
0.94326582,0.00000000
0.96055184,0.00000000
0.96596921,0.00000000
0.95371608,0.00000000
0.95396734,0.00000000
0.95663020,0.00000000
0.95055333,0.00000000
0.95635296,0.00000000
0.95073390,0.00000000
0.95076998,0.00000000
0.95128545,0.00000000
0.95306391,0.00000000
0.97006944,0.00000000
0.97413190,0.00000000
0.97259494,0.00000000
0.98088041,0.00000000
0.97166718,0.00000000
0.96167796,0.00000000
0.97364615,0.00000000
0.97934531,0.00000000
0.97423716,0.00000000
0.96485064,0.00000000
0.95698163,0.00000000
0.95693627,0.00000000
0.95487583,0.00000000
0.95659817,0.00000000
0.95862746,0.00000000
0.97668198,0.00000000
0.97017682,0.00000000
0.95736309,0.00000000
0.98273886,0.00000000
0.98111065,0.00000000
0.98062291,0.00000000
0.98417362,0.00000000
0.96974350,0.00000000
0.97763013,0.00000000
0.94407023,0.00000000
0.95552690,0.00000000
0.97397897,0.00000000
0.96579854,0.00000000
0.96992658,0.00000000
0.98603147,0.00000000
0.97678332,0.00000000
0.96979962,0.00000000
0.97809458,0.00000000
0.98749830,0.00000000
0.97143974,0.00000000
0.98737701,0.00000000
0.98565534,0.00000000
0.98523973,0.00000000
0.97079981,0.00000000
0.95805682,0.00000000
0.95407156,0.00000000
0.96217164,0.00000000
0.94357397,0.00000000
0.97687048,0.00000000
0.97063450,0.00000000
0.97370989,0.00000000
0.98251804,0.00000000
0.95493712,0.00000000
0.96367424,0.00000000
0.95288572,0.00000000
0.97143093,0.00000000
0.98416204,0.00000000
0.97944419,0.00000000
0.96809046,0.00000000
0.96115736,0.00000000
0.96671587,0.00000000
0.96429427,0.00000000
0.94615212,0.00000000
0.96556045,0.00000000
0.98259544,0.00000000
0.97358748,0.00000000
0.97979172,0.00000000
0.97790995,0.00000000
0.97244614,0.00000000
0.98503090,0.00000000
0.97327198,0.00000000
0.98332223,0.00000000
0.98149918,0.00000000
0.97581580,0.00000000
0.97665178,0.00000000
0.97523803,0.00000000
0.98210056,0.00000000
0.97052983,0.00000000
0.98771915,0.00000000
0.95857597,0.00000000
0.98035016,0.00000000
0.97897740,0.00000000
0.97381976,0.00000000
0.98336561,0.00000000
0.97709586,0.00000000
0.97787838,0.00000000
0.95734054,0.00000000
0.97771588,0.00000000
0.97414506,0.00000000
0.96930446,0.00000000
0.96886937,0.00000000
0.96747184,0.00000000
0.98631008,0.00000000
0.96988679,0.00000000
0.97774698,0.00000000
