246.000,131.000,91.000,80.000
244.623,131.650,94.439,78.357
244.554,131.997,94.405,77.664
244.741,132.222,93.857,78.415
244.519,132.710,94.131,77.955
244.570,132.223,94.715,78.072
244.776,132.539,94.991,78.643
244.846,132.051,95.717,78.581
245.141,131.417,94.952,78.808
245.055,131.938,94.952,77.940
243.861,132.594,95.785,79.045
243.917,130.913,95.499,78.215
244.241,131.596,94.678,79.101
244.017,130.700,94.952,79.503
243.794,131.456,96.096,78.687
244.142,130.238,95.226,79.558
247.235,129.861,95.150,78.564
247.384,128.295,95.544,79.620
247.319,126.204,94.801,78.913
247.294,124.812,95.717,79.620
247.178,125.228,96.823,78.789
247.616,125.228,95.773,78.789
247.803,124.582,96.270,80.428
247.690,125.177,97.201,79.240
246.633,124.296,97.025,79.944
246.760,124.536,96.594,79.288
246.946,124.673,96.047,79.015
247.132,122.279,95.499,81.008
245.225,122.283,94.559,79.944
242.020,121.693,97.315,79.732
242.292,122.356,96.594,79.465
241.073,120.650,94.291,79.366
239.267,120.408,95.646,78.808
239.390,119.772,96.096,79.210
239.601,120.094,95.499,78.390
239.788,119.364,95.820,78.982
239.998,119.686,95.226,78.339
240.185,118.007,95.544,79.620
240.120,116.614,96.547,80.310
240.008,115.094,95.887,79.818
239.978,112.982,95.073,79.840
238.281,112.224,96.896,79.786
237.072,110.560,97.025,79.592
237.336,109.856,96.320,79.944
240.594,109.327,95.968,80.120
240.467,109.002,96.047,79.892
240.379,107.510,96.924,80.770
240.319,106.102,96.867,80.044
238.955,103.213,97.300,80.348
235.364,102.657,97.399,80.575
235.404,101.033,97.141,81.868
235.041,100.892,98.581,81.258
235.124,98.420,98.236,81.893
233.597,98.060,99.672,82.971
233.541,97.665,100.696,82.669
237.328,99.742,99.512,83.262
237.054,100.838,99.877,83.627
236.826,103.287,100.151,82.574
237.008,103.785,99.604,83.034
240.377,106.152,99.240,83.034
243.564,106.881,99.240,84.672
242.879,109.745,101.526,83.718
244.726,109.147,101.341,83.805
244.818,108.594,100.972,83.990
248.233,109.609,98.572,84.912
247.352,112.701,101.250,85.138
252.756,115.259,100.304,84.858
257.931,116.043,101.246,86.253
260.845,120.628,101.966,85.315
262.248,121.751,103.837,86.624
265.692,125.903,103.602,84.972
271.786,128.513,102.887,86.899
273.366,132.907,102.760,86.455
274.637,136.046,104.947,87.362
278.126,138.426,104.692,89.325
283.428,142.046,103.187,89.442
285.910,145.359,102.654,87.824
286.481,146.500,105.883,87.634
287.866,148.801,104.272,87.087
287.642,149.348,105.676,89.051
290.857,152.034,106.056,87.763
290.977,152.469,106.782,88.245
294.746,152.808,106.056,88.931
294.454,153.489,107.612,89.515
295.768,154.208,106.163,89.649
293.691,155.219,107.774,89.779
291.996,155.958,105.842,88.497
291.735,156.729,107.142,89.285
295.301,157.445,106.873,90.009
298.605,157.232,104.984,89.256
297.914,158.188,107.142,89.285
297.754,157.728,108.246,89.225
297.872,157.993,107.813,90.074
297.636,158.571,107.296,88.919
297.691,159.021,106.210,90.171
297.065,160.572,108.246,89.813
298.429,161.612,107.691,90.303
298.132,162.304,109.075,90.895
299.776,164.837,108.582,88.423
300.336,163.946,108.246,89.225
300.454,163.226,108.996,89.680
302.059,164.088,108.162,89.937
301.998,164.597,109.075,88.919
303.910,164.709,107.616,90.862
303.439,165.568,108.360,90.531
303.203,166.149,108.634,89.370
303.378,166.374,109.272,91.093
303.187,166.898,110.455,89.845
303.724,166.911,109.181,89.620
304.035,165.564,109.351,90.531
304.157,166.032,108.907,90.989
303.921,166.816,109.181,91.018
303.821,166.417,109.181,90.818
303.721,166.916,109.181,91.217
303.484,166.501,108.654,90.845
303.258,166.131,108.111,90.391
303.035,165.764,109.351,89.937
303.294,165.054,109.825,90.164
303.516,162.831,110.179,89.620
307.835,162.844,106.120,89.396
305.878,161.499,108.279,91.306
305.464,162.354,108.907,89.197
305.776,161.505,109.272,89.512
306.133,159.708,109.351,89.343
306.529,158.816,108.360,89.937
304.986,157.349,109.667,90.698
305.130,157.788,109.181,91.217
304.893,158.374,109.455,90.045
305.067,158.599,110.102,90.989
308.965,158.959,109.327,90.270
309.075,159.296,112.292,91.785
313.303,159.378,107.502,91.417
312.637,158.813,109.825,92.349
316.142,161.644,107.655,90.720
315.690,160.450,109.549,92.512
319.056,163.362,109.872,90.922
322.967,163.801,109.055,90.045
324.468,164.734,108.435,91.951
329.461,166.288,108.454,91.646
332.791,167.201,111.576,93.013
336.533,168.397,112.460,92.662
345.704,172.171,111.713,93.708
351.721,172.877,116.088,93.732
365.016,174.785,112.289,93.470
373.987,175.372,113.422,95.578
380.008,178.311,114.107,97.001
385.884,181.532,113.516,96.036
385.347,182.501,117.935,97.443
392.165,183.580,114.386,98.290
395.143,187.014,115.658,98.862
398.375,190.412,113.049,97.633
401.195,191.843,116.044,98.142
404.747,194.988,113.852,99.327
403.282,194.998,117.635,99.095
406.992,198.082,115.402,100.490
409.713,199.815,115.135,100.042
408.341,201.437,116.803,100.240
405.659,202.820,116.319,99.856
404.605,204.124,117.347,100.706
406.700,206.168,115.985,100.753
405.342,207.808,114.586,100.939
403.558,209.766,117.937,100.473
402.765,210.928,115.162,100.330
401.406,212.694,113.792,100.240
399.637,212.499,113.263,99.988
397.877,214.544,112.733,99.308
392.733,214.777,114.537,99.478
388.056,214.746,116.202,100.182
386.943,216.212,117.347,100.058
386.129,217.392,114.633,99.870
383.067,217.440,114.975,98.061
378.899,216.083,115.658,98.224
376.491,215.424,114.493,99.327
370.724,214.890,114.493,97.191
363.794,214.298,112.519,97.531
356.182,214.739,111.986,97.069
348.607,216.853,110.198,96.815
342.611,219.283,109.765,97.753
340.610,223.525,109.822,97.574
338.637,230.376,109.822,99.857
332.763,241.737,112.558,101.449
325.880,255.635,113.477,101.059
323.816,266.677,112.454,91.852
319.981,277.583,111.981,80.830
318.031,292.458,113.214,66.708
310.747,302.137,114.375,56.056
304.827,313.625,113.851,44.962
298.007,327.348,113.709,31.012
293.307,339.759,107.630,18.930
203.000,121.000,73.000,98.000
218.471,130.148,58.846,82.927
225.000,172.000,61.000,59.000
238.000,178.000,54.000,58.000
241.916,146.938,35.746,67.570
248.062,152.932,28.382,53.315
252.966,150.169,24.738,53.301
240.000,179.000,64.000,66.000
249.629,139.944,50.335,78.819
252.483,143.804,48.912,75.764
255.335,138.598,40.158,85.565
257.545,131.066,33.622,66.068
239.000,118.000,71.000,103.000
241.041,106.528,54.907,90.426
240.986,98.557,51.773,88.028
240.437,100.410,63.446,79.985
244.358,101.765,66.153,74.280
243.276,95.188,69.863,75.065
242.955,104.286,62.236,62.961
239.794,102.241,58.010,60.145
252.083,93.663,41.851,62.125
258.619,83.089,44.596,71.130
253.445,78.293,56.189,76.426
251.937,80.457,62.099,71.440
253.735,79.580,70.123,66.383
253.972,78.492,69.513,68.421
254.763,82.742,72.486,60.750
257.074,88.633,73.320,54.158
268.928,83.944,61.383,60.750
277.926,70.565,51.966,71.086
299.393,66.682,30.393,71.040
300.446,77.917,37.777,68.296
296.679,75.633,48.576,66.639
290.514,89.221,62.275,50.413
288.448,88.089,71.361,44.347
279.923,89.460,79.027,43.188
279.402,94.549,80.770,41.556
278.355,101.864,87.740,42.941
294.167,110.659,85.036,50.332
293.957,117.345,136.832,72.086
284.127,125.315,104.925,116.672
282.739,129.800,119.448,143.604
286.367,135.807,110.095,165.143
288.738,150.574,58.619,175.588
289.410,161.799,57.275,179.339
289.410,162.307,55.853,189.900
292.810,161.007,53.587,178.691
275.482,155.441,68.634,173.351
251.430,142.649,87.662,166.362
228.920,129.224,107.260,158.105
231.467,111.582,95.651,166.803
236.261,95.505,93.151,175.417
221.109,86.653,118.843,161.617
213.620,79.173,151.868,145.483
210.380,72.442,162.219,145.848
217.224,66.478,160.240,147.606
228.009,56.771,147.606,160.548
233.402,47.989,137.129,168.868
244.692,42.551,134.961,176.394
260.853,35.219,122.116,180.546
310.916,37.833,157.786,176.803
263.639,31.859,133.198,178.043
255.973,31.824,140.210,171.950
256.068,32.542,141.265,168.958
252.194,28.294,140.665,169.726
254.713,28.311,133.461,171.239
264.545,31.004,116.823,184.012
265.402,31.686,101.308,197.037
260.560,36.202,97.684,199.615
249.559,38.415,94.798,208.052
228.641,43.198,108.801,211.699
217.953,49.894,117.099,208.648
215.437,52.129,119.313,214.825
223.787,58.534,110.948,220.614
228.844,58.297,108.665,227.352
225.279,58.381,116.423,232.846
230.415,57.444,109.778,236.040
229.892,57.231,110.823,243.554
228.688,60.179,113.233,246.873
227.741,63.805,111.110,246.650
226.250,62.092,110.113,250.739
234.400,65.373,106.453,255.155
230.838,71.780,113.247,253.237
221.324,73.923,124.136,253.021
239.412,73.459,109.950,256.432
228.834,74.940,119.340,255.488
239.200,74.353,105.252,236.031
235.954,69.893,107.324,258.208
224.649,65.397,111.944,236.215
222.978,60.730,113.331,258.576
231.327,57.061,107.256,238.499
250.698,52.089,89.005,259.970
231.833,45.285,106.324,262.610
237.806,43.058,104.751,260.371
231.654,38.663,111.434,240.063
229.375,35.165,114.355,269.340
232.471,35.686,114.483,246.174
230.211,35.399,117.323,267.254
227.868,35.313,122.009,246.855
229.072,37.402,119.600,266.318
219.222,39.477,131.084,241.096
215.310,41.774,130.717,238.996
204.875,45.810,141.671,233.049
197.882,51.775,140.381,226.574
180.207,52.550,163.588,222.522
180.212,51.065,157.463,230.461
177.368,47.745,152.476,235.195
175.873,45.898,152.813,236.235
174.341,45.776,155.498,230.775
174.356,41.719,155.847,236.235
177.362,38.816,150.987,234.741
206.084,39.259,126.735,233.103
202.338,41.545,131.130,224.056
200.984,39.640,136.582,219.630
201.674,36.439,141.096,219.791
203.451,36.652,138.602,250.753
185.426,44.475,161.217,242.198
188.873,40.929,162.236,252.851
186.822,65.523,169.178,210.966
192.748,45.447,159.974,209.895
177.031,54.691,177.475,269.146
211.491,51.382,180.778,276.201
246.424,57.551,169.050,254.917
272.335,63.623,151.318,252.750
267.304,59.955,180.180,260.870
282.709,53.612,160.660,262.701
263.116,50.910,154.613,252.892
255.743,43.214,140.473,254.829
268.419,42.253,95.808,271.899
270.757,41.182,97.272,259.499
274.533,41.440,104.038,242.119
281.762,37.660,90.533,237.291
276.521,40.902,87.213,205.259
277.226,44.054,82.853,176.969
281.774,46.893,73.757,160.858
269.578,50.330,89.643,155.512
275.121,50.948,86.129,149.543
277.987,50.318,79.036,147.170
277.741,52.155,76.718,143.928
286.404,54.198,74.344,141.316
279.069,54.711,79.785,139.675
289.125,30.595,69.195,165.687
277.797,55.280,74.683,141.212
275.046,55.364,73.606,143.305
271.756,51.561,75.456,143.100
271.193,44.655,76.998,140.886
269.014,36.455,78.018,144.563
249.982,44.104,80.153,133.517
237.247,54.116,93.818,118.049
232.347,64.701,90.981,112.884
229.703,74.430,88.349,110.893
229.305,71.437,83.796,112.916
243.694,83.023,79.990,101.256
239.927,85.567,66.273,118.139
215.333,136.668,131.754,134.233
208.289,143.106,135.462,211.310
215.399,105.165,109.390,243.842
213.822,144.968,137.082,201.533
210.839,135.289,145.708,217.896
188.460,146.507,132.328,206.160
174.272,172.873,136.234,175.914
172.604,182.981,181.441,173.997
189.344,183.550,144.405,151.519
189.582,227.621,138.005,130.601
193.185,188.767,133.760,154.214
195.345,187.060,118.222,132.316
205.333,179.283,112.781,120.551
213.599,151.485,107.464,131.526
218.517,143.193,109.297,121.203
227.964,134.841,82.791,111.848
235.270,126.823,81.661,99.765
235.355,114.591,81.129,84.750
238.551,101.827,88.190,78.557
233.504,92.796,100.117,70.631
234.673,85.797,91.710,66.591
237.625,76.190,92.851,68.425
234.421,81.040,98.301,59.045
242.834,87.371,93.834,46.688
237.918,86.323,97.966,46.000
236.169,84.563,97.561,44.811
262.944,84.167,68.139,45.470
262.320,95.412,65.818,37.371
262.775,98.070,72.174,38.227
261.180,102.300,74.415,37.260
234.422,104.886,100.697,37.788
236.211,104.999,103.545,38.922
234.108,106.544,98.093,38.246
234.792,104.747,99.188,38.641
234.140,105.210,98.257,37.343
235.496,106.741,97.978,36.954
237.104,108.219,101.030,52.444
234.010,109.317,100.206,51.272
262.291,110.258,73.796,39.626
266.188,108.794,68.172,37.777
267.168,107.880,66.008,40.316
266.415,107.742,67.309,37.796
267.126,106.935,66.693,39.713
266.878,107.830,66.984,39.366
263.787,107.418,69.972,38.026
265.015,107.378,68.344,42.146
254.767,108.661,71.738,42.914
228.779,103.131,82.514,57.527
215.775,100.829,74.833,65.583
205.116,107.193,62.694,61.570
183.151,111.322,62.530,53.064
164.957,118.209,57.779,59.859
149.338,139.284,50.647,50.647
133.331,160.342,41.230,42.144
119.944,169.635,43.358,42.940
104.583,167.479,51.839,53.743
92.854,183.215,61.299,49.315
93.348,169.573,62.731,62.841
85.508,185.992,64.166,62.905
78.812,186.447,71.181,78.579
73.281,194.971,71.436,95.898
68.641,206.548,73.243,108.452
68.116,205.233,70.364,108.404
71.082,203.932,64.782,115.558
64.416,223.695,75.857,97.556
58.335,215.174,80.943,103.724
51.991,209.205,85.737,95.651
48.554,204.370,92.430,95.517
49.062,200.590,93.483,98.561
49.124,197.237,94.127,93.359
43.849,198.331,96.423,87.419
36.096,194.176,106.221,82.105
37.943,189.765,101.218,82.508
36.188,188.908,96.489,76.166
35.359,179.976,90.426,78.929
25.450,173.112,100.605,67.465
21.936,164.748,95.748,66.693
17.624,157.275,95.248,69.475
14.529,150.426,96.218,67.679
17.073,141.124,86.607,66.410
10.800,135.549,94.591,63.112
12.347,129.886,93.512,62.031
11.042,122.605,89.105,60.268
7.648,113.470,88.980,61.183
3.866,106.303,92.102,59.822
1.481,98.921,92.413,59.430
0.887,96.693,90.779,59.578
0.381,94.754,91.053,59.177
0.168,93.751,93.098,59.712
0.199,94.290,90.792,58.932
0.011,92.243,90.289,58.776
0.749,90.225,90.565,60.328
0.000,91.515,92.823,60.266
0.789,90.733,91.246,58.829
0.672,89.850,90.744,60.594
0.000,92.364,91.508,59.281
0.000,94.408,92.387,58.882
0.143,94.975,89.881,60.266
0.221,93.822,87.511,60.505
0.446,97.928,89.689,60.036
0.581,97.649,91.186,57.653
0.027,99.253,92.148,58.084
1.542,103.084,94.393,58.190
2.532,105.584,94.196,58.093
1.358,109.162,93.287,56.860
0.382,110.715,92.318,57.845
0.370,114.427,92.488,58.190
0.000,117.195,93.089,57.800
0.805,122.269,92.215,58.535
0.584,126.240,93.833,56.770
1.488,129.501,94.801,57.991
3.722,136.062,95.682,57.498
6.396,141.485,92.116,57.795
4.834,144.235,92.318,57.407
2.497,144.746,92.902,56.238
0.784,144.576,91.106,56.143
0.825,144.651,89.158,56.424
0.652,145.159,89.647,57.823
0.669,145.401,90.333,57.197
0.164,144.320,91.198,56.476
0.092,142.015,89.757,57.341
0.320,142.545,88.297,57.716
0.000,141.930,88.248,56.942
0.000,142.698,87.314,56.970
0.619,142.020,87.774,55.496
0.104,143.574,88.664,55.048
0.874,145.325,91.186,55.468
1.557,147.539,93.812,52.039
10.084,151.567,81.101,49.725
19.636,156.402,73.732,51.918
29.953,166.978,69.723,49.997
43.000,178.816,67.697,49.321
40.290,189.085,79.848,46.771
28.861,191.390,114.350,49.147
7.847,189.100,155.328,67.234
0.000,196.119,147.914,70.383
0.000,196.119,131.041,89.002
0.000,220.738,108.310,78.015
0.000,242.441,67.410,63.328
190.000,93.000,98.000,87.000
178.660,110.402,107.909,86.068
179.706,121.382,126.092,85.928
187.055,132.847,102.216,84.485
190.709,141.778,98.071,82.253
193.821,147.787,114.177,80.860
188.124,152.780,116.521,73.572
193.676,157.644,114.696,79.063
182.981,159.818,121.219,79.859
187.615,159.146,116.682,79.628
191.116,160.341,116.437,79.556
190.786,158.710,119.410,65.483
192.760,158.867,119.358,67.648
200.933,157.574,114.177,67.354
196.741,157.011,122.385,64.441
199.877,155.929,124.484,86.729
205.098,154.551,124.238,88.860
209.511,153.701,124.257,89.928
209.216,151.054,129.291,94.799
210.924,150.807,124.767,97.066
212.861,147.938,121.998,100.598
213.001,148.262,122.827,99.506
213.693,150.369,117.010,91.525
214.417,153.468,110.386,95.268
217.181,158.748,107.736,91.288
216.633,160.898,107.839,85.596
221.440,160.362,104.772,90.905
223.949,161.806,104.254,92.322
225.944,165.698,104.984,113.044
222.817,169.220,114.289,93.569
220.730,171.477,119.085,95.682
221.744,174.033,121.756,98.046
226.750,177.919,119.196,100.790
221.562,177.804,123.860,106.291
218.741,174.465,123.303,105.623
215.923,166.236,128.024,109.963
219.343,161.575,129.265,112.869
222.234,157.238,131.714,112.102
223.044,151.165,135.454,113.771
224.388,143.906,136.992,116.853
223.391,137.404,139.241,115.147
215.909,128.273,143.806,113.878
211.486,119.644,145.993,116.282
207.449,114.330,152.500,129.782
204.276,110.782,151.241,128.710
201.038,103.829,156.878,126.677
200.760,101.429,160.256,132.324
199.519,99.637,165.655,125.699
199.651,97.430,166.258,133.296
196.317,93.416,168.454,126.117
196.990,90.742,170.029,127.668
197.592,82.855,169.710,126.618
189.949,80.974,179.418,123.332
189.020,79.433,181.573,122.241
187.082,74.364,183.958,121.645
184.672,70.762,186.083,120.160
186.619,67.316,183.386,122.856
184.810,67.712,177.384,124.770
180.778,71.660,186.939,127.608
178.100,78.579,185.493,133.555
181.972,87.368,176.803,140.560
178.833,93.569,177.715,134.470
171.388,91.132,182.696,177.432
156.336,86.793,195.489,135.976
152.488,85.528,192.731,138.505
153.976,84.441,194.989,141.007
157.800,86.519,198.635,145.489
156.768,89.188,195.258,148.995
150.528,86.809,205.002,161.269
134.671,85.503,208.312,156.962
119.669,95.169,216.584,147.046
107.949,73.683,306.816,165.731
92.148,90.669,254.491,139.429
79.457,79.288,279.497,135.411
63.717,77.238,316.432,125.871
54.459,71.426,322.158,121.908
54.081,72.478,337.987,120.993
61.599,71.865,330.237,119.387
76.785,69.517,326.908,114.935
89.232,70.309,315.990,114.517
104.468,71.986,301.507,116.491
125.031,69.452,297.149,114.807
141.628,68.815,296.487,118.299
155.930,74.688,250.250,114.432
168.616,78.733,247.567,120.228
167.612,86.650,255.798,145.183
167.461,90.202,257.257,140.778
180.208,90.452,255.779,151.714
196.934,93.777,260.564,167.534
209.281,91.393,261.381,174.811
204.227,82.451,227.382,175.996
201.715,77.085,205.559,135.036
213.070,70.529,193.527,140.140
225.769,67.414,179.338,146.701
228.753,62.845,169.149,153.241
231.177,59.248,153.993,160.758
240.729,55.480,146.233,180.270
254.016,60.097,129.415,194.122
241.654,62.328,144.307,213.131
233.037,60.731,148.196,232.478
229.824,67.323,148.674,243.454
222.587,70.500,157.051,251.205
223.561,72.418,156.296,254.130
219.873,69.343,160.877,261.077
232.218,70.667,149.315,258.839
241.521,71.741,143.306,257.872
258.933,71.805,125.794,262.745
259.190,84.454,130.377,252.378
273.170,79.535,128.203,257.496
274.719,63.174,130.198,273.852
274.769,80.971,135.392,253.009
270.182,77.364,132.705,255.032
275.416,60.184,139.174,271.352
278.061,71.706,144.002,266.209
261.818,83.230,182.763,266.301
235.260,80.331,216.443,273.867
206.079,127.612,247.033,220.721
174.308,120.571,285.785,221.706
147.940,104.982,317.867,233.237
125.843,40.570,347.339,293.357
111.061,37.765,366.682,291.940
115.634,36.399,368.668,287.469
208.061,45.858,273.767,275.070
101.066,43.328,383.394,275.736
134.612,2.870,356.652,307.190
199.018,0.000,282.815,312.112
223.845,0.000,259.926,302.971
236.958,0.000,242.128,296.987
237.249,1.419,240.472,296.833
237.162,0.000,239.576,293.688
237.416,0.000,238.007,289.755
238.123,0.818,230.810,285.489
252.831,0.000,215.264,281.764
249.483,0.000,216.535,278.498
247.108,0.000,220.302,276.446
251.490,0.000,216.975,274.141
241.334,0.000,236.310,268.408
256.117,0.000,229.435,266.822
244.546,0.685,245.643,270.900
217.653,0.000,278.779,275.009
188.542,0.000,323.144,276.074
190.502,0.000,329.387,279.117
193.179,0.000,331.315,282.764
196.443,0.000,333.367,285.392
208.182,0.000,317.297,288.381
205.214,0.000,315.968,287.042
198.031,0.000,323.704,292.413
178.220,0.000,343.621,291.537
152.913,0.000,370.149,292.814
133.092,0.000,392.004,293.326
113.902,0.000,411.377,290.577
104.426,0.000,419.950,291.960
101.343,0.000,426.117,290.355
82.834,0.000,446.946,288.060
53.444,0.000,479.864,286.265
34.463,0.000,497.053,281.121
31.536,0.000,502.159,279.758
45.497,0.000,488.494,283.951
42.281,0.000,492.691,285.087
300.000,3.000,226.000,272.000
15.505,0.000,514.113,279.935
1.463,0.000,528.528,281.212
0.971,0.000,522.567,284.177
3.069,0.000,516.828,285.566
0.000,0.000,518.290,285.796
0.296,0.000,516.158,286.190
99.882,0.000,407.004,290.817
0.000,0.000,506.593,291.444
144.884,0.000,369.065,288.734
0.793,0.000,506.328,291.366
0.994,0.000,509.770,295.615
2.614,0.000,498.762,296.970
0.849,0.000,494.587,298.710
98.113,0.000,393.155,301.693
85.130,0.000,401.888,310.775
123.383,0.000,363.580,313.127
139.715,0.000,349.150,315.943
136.779,0.406,356.350,317.790
123.585,35.316,372.632,283.011
136.398,35.809,361.303,285.923
118.906,34.667,377.630,287.565
131.546,35.266,371.484,290.325
141.782,37.788,358.902,305.001
154.988,41.264,348.386,296.724
165.006,38.328,339.294,314.829
167.800,40.013,333.707,317.349
184.848,40.415,321.104,313.939
183.267,49.239,321.088,305.193
176.452,57.668,327.197,297.110
180.850,65.753,318.399,287.808
178.301,70.322,330.163,288.968
141.813,72.595,364.184,281.331
124.610,76.125,378.084,280.039
120.860,76.109,377.769,278.116
87.846,76.319,413.950,276.399
46.238,75.664,455.172,278.386
22.362,80.934,476.566,274.970
9.292,77.169,485.323,280.328
6.814,72.612,483.632,286.487
13.251,69.861,484.167,289.011
6.708,58.600,485.271,299.550
11.931,59.516,483.984,295.429
18.534,59.639,479.861,297.453
20.206,52.552,477.275,305.577
33.350,48.642,467.037,308.046
49.686,46.992,449.553,306.030
55.463,47.079,446.165,305.857
64.128,50.655,440.664,306.099
77.087,50.748,427.984,302.971
87.796,52.295,411.611,302.761
94.269,51.702,407.854,301.826
100.134,51.610,401.043,299.904
89.573,47.417,404.804,291.626
92.501,52.222,409.267,303.339
82.707,52.240,411.221,301.186
80.534,53.511,416.272,298.645
74.091,56.016,411.512,296.458
62.349,55.983,424.505,296.524
43.026,58.622,441.841,296.218
27.804,58.237,453.451,297.713
22.889,56.343,456.663,296.353
19.265,66.819,464.648,289.393
12.348,61.073,463.804,295.748
10.718,70.311,467.805,285.428
17.166,70.408,463.686,287.427
10.747,62.102,469.216,292.346
38.512,71.863,446.305,283.204
37.430,67.534,452.740,286.878
40.178,70.308,451.572,283.495
38.163,65.202,454.171,288.692
36.916,68.200,457.388,284.871
38.067,61.829,455.810,291.834
28.036,58.124,461.275,298.515
27.640,61.778,465.780,292.691
30.742,55.917,463.271,298.503
27.900,60.016,461.511,296.260
11.372,58.591,473.837,296.148
4.581,59.690,480.670,295.451
0.000,60.312,483.299,296.470
2.918,66.066,478.222,287.994
0.595,57.032,481.381,300.120
33.565,64.807,448.158,292.939
2.317,56.049,477.289,298.849
41.409,70.171,443.700,284.966
46.855,91.639,436.368,261.963
44.390,106.204,439.268,250.430
13.760,70.108,475.304,286.775
18.667,117.443,466.227,233.483
36.513,120.608,449.025,231.776
35.633,125.414,454.014,226.684
46.820,128.277,439.348,222.243
58.890,127.467,432.716,228.239
63.799,133.345,427.305,220.889
66.572,138.043,421.758,215.797
64.309,142.087,420.246,211.934
61.197,145.319,421.096,209.652
61.781,147.840,420.522,204.016
56.872,149.006,426.235,205.789
58.362,149.939,425.035,204.515
54.241,150.666,429.145,202.471
46.272,75.403,435.048,277.439
62.145,71.576,424.857,284.397
58.165,70.430,429.338,286.689
36.844,64.876,443.886,287.964
76.243,63.539,401.596,292.786
25.153,62.369,443.378,294.441
49.364,61.300,399.296,291.515
63.962,60.247,368.734,273.819
91.795,55.894,327.704,277.435
101.678,53.925,304.920,268.692
113.232,49.084,268.064,262.909
127.730,51.441,238.007,253.945
144.346,67.658,204.774,284.518
143.319,77.509,182.182,275.448
125.371,107.539,175.900,249.491
108.099,82.627,194.094,275.421
91.314,93.549,228.127,263.757
76.180,94.265,247.588,263.308
63.468,95.548,274.033,260.229
57.702,95.714,301.074,262.036
58.110,93.472,301.383,262.585
67.418,95.210,288.964,261.926
78.061,96.741,271.532,260.517
87.680,97.658,240.052,260.810
100.045,94.363,213.820,260.891
114.772,91.497,200.440,267.569
135.230,90.799,198.014,266.182
149.647,97.924,201.821,262.046
154.830,99.163,213.087,258.189
160.380,95.792,214.199,261.642
165.626,93.019,213.655,265.766
165.075,78.913,209.508,280.139
162.590,101.069,210.110,255.723
164.586,98.017,194.977,258.577
165.384,85.642,185.736,271.634
164.709,108.578,188.885,245.999
166.333,90.839,184.343,266.369
163.104,102.443,190.357,252.034
160.887,97.283,190.404,253.580
157.152,94.356,192.158,241.406
151.895,96.906,200.084,235.875
146.301,99.643,202.578,225.618
146.103,95.122,207.256,226.097
144.459,92.501,204.478,222.673
141.604,86.782,202.926,222.578
139.619,84.405,208.599,218.816
138.701,84.747,210.863,215.568
139.161,79.451,200.129,218.477
130.361,77.732,209.773,215.635
124.562,73.587,213.282,217.114
125.247,72.312,212.343,218.803
119.173,76.807,218.880,212.836
110.185,80.789,225.185,209.193
106.708,83.227,226.922,216.055
111.137,89.313,222.054,256.182
114.673,97.492,225.493,208.772
124.510,99.837,211.464,210.595
127.523,102.416,210.510,210.088
132.951,129.957,217.345,192.072
140.959,138.014,214.832,217.288
143.225,141.508,215.493,204.242
143.818,144.879,220.190,209.265
149.492,146.380,220.014,212.279
154.349,147.369,215.493,210.733
158.405,147.764,212.503,210.370
161.816,145.030,216.684,211.183
166.102,146.566,213.251,208.540
170.130,146.972,216.172,211.105
169.149,147.307,221.556,209.580
169.967,146.018,208.708,211.296
179.774,139.470,201.281,218.929
187.128,141.781,200.020,215.568
191.525,143.559,198.293,214.921
192.741,140.694,202.884,216.107
196.508,141.849,214.635,216.731
197.623,140.127,197.726,216.721
194.468,137.761,199.474,219.380
191.203,140.680,198.887,216.473
189.751,139.717,206.358,217.984
189.725,142.106,208.109,214.480
193.478,143.120,207.797,213.722
194.901,137.384,215.916,219.711
199.475,141.239,214.183,216.800
204.800,134.504,211.296,222.938
210.463,140.337,210.403,216.924
211.730,136.310,212.574,221.128
212.502,133.978,202.345,223.188
215.761,134.887,203.065,222.222
216.943,132.466,214.732,224.938
218.657,129.157,199.860,227.594
220.327,128.888,189.683,228.987
219.211,125.728,185.241,234.054
215.988,121.910,184.185,237.107
213.984,123.783,182.757,234.197
213.409,120.762,173.967,235.684
213.274,127.578,173.022,230.965
209.739,127.003,169.285,231.716
211.868,127.818,166.613,232.182
164.468,129.737,203.935,230.263
156.705,109.983,216.858,248.520
163.358,106.906,219.818,249.097
154.677,103.021,217.962,254.523
162.707,101.027,217.470,256.153
161.767,94.846,229.750,261.423
151.502,94.529,249.789,263.040
160.914,89.009,245.850,267.407
159.117,97.991,251.496,259.195
160.630,103.353,244.380,254.094
161.624,148.106,245.883,208.976
220.590,151.867,186.028,205.992
220.654,156.422,170.605,201.197
222.440,152.346,162.208,204.523
225.502,154.685,176.142,203.493
228.255,159.738,160.397,198.695
234.057,158.220,145.218,199.227
228.311,157.336,145.807,201.336
178.702,156.768,190.460,202.814
218.421,153.058,155.510,205.116
213.195,154.751,153.802,202.446
208.865,156.378,156.104,199.898
207.340,156.591,160.569,200.181
204.295,155.393,160.194,200.063
159.931,150.690,206.599,203.371
207.032,147.773,160.390,208.794
161.993,140.851,202.865,217.147
168.878,137.228,199.600,220.610
174.131,129.034,201.281,228.594
182.382,122.151,177.472,233.765
172.046,118.761,186.728,171.236
164.404,113.043,200.939,177.657
161.250,108.837,167.538,183.422
159.683,106.784,176.290,190.337
158.724,109.915,152.174,190.675
161.459,111.772,166.491,192.079
167.696,120.774,276.156,190.551
156.525,129.715,285.182,189.662
148.684,119.756,290.152,180.704
144.377,125.794,297.849,169.545
143.993,90.490,299.517,187.086
139.787,86.443,303.665,185.705
135.266,81.396,309.855,186.293
130.422,71.558,315.213,186.721
118.504,77.970,326.419,171.467
110.694,66.588,333.511,185.231
102.242,70.106,345.935,181.678
91.067,71.132,356.243,183.139
81.558,74.766,362.991,176.894
76.892,75.965,368.773,169.930
75.314,77.723,375.938,176.440
69.874,77.233,359.999,172.779
66.649,78.750,356.963,180.728
66.225,81.694,355.778,168.740
64.011,78.221,348.429,179.122
60.136,75.736,347.674,179.089
56.062,73.327,347.326,177.411
52.883,70.631,342.756,176.346
49.022,66.262,342.111,178.193
44.125,64.417,332.134,175.458
40.091,65.645,348.900,176.383
32.235,64.919,355.175,173.862
32.305,66.323,356.527,172.048
28.629,67.079,350.494,171.529
23.772,65.000,356.772,175.687
25.718,66.628,343.858,167.919
23.919,64.445,341.200,169.878
19.466,66.439,342.873,166.855
20.471,67.523,342.777,164.208
20.480,64.649,342.286,162.360
25.100,64.691,345.311,168.881
25.238,62.631,340.685,170.584
27.104,61.513,336.471,171.373
27.561,64.512,340.845,167.298
29.643,65.904,334.767,176.949
35.262,70.572,328.889,167.125
35.944,73.426,322.833,160.947
40.874,75.429,315.254,168.804
40.127,74.872,313.053,114.971
45.158,78.442,306.410,110.490
48.512,76.250,303.752,98.305
46.687,82.477,305.671,94.505
43.384,78.024,307.514,102.391
40.508,79.140,299.060,107.974
36.095,71.262,221.922,117.256
34.272,74.306,293.754,119.570
14.566,65.056,303.527,134.317
17.987,66.734,301.535,134.599
16.748,64.683,238.695,135.073
18.840,62.082,230.914,141.354
16.389,58.614,233.284,159.501
22.194,67.305,226.695,154.863
21.484,66.698,226.613,158.329
27.860,71.542,222.963,155.468
34.244,76.602,219.140,167.336
38.819,80.566,221.485,165.156
47.249,91.104,223.401,153.277
57.382,88.415,221.299,152.722
67.149,97.031,223.856,140.646
71.103,93.477,226.603,142.071
78.447,87.648,225.924,143.672
77.795,94.922,227.589,141.026
82.551,88.678,225.251,140.961
86.746,86.039,223.994,139.461
94.408,83.266,212.560,125.202
101.382,82.168,206.778,138.505
109.267,88.089,199.138,111.084
116.267,97.198,188.709,105.368
124.698,102.963,189.087,102.881
131.313,104.438,181.162,101.886
133.177,105.308,183.420,107.766
139.268,106.524,183.630,115.473
140.382,110.597,182.862,111.409
142.978,102.032,185.668,131.681
143.430,110.252,188.207,127.455
150.070,116.911,182.061,122.821
152.704,126.782,180.090,115.066
153.136,128.127,180.666,113.241
154.323,123.119,179.725,119.817
153.449,119.893,185.585,121.276
154.844,118.597,191.815,121.463
154.470,117.281,196.840,118.899
153.085,116.725,202.367,116.950
151.961,115.726,201.225,120.488
149.104,115.197,198.525,118.741
148.071,114.575,199.667,125.215
144.674,114.168,208.995,131.730
145.868,112.603,212.586,142.167
146.316,112.311,218.305,158.419
142.324,111.501,228.150,174.555
143.684,112.843,234.224,179.865
142.780,110.254,239.733,184.220
141.902,107.704,242.329,188.478
136.891,105.708,242.514,189.050
137.251,103.772,238.794,187.348
137.161,102.111,236.008,189.823
139.068,97.450,234.313,186.857
138.148,94.575,239.083,182.557
139.755,87.575,238.797,184.430
144.016,81.041,239.520,181.951
145.841,77.919,241.725,187.358
149.921,75.700,225.040,113.373
156.314,77.405,212.893,97.816
159.536,80.917,201.245,106.694
164.430,85.519,190.283,123.332
159.603,94.441,193.805,101.809
169.070,98.676,179.368,102.335
173.346,99.141,172.984,104.387
178.022,103.160,171.708,102.809
181.108,104.797,166.865,99.268
186.222,106.255,161.276,103.309
191.857,109.287,156.729,106.814
197.147,114.237,154.959,107.798
203.763,114.858,152.591,113.280
212.960,117.293,147.617,117.094
219.670,116.635,144.985,120.251
224.681,115.895,143.960,122.260
228.925,114.070,141.848,123.785
232.112,113.539,139.192,119.269
230.981,111.997,141.197,116.416
229.210,111.180,143.969,113.943
228.825,111.181,143.969,114.200
228.440,111.309,146.535,111.377
226.150,110.137,147.018,107.574
225.281,109.717,149.006,108.162
222.530,109.160,150.697,108.512
220.016,106.556,151.884,107.574
220.400,106.044,151.372,105.013
221.561,106.509,149.302,105.598
225.254,105.963,147.956,106.689
225.002,107.473,150.976,105.180
227.228,106.506,150.565,107.619
230.565,112.607,150.015,106.133
234.332,116.158,151.070,108.882
234.014,118.660,154.534,115.451
232.329,126.337,156.298,107.321
229.733,133.524,157.595,118.910
225.193,141.442,158.177,110.203
223.834,149.174,156.927,107.970
228.799,158.331,155.857,104.513
223.393,164.830,159.000,110.687
224.532,170.500,159.380,110.503
225.860,173.953,156.989,112.628
223.450,178.371,159.680,111.244
222.081,183.772,160.280,107.388
219.492,186.253,160.468,111.356
215.422,191.615,165.933,113.209
211.877,196.863,167.803,121.115
211.514,199.435,171.100,122.255
213.068,200.896,169.732,124.258
215.971,201.408,167.993,123.815
216.261,201.257,169.146,123.251
220.163,198.692,170.017,125.489
224.986,198.518,169.442,126.131
229.522,199.542,166.808,127.594
230.541,199.359,168.860,125.915
232.586,197.460,166.815,125.039
234.455,194.922,167.126,127.513
235.633,195.867,163.894,128.252
234.308,194.710,167.124,129.115
234.920,193.967,165.017,131.190
236.695,194.150,170.601,130.234
237.777,192.967,167.542,127.822
241.226,192.679,167.094,127.519
244.724,193.627,166.523,127.084
243.554,191.661,165.662,127.231
244.423,189.881,167.993,127.012
245.893,190.468,164.175,124.960
245.714,190.173,167.113,126.983
244.693,190.961,165.947,124.533
244.104,191.276,166.835,123.614
242.667,191.240,165.108,126.563
241.224,192.248,167.994,127.154
240.354,192.906,166.516,128.764
240.944,191.330,164.455,131.330
242.576,191.694,165.899,131.484
239.787,193.872,161.128,131.268
238.248,193.998,163.333,131.016
237.247,194.427,162.696,131.037
238.410,197.026,164.760,128.764
238.546,195.788,163.613,127.449
241.127,194.455,164.812,126.356
244.308,195.467,164.812,124.621
245.740,193.171,168.553,125.482
247.913,193.315,168.282,124.319
250.374,193.201,167.415,125.995
252.120,194.582,163.052,124.396
253.236,195.475,164.812,124.037
252.660,195.973,167.680,123.328
252.939,195.686,168.852,123.038
255.967,196.012,166.836,125.560
257.705,196.518,167.415,123.678
256.410,196.406,168.276,123.038
255.546,193.957,168.276,125.055
255.397,194.868,168.284,123.234
254.389,195.292,168.568,123.540
253.375,194.896,168.860,123.465
252.508,194.462,168.860,123.465
251.640,196.631,169.150,122.019
251.360,195.797,169.997,122.824
248.459,197.645,168.571,120.862
248.480,196.663,168.815,123.112
247.737,196.161,170.589,123.251
247.291,197.913,174.387,124.687
248.892,196.800,175.613,126.028
250.235,195.712,174.715,125.521
253.938,197.363,169.386,124.592
254.199,194.151,165.662,127.231
255.068,195.278,163.052,124.106
252.477,196.025,171.086,125.463
251.394,193.567,171.490,127.443
253.625,193.616,169.397,127.047
255.515,194.006,164.736,126.562
256.344,192.519,167.126,128.380
257.240,190.751,164.455,130.450
259.145,190.018,167.094,131.330
259.037,191.903,171.463,129.932
260.409,186.569,167.823,136.113
258.972,183.503,166.761,139.220
260.877,182.928,183.397,142.201
261.444,184.872,181.294,141.222
259.099,186.861,202.978,140.770
260.681,146.840,203.540,180.172
262.691,177.837,205.275,146.954
262.765,201.945,204.780,127.596
263.201,205.218,190.313,122.668
265.287,204.403,175.426,122.767
267.698,205.192,160.310,122.954
268.571,206.224,160.531,120.609
270.261,209.129,159.103,120.094
271.800,209.698,162.387,121.721
273.571,210.006,160.817,123.922
276.536,211.199,161.106,126.341
276.537,210.100,160.246,127.968
278.120,209.589,161.380,127.556
280.132,208.760,161.662,127.779
279.848,210.806,161.081,125.988
279.978,209.643,162.816,127.744
279.988,208.570,161.641,129.890
281.309,209.103,160.450,129.695
284.333,206.580,157.873,129.537
286.735,206.853,159.374,130.996
292.690,207.294,157.295,130.115
292.797,200.404,158.227,135.869
297.031,197.863,156.807,136.546
300.682,194.022,156.540,134.847
299.179,191.571,158.092,131.598
301.157,188.095,157.600,120.942
301.945,187.152,157.961,112.868
299.564,187.919,160.580,112.941
300.312,183.722,159.354,114.056
297.868,180.779,160.190,111.836
296.450,179.049,160.880,109.131
296.138,178.894,159.380,107.316
294.305,176.193,157.279,105.115
292.822,175.679,158.442,104.082
288.219,173.209,158.134,102.337
284.278,174.470,156.596,97.268
280.531,172.197,155.194,96.872
275.107,172.737,154.006,93.582
265.246,176.457,156.403,90.714
259.215,182.203,153.194,94.255
248.948,187.944,153.035,96.489
237.517,194.285,153.482,96.231
229.722,200.497,152.507,99.154
222.786,204.788,150.381,97.957
211.425,208.302,151.951,97.492
201.646,209.542,151.289,99.154
197.380,213.281,148.299,97.804
187.379,215.165,149.013,94.760
182.829,216.112,147.872,93.581
178.540,216.957,147.968,92.598
178.151,213.517,146.870,93.378
180.262,209.763,148.513,90.797
182.175,205.149,148.874,90.022
188.138,198.630,146.001,91.454
192.812,194.791,146.844,89.404
198.498,190.126,147.642,88.861
200.909,186.797,149.250,90.468
204.818,183.647,151.666,91.651
207.218,183.193,152.296,90.197
210.870,179.960,154.144,91.970
215.401,179.176,154.387,94.016
216.159,176.513,155.764,97.413
221.287,174.415,155.126,105.801
224.428,174.450,157.313,107.271
226.346,175.539,156.338,107.694
227.777,178.401,158.939,102.491
229.536,176.987,158.489,107.364
231.747,176.876,159.551,98.707
229.656,177.009,161.223,95.930
236.775,173.655,158.941,97.657
239.112,171.060,160.509,100.848
240.177,166.740,159.651,105.161
241.075,163.500,159.153,107.227
241.116,161.648,164.043,111.455
240.864,161.624,163.464,113.667
237.651,164.103,165.794,112.259
231.778,161.509,169.618,112.805
232.337,158.327,167.392,114.458
231.783,158.465,167.392,115.844
230.620,158.884,165.530,119.751
227.614,161.485,162.795,120.756
220.610,169.384,159.965,118.430
214.869,177.055,164.005,121.556
204.731,177.913,168.172,127.189
195.889,166.755,167.387,140.124
189.120,144.821,162.526,157.620
184.766,114.927,162.895,206.505
189.840,106.556,139.163,249.685
195.233,140.714,117.927,217.195
208.984,225.262,104.856,132.753
236.147,258.346,60.446,99.642
198.694,334.770,70.010,23.803
177.336,331.577,53.901,26.909
170.304,325.820,57.327,32.529
165.129,327.718,59.455,30.983
158.977,338.563,52.142,20.650
159.229,345.653,40.016,13.471
156.720,350.000,30.380,10.000
150.129,350.000,19.295,10.000
145.713,350.000,26.529,10.000
140.587,349.156,38.563,10.000
139.437,350.000,99.432,10.000
142.902,348.456,74.523,10.000
148.743,347.568,79.185,12.106
149.876,344.875,162.459,14.205
152.708,340.488,137.388,18.923
160.172,339.439,129.605,19.900
167.417,336.734,120.624,22.859
173.159,332.753,117.375,25.966
178.337,328.379,113.982,31.066
182.842,323.348,112.147,36.227
184.318,320.286,113.277,38.652
187.002,319.462,112.946,39.240
190.983,316.909,111.929,41.406
191.365,316.171,113.625,43.292
192.933,315.045,112.597,44.280
195.151,314.958,111.841,43.887
195.828,314.832,112.597,44.983
196.095,312.801,114.200,46.336
198.314,315.297,113.692,44.400
202.837,311.977,112.916,47.334
203.304,312.632,112.715,46.903
205.654,310.026,113.401,48.330
211.394,307.596,113.065,50.812
216.524,304.412,113.449,54.595
216.363,297.988,115.663,61.141
228.002,289.784,114.300,68.951
236.356,284.724,111.840,68.564
237.668,274.933,114.132,74.274
249.878,267.214,112.232,67.930
254.343,261.784,113.632,67.409
259.361,255.982,113.956,65.670
265.131,251.495,113.699,63.186
271.806,245.329,114.807,65.483
276.439,240.749,117.518,63.186
286.529,235.754,113.044,64.202
289.316,226.915,114.122,62.264
296.497,220.002,115.316,62.392
301.259,212.929,117.359,62.761
299.192,207.312,119.084,62.639
307.673,199.687,120.122,63.869
313.126,195.450,121.331,64.792
314.832,191.263,122.891,65.530
319.348,187.571,122.839,65.730
320.978,185.319,124.622,65.913
324.090,182.683,124.571,65.191
322.628,181.508,124.968,65.193
319.738,180.241,125.858,67.547
321.383,176.542,127.738,67.561
319.002,177.012,125.985,67.924
316.481,176.825,127.688,68.669
316.918,174.579,127.751,68.659
318.512,176.642,126.626,67.159
317.403,175.703,129.768,68.853
320.479,172.969,128.924,68.065
332.040,170.420,131.316,69.222
338.267,169.870,132.047,70.705
351.245,167.471,132.033,73.760
366.874,163.646,135.948,72.914
375.966,164.375,139.520,72.854
382.872,161.392,141.067,73.969
389.774,158.888,142.812,74.475
393.828,157.491,143.176,73.964
396.990,159.023,142.623,73.785
395.724,155.823,143.100,73.606
394.696,152.534,145.304,75.867
394.021,154.329,145.393,75.218
392.727,152.742,145.885,78.183
390.090,150.082,148.162,78.363
388.749,150.581,148.682,78.879
383.411,152.678,148.285,79.028
378.744,152.243,145.897,80.330
369.842,151.809,145.897,78.376
362.072,151.602,148.376,79.220
355.713,151.264,146.982,77.725
350.627,150.730,146.235,79.220
344.617,150.668,148.338,79.775
342.666,150.424,146.133,79.174
344.150,151.417,143.810,73.738
343.301,138.203,142.623,83.678
345.314,140.910,144.282,82.416
344.877,141.894,160.896,86.569
346.767,140.931,175.098,82.816
351.612,124.471,187.110,97.172
350.890,127.133,185.853,92.926
350.931,122.286,187.613,100.253
352.459,130.668,185.655,102.165
355.428,134.065,183.299,109.153
363.551,136.543,176.449,110.425
375.154,134.150,164.846,120.245
386.760,170.291,152.356,97.057
403.738,171.313,136.185,109.630
416.790,160.813,121.577,132.096
423.303,152.802,108.552,158.770
440.477,139.565,98.148,164.194
419.920,137.292,118.423,170.519
403.133,134.313,136.344,178.186
391.705,131.320,146.713,185.733
370.160,125.317,169.301,180.543
358.863,119.641,181.137,182.791
356.565,118.170,183.435,185.369
354.140,114.867,185.860,187.177
344.680,114.660,193.943,186.096
334.438,112.280,203.782,170.705
320.112,109.069,217.859,183.480
302.179,105.961,235.718,184.092
284.028,99.963,255.972,193.585
255.119,100.925,283.480,197.901
236.567,102.657,302.563,188.272
215.385,98.857,323.429,184.407
187.467,95.756,325.993,178.880
171.181,96.279,326.671,174.450
157.275,95.601,332.029,169.597
136.521,98.658,345.498,159.205
118.088,100.285,354.650,155.952
110.414,104.826,360.583,150.165
101.152,109.583,369.792,144.843
97.513,116.225,379.850,136.190
96.698,127.872,393.317,122.001
91.984,134.471,404.499,110.557
94.477,64.903,415.171,177.326
91.273,60.123,427.555,178.193
99.971,58.011,422.321,179.652
94.480,53.018,431.098,180.818
104.957,51.229,421.320,177.692
114.584,50.240,414.117,175.288
112.406,45.129,410.384,179.038
112.973,41.291,415.763,181.828
104.596,37.558,414.357,179.390
97.286,29.560,415.879,185.017
89.223,30.448,415.903,182.131
80.719,41.651,411.429,169.639
56.422,72.008,424.069,146.468
69.455,74.419,400.496,147.131
78.806,67.837,379.851,154.466
83.560,61.695,363.072,153.179
89.897,57.059,337.177,151.588
87.807,35.970,321.889,170.678
83.581,34.970,308.756,153.909
80.484,26.425,288.340,144.824
74.476,0.000,274.986,153.262
63.524,22.352,263.172,115.549
52.995,22.512,254.897,113.482
41.791,8.394,250.733,116.169
34.590,0.000,248.395,115.679
34.128,18.438,242.864,94.768
36.225,35.760,240.492,78.646
40.979,33.186,235.119,78.281
50.156,34.026,229.261,77.416
53.067,35.139,227.438,81.057
56.027,19.607,223.152,99.602
62.478,27.299,221.299,97.658
69.117,51.967,224.227,80.733
75.264,60.247,217.326,78.194
88.092,54.429,212.038,86.695
94.420,64.094,209.431,80.133
97.102,67.553,207.963,75.293
96.572,68.608,209.272,75.188
109.045,68.282,208.434,74.082
111.869,71.940,207.272,73.990
116.503,72.213,209.417,76.422
128.131,72.887,200.872,75.327
135.590,74.544,196.066,76.207
141.400,75.709,198.389,76.811
147.429,74.081,193.992,79.574
150.693,75.580,194.176,78.814
150.465,74.871,193.147,79.735
155.793,75.705,190.446,78.814
160.873,75.321,188.147,81.792
166.685,74.946,184.479,83.786
177.710,75.484,174.138,83.955
175.920,75.817,176.022,86.679
175.530,73.594,174.575,87.906
181.929,73.133,170.213,87.588
187.288,76.319,163.652,89.043
184.789,73.725,160.678,90.366
186.523,71.889,162.515,91.867
182.896,74.035,155.824,92.223
177.487,70.682,156.798,94.127
176.628,70.337,159.245,94.088
174.870,75.220,158.839,90.695
175.847,76.293,156.163,90.473
178.445,77.716,155.254,88.104
179.750,83.841,150.303,84.282
181.351,88.530,144.843,79.416
183.648,91.240,138.099,77.009
185.345,94.208,137.391,73.964
181.082,93.397,141.471,73.969
179.416,95.104,148.904,73.427
182.184,94.298,149.867,73.362
181.269,93.370,148.964,73.537
181.761,92.619,152.173,76.506
186.100,91.108,149.547,78.447
183.366,91.470,155.667,79.245
183.953,90.132,163.397,80.808
182.580,94.407,170.285,78.929
182.536,95.341,177.801,76.366
179.625,98.248,182.221,78.729
180.210,97.752,183.452,78.279
176.128,97.992,188.734,79.960
167.370,100.808,194.929,81.221
162.219,101.834,198.171,82.697
153.777,102.892,209.922,82.121
148.486,104.220,217.610,85.518
140.389,105.462,228.342,88.223
135.504,104.964,237.543,90.073
131.447,105.442,247.416,92.341
125.620,108.939,253.016,92.006
121.309,104.203,258.582,99.643
124.188,100.951,259.259,105.505
128.967,107.009,258.640,104.317
149.005,112.755,242.265,102.699
156.185,124.963,236.743,94.066
161.966,110.474,234.440,113.487
179.880,111.032,219.191,114.659
184.013,113.724,216.008,117.534
186.056,113.765,218.944,121.919
186.910,118.453,217.891,119.088
188.732,118.627,219.410,119.385
192.760,122.563,218.485,117.995
197.141,121.410,213.904,119.979
199.558,118.230,211.636,124.737
204.250,119.793,205.503,125.188
207.121,122.009,203.616,123.968
209.981,112.407,199.486,130.763
211.331,111.438,197.434,134.967
220.542,111.629,189.465,136.545
227.002,111.603,183.310,136.596
225.243,114.987,184.929,135.530
225.731,115.514,185.538,134.475
225.233,119.836,186.533,129.941
226.561,126.527,183.877,124.351
226.494,129.383,184.617,127.416
225.428,130.124,187.057,128.083
229.011,130.584,184.852,129.335
230.089,131.463,182.696,129.436
230.532,135.166,181.811,126.343
231.860,136.089,182.495,126.623
230.493,142.430,182.791,121.556
231.099,141.687,181.579,124.835
232.902,141.965,180.689,126.090
231.392,146.090,179.176,122.976
230.647,149.634,180.666,120.939
228.878,149.097,183.612,119.644
226.647,151.073,181.845,120.736
227.388,150.628,180.362,123.702
224.534,150.854,181.584,125.045
223.624,148.522,178.879,128.805
223.339,147.531,177.625,133.219
225.252,147.888,172.874,132.198
222.407,146.798,173.419,138.312
221.653,146.169,170.895,135.538
221.188,148.438,163.598,130.087
222.940,144.242,158.635,134.387
222.072,143.249,154.810,137.251
222.058,144.681,157.175,134.972
222.776,146.547,156.322,135.907
220.889,145.846,153.085,137.601
223.317,145.764,148.229,138.928
224.083,143.892,146.698,139.220
224.465,138.246,151.084,146.791
226.662,139.192,145.199,146.988
221.710,139.817,146.323,147.494
222.512,138.556,143.250,148.544
223.145,132.780,144.028,156.882
222.883,134.428,149.070,158.706
222.536,133.661,160.548,163.014
224.039,129.913,167.268,166.295
225.468,129.185,164.744,174.769
226.319,123.500,159.305,181.044
223.311,119.115,155.458,189.815
221.880,117.998,152.124,195.490
218.552,113.917,147.734,205.378
216.060,113.747,150.279,213.040
214.190,111.381,147.928,219.922
210.862,111.543,148.806,225.738
209.992,112.788,143.569,232.060
210.469,115.091,143.713,235.865
210.432,118.363,144.893,237.801
210.400,121.669,146.073,236.021
206.869,122.598,152.391,235.277
204.951,124.963,156.226,232.822
204.818,126.867,156.875,230.541
209.021,129.834,154.941,228.034
205.987,130.994,160.256,227.218
206.619,133.004,160.520,224.728
205.138,138.154,162.341,219.750
202.351,136.463,164.890,223.510
202.579,131.424,163.666,227.826
203.980,119.661,162.411,240.137
212.469,109.710,156.498,248.579
213.752,102.960,150.380,255.764
212.366,98.896,154.330,259.180
215.895,94.018,148.074,260.930
217.491,84.327,145.668,260.627
218.529,77.292,146.713,263.382
219.446,76.701,145.668,259.446
220.668,69.428,148.672,261.928
217.941,69.186,155.313,256.088
217.753,67.490,156.885,255.887
217.962,64.642,160.881,254.762
223.845,64.385,158.029,252.846
229.223,69.147,152.876,245.323
234.326,63.094,151.201,248.512
238.498,58.470,148.290,251.550
237.238,55.862,149.650,252.511
239.284,54.073,149.840,251.030
238.506,51.872,150.231,252.326
237.631,51.384,153.150,251.743
237.533,49.467,154.526,252.039
229.829,47.838,163.217,254.507
223.673,46.507,174.303,252.678
216.277,45.102,181.111,253.807
210.259,47.534,187.567,251.520
206.232,46.356,195.623,253.440
203.755,50.948,202.358,248.713
201.613,55.362,209.339,245.277
194.665,60.031,218.696,241.383
186.655,68.887,232.416,232.876
175.252,75.878,244.044,225.880
168.430,83.015,256.748,221.010
166.178,77.673,261.729,228.358
162.989,72.965,270.552,232.391
160.786,67.235,277.468,238.332
162.080,70.581,278.999,235.244
164.673,68.731,279.965,233.817
174.030,70.382,269.959,236.150
177.644,74.775,268.794,227.364
176.481,77.139,271.616,227.584
179.390,78.937,268.287,227.471
181.436,81.355,268.153,225.110
180.774,92.610,268.493,215.385
187.492,96.836,261.795,211.265
189.408,94.199,259.846,214.185
196.549,95.038,254.535,220.062
200.646,96.110,250.607,220.288
206.039,98.099,246.403,219.130
216.189,94.613,239.595,225.173
222.935,100.195,231.686,219.125
223.715,100.110,233.735,222.454
229.598,98.982,225.167,226.537
232.291,102.360,225.209,224.756
230.087,103.982,227.364,225.112
226.061,107.884,230.891,223.647
229.643,110.573,225.545,222.816
225.747,115.634,227.503,220.324
225.201,116.877,226.353,220.975
224.208,126.627,226.101,212.669
219.987,131.940,227.077,209.947
219.849,138.540,222.982,206.367
221.762,137.303,219.155,211.849
221.379,142.754,219.920,203.103
215.379,145.697,221.763,203.142
215.836,147.461,216.603,198.341
214.107,149.057,215.908,195.148
217.204,150.820,209.715,187.510
213.229,151.233,210.118,191.847
215.727,153.444,210.753,178.980
217.322,155.478,209.895,186.185
216.618,154.790,204.576,178.460
216.728,154.087,206.653,184.457
213.004,154.502,206.678,183.627
209.429,152.669,206.413,180.660
210.162,152.126,209.975,186.386
206.591,152.213,214.343,182.251
205.341,150.349,209.324,181.230
203.090,150.049,207.584,181.441
197.270,148.260,214.171,182.686
195.797,147.289,216.720,187.798
196.369,147.125,215.577,191.355
192.721,148.041,214.739,192.777
192.182,148.737,219.076,193.829
188.638,148.665,218.322,189.845
186.088,147.777,221.383,192.029
183.698,146.805,224.100,189.845
182.529,145.451,226.024,192.141
181.226,147.649,226.544,190.664
180.457,146.005,227.666,190.623
177.889,147.862,230.299,190.247
176.079,148.663,231.404,188.644
177.192,148.889,229.597,191.122
177.127,153.481,230.146,188.225
178.022,153.834,230.440,187.519
177.119,153.947,232.244,187.294
173.359,153.609,236.005,187.969
175.813,153.974,233.206,188.505
177.416,153.792,232.100,191.807
177.780,154.698,233.483,192.950
178.013,158.902,234.717,187.094
174.915,158.014,235.037,185.092
174.640,156.576,234.335,187.969
174.568,159.375,234.477,185.733
175.266,158.257,235.170,187.134
170.990,158.537,236.578,186.993
171.762,160.631,235.036,185.333
167.309,159.313,236.841,185.880
168.490,157.706,234.477,188.254
170.455,160.539,232.653,185.113
164.147,159.561,238.201,187.069
167.425,161.367,235.873,184.725
165.479,163.086,236.423,184.627
165.755,161.303,234.615,187.358
165.964,163.905,236.297,185.512
161.703,162.338,238.949,187.806
161.550,160.794,237.559,188.774
160.702,159.733,237.559,190.047
162.973,162.486,235.143,187.094
163.445,162.017,234.198,188.450
165.270,164.948,236.860,185.954
168.562,166.740,236.578,185.733
171.851,168.529,236.297,185.512
173.040,166.963,231.404,188.225
177.213,167.091,228.069,182.539
177.219,166.402,228.057,178.604
180.496,161.525,227.566,174.211
181.846,159.322,230.448,170.245
176.474,155.584,230.878,165.027
178.612,153.316,228.557,162.139
179.111,150.690,227.559,157.748
177.616,148.038,224.859,156.605
175.837,145.568,222.783,158.165
176.401,147.634,222.031,156.662
175.310,135.159,222.717,170.028
171.709,148.469,221.347,154.319
169.846,160.106,215.818,144.002
167.917,142.754,217.557,168.818
166.576,148.122,221.007,164.604
164.481,151.796,225.579,162.600
164.081,150.602,220.239,164.604
163.655,140.275,216.516,182.209
165.728,137.125,214.757,186.521
163.315,138.224,217.580,185.124
164.851,137.190,216.918,180.364
167.525,135.058,214.739,176.308
168.119,131.244,209.266,172.245
166.679,126.121,206.063,171.846
166.497,117.495,199.268,181.940
168.928,126.509,192.501,171.917
165.393,119.601,184.276,174.807
159.116,115.414,187.133,178.153
163.821,109.413,175.162,185.401
163.757,105.812,170.241,187.914
160.765,101.628,164.046,192.342
156.359,97.498,176.772,197.046
153.939,93.631,176.380,197.307
153.565,92.510,158.070,198.054
152.910,88.117,145.567,200.818
154.522,82.453,166.637,204.961
158.251,101.642,162.881,183.982
161.690,103.498,159.816,181.310
164.947,103.194,160.796,177.489
167.567,101.648,157.249,179.230
168.872,101.506,158.335,180.186
170.261,98.940,162.321,180.244
167.124,97.569,163.797,183.672
166.743,105.042,170.462,179.836
166.760,103.784,172.883,185.507
164.966,105.075,172.525,189.024
162.255,107.358,173.968,185.904
161.716,111.706,179.009,185.493
158.226,114.740,174.318,185.623
160.023,117.147,111.296,187.294
159.287,120.870,181.583,187.944
160.245,125.008,182.255,189.279
161.053,129.328,127.860,188.073
155.086,131.721,187.636,186.083
156.854,133.087,138.449,185.223
153.930,132.065,182.135,186.304
154.301,130.834,184.342,184.342
147.900,124.433,189.761,190.868
145.577,122.663,192.501,187.927
142.848,112.318,137.429,189.965
138.738,104.699,133.025,193.550
136.523,94.849,136.814,194.945
131.318,80.104,132.174,203.169
117.661,67.159,136.188,206.087
110.230,57.754,141.987,206.771
107.785,47.207,137.269,213.453
103.088,38.795,137.069,223.422
99.836,34.248,133.767,231.466
98.045,35.172,138.405,234.197
100.883,40.099,133.452,234.442
95.002,41.858,142.733,246.153
97.335,46.000,143.322,249.500
103.861,50.705,151.854,251.828
114.767,59.111,155.895,253.819
124.224,68.552,156.094,252.458
133.867,73.880,164.250,251.346
150.106,79.576,167.562,248.496
163.589,81.212,162.256,245.223
171.264,79.672,166.067,245.508
181.946,79.549,167.744,245.755
190.984,75.942,166.342,248.496
187.014,73.549,171.026,255.317
174.666,94.564,182.757,238.797
171.947,90.173,184.012,247.580
158.859,86.653,191.819,257.183
146.701,82.718,199.680,267.723
142.426,44.906,212.856,305.403
161.091,48.613,202.571,293.907
162.184,51.386,215.536,285.915
158.184,58.235,231.485,271.225
161.032,78.445,238.332,242.847
171.806,71.244,231.236,242.316
264.211,62.598,144.016,237.816
268.013,56.214,143.455,232.790
272.455,61.442,141.519,219.410
257.514,50.179,151.298,217.954
251.335,44.596,153.837,214.572
228.605,44.596,171.658,207.299
229.454,42.870,165.050,203.197
227.642,42.164,169.408,198.742
218.714,39.091,185.428,202.318
219.544,36.735,174.075,213.619
226.253,35.797,156.794,211.634
228.797,32.210,150.978,217.351
241.905,30.630,137.094,222.324
231.775,25.700,152.808,232.883
227.353,19.015,160.896,242.476
223.122,17.587,166.193,249.685
194.507,14.002,198.959,259.300
183.488,9.508,226.454,268.744
185.622,8.593,234.530,273.042
194.442,15.892,244.762,270.606
200.890,10.015,244.747,279.785
211.179,10.063,243.026,273.404
222.212,5.310,234.897,275.166
225.191,0.950,228.939,275.236
236.597,0.814,216.183,269.977
235.847,0.839,212.363,265.091
232.723,0.793,220.986,260.430
226.518,0.000,230.035,255.390
232.356,0.000,223.212,255.314
234.082,0.101,222.149,252.724
219.483,0.000,237.593,255.455
218.421,0.000,245.637,261.891
224.456,0.000,246.261,270.578
225.114,0.000,251.661,275.847
222.820,0.000,259.941,279.758
220.007,0.000,267.726,285.077
219.424,0.000,265.020,283.071
218.703,0.000,273.041,290.666
216.533,0.000,279.636,298.682
215.705,0.000,280.134,301.562
207.415,0.000,293.804,303.792
190.384,0.000,313.509,303.864
177.858,1.805,323.732,308.287
204.409,0.000,301.615,314.027
203.604,0.000,305.689,314.172
203.853,0.148,307.674,314.497
198.873,0.448,314.520,312.651
184.112,0.000,328.975,313.727
184.552,0.000,324.878,308.044
173.462,0.126,331.858,296.392
179.298,0.000,325.208,289.581
163.753,0.000,334.797,281.781
157.776,0.000,335.070,272.459
141.451,0.000,348.366,260.819
132.231,0.000,361.378,254.690
136.802,0.000,355.273,243.947
135.292,0.579,352.988,234.539
144.808,0.000,342.594,234.734
151.447,0.403,328.747,232.224
157.584,0.000,312.048,233.810
158.947,0.000,300.128,233.171
147.963,0.000,305.145,239.491
152.227,0.000,297.158,246.944
152.223,0.000,286.861,255.786
142.734,0.459,288.488,263.002
139.787,0.000,285.010,276.946
138.910,1.838,286.763,289.575
117.330,0.000,312.043,305.243
104.072,0.000,323.732,320.665
109.246,0.000,321.122,329.921
111.535,0.000,321.104,344.075
119.060,0.000,313.372,351.012
123.065,0.000,312.665,354.077
144.899,0.000,294.964,356.148
176.242,0.296,272.506,356.205
178.999,0.000,268.239,355.561
184.510,0.000,272.056,356.472
187.150,0.000,280.490,355.257
197.241,0.000,288.108,357.064
203.945,0.000,292.029,347.331
210.387,0.000,307.188,332.995
219.908,0.000,307.354,320.815
228.958,0.000,310.006,305.035
242.325,0.000,295.588,289.843
255.386,0.000,284.110,280.825
223.000,121.000,26.000,38.000
233.668,95.059,19.918,32.650
228.890,69.648,18.446,33.183
218.749,52.216,20.999,32.538
215.854,32.399,19.960,33.249
215.689,13.282,19.094,34.493
210.603,0.643,19.374,29.885
199.182,0.495,19.652,17.614
185.671,0.110,17.334,10.000
141.338,0.000,106.000,10.000
196.697,0.000,128.641,10.000
242.576,0.750,162.441,10.000
291.624,0.320,102.111,25.528
274.996,0.368,108.192,45.430
205.249,0.310,160.531,43.577
207.253,0.313,128.537,44.410
204.222,0.539,120.048,55.780
222.241,1.192,106.817,75.314
243.862,0.775,85.664,91.950
241.103,0.000,99.018,100.177
194.006,0.000,148.702,109.969
202.788,0.685,142.407,241.273
208.292,0.000,330.355,357.024
185.137,1.178,353.982,355.357
189.634,0.000,349.959,359.159
192.118,0.000,347.882,354.914
236.643,0.000,303.357,356.108
237.021,0.000,299.312,355.010
245.122,0.000,294.878,355.590
253.820,0.154,284.614,355.930
259.741,0.000,279.783,353.382
268.735,0.000,266.200,355.416
291.605,0.000,248.395,359.987
299.037,0.953,238.921,356.286
303.976,0.000,234.885,356.720
300.927,1.677,238.667,355.105
306.033,0.000,233.117,356.398
299.159,0.000,237.637,355.273
296.965,0.190,240.861,356.056
295.446,0.000,244.554,356.452
294.838,0.000,244.589,355.464
290.219,0.000,248.514,354.821
287.297,0.000,252.703,355.700
284.584,0.000,255.416,357.940
276.099,0.000,263.901,358.140
271.451,0.000,267.044,356.894
272.762,0.000,265.040,353.905
269.128,0.000,268.015,358.491
263.566,0.000,272.936,355.414
248.569,0.000,291.431,354.728
235.904,0.957,304.096,353.458
212.713,0.000,325.539,354.238
210.281,0.000,329.042,355.237
203.032,0.000,336.696,354.179
207.532,0.000,330.463,352.691
206.711,0.000,330.737,349.914
209.000,126.000,89.000,122.000
208.859,139.021,81.981,123.077
210.434,143.849,75.413,126.693
212.150,152.037,71.002,128.117
214.783,153.798,70.705,128.798
209.241,154.754,78.731,129.945
213.759,155.501,71.113,126.221
220.497,153.770,66.358,126.081
214.495,154.926,71.955,125.601
209.685,155.592,73.570,126.746
213.171,157.982,69.308,124.676
205.024,157.421,74.809,123.007
201.320,160.527,71.844,115.258
205.922,161.526,58.269,106.705
204.073,153.702,55.011,107.968
196.799,154.820,58.276,102.948
195.542,155.739,59.705,104.522
189.036,140.975,57.541,112.236
178.664,125.573,50.740,99.870
171.955,119.763,53.322,105.360
164.849,118.866,50.425,101.901
159.338,113.393,57.859,102.654
153.487,106.444,55.493,112.069
142.821,140.189,56.434,73.191
136.578,107.606,58.466,101.961
128.249,149.467,65.232,74.815
115.201,144.993,69.335,94.967
106.460,148.418,70.885,103.402
98.148,114.326,74.468,145.505
84.691,113.441,84.068,149.778
75.064,113.758,87.599,154.084
69.084,112.176,91.418,156.551
64.952,109.939,91.056,153.836
61.870,108.134,95.559,155.313
61.802,111.577,96.184,153.065
64.187,119.063,93.845,150.249
60.259,116.724,95.048,152.551
63.417,118.011,92.108,155.523
58.192,120.292,96.567,152.877
52.391,124.862,100.129,150.558
56.185,128.766,101.157,150.873
53.771,134.373,105.488,148.079
57.491,137.877,102.051,147.074
55.953,136.744,105.372,147.374
52.474,136.792,108.836,146.031
45.504,136.545,114.945,146.523
36.643,134.369,119.920,149.315
28.229,137.435,126.023,150.959
24.139,139.186,126.471,160.988
27.961,146.555,113.400,166.815
30.636,149.477,103.364,169.517
27.170,153.635,100.750,176.048
29.818,160.603,87.189,173.845
42.831,158.494,85.578,179.049
56.094,165.641,58.309,178.401
81.166,271.170,100.622,83.070
92.296,298.790,88.433,59.688
99.246,297.044,93.603,61.577
116.241,278.256,151.772,80.448
129.773,155.522,257.815,204.085
136.067,167.096,250.739,189.662
155.314,175.020,208.751,184.295
169.369,182.738,190.458,175.535
175.616,184.453,194.809,173.571
183.552,199.074,214.283,159.792
200.617,209.281,213.885,149.757
211.926,207.151,218.489,150.793
221.522,207.629,217.118,149.837
228.228,204.894,215.986,152.057
223.427,200.407,223.774,158.854
212.187,198.632,238.699,159.007
221.502,197.755,233.337,160.760
220.312,202.535,229.902,155.465
220.141,210.589,226.835,147.689
219.520,228.697,229.910,128.339
220.210,2.385,319.048,356.562
219.679,14.534,319.435,343.072
222.305,25.001,316.833,329.427
230.012,28.656,308.535,330.527
237.236,0.000,302.764,356.307
232.831,23.024,306.315,331.951
237.260,33.888,302.740,322.351
240.431,18.725,299.569,340.170
241.371,0.000,298.629,356.181
243.799,0.000,293.772,353.701
252.586,0.032,283.297,356.864
261.881,0.000,275.526,355.997
277.415,0.000,262.585,356.013
288.696,0.000,249.821,357.412
296.938,0.000,243.062,358.196
303.264,0.000,236.736,356.337
300.723,0.875,238.910,357.494
298.542,1.845,240.934,353.215
294.078,0.396,244.025,357.281
288.962,0.000,251.038,355.833
276.872,0.000,263.128,352.022
264.640,0.000,274.796,349.053
251.425,0.000,283.873,343.115
230.910,0.359,307.408,335.524
203.338,0.000,336.196,331.398
163.584,0.000,364.911,332.782
124.980,0.000,314.504,340.728
83.012,1.290,241.816,347.324
27.512,0.000,248.945,349.039
0.000,0.000,235.216,342.163
0.000,0.000,202.208,320.409
0.000,0.141,152.589,269.151
0.428,1.240,113.191,234.902
0.000,0.439,78.257,212.658
0.000,0.000,38.870,170.650
0.028,1.012,32.616,118.886
0.829,27.063,53.027,89.045
0.000,0.462,129.831,35.905
0.356,0.870,337.874,78.540
0.667,0.000,244.296,100.807
116.532,0.138,163.048,116.866
0.812,0.000,310.112,122.752
0.000,0.427,145.710,130.883
0.000,0.306,157.506,110.655
0.687,0.325,97.120,90.240
0.000,0.000,84.702,68.707
0.408,1.136,93.836,53.577
0.443,0.220,99.876,44.752
18.070,0.000,95.724,37.612
73.045,0.601,58.351,32.190
55.392,0.419,135.005,40.998
80.855,0.346,150.863,67.680
94.696,0.000,185.380,99.626
110.643,0.000,197.843,132.814
110.868,0.000,202.914,160.235
107.582,0.000,346.733,172.580
391.000,0.000,57.000,86.000
101.000,0.000,356.000,174.000
111.588,1.301,353.259,169.405
115.338,0.000,357.024,171.219
123.657,0.513,361.660,189.983
130.266,0.000,363.136,213.576
136.291,0.000,372.819,224.931
146.444,0.000,378.023,230.163
161.319,0.000,371.296,236.682
171.944,0.275,365.471,245.625
177.739,0.129,359.280,251.916
182.711,0.000,357.289,260.400
184.222,0.000,353.656,274.350
185.276,0.000,354.724,295.496
181.756,0.000,357.227,309.829
183.923,0.000,351.560,324.036
179.255,3.196,358.194,347.381
174.830,12.423,363.514,340.927
179.669,24.295,356.655,330.576
174.476,25.995,364.292,329.238
171.499,29.064,367.474,325.180
165.670,30.454,371.521,326.551
165.238,31.247,374.762,324.267
150.243,30.782,385.910,324.500
139.901,33.652,395.970,323.718
129.997,27.049,410.003,328.321
118.360,22.306,421.640,332.668
111.716,19.918,428.284,335.944
111.713,10.954,426.771,346.277
110.441,10.982,429.559,344.684
119.528,17.691,420.472,338.969
127.944,17.103,409.686,340.145
134.733,26.491,401.340,328.844
144.107,27.256,394.231,332.405
156.382,30.365,382.003,324.738
170.466,30.618,368.638,325.642
180.755,31.889,356.380,327.260
194.823,36.184,343.973,322.773
204.769,35.530,332.083,321.414
255.000,279.000,182.000,79.000
255.475,275.038,162.561,84.522
253.935,266.387,167.751,92.908
252.268,258.565,287.144,100.800
247.000,251.000,248.000,105.000
238.000,247.000,263.000,110.000
228.000,249.000,236.000,110.000
181.443,0.000,356.541,359.175
168.446,0.000,370.357,356.528
154.327,1.515,384.775,358.485
204.000,255.000,224.000,102.000
197.663,259.997,341.391,97.756
199.000,261.000,230.000,96.000
197.024,250.958,342.976,106.558
138.897,0.000,399.912,356.666
137.034,0.000,400.615,358.988
140.033,0.000,396.894,355.554
146.752,1.086,389.472,357.893
147.171,2.905,390.876,357.095
154.893,4.207,384.407,350.753
159.705,8.359,374.782,348.327
162.639,13.979,374.701,342.873
159.890,18.272,378.765,340.028
162.499,18.035,375.702,339.784
159.350,18.387,379.140,340.510
158.289,18.154,379.822,337.380
151.918,17.067,384.684,340.986
150.722,18.667,384.177,337.061
145.432,25.117,393.317,334.247
143.204,23.114,396.321,332.445
127.087,26.631,411.848,331.222
119.333,33.278,420.667,323.844
115.395,33.387,420.417,321.408
112.201,35.880,426.068,322.310
112.318,37.533,427.318,319.746
111.415,31.675,428.385,325.543
111.111,33.761,426.750,322.118
121.077,28.529,417.955,326.643
127.467,19.578,409.611,337.153
135.146,11.856,404.854,342.181
154.335,6.412,385.665,349.345
166.390,2.512,368.169,354.206
174.819,0.345,359.985,357.816
180.250,0.000,357.743,356.688
185.411,0.000,352.425,354.914
187.492,0.000,351.096,357.252
178.737,0.000,361.263,358.675
178.558,0.000,360.900,357.267
168.511,0.000,370.213,356.192
162.452,1.468,376.515,356.163
149.904,1.463,387.686,353.242
140.749,0.000,397.847,354.411
121.629,0.000,415.787,356.904
102.111,0.000,437.092,357.297
80.225,0.000,455.556,355.019
57.679,0.000,482.321,357.003
35.598,0.000,503.232,357.041
10.627,0.000,527.720,353.296
5.649,0.000,531.626,354.721
0.000,0.000,537.509,356.464
2.469,0.000,536.950,351.668
0.000,0.000,539.754,355.041
3.440,0.000,533.751,354.561
0.000,0.000,536.822,356.693
2.126,0.000,537.874,351.782
0.000,0.000,536.546,355.201
2.596,0.000,537.404,357.631
0.000,1.573,539.794,350.976
0.000,1.031,539.171,355.546
3.148,5.269,533.751,347.070
0.000,2.211,540.000,354.048
0.000,8.622,536.856,343.850
0.000,4.262,540.000,353.431
0.000,10.462,537.578,343.654
0.000,14.505,540.000,338.149
0.540,16.771,539.460,336.183
0.000,18.640,539.637,335.003
0.000,11.702,540.000,342.923
0.000,6.570,540.000,347.157
6.604,11.194,533.396,344.840
17.490,16.221,522.510,337.363
28.300,21.020,511.700,337.008
43.039,26.567,494.692,327.578
52.644,22.728,486.765,333.644
64.589,26.657,475.411,329.012
79.121,28.135,456.635,326.055
89.626,27.417,445.667,327.492
96.763,26.713,442.102,326.605
103.386,26.534,434.177,327.724
101.560,25.078,437.074,333.656
98.427,32.914,441.573,321.041
96.820,33.613,440.264,319.644
95.444,38.754,443.767,315.368
84.427,42.170,454.567,314.527
81.620,44.274,457.155,311.077
70.901,46.572,468.779,308.745
68.501,47.146,468.249,310.643
65.214,47.501,474.786,306.116
60.773,45.694,479.227,312.019
59.708,45.378,477.488,309.555
54.557,42.432,482.404,313.909
50.409,39.714,486.027,313.892
50.255,36.373,489.745,321.357
48.225,34.302,488.247,319.940
46.380,31.348,493.620,325.849
49.108,31.284,488.164,321.964
46.444,28.826,493.556,326.879
43.208,25.054,494.400,332.815
43.589,22.585,493.639,329.634
44.958,19.462,494.939,334.265
52.325,17.302,487.530,336.957
56.725,17.008,478.729,335.922
63.248,14.754,476.752,342.036
67.187,17.624,472.813,334.679
68.656,23.295,469.875,332.098
70.279,24.838,467.419,327.431
65.990,32.758,474.010,323.334
59.360,38.530,480.640,317.274
42.438,41.571,494.937,313.538
28.160,39.084,510.879,315.358
8.033,33.673,531.967,325.378
0.000,35.609,540.000,323.172
1.670,35.862,532.480,323.500
1.186,37.246,535.941,319.903
0.000,33.901,495.450,324.105
0.000,31.564,452.210,323.166
0.317,27.059,420.961,329.880
0.461,24.178,400.534,242.409
0.485,23.739,401.735,255.763
0.000,21.973,377.853,327.971
0.731,11.155,358.065,314.364
0.383,1.721,341.293,291.577
2.468,0.000,329.547,264.934
10.548,0.000,307.474,249.544
17.402,0.000,288.224,227.867
20.882,0.000,271.513,205.807
24.605,0.000,250.342,187.613
28.769,0.000,235.075,171.442
27.657,0.000,221.211,151.280
26.943,0.000,212.020,128.370
24.329,0.000,209.655,120.974
23.195,0.804,212.879,115.217
17.973,0.000,222.696,109.538
22.080,0.992,240.120,107.554
31.810,0.000,259.259,112.346
41.172,0.000,276.070,101.615
45.475,0.197,283.552,82.451
45.502,0.399,269.415,105.929
47.309,0.271,248.892,118.021
49.243,52.418,165.409,74.811
50.249,46.414,180.760,76.578
41.905,48.889,203.574,70.921
26.269,50.422,251.208,75.074
3.299,49.165,331.266,69.060
0.076,63.383,303.758,56.689
0.000,64.677,295.614,57.516
0.000,71.239,285.423,55.621
0.000,75.602,272.304,53.703
0.000,81.873,278.277,55.446
0.000,87.220,279.114,55.195
0.000,91.695,270.582,56.189
0.114,94.830,275.543,57.827
0.000,100.249,278.346,55.073
0.000,104.710,286.807,54.091
0.000,109.289,291.930,50.674
3.446,111.970,302.335,50.186
15.518,114.127,295.455,50.311
27.270,116.335,291.970,50.045
36.698,116.419,290.303,49.151
46.986,118.756,286.465,50.693
61.194,119.699,278.347,50.016
75.461,122.748,276.966,50.293
88.773,125.889,269.745,51.346
100.888,124.230,260.829,53.956
112.493,122.932,248.787,56.316
122.833,124.770,239.016,57.857
129.009,125.660,218.182,57.255
137.473,126.497,204.390,57.597
144.358,124.466,195.398,61.442
150.040,122.026,204.896,68.957
150.573,119.835,220.736,77.627
151.108,117.755,244.568,82.833
149.355,123.815,263.757,81.836
145.338,125.317,279.146,83.244
143.625,130.625,281.961,76.898
142.880,138.726,285.219,61.581
140.188,140.031,285.290,64.814
142.139,142.232,274.041,57.421
143.552,145.076,274.731,48.969
143.505,143.796,273.665,48.977
144.549,146.697,272.040,47.352
142.484,146.981,267.086,48.602
143.721,147.786,263.244,48.816
144.298,148.802,257.320,50.646
144.019,150.577,258.791,50.981
145.241,150.065,249.445,54.537
147.081,151.402,263.753,60.740
148.847,152.352,260.475,63.153
150.520,152.044,250.958,68.910
152.356,153.809,245.705,70.653
158.726,154.799,234.021,67.354
162.757,157.274,227.721,67.436
165.210,160.224,225.793,66.497
167.821,159.577,223.517,64.599
171.541,162.040,218.965,69.058
175.683,163.096,214.865,66.207
174.316,164.157,206.360,67.671
173.621,166.286,200.416,66.963
175.411,163.557,192.192,64.064
176.444,162.051,193.903,65.523
178.864,160.745,204.405,70.842
180.037,159.757,218.455,75.712
178.999,161.029,235.730,70.848
179.188,169.814,238.715,61.037
177.735,182.211,241.379,52.190
178.482,185.171,242.806,51.212
173.768,187.745,241.054,50.984
172.800,190.804,235.660,50.197
171.324,189.947,243.192,47.766
163.255,191.571,247.012,44.086
162.971,187.685,248.207,44.330
162.902,188.209,247.504,45.803
158.790,187.456,252.744,46.244
159.530,186.535,252.565,45.704
155.027,185.510,246.083,45.388
151.105,180.695,242.712,46.130
144.773,177.459,245.195,48.784
143.793,168.765,243.431,59.379
142.070,164.287,240.620,66.171
140.867,159.225,233.932,71.746
142.557,159.010,234.705,73.475
136.764,161.540,240.239,67.888
132.137,169.155,238.501,65.696
126.075,170.925,240.600,67.168
114.733,172.935,239.859,65.439
104.831,172.004,238.820,67.051
94.130,174.080,243.228,69.240
85.679,176.444,242.962,73.877
76.311,185.764,240.248,73.469
63.368,189.498,248.568,73.985
