229.000,184.000,48.000,131.000
231.683,181.414,47.247,131.559
235.705,180.958,49.004,130.731
238.689,182.252,46.247,129.588
235.140,178.968,48.539,130.730
243.451,177.469,43.406,131.972
243.782,177.520,47.443,131.416
248.692,182.841,44.578,127.570
250.737,180.304,44.869,127.961
251.729,178.132,46.231,128.960
253.668,177.844,45.909,129.381
258.228,177.767,44.982,127.835
259.276,175.531,45.775,128.200
260.509,172.211,42.080,130.847
263.126,170.034,43.978,131.785
263.602,170.624,43.027,129.080
260.286,168.004,47.116,129.681
260.044,167.239,45.877,131.056
263.691,166.179,44.184,130.841
259.540,167.670,45.315,127.554
258.395,166.145,46.536,128.317
265.690,162.224,42.646,131.351
260.450,168.019,48.924,128.914
262.482,167.731,49.792,128.377
264.807,168.048,48.184,125.823
262.990,165.563,50.881,127.672
265.648,162.019,49.121,127.649
267.848,163.522,53.758,126.388
271.451,153.089,54.477,133.882
285.003,143.726,83.490,144.567
286.247,144.254,79.900,142.411
293.729,137.066,74.762,149.952
294.628,141.622,74.449,143.172
300.449,141.104,68.386,141.317
296.799,134.696,76.868,148.021
295.930,143.771,67.927,136.495
302.666,144.627,47.309,137.871
306.223,135.115,44.734,146.197
308.492,133.171,56.242,148.952
306.871,141.370,61.320,137.694
309.549,137.869,60.934,138.621
308.352,137.777,56.332,139.174
311.478,135.618,55.585,139.052
314.443,135.941,55.116,135.940
314.921,135.692,56.936,135.398
313.102,134.188,52.298,139.638
315.128,137.112,49.615,135.158
314.667,140.207,51.522,130.117
315.487,138.484,49.881,130.281
313.605,136.730,51.383,131.527
314.280,133.863,50.033,132.653
311.247,133.815,52.838,121.659
308.119,128.164,55.240,126.377
310.266,121.303,54.297,132.559
311.562,117.167,61.911,133.857
311.111,116.902,54.047,132.926
308.880,114.481,72.456,133.857
309.828,107.103,60.903,142.896
310.345,109.888,66.979,136.017
308.673,109.675,69.368,147.144
308.509,104.030,67.264,152.559
308.426,105.771,70.070,150.295
308.098,100.528,72.167,157.081
310.084,110.235,68.194,146.617
308.363,102.103,70.035,154.877
276.836,102.984,81.564,154.367
277.862,105.596,96.808,148.020
242.878,143.184,115.497,114.778
240.436,135.539,125.455,68.493
235.050,125.057,128.245,127.317
268.694,105.986,113.465,109.367
238.189,143.936,135.206,48.861
302.530,95.959,75.833,98.501
223.960,132.228,78.754,61.273
290.873,173.990,73.985,80.104
232.029,137.003,77.501,117.407
289.889,110.860,76.247,143.131
227.433,134.332,86.778,119.817
290.212,103.619,71.436,150.627
290.222,169.590,73.492,84.080
291.513,180.902,70.595,73.117
290.649,145.136,64.688,110.071
291.374,179.205,69.325,75.750
291.654,176.170,70.070,78.919
182.534,133.042,102.116,121.645
290.262,169.992,71.396,84.559
290.955,176.800,66.432,77.322
290.145,180.286,70.494,74.227
291.009,177.649,71.231,77.904
290.400,174.562,65.742,79.904
290.629,175.780,69.490,78.194
290.399,177.098,67.884,77.919
289.840,177.190,71.476,77.154
290.248,178.349,68.574,76.475
290.153,177.852,71.231,76.743
290.675,180.242,66.929,74.777
290.587,179.831,69.511,74.891
291.079,182.145,70.985,71.997
291.376,181.661,67.101,72.823
291.730,179.693,68.774,74.097
291.350,180.258,71.107,72.966
291.773,181.611,71.852,72.431
293.435,182.695,70.985,71.274
293.855,180.266,63.302,73.709
293.021,180.523,67.301,72.646
292.634,182.809,69.615,69.755
293.526,182.096,69.366,71.181
293.506,191.730,39.782,61.789
293.984,194.352,26.779,59.730
293.207,196.843,19.930,57.229
298.137,195.250,18.777,52.114
306.265,193.321,13.174,56.035
305.164,197.129,11.614,50.002
304.129,198.741,10.336,47.457
299.636,199.229,15.627,47.416
296.816,200.362,16.304,46.839
296.528,200.238,17.824,48.254
294.992,199.927,20.424,51.592
293.238,198.799,24.842,54.042
289.334,198.832,27.282,54.858
288.708,197.805,25.820,57.379
289.908,149.301,23.189,107.931
291.347,129.865,38.611,128.001
294.289,136.732,26.521,122.449
296.030,132.830,40.490,128.314
301.384,138.001,47.131,125.489
302.454,142.659,53.003,126.651
305.819,140.188,49.389,132.086
305.229,148.368,49.921,125.451
306.086,147.503,50.904,126.863
307.053,150.207,36.082,125.804
306.050,157.191,38.089,120.480
305.979,156.968,39.315,122.282
309.922,156.084,33.099,123.911
308.344,149.129,31.498,131.907
311.057,157.520,31.234,125.580
311.104,159.788,31.265,125.061
312.548,148.488,35.785,137.366
314.556,161.927,30.504,125.389
315.789,169.289,29.527,120.712
308.554,163.051,43.400,129.603
309.093,155.516,43.972,137.169
309.143,160.624,42.784,132.708
309.233,165.491,41.395,128.716
309.334,167.330,42.361,126.645
309.848,159.711,41.334,134.261
307.855,161.994,42.486,131.633
307.938,157.725,43.522,135.218
326.781,178.032,48.377,115.643
326.057,179.276,48.924,114.657
326.507,177.925,48.024,115.558
324.878,177.118,49.493,116.278
325.292,163.477,48.664,130.633
327.124,163.685,46.278,130.217
326.615,165.318,46.829,128.352
326.382,166.018,46.829,127.729
326.224,163.509,46.678,129.645
307.891,166.993,52.910,125.019
307.274,165.411,59.362,127.204
307.012,165.123,67.198,127.432
306.462,167.222,66.628,124.533
308.370,168.868,67.559,122.519
306.642,167.671,69.923,124.186
291.783,164.643,73.145,127.630
286.926,164.183,74.728,129.129
288.116,164.657,75.101,129.951
291.593,165.052,73.297,127.180
290.490,164.368,76.084,129.129
294.373,164.189,73.482,127.501
293.071,163.499,74.145,129.463
291.904,161.950,77.067,130.797
289.011,161.790,81.245,131.721
289.248,160.134,81.392,132.960
285.302,160.904,85.945,131.629
290.129,160.443,80.341,132.126
287.946,159.153,80.782,133.672
292.543,160.436,76.999,132.354
289.005,160.729,79.628,131.164
288.921,159.610,80.409,132.378
288.838,161.545,81.195,132.226
288.953,159.979,79.097,133.282
288.203,159.594,78.540,133.025
289.826,158.178,78.158,133.605
288.804,160.531,80.613,133.810
288.530,159.594,79.288,133.603
287.778,161.473,81.205,131.082
290.365,159.661,78.922,132.639
294.548,159.117,79.170,134.342
293.639,158.936,78.922,134.086
292.910,158.789,80.998,134.998
292.536,160.262,79.859,133.309
291.972,159.564,81.402,135.325
291.492,158.732,80.260,134.887
293.239,158.171,79.687,134.967
292.600,160.259,79.097,134.942
291.556,158.972,81.599,134.203
293.788,157.742,80.069,135.614
293.145,157.545,79.478,136.636
303.471,164.324,59.452,122.034
303.856,162.736,58.681,121.968
304.028,163.857,58.337,122.101
304.114,162.854,58.165,121.910
304.200,164.298,57.993,121.381
304.286,163.302,60.174,122.197
316.993,160.556,44.914,125.795
315.960,160.363,44.721,127.086
317.019,161.360,43.812,124.184
316.418,161.409,44.570,126.011
317.542,161.533,43.522,125.613
316.796,160.964,44.570,126.307
305.202,164.942,58.423,128.441
304.556,163.720,59.714,130.190
305.100,164.007,59.687,130.675
330.693,164.353,47.991,129.983
332.399,165.006,45.843,128.834
331.901,163.479,46.377,130.349
331.366,163.256,46.979,129.857
331.056,162.892,48.852,130.743
331.150,163.111,48.184,131.266
330.986,163.635,48.034,130.217
330.898,164.043,47.732,130.194
330.736,164.644,49.321,129.783
312.522,164.179,54.437,130.231
314.115,163.041,54.621,131.496
310.222,164.855,60.372,129.563
309.949,162.874,60.918,131.400
310.680,162.848,65.189,131.094
307.181,163.798,69.225,131.231
375.999,161.574,54.271,133.576
287.819,161.322,82.052,131.862
287.959,161.125,85.111,133.090
284.909,160.542,87.800,134.470
292.686,164.670,79.210,129.477
292.686,163.198,79.819,131.407
292.601,162.038,80.605,131.676
294.888,159.283,78.922,134.912
291.996,159.387,80.782,133.672
294.096,158.381,79.496,135.060
293.153,160.515,79.305,132.451
292.605,158.647,80.810,133.932
292.124,160.737,79.687,132.255
294.137,159.838,78.540,134.670
293.011,159.983,78.731,133.349
294.637,158.564,75.888,134.342
292.970,158.637,77.203,134.801
293.924,158.110,78.158,136.470
292.411,158.829,79.114,134.410
293.953,158.681,78.922,134.086
293.018,158.535,78.731,134.998
291.889,157.441,81.402,135.325
291.409,158.921,82.781,134.047
295.012,159.446,78.320,134.263
293.874,158.317,79.774,134.670
295.562,157.973,79.305,134.735
294.622,160.103,79.114,134.617
295.337,158.820,77.270,134.912
294.075,157.120,77.953,135.242
295.221,157.714,76.073,135.903
293.351,156.849,77.776,137.024
294.224,158.008,76.443,136.565
297.254,157.135,78.567,136.470
300.830,157.691,76.813,135.981
301.590,157.753,78.158,136.470
309.189,163.029,64.616,131.097
323.592,156.955,49.655,128.107
325.848,155.856,46.423,127.104
327.335,156.699,44.682,127.114
328.375,154.537,43.812,128.716
326.791,154.449,43.516,128.441
327.388,151.286,43.522,128.014
330.602,148.882,45.321,128.186
330.071,147.672,47.604,129.080
329.997,144.982,49.009,130.061
330.169,144.860,48.184,130.465
331.831,143.438,47.883,130.286
328.583,142.663,48.214,129.309
333.088,141.082,46.791,129.467
334.477,139.014,46.980,129.233
336.584,136.829,48.228,129.857
336.594,143.559,53.600,128.766
339.905,143.307,50.142,127.936
342.334,141.919,50.262,126.698
343.133,140.116,51.866,127.104
345.329,138.797,52.839,127.789
348.542,137.024,51.514,128.045
347.311,134.875,54.952,127.789
351.087,129.183,35.802,133.459
349.450,128.845,36.859,134.135
350.387,127.634,38.512,133.453
349.400,126.595,38.190,134.957
352.215,126.792,39.332,132.979
353.891,123.066,38.444,134.772
356.833,120.145,39.332,135.140
371.095,122.859,48.350,130.151
370.771,119.848,48.201,132.990
372.230,119.863,48.335,131.997
376.548,120.709,47.384,131.266
377.950,120.897,47.582,131.364
382.077,120.451,48.050,131.621
381.527,121.153,47.076,131.015
382.846,120.635,45.698,131.106
383.829,119.815,44.972,132.281
362.106,124.279,66.005,128.454
361.144,123.345,67.007,129.399
360.314,124.043,71.279,128.003
360.700,122.327,69.549,129.902
360.405,121.904,70.520,130.748
360.227,122.181,71.261,130.388
342.949,122.108,80.135,129.761
345.462,120.451,77.967,132.054
344.638,120.267,80.022,131.813
340.650,120.997,84.708,131.175
344.160,120.931,80.642,130.885
340.483,121.197,84.708,131.175
343.993,121.131,80.642,130.252
344.319,118.163,80.605,133.932
343.834,119.576,80.744,132.354
343.821,118.237,81.392,133.996
343.532,117.067,79.878,135.291
345.180,116.871,80.744,134.643
342.058,118.324,82.387,133.409
344.593,118.846,80.260,132.576
344.228,117.781,81.402,133.672
346.454,116.449,80.923,135.291
350.864,118.488,80.907,133.309
353.026,117.301,82.409,135.060
355.388,116.010,83.598,135.530
357.975,114.302,84.390,137.880
362.999,112.791,79.960,139.822
366.583,113.718,81.257,138.602
362.989,118.387,83.767,133.304
363.398,110.342,83.373,141.564
362.433,110.184,83.127,139.705
364.233,109.585,81.257,141.551
363.013,110.398,83.053,140.568
362.084,110.068,82.744,140.579
363.692,109.906,82.553,141.551
362.514,110.067,82.744,140.579
361.745,109.906,83.634,141.551
360.812,109.577,83.318,141.117
365.128,112.615,83.370,137.647
364.750,111.476,81.980,138.851
363.873,111.266,81.598,139.912
374.483,118.061,61.021,130.819
375.981,120.252,62.323,130.019
374.817,118.985,61.220,131.289
375.615,119.797,60.701,130.382
375.334,119.630,61.263,130.361
375.162,119.084,61.607,131.094
374.990,118.538,60.330,130.925
376.305,118.642,61.975,131.786
376.145,118.075,60.122,131.653
384.123,115.871,48.618,128.402
382.742,117.751,48.050,127.022
382.967,115.656,45.877,128.394
380.412,114.122,44.691,128.390
378.202,113.442,43.502,126.111
376.776,112.908,42.938,125.694
374.419,112.808,42.210,125.454
370.399,113.015,43.384,125.623
384.095,115.561,45.607,129.565
383.479,115.785,46.377,131.120
384.661,115.948,45.263,129.857
383.948,115.145,46.227,131.001
385.054,115.249,45.263,129.857
384.342,114.447,46.227,131.001
385.448,114.551,45.263,130.481
384.044,115.233,46.993,131.120
383.665,114.977,46.024,129.904
365.271,117.743,66.218,126.853
364.599,117.096,65.909,127.963
363.681,118.855,66.825,127.392
364.332,117.213,65.893,128.269
363.406,116.731,66.825,129.785
364.724,118.555,65.494,128.003
350.656,115.178,76.191,129.616
349.927,113.885,81.432,132.799
352.351,112.443,79.496,132.146
354.360,111.653,78.349,132.701
358.429,113.711,75.518,130.217
362.029,114.076,76.659,131.274
363.356,112.948,76.820,131.319
364.764,110.635,80.038,132.927
364.495,109.746,83.261,134.086
364.863,107.806,80.622,136.909
364.106,107.603,82.768,136.262
366.370,111.101,81.216,132.879
366.190,109.699,79.496,133.603
365.650,111.420,81.195,133.053
365.667,110.105,80.536,134.643
367.552,109.421,79.687,134.967
364.837,106.735,81.173,137.226
364.160,106.364,83.161,137.332
363.990,109.942,81.575,133.817
366.302,108.682,79.878,135.291
365.661,108.485,81.785,136.308
365.290,107.656,80.622,136.909
364.533,107.453,82.768,136.262
366.797,110.952,81.216,132.879
366.825,109.549,79.288,134.643
366.083,109.355,80.149,133.996
365.675,108.674,79.097,134.735
367.209,106.210,78.922,136.565
365.882,111.229,79.496,133.811
367.614,105.616,78.922,138.837
365.993,106.704,80.069,137.291
367.368,105.595,77.739,138.879
367.114,104.695,79.080,140.054
365.586,104.801,80.241,139.210
366.771,104.153,78.294,139.871
374.058,112.255,63.091,130.793
387.212,110.096,45.523,128.374
388.390,111.981,46.076,127.360
387.470,115.305,46.841,125.626
389.236,114.538,46.227,127.776
388.313,115.716,46.993,127.114
387.618,116.156,47.299,129.025
391.852,115.062,48.539,128.864
392.017,114.953,47.732,129.242
392.877,115.439,45.225,131.106
391.994,114.833,45.291,132.936
392.703,125.760,43.873,122.751
392.284,119.628,45.887,130.013
391.732,121.567,46.528,129.845
393.059,123.170,46.829,129.441
393.686,119.372,47.760,133.759
390.033,179.048,53.147,82.121
390.623,187.629,53.292,74.370
390.291,192.542,53.955,72.108
386.878,199.582,38.519,63.907
384.834,136.266,53.558,129.912
382.875,137.396,55.472,131.328
381.184,137.705,54.918,130.709
382.866,136.413,36.800,133.294
381.446,135.024,34.440,136.494
378.581,136.688,37.281,135.230
375.551,137.722,37.781,136.013
374.198,141.265,35.175,134.814
372.317,141.846,33.827,135.722
370.045,142.217,36.194,134.163
358.274,139.514,44.383,138.174
358.318,141.372,43.040,137.601
354.261,141.762,44.836,137.283
352.803,143.173,43.511,138.857
350.911,144.304,43.095,137.998
350.663,146.061,41.118,138.347
348.258,146.495,41.848,138.234
343.855,149.242,44.400,136.556
344.048,149.625,41.517,137.349
332.369,158.731,58.508,127.021
331.938,158.902,57.299,127.714
329.016,159.787,56.280,129.376
327.729,162.712,57.314,127.972
324.814,163.040,59.026,128.689
320.282,164.359,59.185,128.147
319.846,164.359,60.058,128.496
328.040,159.404,45.255,128.016
326.865,160.246,46.536,128.012
325.092,161.339,46.837,125.980
322.009,160.541,44.066,128.038
321.154,160.114,44.119,127.387
318.902,160.926,44.272,126.663
316.725,161.376,46.673,126.663
320.957,155.527,40.830,131.428
319.017,156.676,45.887,131.631
320.024,157.304,38.117,129.441
319.262,155.816,42.312,131.152
321.932,157.588,42.337,130.440
322.081,155.873,44.871,131.633
318.016,155.745,45.761,131.428
321.605,160.628,44.184,125.862
320.961,158.494,39.189,129.681
318.523,176.693,44.924,118.034
320.388,174.798,35.788,117.443
319.943,175.510,34.597,118.229
319.185,163.293,35.218,130.241
317.679,173.238,45.957,121.198
315.828,163.237,48.761,130.429
312.761,163.343,52.981,129.579
312.346,158.544,37.701,135.856
310.953,158.706,35.175,135.675
307.478,158.922,35.474,135.105
304.152,157.190,37.137,137.184
300.973,160.112,36.197,134.058
298.695,159.589,34.892,134.545
296.056,160.278,34.392,133.992
285.222,157.063,41.773,136.476
280.947,159.366,42.441,133.841
280.866,158.454,42.603,135.515
279.052,157.016,42.125,136.868
281.257,156.256,41.517,138.541
278.900,156.332,42.125,136.868
278.520,156.484,43.342,137.629
276.695,157.439,42.818,136.646
276.520,157.031,44.392,136.850
269.998,164.118,57.749,129.077
265.120,164.441,58.676,127.738
262.519,164.603,59.714,128.454
258.136,163.687,60.402,130.637
256.459,163.647,60.372,130.361
265.512,159.036,46.173,128.219
263.638,157.200,47.918,128.192
262.150,155.480,45.082,128.804
260.889,153.512,45.315,131.216
258.505,152.961,46.837,129.227
255.078,152.177,46.355,127.672
256.531,146.832,43.450,131.428
256.884,146.611,45.624,128.536
258.042,144.073,46.227,130.233
257.507,142.602,48.540,130.063
257.597,140.980,49.633,130.445
259.701,140.642,48.485,129.831
256.582,137.472,47.247,129.650
258.058,136.481,47.281,129.276
257.898,133.007,48.852,130.899
257.352,139.707,52.506,130.305
256.780,139.786,53.318,128.327
257.608,136.557,52.324,130.148
256.284,135.564,53.980,129.320
257.801,132.017,52.286,130.715
257.120,132.301,53.318,129.155
260.361,130.611,54.309,129.213
261.967,126.807,37.651,133.459
264.738,127.189,38.785,131.700
263.958,123.793,40.346,133.629
265.894,123.689,38.974,133.984
267.392,122.206,38.444,133.032
264.217,124.258,42.641,125.482
263.258,122.654,44.119,127.665
264.086,122.040,43.667,128.441
264.759,123.379,45.173,129.665
265.691,123.863,44.537,129.619
266.517,123.584,45.775,129.721
267.609,122.285,41.118,131.854
267.360,125.051,44.420,132.226
270.526,126.815,45.459,132.690
271.319,127.973,41.384,131.308
271.203,130.465,44.420,131.341
271.829,130.619,40.718,131.646
266.978,140.451,48.662,129.131
263.947,142.498,47.247,127.423
261.745,141.022,50.718,129.441
259.140,143.637,50.888,128.439
256.706,144.158,48.138,129.827
256.037,145.799,50.111,129.559
253.300,147.077,47.990,129.426
255.006,144.132,38.729,132.944
252.472,145.052,36.882,134.419
251.022,145.676,34.562,134.863
247.469,146.767,40.161,134.738
246.003,149.351,36.893,132.669
243.159,148.312,35.858,135.028
237.920,148.692,37.684,134.685
228.960,144.749,44.055,136.868
226.718,144.885,43.717,137.531
222.750,144.574,45.273,138.309
219.063,145.856,44.402,136.695
236.582,151.616,48.228,130.325
238.265,150.125,47.883,132.354
224.865,149.757,59.842,132.451
229.605,151.512,60.542,132.692
223.060,150.152,65.550,133.615
223.569,152.615,64.532,133.567
223.827,157.616,64.016,133.801
223.914,161.786,63.844,133.627
224.000,160.670,64.967,134.562
211.020,173.320,77.083,130.965
214.972,179.478,70.586,130.514
214.919,180.959,73.381,130.625
219.842,179.010,45.887,130.209
214.251,179.138,44.042,129.800
211.716,180.527,44.715,126.869
212.772,180.661,43.812,127.508
213.588,178.752,46.817,129.233
214.209,178.283,46.043,130.325
213.659,180.329,45.438,130.110
214.653,182.675,46.377,129.271
212.719,182.333,45.748,129.800
213.798,182.465,46.528,129.381
213.414,181.968,46.829,130.219
214.751,181.471,45.408,130.273
214.035,188.521,49.921,129.271
213.867,189.852,50.901,128.381
216.464,189.372,53.000,130.151
219.476,187.981,54.473,130.934
222.871,189.703,54.107,129.181
230.988,182.568,39.885,136.581
234.198,183.484,40.424,135.488
248.913,190.610,42.195,128.962
249.132,190.679,47.384,128.676
234.775,183.148,41.493,130.273
237.223,184.090,43.682,129.865
243.805,184.362,45.172,128.867
244.807,181.595,47.913,129.656
252.482,183.349,45.685,129.151
259.454,183.366,44.528,127.422
245.007,229.099,52.423,91.552
251.610,191.850,57.575,129.474
246.645,188.910,64.215,131.546
244.880,188.963,65.537,130.889
251.480,188.893,58.833,131.214
269.098,182.832,44.550,129.601
263.391,183.913,44.406,129.417
255.940,183.533,44.862,129.721
252.960,184.254,45.770,130.268
247.403,183.229,47.764,130.618
245.676,182.303,45.369,129.625
249.317,181.384,45.459,129.772
250.938,179.247,45.761,131.428
254.527,179.774,44.184,129.441
252.064,179.620,46.382,128.233
251.759,180.823,45.755,127.526
250.756,179.070,46.688,129.503
250.377,180.297,44.482,127.204
251.989,176.291,44.721,131.603
251.006,181.737,42.541,131.001
249.541,180.078,46.667,132.075
246.716,180.090,45.855,131.736
244.752,188.861,49.785,130.685
245.084,189.733,54.614,128.941
245.162,188.146,54.123,131.106
239.349,190.143,55.296,128.798
237.914,183.696,40.073,135.437
232.568,185.153,38.664,134.145
227.034,183.265,35.276,135.898
217.512,181.929,38.245,137.184
216.180,180.306,33.512,139.270
215.939,185.244,32.622,128.159
216.184,184.541,29.152,129.435
215.501,185.636,24.120,128.476
215.624,185.172,25.881,79.651
215.727,189.399,18.755,70.833
217.290,200.129,15.411,78.003
216.373,208.257,13.142,53.611
217.217,238.917,10.000,35.221
222.293,229.914,10.000,65.127
215.699,242.021,15.303,64.201
261.863,224.831,14.245,74.188
256.862,236.564,12.255,62.060
251.107,233.055,10.000,62.080
245.001,237.282,10.000,57.379
239.340,236.100,10.000,59.214
233.456,230.557,10.000,65.105
226.863,235.543,10.000,59.049
218.773,234.574,10.000,62.163
216.720,272.359,10.000,29.815
215.242,271.718,10.000,21.711
216.080,279.681,10.000,16.853
218.869,278.041,10.000,22.371
223.269,281.542,10.000,38.089
227.478,283.040,10.000,31.300
229.779,289.597,10.000,19.748
230.758,297.048,10.000,24.465
228.573,295.287,10.000,17.523
215.014,301.795,21.529,14.794
229.560,299.972,10.000,26.257
230.105,298.663,10.000,18.079
216.196,303.894,10.000,18.450
214.152,306.075,10.000,17.306
259.000,1.000,66.000,77.000
281.127,2.158,37.914,67.959
285.694,1.951,44.596,69.701
300.485,18.200,29.695,52.890
294.095,13.863,41.440,58.462
287.911,29.199,48.880,41.391
308.299,1.720,39.980,77.349
311.333,0.569,40.829,81.436
300.200,0.495,56.277,81.006
313.969,11.986,43.382,70.495
320.001,31.575,39.425,50.752
337.027,37.789,30.087,47.459
340.512,2.056,38.019,84.098
333.972,1.294,53.599,85.849
325.938,1.902,65.177,98.513
346.643,14.546,51.546,100.684
332.803,39.877,65.058,86.888
344.101,29.566,61.736,97.422
334.519,56.340,72.810,86.812
336.774,35.276,68.300,98.301
334.005,26.506,72.032,115.021
344.276,27.231,52.951,103.164
341.877,26.246,56.416,104.096
343.670,23.775,51.448,103.050
333.899,13.365,53.755,108.094
350.553,21.029,42.569,98.107
355.772,14.628,41.720,102.745
361.428,25.632,41.155,88.207
364.936,26.517,41.040,85.348
368.739,26.866,42.089,89.749
372.432,26.577,41.718,88.727
373.761,27.365,41.379,85.443
375.401,27.582,42.623,83.937
379.784,25.488,36.138,84.162
371.983,24.784,45.659,81.258
375.283,28.917,42.233,80.438
369.476,36.126,56.656,79.717
368.603,21.619,57.998,100.522
360.405,15.548,65.670,103.174
369.963,27.019,55.963,88.979
360.145,12.474,72.767,101.506
359.702,24.508,73.309,94.475
360.708,27.268,71.298,90.788
360.113,13.545,73.131,100.031
359.959,12.771,64.688,94.372
375.863,20.030,49.948,86.275
378.997,28.039,52.758,75.387
382.974,31.055,41.260,66.952
384.182,26.848,40.321,68.926
393.999,26.901,28.499,66.076
383.354,25.905,42.129,72.768
382.763,31.860,41.202,82.403
384.634,38.529,43.780,97.276
374.675,35.658,49.412,107.212
384.335,68.668,42.215,84.722
376.268,42.475,51.866,113.337
383.158,69.196,47.609,83.392
376.207,40.396,53.410,110.490
383.807,35.089,53.465,112.014
382.005,38.679,54.742,114.447
380.990,77.032,57.881,84.364
382.477,73.972,55.188,83.482
383.402,68.361,55.788,85.315
374.569,73.187,66.273,78.423
372.575,65.702,71.852,82.840
373.721,38.490,67.859,105.422
374.582,35.916,69.360,105.482
375.631,35.808,59.197,92.313
380.057,38.283,54.491,95.212
381.713,37.023,52.480,94.550
373.673,37.463,51.773,89.157
378.877,37.683,43.950,84.634
377.050,32.275,46.505,90.203
377.932,37.316,44.742,82.201
379.395,30.886,44.977,87.524
375.013,38.737,51.732,83.499
375.223,36.807,51.705,83.939
381.002,35.723,46.223,82.145
381.378,32.931,45.718,85.134
381.226,34.728,46.273,83.167
382.315,33.711,71.374,79.969
383.443,35.650,60.176,77.607
302.231,37.308,145.019,143.100
108.321,97.889,103.046,135.663
109.208,98.994,50.163,126.827
118.122,97.255,47.864,129.825
119.764,94.510,49.479,130.731
124.530,97.376,49.935,132.086
127.224,95.623,54.465,130.715
130.615,94.530,55.291,129.519
146.898,86.707,38.496,136.855
148.095,84.678,37.412,135.237
146.699,83.292,39.065,134.872
148.180,80.707,37.412,134.800
150.348,76.822,43.057,138.009
150.081,75.494,43.591,139.120
149.869,72.165,44.014,140.314
153.124,71.569,43.964,138.827
152.246,72.871,42.433,137.789
156.165,71.504,43.627,136.697
158.811,69.520,43.900,137.110
158.824,67.287,44.340,138.309
161.516,72.510,44.610,137.444
154.919,85.783,62.203,130.218
159.727,91.643,57.269,130.025
160.322,99.191,60.234,128.084
161.912,102.834,61.279,130.833
164.536,106.652,61.420,129.664
166.314,111.478,60.899,129.120
169.770,113.527,60.025,129.817
174.813,114.506,47.106,129.983
176.288,117.962,47.130,129.177
180.438,123.521,44.938,128.707
184.750,125.318,44.400,128.469
186.184,127.862,46.837,129.597
188.220,131.634,46.355,128.452
189.602,129.701,44.827,130.772
192.972,132.581,45.459,129.158
194.047,132.812,48.070,132.690
195.511,134.004,48.184,132.066
201.514,133.284,45.623,131.426
205.096,134.019,45.903,130.885
206.111,132.875,46.829,132.708
207.236,132.203,49.479,131.522
213.717,132.201,48.313,130.396
211.466,139.653,53.769,128.854
213.030,137.613,53.973,130.934
216.246,136.827,52.767,132.844
219.000,137.389,54.800,130.715
222.488,136.947,54.267,133.463
221.305,136.639,60.046,133.057
226.076,137.441,58.562,132.526
243.526,135.188,40.086,134.384
246.508,133.697,38.974,135.749
245.470,133.589,43.817,136.111
252.848,133.012,37.562,137.419
254.917,134.440,39.764,133.987
259.169,135.846,37.395,133.219
260.311,134.926,38.649,135.200
268.030,129.990,42.361,138.689
271.396,131.147,42.387,138.219
273.546,131.300,43.616,137.298
277.365,129.389,42.801,140.035
279.536,131.327,42.336,138.794
283.350,131.769,43.769,137.298
285.943,132.741,42.473,135.197
260.948,138.293,65.241,132.002
259.327,135.253,64.016,134.731
260.444,134.323,65.505,135.290
259.438,135.771,63.933,134.091
257.256,135.446,63.844,134.184
252.987,135.539,65.885,133.812
251.320,134.543,64.704,135.616
249.155,133.504,64.532,136.381
244.743,133.793,66.773,135.616
240.964,138.323,73.189,130.748
241.476,139.769,72.556,129.033
237.770,139.845,73.369,130.239
239.745,139.860,71.184,128.444
242.382,140.472,81.620,129.327
241.044,136.876,89.232,131.175
239.305,134.232,89.243,135.164
236.823,136.881,90.685,132.066
235.057,136.305,87.863,132.342
231.013,136.779,90.765,133.987
229.078,135.007,88.444,134.214
227.933,134.282,88.552,134.355
225.427,135.003,90.067,134.008
223.357,133.992,90.685,136.028
221.061,134.333,89.045,134.457
218.694,132.542,90.273,135.848
216.406,134.426,91.304,134.518
215.858,134.163,87.512,134.155
213.153,139.147,86.843,130.699
209.154,131.230,87.152,138.417
205.626,140.128,88.044,128.324
204.044,133.539,87.800,135.749
205.315,136.924,85.913,131.166
218.294,131.921,45.285,129.902
225.425,136.517,44.077,126.701
232.057,133.456,43.227,129.980
233.111,134.214,46.373,129.365
238.774,132.523,44.197,129.025
242.077,129.433,46.988,132.023
252.925,131.106,42.049,131.522
255.464,130.380,44.126,131.186
256.014,139.977,54.165,128.622
262.378,138.624,53.801,130.325
265.649,138.764,54.800,129.877
260.077,134.885,66.450,134.253
261.913,136.018,50.488,132.933
264.021,136.688,45.123,132.086
264.787,136.572,44.827,132.936
263.087,135.799,47.146,132.936
264.300,137.725,69.299,130.035
259.980,137.540,74.897,131.356
278.959,130.332,48.657,128.295
279.184,125.498,46.939,130.352
280.576,125.068,46.191,129.490
278.549,124.835,47.454,128.249
268.768,119.126,47.600,131.682
254.033,122.963,48.842,132.572
255.742,141.730,62.660,113.240
254.029,121.644,64.399,133.182
276.207,115.668,46.769,132.142
283.361,120.126,45.540,128.584
288.777,118.687,45.919,129.926
289.941,116.409,46.528,131.082
300.679,116.656,41.650,131.839
287.332,122.106,44.869,132.380
287.971,122.137,45.291,132.936
288.680,122.640,45.584,133.175
287.124,122.426,45.263,133.135
282.996,123.806,47.607,131.308
279.841,124.918,70.251,129.242
282.098,125.522,68.412,128.034
279.723,123.319,71.473,131.503
288.092,122.495,81.521,131.404
284.532,122.545,88.640,132.132
284.448,121.246,90.759,132.348
284.807,121.976,92.016,132.425
284.825,120.971,89.771,132.666
284.895,119.317,91.160,134.663
287.164,117.572,87.290,135.710
284.133,121.739,89.861,132.610
286.216,123.336,89.193,129.198
282.413,122.542,90.990,131.861
277.398,124.786,88.283,128.472
272.525,125.303,91.210,132.126
275.209,129.955,86.503,130.965
274.134,127.457,89.505,135.323
275.868,130.038,86.700,128.836
273.934,126.954,87.182,134.370
275.286,133.055,85.127,127.149
275.086,127.373,84.068,133.715
275.449,130.874,83.767,129.052
274.046,129.015,87.820,133.187
275.718,129.760,82.528,129.748
274.525,128.982,86.776,132.132
276.065,127.447,81.765,131.984
272.414,127.053,89.069,134.851
274.124,125.302,83.671,134.182
274.387,126.428,83.570,135.748
274.519,127.015,83.947,133.291
275.132,126.847,86.751,133.839
273.557,128.070,83.634,131.610
274.403,125.381,85.933,135.938
275.131,131.400,82.528,128.882
286.231,121.257,45.453,131.400
287.712,121.979,44.352,126.853
288.657,116.292,43.667,129.194
281.580,110.570,47.732,131.151
279.122,105.419,49.952,132.097
281.174,101.883,53.164,132.504
266.912,106.448,52.946,134.635
269.544,105.963,49.035,135.268
269.273,107.222,59.688,133.727
290.341,101.196,47.101,132.705
295.972,99.677,46.305,135.268
302.791,104.989,45.829,129.718
308.239,95.033,44.055,138.656
308.188,100.633,44.155,131.682
311.284,100.958,43.474,131.646
306.950,101.906,45.018,126.717
299.902,97.662,44.866,128.233
292.680,88.174,48.664,132.458
298.810,85.461,40.914,134.019
293.713,86.206,45.315,129.408
279.051,87.944,67.727,133.919
280.133,86.861,56.607,135.513
279.288,85.962,63.914,135.203
304.360,85.268,46.337,127.102
310.174,86.313,44.844,128.851
293.690,88.640,55.690,132.589
289.871,87.304,64.188,134.227
289.957,86.122,65.319,134.173
310.048,83.611,47.461,128.877
306.847,84.322,42.746,127.611
299.345,83.715,44.274,130.305
295.325,80.586,50.489,131.090
290.563,79.756,46.967,132.911
280.111,79.767,44.244,131.145
274.158,80.037,42.111,133.199
265.799,87.657,53.427,129.965
267.116,86.976,61.153,132.664
272.229,87.032,57.789,133.637
276.295,87.465,53.003,133.123
279.096,87.969,50.593,133.123
264.400,82.937,45.425,130.843
271.191,83.591,44.673,129.381
276.286,82.979,45.620,130.148
279.928,80.193,47.919,130.927
285.969,79.529,45.195,133.524
289.274,79.703,47.140,132.708
290.485,79.613,42.182,132.731
288.764,80.095,45.173,132.666
289.485,88.895,48.539,130.110
294.029,87.613,49.315,132.831
294.050,89.359,52.514,130.799
295.062,89.488,49.991,130.541
293.152,87.171,59.646,132.258
297.864,83.667,48.974,137.129
294.130,83.809,45.287,136.188
283.051,82.726,45.068,128.899
273.849,79.432,45.468,129.995
263.610,80.179,44.066,130.811
253.099,78.824,43.494,128.808
221.569,83.048,48.774,133.267
208.793,82.302,57.361,133.304
200.005,82.946,55.678,132.366
214.077,81.843,44.570,126.311
210.463,80.553,43.065,128.441
210.976,78.584,42.486,129.546
220.333,82.887,53.338,132.231
218.092,82.946,47.400,133.123
217.611,81.421,49.633,133.786
219.433,81.940,51.045,133.727
219.787,81.411,49.840,134.950
219.032,82.888,48.881,133.147
218.266,81.760,49.282,133.627
209.416,80.452,41.946,131.041
211.965,82.382,36.995,129.705
210.854,84.793,36.993,126.831
212.354,86.665,38.927,127.748
215.820,86.124,34.826,130.670
217.971,86.491,34.307,130.745
219.170,86.439,33.785,132.324
221.718,86.238,35.796,133.263
224.789,88.158,35.474,130.948
227.093,87.942,35.781,130.969
227.987,88.868,37.420,132.545
230.756,88.555,36.960,131.901
235.089,90.213,36.558,130.545
233.830,82.183,40.185,137.461
231.263,66.835,46.511,138.490
238.411,36.855,44.941,140.140
238.452,35.975,49.792,126.309
240.917,36.611,49.792,62.359
254.658,27.966,41.164,63.475
255.140,37.757,51.481,39.995
273.414,25.252,31.411,74.384
277.086,36.532,36.684,58.423
270.584,37.457,43.267,76.112
271.853,37.314,49.590,78.239
273.511,22.907,45.523,100.925
277.087,37.039,44.902,87.900
287.058,38.380,40.592,90.387
292.280,71.053,39.143,71.721
296.898,52.190,39.240,136.702
301.714,51.359,40.014,156.394
303.802,84.202,43.292,137.330
303.652,104.793,48.383,140.047
307.374,128.263,46.883,136.193
308.244,144.174,45.143,133.187
308.879,160.049,45.118,137.220
318.831,171.773,33.722,137.881
316.436,187.042,33.459,134.929
312.712,197.316,34.449,138.470
315.664,212.093,31.594,135.798
308.831,276.571,42.233,82.492
313.231,252.965,28.691,86.904
305.065,238.688,29.715,87.344
300.023,231.335,29.289,86.029
293.149,215.225,30.768,87.177
286.266,203.146,29.759,85.739
284.288,148.832,35.746,129.782
279.491,152.403,46.160,129.467
286.598,149.678,46.678,132.281
292.131,148.375,49.007,133.312
304.640,145.660,56.242,135.500
298.619,149.153,46.748,132.016
299.775,147.717,49.322,131.736
296.644,144.428,51.867,133.789
293.839,153.011,55.472,129.323
295.120,151.025,53.589,128.884
293.262,147.668,57.305,132.267
295.377,147.982,54.471,130.940
293.530,149.708,56.136,127.997
297.616,146.863,53.237,129.265
307.626,142.238,40.026,135.524
307.422,133.852,44.272,131.193
305.756,133.078,44.095,128.622
306.501,131.671,45.474,129.925
305.819,132.075,45.607,126.189
305.506,131.450,45.775,127.288
305.126,131.873,46.076,127.207
306.510,129.746,44.537,128.390
308.013,134.371,45.473,125.050
307.786,132.236,47.136,126.299
308.785,128.145,47.301,130.309
308.483,140.983,47.431,116.608
307.453,129.669,46.958,129.099
307.208,130.695,46.979,127.204
308.832,127.923,46.678,131.196
310.023,126.291,45.553,132.103
306.040,129.023,49.940,129.441
304.271,129.150,49.452,129.026
306.425,126.909,46.423,131.426
305.211,128.895,47.756,129.177
306.870,135.652,47.431,129.687
299.956,134.680,54.035,130.689
303.203,133.771,52.767,130.316
299.027,136.315,54.475,127.884
310.726,130.249,44.277,127.318
309.977,143.917,45.323,111.426
308.972,140.178,46.478,113.629
309.502,126.972,44.400,128.104
308.738,126.363,46.229,127.810
309.357,124.323,45.453,129.579
298.757,138.125,52.523,124.397
293.413,130.953,59.484,134.041
293.426,131.532,48.354,133.243
292.475,132.432,49.130,131.442
294.327,152.728,46.713,111.146
292.817,131.099,44.239,133.151
291.593,131.944,61.431,133.151
288.988,130.249,64.468,133.464
286.981,129.801,64.016,134.173
288.181,135.271,62.730,127.317
288.742,133.203,59.458,129.124
288.270,133.324,71.464,130.989
288.289,132.243,57.065,131.598
277.764,129.822,87.488,132.967
279.151,131.690,88.604,133.987
278.740,130.851,85.281,132.174
279.710,130.818,81.216,134.792
279.235,129.883,82.584,135.614
279.167,130.877,83.358,133.839
279.582,131.140,83.161,134.581
279.802,131.618,80.812,133.839
279.420,130.071,81.993,135.268
279.251,130.784,86.342,133.630
278.110,130.701,86.903,133.367
275.422,130.330,83.225,132.814
269.648,131.239,83.610,134.787
264.254,131.236,86.743,133.092
258.151,133.465,86.473,136.163
251.338,135.394,84.867,133.394
260.527,135.815,50.293,131.274
262.679,139.970,46.478,128.019
260.258,137.820,47.455,129.227
259.482,139.759,45.396,129.433
260.525,140.127,44.537,128.544
261.422,135.432,40.319,133.387
255.549,138.148,44.416,131.925
256.103,138.380,44.537,131.001
256.788,137.292,44.392,132.717
257.259,139.092,44.682,132.198
258.492,140.633,44.066,130.657
255.280,140.873,45.471,130.785
258.848,140.107,43.900,131.854
257.606,139.053,43.484,132.894
252.342,148.894,49.740,128.012
250.639,149.028,52.186,128.544
253.597,147.831,53.655,132.414
249.312,146.574,52.247,130.533
244.969,142.792,51.165,130.810
258.245,137.970,39.052,133.727
262.829,132.298,38.154,137.094
267.253,133.096,39.605,134.482
272.302,127.884,45.721,137.455
278.778,125.185,41.838,136.331
282.568,122.565,43.199,138.237
286.644,121.123,42.801,134.607
291.773,118.015,42.429,138.085
289.029,122.709,56.823,129.619
291.284,118.512,62.639,130.957
293.186,118.437,63.194,130.927
295.284,119.622,60.818,128.738
298.776,118.291,59.856,128.389
301.312,110.495,45.126,129.584
304.894,109.770,45.311,129.503
305.741,108.791,44.691,128.390
304.441,108.111,46.231,128.233
305.061,104.588,45.453,129.887
305.292,102.508,45.453,129.887
306.139,102.893,44.836,127.422
303.396,97.637,49.414,130.204
301.447,95.456,50.583,131.515
303.673,92.673,49.238,131.847
305.509,92.833,42.981,130.396
308.390,90.647,40.970,131.766
308.138,87.847,41.475,132.219
297.080,97.944,55.567,129.705
298.671,94.592,37.249,132.666
303.047,95.045,33.152,132.465
300.860,94.079,50.033,134.131
297.655,94.364,38.887,133.727
315.508,93.133,37.300,125.778
317.162,93.656,37.420,125.555
316.474,92.189,38.794,128.627
315.910,92.088,38.790,129.537
315.273,93.066,38.927,127.012
314.846,91.821,38.653,125.976
318.345,89.396,36.698,127.744
311.473,87.338,42.354,128.433
315.918,85.810,38.055,126.159
315.337,83.944,39.635,126.831
317.537,78.029,33.245,132.836
317.659,77.914,33.134,131.736
319.246,75.378,33.672,132.036
317.249,74.612,35.529,131.430
320.896,71.793,31.252,132.682
318.323,70.762,34.331,132.678
318.741,69.568,35.793,131.421
319.578,68.695,34.255,131.653
320.019,64.950,34.718,133.894
323.995,73.446,33.732,131.106
322.028,72.216,36.731,129.960
303.396,70.128,52.241,130.255
285.439,67.242,69.170,133.222
292.938,64.506,68.194,135.236
278.694,64.138,84.165,130.965
283.587,61.126,74.797,131.526
269.152,56.982,78.447,136.239
298.227,56.343,62.752,134.203
273.455,55.883,65.721,136.228
300.628,68.067,61.429,124.564
297.200,61.539,65.483,133.067
297.761,68.951,65.670,124.230
286.591,56.819,38.572,134.912
301.251,51.989,65.058,130.115
294.277,51.885,69.038,142.136
294.637,52.252,69.708,144.779
290.276,51.642,75.212,142.982
292.174,51.925,68.924,138.057
286.343,53.863,67.872,138.483
280.295,51.871,65.993,141.109
275.638,54.456,41.902,137.485
275.146,54.003,41.821,96.416
275.727,61.932,39.644,107.242
275.703,60.846,37.342,105.236
276.669,62.360,36.413,101.831
269.731,62.376,41.501,98.137
272.425,61.116,37.139,99.890
267.192,61.382,39.060,96.916
265.469,63.257,37.810,116.766
269.338,55.107,32.867,102.860
264.325,56.650,34.618,101.755
258.298,55.737,38.218,131.561
251.266,56.875,40.916,128.148
251.269,56.537,38.589,128.969
251.168,56.041,38.366,130.387
245.293,52.714,37.516,131.519
236.640,55.357,44.983,78.157
227.342,62.171,37.980,107.749
215.213,63.923,40.340,109.111
209.302,62.724,44.843,116.965
200.678,60.421,49.180,129.405
195.813,62.212,70.115,129.825
189.976,63.681,69.368,128.990
182.001,62.007,70.908,130.441
184.329,63.285,90.135,130.965
176.518,62.615,95.965,134.917
175.684,61.868,85.315,136.640
168.636,66.436,86.875,135.932
166.812,70.207,82.691,132.959
163.195,70.504,89.925,133.627
165.333,72.532,86.307,130.668
167.028,73.234,86.956,130.328
177.262,68.925,47.097,129.995
177.010,72.700,47.130,129.960
181.097,75.948,42.882,126.605
178.632,73.728,42.354,131.193
174.082,76.653,44.424,129.532
173.178,78.003,42.125,131.546
165.022,83.103,42.933,129.248
163.829,82.283,46.511,132.080
153.470,94.445,55.763,127.391
152.269,94.396,50.218,131.379
145.675,96.190,52.026,129.577
146.671,95.311,40.158,135.616
141.282,99.743,39.092,131.490
137.856,100.163,37.903,135.245
133.549,102.460,36.467,134.240
120.267,99.124,44.122,139.090
115.310,102.853,44.296,138.072
113.658,106.283,44.625,138.885
132.977,113.797,49.637,133.784
118.167,114.315,63.928,132.911
131.856,113.025,50.024,133.091
123.170,113.975,59.871,132.338
114.888,116.566,44.112,125.727
118.458,118.756,44.126,128.651
117.558,120.536,44.718,124.184
118.827,117.563,43.377,127.587
117.260,119.640,44.722,125.074
118.460,112.692,39.920,131.466
117.965,116.334,43.667,128.244
118.638,110.371,41.121,132.066
113.078,109.258,46.928,131.193
107.640,113.122,54.035,131.632
108.280,112.826,53.431,129.181
112.173,109.617,51.474,129.935
108.868,107.803,53.491,127.984
119.883,99.104,39.574,135.447
121.495,95.886,37.669,134.261
122.651,94.012,36.641,134.017
123.541,87.081,43.577,136.494
123.534,82.367,43.591,138.656
123.392,80.907,43.873,136.908
123.392,74.529,43.873,139.864
123.181,73.933,44.296,137.287
114.894,77.179,61.339,129.857
115.917,75.851,62.863,126.977
115.292,71.823,62.860,130.914
119.120,64.825,44.308,126.024
116.445,60.678,47.116,128.933
117.996,59.748,45.263,125.799
117.060,56.930,46.078,128.112
118.374,56.428,40.985,128.192
116.815,56.112,45.263,129.260
102.249,58.439,47.148,133.942
101.642,60.665,47.088,132.354
100.526,59.184,48.688,132.944
102.158,59.936,46.713,132.247
100.932,64.131,66.971,126.221
100.545,62.256,70.323,130.153
100.453,64.873,70.890,126.645
105.483,59.571,77.939,132.116
104.847,59.418,79.819,131.813
104.664,58.298,80.802,133.436
106.774,60.296,76.998,131.522
105.760,59.125,79.431,132.049
105.480,60.542,80.605,130.855
116.793,57.710,43.793,127.679
120.080,58.668,42.621,126.663
118.447,57.434,44.857,128.101
119.433,55.332,45.775,129.721
126.863,54.033,44.209,130.772
133.710,54.116,43.637,130.148
139.968,56.192,39.733,130.227
144.995,58.634,39.620,127.072
147.188,56.959,44.042,129.995
147.837,56.021,43.957,103.829
153.005,53.844,42.026,106.963
155.044,53.634,44.004,108.596
153.212,53.474,44.481,113.350
149.932,61.960,46.763,109.495
150.916,62.580,49.102,112.130
149.912,61.890,51.110,114.254
150.056,61.307,51.740,117.257
163.440,56.411,39.332,123.926
163.356,56.883,37.259,127.744
162.517,57.382,36.726,129.647
164.807,52.921,34.642,138.431
169.795,55.068,36.167,136.768
145.981,71.538,52.055,121.885
147.752,59.872,51.704,133.090
148.359,61.478,47.500,132.036
147.371,57.087,48.367,135.902
148.630,58.705,48.937,132.666
146.276,62.345,63.824,128.618
139.328,64.369,70.094,127.658
133.802,63.167,70.908,128.356
136.387,61.990,75.483,130.327
131.629,62.410,81.823,128.891
128.541,61.680,82.241,130.147
115.815,54.681,83.049,136.067
105.554,59.209,78.423,131.913
107.303,52.886,81.033,138.042
106.247,59.124,81.025,131.930
106.374,52.396,78.906,139.174
97.503,59.791,87.404,132.366
91.615,59.136,81.715,132.599
89.500,55.553,81.773,135.801
83.521,54.633,88.664,137.641
80.536,60.216,80.263,131.561
80.477,53.242,83.884,137.883
80.160,58.364,79.344,133.030
79.740,55.385,78.335,136.520
80.800,54.265,79.114,136.895
79.679,53.457,76.558,137.887
81.155,52.907,64.354,139.193
80.721,55.955,54.035,134.802
81.049,53.724,49.615,138.750
80.612,53.511,49.991,138.845
80.211,52.926,50.793,139.014
79.983,51.796,75.526,140.262
88.685,61.126,64.304,129.845
89.345,66.361,56.026,126.516
88.362,67.749,62.376,129.473
88.575,70.714,61.951,128.944
89.821,69.460,63.040,130.198
95.737,67.916,44.490,127.295
99.248,72.493,42.905,128.867
102.216,78.340,46.213,126.564
103.738,73.656,47.913,130.421
108.031,76.862,46.939,132.572
111.899,81.023,46.791,130.415
119.167,83.756,43.059,130.117
122.087,85.933,44.422,129.665
136.847,93.433,39.996,130.785
140.016,97.315,37.284,130.565
144.231,98.305,38.519,130.965
145.812,97.207,37.781,135.443
154.078,89.984,32.017,144.290
155.527,101.443,37.963,135.116
158.285,104.537,37.616,133.378
162.744,103.458,44.468,136.956
169.163,106.643,40.867,137.319
172.638,107.919,42.771,136.868
178.206,110.622,43.309,136.376
174.283,122.264,58.549,125.573
177.477,122.079,60.055,128.175
164.837,118.214,54.081,133.447
166.024,118.093,51.706,134.707
163.139,119.783,52.297,133.834
165.658,119.499,48.599,134.067
167.175,120.608,48.636,132.658
179.412,122.343,55.412,131.120
183.065,116.428,45.376,130.839
177.311,117.080,44.518,129.381
171.588,118.050,43.342,128.352
185.929,121.200,48.163,132.523
185.039,133.354,48.824,120.860
186.031,119.211,48.072,134.201
185.583,120.591,48.485,134.180
165.552,124.503,70.126,128.457
163.547,126.760,71.096,125.463
164.301,126.712,68.641,126.882
145.113,129.161,81.386,122.546
139.783,127.403,83.242,124.862
134.460,125.542,84.906,126.543
130.203,123.418,87.816,128.714
122.326,124.696,91.423,128.077
137.496,104.041,63.466,144.261
142.214,123.866,52.497,126.453
140.412,127.241,45.011,127.204
141.545,131.577,46.988,125.050
138.624,134.053,46.994,125.319
140.467,131.596,44.998,131.462
141.241,135.080,45.145,130.811
140.394,137.776,45.145,131.274
151.411,145.326,49.613,133.123
150.776,145.513,48.435,132.911
152.352,145.007,46.568,133.282
151.292,144.622,49.637,133.103
151.322,144.636,49.088,133.890
134.408,151.751,52.026,126.976
130.414,148.865,54.306,129.487
129.665,147.551,66.393,131.106
109.727,145.563,84.753,132.649
132.544,142.578,43.159,129.690
124.859,143.792,44.872,128.464
125.852,142.935,44.102,128.656
129.170,141.545,44.718,128.716
128.414,142.184,44.558,128.352
139.325,145.578,48.807,132.932
138.845,146.119,48.959,131.850
140.612,146.323,48.485,132.247
140.125,144.200,48.656,134.566
139.168,146.489,49.435,132.744
119.339,148.966,68.772,130.228
116.564,147.912,71.098,129.493
116.767,148.882,71.076,129.665
101.015,145.329,79.912,134.275
93.223,144.787,88.854,133.282
104.497,146.432,76.338,132.392
93.677,145.696,88.906,132.049
95.577,145.720,85.541,132.436
92.743,144.809,87.800,132.339
94.502,145.282,88.388,131.826
96.338,146.795,85.147,131.178
99.976,145.728,80.833,131.407
102.378,148.624,78.922,132.846
101.639,150.029,80.810,133.727
101.464,151.340,81.785,132.770
103.973,152.015,79.687,132.672
99.711,151.161,82.441,133.761
99.653,151.280,82.978,133.313
93.756,151.596,89.086,133.945
95.451,152.111,87.444,133.352
92.926,150.713,89.037,134.851
94.401,151.377,89.601,133.742
96.256,151.639,86.329,134.314
93.280,151.742,88.830,133.677
94.946,150.749,87.244,134.355
96.015,150.840,85.541,133.522
92.966,150.157,88.212,133.603
97.032,150.805,86.173,133.394
98.056,150.760,84.555,133.057
94.836,151.167,87.594,133.304
92.279,151.971,92.275,134.297
92.455,151.293,93.261,134.759
91.018,151.738,93.888,134.318
93.840,151.364,90.495,134.167
124.307,149.838,46.549,130.160
124.794,152.330,46.043,128.920
126.020,152.332,44.055,129.072
129.314,150.546,44.718,130.529
125.344,151.671,42.249,128.125
125.661,147.997,44.862,129.422
124.901,146.338,45.163,128.622
128.562,142.142,43.332,130.148
127.341,139.607,46.980,129.043
125.546,137.328,41.517,130.481
119.151,134.832,42.501,130.455
114.760,133.125,44.275,131.633
110.569,138.782,54.801,128.737
112.421,134.741,52.442,130.097
106.353,130.410,46.363,127.996
113.613,128.249,44.673,129.999
120.235,129.319,44.095,128.774
127.023,125.873,41.244,130.982
131.026,127.388,41.916,129.719
116.123,129.676,46.486,134.440
117.006,130.134,61.687,135.268
114.161,128.742,65.181,135.854
117.331,128.587,61.859,135.976
114.479,129.197,63.156,135.858
119.889,135.509,62.916,127.317
116.327,134.335,70.579,128.407
124.742,133.165,62.325,129.986
120.689,131.881,88.670,131.289
120.722,131.829,87.092,130.529
120.479,132.157,89.501,130.941
122.242,132.929,85.975,128.962
121.319,131.757,89.087,132.363
121.253,133.091,87.696,130.130
121.209,131.568,89.283,131.890
121.240,132.666,85.085,130.130
120.609,131.390,84.874,131.418
121.783,132.771,89.721,129.080
121.797,130.257,90.555,131.736
121.604,131.635,88.755,130.073
121.239,135.581,90.345,129.065
122.758,136.361,89.469,130.529
121.138,137.727,89.243,129.965
121.560,137.164,84.303,129.149
120.845,137.126,84.269,130.690
122.009,137.548,80.050,131.316
121.736,136.180,81.008,131.997
137.594,134.662,43.285,125.298
142.561,134.150,45.895,127.209
149.741,134.380,44.239,127.360
159.815,129.548,36.590,132.506
158.431,132.297,43.685,128.823
161.602,132.262,46.678,129.495
172.495,130.423,41.384,130.063
174.950,130.889,45.593,132.219
176.432,140.835,54.297,127.729
180.021,136.696,56.641,131.996
188.264,139.172,54.349,128.084
209.257,135.211,34.920,134.669
215.711,133.761,34.667,134.817
219.201,135.788,34.267,133.779
221.829,137.063,37.823,135.568
229.255,137.799,42.210,137.398
233.119,138.449,42.111,138.539
230.294,141.130,44.239,128.431
230.961,143.858,43.208,125.695
229.543,141.920,45.010,126.471
230.596,140.495,43.963,127.810
230.666,143.320,43.522,124.862
230.881,143.918,43.534,124.552
231.841,134.178,39.255,132.964
231.083,134.879,40.769,132.284
228.525,138.074,44.122,128.395
229.284,131.719,41.395,133.702
228.962,130.741,43.232,132.527
225.416,131.069,47.746,131.719
224.473,138.547,53.292,129.173
212.919,138.195,56.967,132.700
214.245,138.914,58.319,131.784
211.097,143.526,64.967,132.920
211.572,142.806,64.016,134.173
211.658,149.390,45.285,130.843
215.195,152.102,68.872,128.192
215.022,152.622,74.485,131.290
224.333,155.866,67.156,129.557
229.472,154.039,83.818,132.836
230.118,159.091,83.161,130.984
226.950,161.015,89.497,130.690
229.244,165.277,85.344,128.016
228.318,165.565,91.597,131.003
231.292,168.258,83.671,129.789
228.487,168.277,89.283,133.507
230.499,171.634,81.760,130.947
228.302,172.698,90.504,133.789
230.535,179.145,86.700,128.616
228.601,174.470,90.567,135.851
230.351,176.206,87.512,136.376
228.636,176.407,88.755,135.538
227.774,178.512,88.722,132.644
229.582,179.919,89.014,131.134
227.735,179.637,86.643,131.914
229.306,178.150,87.570,132.746
228.573,178.827,90.765,131.610
227.066,179.118,90.273,132.342
229.476,179.994,89.616,129.932
228.037,179.263,89.037,131.610
227.831,179.067,87.712,132.219
229.643,178.123,88.184,132.814
228.680,180.631,83.827,132.348
229.218,181.151,89.720,133.841
227.081,181.310,87.844,133.742
228.667,182.180,92.054,134.607
226.948,181.658,91.922,133.644
229.375,182.957,87.512,133.267
228.613,181.516,87.308,133.987
229.811,181.578,88.809,133.864
227.434,182.052,90.067,133.133
227.447,181.857,88.503,133.742
225.023,182.424,89.861,131.738
223.278,183.078,87.244,131.738
219.257,181.346,84.555,133.915
215.930,178.830,85.243,136.814
216.411,176.786,84.930,138.741
216.442,181.962,89.002,134.047
215.910,182.529,91.379,133.133
214.281,181.878,94.193,133.551
217.354,182.392,88.497,132.746
215.141,181.244,89.449,133.739
217.139,181.505,89.616,134.314
216.708,181.900,88.722,132.644
214.608,182.222,92.488,134.607
217.247,181.547,87.879,134.167
214.619,182.478,92.701,132.524
217.436,182.551,87.512,131.712
215.159,183.014,88.624,133.367
217.037,182.021,85.520,132.959
214.085,182.069,88.006,133.931
215.655,181.793,85.520,132.524
216.859,181.779,87.161,133.618
218.082,181.378,85.147,132.042
215.158,182.767,87.594,132.879
232.157,181.132,46.679,124.910
239.730,179.449,44.239,129.197
246.237,180.537,43.805,126.869
247.050,177.261,43.377,130.280
253.530,177.954,45.022,128.441
260.784,176.872,43.637,130.148
263.869,177.285,46.833,129.925
270.688,176.642,47.600,131.056
272.199,186.368,56.118,127.886
277.025,184.512,54.776,130.072
285.306,184.957,52.585,127.659
303.559,180.036,36.262,135.040
307.263,179.762,38.379,134.747
321.122,181.007,30.111,134.996
314.150,179.990,35.346,134.339
315.807,175.916,41.697,138.897
317.736,177.621,40.433,137.319
316.862,176.429,42.180,138.656
314.685,177.026,42.402,137.310
309.557,183.378,58.781,128.737
309.004,184.902,55.882,127.780
307.777,182.993,60.711,131.428
308.404,182.981,56.413,130.198
309.843,178.245,44.612,129.547
309.873,179.089,44.247,127.706
310.765,177.442,43.667,129.495
310.615,176.689,44.420,127.688
311.523,169.980,40.186,130.982
305.850,170.110,45.128,128.541
306.900,167.399,44.247,130.758
