0.00000000,0.00000000
0.96284333,0.00000000
0.96965178,0.00000000
0.99249213,0.00000000
0.97726981,0.00000000
0.96944222,0.00000000
0.94280551,0.00000000
0.98379833,0.00000000
0.96343804,0.00000000
0.97620221,0.00000000
0.97600235,0.00000000
0.96864880,0.00000000
0.97765744,0.00000000
0.97865764,0.00000000
0.95882174,0.00000000
0.95075192,0.00000000
0.97365448,0.00000000
0.96069846,0.00000000
0.97837834,0.00000000
0.97627008,0.00000000
0.97834041,0.00000000
0.95911519,0.00000000
0.96319884,0.00000000
0.94988375,0.00000000
0.95156417,0.00000000
0.96668924,0.00000000
0.95632414,0.00000000
0.94763181,0.00000000
0.95502004,0.00000000
0.95930308,0.00000000
0.96072629,0.00000000
0.96746614,0.00000000
0.96381814,0.00000000
0.95156083,0.00000000
0.96380551,0.00000000
0.98770670,0.00000000
0.95392871,0.00000000
0.97372846,0.00000000
0.97624410,0.00000000
0.97401348,0.00000000
0.97265439,0.00000000
0.97047488,0.00000000
0.96899668,0.00000000
0.95508595,0.00000000
0.96031710,0.00000000
0.98155972,0.00000000
0.95512618,0.00000000
0.94252774,0.00000000
0.96963099,0.00000000
0.97736736,0.00000000
0.94219813,0.00000000
0.96950852,0.00000000
0.97398509,0.00000000
0.97533277,0.00000000
0.96375423,0.00000000
0.97757686,0.00000000
0.97690300,0.00000000
0.96694195,0.00000000
0.97891593,0.00000000
0.97312000,0.00000000
0.97880638,0.00000000
0.97954686,0.00000000
0.96212266,0.00000000
0.99339462,0.00000000
0.97937532,0.00000000
0.97552589,0.00000000
0.97496438,0.00000000
0.96695836,0.00000000
0.98628123,0.00000000
0.97992063,0.00000000
0.96104329,0.00000000
0.96101740,0.00000000
0.97133992,0.00000000
0.96590071,0.00000000
0.95835211,0.00000000
0.95479937,0.00000000
0.94452200,0.00000000
0.93464545,0.00000000
0.94678192,0.00000000
0.94402955,0.00000000
0.97678669,0.00000000
0.95872479,0.00000000
0.96160643,0.00000000
0.95491424,0.00000000
0.97040047,0.00000000
0.96915463,0.00000000
0.97166024,0.00000000
0.96367860,0.00000000
0.94804715,0.00000000
0.98931046,0.00000000
0.94158731,0.00000000
0.94692693,0.00000000
0.94009497,0.00000000
0.94680278,0.00000000
0.97231968,0.00000000
0.95488554,0.00000000
0.95564059,0.00000000
0.93953912,0.00000000
0.93569605,0.00000000
0.96204343,0.00000000
0.95117729,0.00000000
0.96029022,0.00000000
0.96587920,0.00000000
0.97994796,0.00000000
0.96904267,0.00000000
0.98185153,0.00000000
0.97847806,0.00000000
0.97289342,0.00000000
0.98471644,0.00000000
0.99190705,0.00000000
0.95726959,0.00000000
0.97538075,0.00000000
0.98876381,0.00000000
0.97013810,0.00000000
0.96968261,0.00000000
0.97806432,0.00000000
0.98384651,0.00000000
0.98237463,0.00000000
0.97491140,0.00000000
0.98050985,0.00000000
0.97726754,0.00000000
0.98375829,0.00000000
0.97570129,0.00000000
0.98015236,0.00000000
0.98547842,0.00000000
0.98537388,0.00000000
0.98054789,0.00000000
0.98106262,0.00000000
0.98973214,0.00000000
0.95687473,0.00000000
0.98042490,0.00000000
0.96591181,0.00000000
0.97719833,0.00000000
0.96915569,0.00000000
0.97845483,0.00000000
0.94753882,0.00000000
0.96918069,0.00000000
0.97094619,0.00000000
0.97065125,0.00000000
0.97479594,0.00000000
0.97245990,0.00000000
0.96778943,0.00000000
0.98568328,0.00000000
0.97896746,0.00000000
0.95897398,0.00000000
0.96643711,0.00000000
0.96062910,0.00000000
0.97577202,0.00000000
0.96037131,0.00000000
0.98274789,0.00000000
0.96401865,0.00000000
0.95270026,0.00000000
0.97340568,0.00000000
0.98696445,0.00000000
0.96851632,0.00000000
0.97135473,0.00000000
0.96907804,0.00000000
0.96601449,0.00000000
0.98251494,0.00000000
0.96846858,0.00000000
0.98377612,0.00000000
0.98527569,0.00000000
0.97220579,0.00000000
0.96507380,0.00000000
0.94886859,0.00000000
0.96701327,0.00000000
0.95656567,0.00000000
0.96715177,0.00000000
0.95906649,0.00000000
0.98277969,0.00000000
0.95387817,0.00000000
0.94151081,0.00000000
0.95822207,0.00000000
0.95585477,0.00000000
0.98448064,0.00000000
0.97129012,0.00000000
0.97403328,0.00000000
0.97792744,0.00000000
0.98692149,0.00000000
0.98674312,0.00000000
0.94275478,0.00000000
0.95736572,0.00000000
0.95994038,0.00000000
0.96047932,0.00000000
0.94304559,0.00000000
0.97365679,0.00000000
0.97910783,0.00000000
0.96690786,0.00000000
0.97861983,0.00000000
0.96756978,0.00000000
0.97327896,0.00000000
0.97313600,0.00000000
0.95137247,0.00000000
0.98670820,0.00000000
0.96959214,0.00000000
0.95344121,0.00000000
0.95261905,0.00000000
0.93863440,0.00000000
0.95658133,0.00000000
0.95220109,0.00000000
0.96672150,0.00000000
0.96366379,0.00000000
0.98257672,0.00000000
0.95994616,0.00000000
0.95278583,0.00000000
0.95704073,0.00000000
0.96598888,0.00000000
0.97118262,0.00000000
0.97096874,0.00000000
0.96020652,0.00000000
0.95345641,0.00000000
0.93815962,0.00000000
0.92206761,0.00000000
0.93450986,0.00000000
0.93239058,0.00000000
0.93589355,0.00000000
0.93985729,0.00000000
0.94748023,0.00000000
0.93229619,0.00000000
0.93388514,0.00000000
0.93987521,0.00000000
0.94902340,0.00000000
0.96356522,0.00000000
0.95626586,0.00000000
0.96723172,0.00000000
0.98350995,0.00000000
0.97909906,0.00000000
0.97890688,0.00000000
0.96207612,0.00000000
0.96666854,0.00000000
0.97078320,0.00000000
0.96662274,0.00000000
0.96888820,0.00000000
0.93167775,0.00000000
0.98314817,0.00000000
0.96775053,0.00000000
0.97024609,0.00000000
0.95552419,0.00000000
0.97161424,0.00000000
0.95965634,0.00000000
0.97172931,0.00000000
0.95849507,0.00000000
0.97535150,0.00000000
0.93781062,0.00000000
0.96065611,0.00000000
0.97082859,0.00000000
0.96882109,0.00000000
0.95021291,0.00000000
0.95934390,0.00000000
0.98293465,0.00000000
0.96208953,0.00000000
0.96694058,0.00000000
0.96122640,0.00000000
0.98449876,0.00000000
0.95845449,0.00000000
0.96037894,0.00000000
0.95798482,0.00000000
0.97411620,0.00000000
0.96570169,0.00000000
0.97008572,0.00000000
0.95426612,0.00000000
0.96344477,0.00000000
0.94191768,0.00000000
0.97195879,0.00000000
0.98253947,0.00000000
0.95257347,0.00000000
0.98770426,0.00000000
0.95491237,0.00000000
0.96000233,0.00000000
0.95682897,0.00000000
0.97280429,0.00000000
0.95105892,0.00000000
0.94431348,0.00000000
0.94531676,0.00000000
0.95443148,0.00000000
0.94270244,0.00000000
0.95858104,0.00000000
0.95006967,0.00000000
0.93066158,0.00000000
0.91405044,0.00000000
0.93713270,0.00000000
0.93427641,0.00000000
0.95107044,0.00000000
0.92272233,0.00000000
0.93140879,0.00000000
0.96854535,0.00000000
0.98871639,0.00000000
0.95184773,0.00000000
0.93676363,0.00000000
0.93036480,0.00000000
0.95838381,0.00000000
0.92637323,0.00000000
0.96362052,0.00000000
0.96754354,0.00000000
0.96365058,0.00000000
0.95558779,0.00000000
0.97761718,0.00000000
0.97412621,0.00000000
0.97217524,0.00000000
0.94252632,0.00000000
0.94294509,0.00000000
0.93020465,0.00000000
0.98906808,0.00000000
0.94438510,0.00000000
0.97749337,0.00000000
0.96476787,0.00000000
0.99110901,0.00000000
0.98474961,0.00000000
0.95414910,0.00000000
0.96587350,0.00000000
0.95477269,0.00000000
0.92359778,0.00000000
0.96307626,0.00000000
0.93897601,0.00000000
0.96104076,0.00000000
0.91826579,0.00000000
0.91865698,0.00000000
0.94543338,0.00000000
0.97267772,0.00000000
0.94678277,0.00000000
0.92449110,0.00000000
0.93841043,0.00000000
0.93969311,0.00000000
0.94634971,0.00000000
0.96902429,0.00000000
0.95119294,0.00000000
0.92010816,0.00000000
0.94617931,0.00000000
0.97467409,0.00000000
0.91392017,0.00000000
0.96590636,0.00000000
0.94627878,0.00000000
0.96615057,0.00000000
0.93913678,0.00000000
0.92274862,0.00000000
0.96216120,0.00000000
0.94503119,0.00000000
0.96094692,0.00000000
0.96126382,0.00000000
0.97654056,0.00000000
0.94037117,0.00000000
0.97194306,0.00000000
0.95786833,0.00000000
0.97467729,0.00000000
0.97817464,0.00000000
0.96468567,0.00000000
0.98120572,0.00000000
0.94521983,0.00000000
0.98761021,0.00000000
0.97953302,0.00000000
0.97736792,0.00000000
0.97861107,0.00000000
0.98227850,0.00000000
0.96454371,0.00000000
0.98538878,0.00000000
0.95641909,0.00000000
0.97297553,0.00000000
0.97496642,0.00000000
0.96635893,0.00000000
0.97548563,0.00000000
0.94394179,0.00000000
0.94540645,0.00000000
0.97451931,0.00000000
0.92513824,0.00000000
0.95343151,0.00000000
0.98511019,0.00000000
0.97575312,0.00000000
0.95847826,0.00000000
0.97297634,0.00000000
0.96092210,0.00000000
0.97078294,0.00000000
0.95937886,0.00000000
0.97563127,0.00000000
0.97380338,0.00000000
0.93318371,0.00000000
0.96656183,0.00000000
0.96712459,0.00000000
0.96846570,0.00000000
0.94153387,0.00000000
0.96103714,0.00000000
0.96060234,0.00000000
0.96279308,0.00000000
0.94543264,0.00000000
0.94904024,0.00000000
0.94641285,0.00000000
0.91705881,0.00000000
0.93420260,0.00000000
0.91947673,0.00000000
0.92643745,0.00000000
0.96179943,0.00000000
0.89849733,0.00000000
0.92553828,0.00000000
0.88452358,0.00000000
0.91896988,0.00000000
0.93731939,0.00000000
0.96921854,0.00000000
0.97600908,0.00000000
0.96095484,0.00000000
0.94263158,0.00000000
0.95442773,0.00000000
0.93148020,0.00000000
0.94741262,0.00000000
0.91938127,0.00000000
0.90559444,0.00000000
0.90339812,0.00000000
0.90015980,0.00000000
0.86240723,0.00000000
0.88765848,0.00000000
0.80187160,0.00000000
0.86091012,0.00000000
0.96563290,0.00000000
0.91941353,0.00000000
0.97299814,0.00000000
0.90089304,0.00000000
0.97800795,0.00000000
0.43617895,0.00000000
0.44986831,0.00000000
0.90393882,0.00000000
0.95376179,0.00000000
0.91376390,0.00000000
0.90983491,0.00000000
0.46407425,0.00000000
0.44415718,0.00000000
0.44157388,0.00000000
0.44019622,0.00000000
0.82070351,0.00000000
0.99298450,0.00000000
0.93897715,0.00000000
0.42326491,0.00000000
0.86543460,0.00000000
0.94485429,0.00000000
0.94879277,0.00000000
0.93039677,0.00000000
0.93551108,0.00000000
0.95969217,0.00000000
0.95032648,0.00000000
0.91902142,0.00000000
0.00000000,0.00000000
0.00000000,0.00000000
0.00000000,0.00000000
0.00000000,0.00000000
0.00000000,0.00000000
0.00000000,0.00000000
0.00000000,0.00000000
0.00000000,0.00000000
0.00000000,0.00000000
0.00000000,0.00000000
0.00000000,0.00000000
0.00000000,0.00000000
0.00000000,0.00000000
0.00000000,0.00000000
0.00000000,0.00000000
0.00000000,0.00000000
0.00000000,0.00000000
0.00000000,0.00000000
0.00000000,0.00000000
0.00000000,0.00000000
0.00000000,0.00000000
0.00000000,0.00000000
0.00000000,0.00000000
0.00000000,0.00000000
0.00000000,0.00000000
0.00000000,0.00000000
0.00000000,0.00000000
0.00000000,0.00000000
0.00000000,0.00000000
0.00000000,0.00000000
0.00000000,0.00000000
0.00000000,0.00000000
0.00000000,0.00000000
0.00000000,0.00000000
0.00000000,0.00000000
0.00000000,0.00000000
0.00000000,0.00000000
0.00000000,0.00000000
0.00000000,0.00000000
0.00000000,0.00000000
0.00000000,0.00000000
0.00000000,0.00000000
0.00000000,0.00000000
0.00000000,0.00000000
0.00000000,0.00000000
0.00000000,0.00000000
0.00000000,0.00000000
0.00000000,0.00000000
0.00000000,0.00000000
0.00000000,0.00000000
0.00000000,0.00000000
0.00000000,0.00000000
0.00000000,0.00000000
0.00000000,0.00000000
0.00000000,0.00000000
0.00000000,0.00000000
0.00000000,0.00000000
0.00000000,0.00000000
0.00000000,0.00000000
0.00000000,0.00000000
0.00000000,0.00000000
0.00000000,0.00000000
0.00000000,0.00000000
0.00000000,0.00000000
0.00000000,0.00000000
0.00000000,0.00000000
0.00000000,0.00000000
0.00000000,0.00000000
0.00000000,0.00000000
0.00000000,0.00000000
0.00000000,0.00000000
0.00000000,0.00000000
0.00000000,0.00000000
0.00000000,0.00000000
0.00000000,0.00000000
0.00000000,0.00000000
0.00000000,0.00000000
0.00000000,0.00000000
0.00000000,0.00000000
0.00000000,0.00000000
0.00000000,0.00000000
0.00000000,0.00000000
0.00000000,0.00000000
0.00000000,0.00000000
0.00000000,0.00000000
0.00000000,0.00000000
0.00000000,0.00000000
0.00000000,0.00000000
0.00000000,0.00000000
0.00000000,0.00000000
0.00000000,0.00000000
0.00000000,0.00000000
0.00000000,0.00000000
0.00000000,0.00000000
0.00000000,0.00000000
0.00000000,0.00000000
0.00000000,0.00000000
0.00000000,0.00000000
0.00000000,0.00000000
0.00000000,0.00000000
0.00000000,0.00000000
0.00000000,0.00000000
0.00000000,0.00000000
0.00000000,0.00000000
0.00000000,0.00000000
0.00000000,0.00000000
0.00000000,0.00000000
0.00000000,0.00000000
0.00000000,0.00000000
0.00000000,0.00000000
0.00000000,0.00000000
0.00000000,0.00000000
0.00000000,0.00000000
0.00000000,0.00000000
0.00000000,0.00000000
0.00000000,0.00000000
0.00000000,0.00000000
0.00000000,0.00000000
0.00000000,0.00000000
0.00000000,0.00000000
0.00000000,0.00000000
0.00000000,0.00000000
0.00000000,0.00000000
0.00000000,0.00000000
0.00000000,0.00000000
0.00000000,0.00000000
0.00000000,0.00000000
0.00000000,0.00000000
0.00000000,0.00000000
0.00000000,0.00000000
0.00000000,0.00000000
0.00000000,0.00000000
0.00000000,0.00000000
0.00000000,0.00000000
0.00000000,0.00000000
0.00000000,0.00000000
0.00000000,0.00000000
0.00000000,0.00000000
0.00000000,0.00000000
0.00000000,0.00000000
0.00000000,0.00000000
0.00000000,0.00000000
0.00000000,0.00000000
0.00000000,0.00000000
0.00000000,0.00000000
0.00000000,0.00000000
0.00000000,0.00000000
0.00000000,0.00000000
0.00000000,0.00000000
0.91092470,0.00000000
0.87904605,0.00000000
0.85757429,0.00000000
0.79641879,0.00000000
0.87388355,0.00000000
0.81785014,0.00000000
0.63339553,0.00000000
0.79593804,0.00000000
0.77131522,0.00000000
0.60879840,0.00000000
0.61061388,0.00000000
0.66362483,0.00000000
0.66131390,0.00000000
0.64164683,0.00000000
0.78250847,0.00000000
0.74763585,0.00000000
0.89273520,0.00000000
0.89732442,0.00000000
0.83855238,0.00000000
0.74867469,0.00000000
0.69329839,0.00000000
0.67299324,0.00000000
0.69356590,0.00000000
0.67488856,0.00000000
0.69492919,0.00000000
0.65706192,0.00000000
0.87163088,0.00000000
0.74820591,0.00000000
0.90657627,0.00000000
0.88652299,0.00000000
0.89750643,0.00000000
0.90453331,0.00000000
0.86921657,0.00000000
0.90310250,0.00000000
0.93457551,0.00000000
0.89879802,0.00000000
0.89696577,0.00000000
0.92164499,0.00000000
0.90421997,0.00000000
0.84507615,0.00000000
0.85415368,0.00000000
0.85808332,0.00000000
0.91947513,0.00000000
0.92335168,0.00000000
0.91547714,0.00000000
0.91000126,0.00000000
0.90744735,0.00000000
0.93054840,0.00000000
0.92232749,0.00000000
0.91718454,0.00000000
0.91853117,0.00000000
0.87354319,0.00000000
0.88795615,0.00000000
0.91676682,0.00000000
0.91455077,0.00000000
0.92316274,0.00000000
0.92394174,0.00000000
0.90094386,0.00000000
0.88987328,0.00000000
0.89101132,0.00000000
0.92264869,0.00000000
0.89349713,0.00000000
0.92235555,0.00000000
0.90732715,0.00000000
0.87714506,0.00000000
0.89572433,0.00000000
0.89039272,0.00000000
0.88714487,0.00000000
0.88771548,0.00000000
0.87414569,0.00000000
0.87572758,0.00000000
0.88507679,0.00000000
0.87640692,0.00000000
0.86826090,0.00000000
0.84823863,0.00000000
0.86345548,0.00000000
0.84477030,0.00000000
0.84918194,0.00000000
0.90670775,0.00000000
0.89579163,0.00000000
0.92710785,0.00000000
0.93082314,0.00000000
0.96283734,0.00000000
0.92309655,0.00000000
0.92831535,0.00000000
0.91917243,0.00000000
0.84557292,0.00000000
0.87457828,0.00000000
0.83464380,0.00000000
0.88508912,0.00000000
0.88601676,0.00000000
0.87846934,0.00000000
0.88003962,0.00000000
0.87501544,0.00000000
0.87155214,0.00000000
0.93555846,0.00000000
0.93348179,0.00000000
0.95207932,0.00000000
0.92480874,0.00000000
0.92026302,0.00000000
0.98817572,0.00000000
0.94159572,0.00000000
0.92697059,0.00000000
0.94944362,0.00000000
0.97743384,0.00000000
0.94312574,0.00000000
0.94310871,0.00000000
0.94443907,0.00000000
0.93667270,0.00000000
0.94597906,0.00000000
0.95549465,0.00000000
0.93371610,0.00000000
0.91985385,0.00000000
0.94647678,0.00000000
0.89616470,0.00000000
0.89907408,0.00000000
0.91220843,0.00000000
0.87322407,0.00000000
0.90817417,0.00000000
0.84779941,0.00000000
0.89958829,0.00000000
0.89005249,0.00000000
0.87739873,0.00000000
0.77152167,0.00000000
0.88121970,0.00000000
0.90527867,0.00000000
0.91689655,0.00000000
0.91728017,0.00000000
0.91565755,0.00000000
0.88789581,0.00000000
0.90592411,0.00000000
0.94879351,0.00000000
0.91919082,0.00000000
0.95264375,0.00000000
0.86180957,0.00000000
0.88355548,0.00000000
0.86737424,0.00000000
0.82345719,0.00000000
0.86387106,0.00000000
0.83734150,0.00000000
0.81432766,0.00000000
0.81277306,0.00000000
0.80378348,0.00000000
0.80246155,0.00000000
0.82346946,0.00000000
0.79761211,0.00000000
0.80095762,0.00000000
0.91388076,0.00000000
0.90648178,0.00000000
0.89540674,0.00000000
0.91094161,0.00000000
0.97008554,0.00000000
0.90108419,0.00000000
0.84450494,0.00000000
0.86303347,0.00000000
0.90429312,0.00000000
0.87228310,0.00000000
0.92596334,0.00000000
0.66599108,0.00000000
0.85328021,0.00000000
0.82901997,0.00000000
0.87148672,0.00000000
0.89597242,0.00000000
0.88195242,0.00000000
0.80544219,0.00000000
0.77721122,0.00000000
0.85424923,0.00000000
0.79012380,0.00000000
0.81761631,0.00000000
0.79807098,0.00000000
0.85715071,0.00000000
0.83399708,0.00000000
0.82745110,0.00000000
0.85574900,0.00000000
0.84647579,0.00000000
0.76663724,0.00000000
0.77112326,0.00000000
0.74706923,0.00000000
0.78577288,0.00000000
0.79423044,0.00000000
0.87224143,0.00000000
0.53258997,0.00000000
0.78814848,0.00000000
0.59077736,0.00000000
0.23162991,0.00000000
0.59269500,0.00000000
0.80243353,0.00000000
0.82902508,0.00000000
0.76109449,0.00000000
0.82555132,0.00000000
0.50004752,0.00000000
0.63990690,0.00000000
0.85526991,0.00000000
0.71765605,0.00000000
0.61121530,0.00000000
0.84917360,0.00000000
0.00000000,0.00000000
0.00000000,0.00000000
0.00000000,0.00000000
0.00000000,0.00000000
0.00000000,0.00000000
0.00000000,0.00000000
0.00000000,0.00000000
0.00000000,0.00000000
0.00000000,0.00000000
0.00000000,0.00000000
0.00000000,0.00000000
0.00000000,0.00000000
0.00000000,0.00000000
0.00000000,0.00000000
0.00000000,0.00000000
0.00000000,0.00000000
0.00000000,0.00000000
0.00000000,0.00000000
0.00000000,0.00000000
0.00000000,0.00000000
0.00000000,0.00000000
0.00000000,0.00000000
0.00000000,0.00000000
0.00000000,0.00000000
0.00000000,0.00000000
0.00000000,0.00000000
0.00000000,0.00000000
0.00000000,0.00000000
0.00000000,0.00000000
0.00000000,0.00000000
0.00000000,0.00000000
0.00000000,0.00000000
0.00000000,0.00000000
0.00000000,0.00000000
0.00000000,0.00000000
0.00000000,0.00000000
0.00000000,0.00000000
0.00000000,0.00000000
0.00000000,0.00000000
0.00000000,0.00000000
0.00000000,0.00000000
0.00000000,0.00000000
0.00000000,0.00000000
0.00000000,0.00000000
0.00000000,0.00000000
0.00000000,0.00000000
0.00000000,0.00000000
0.00000000,0.00000000
0.00000000,0.00000000
0.00000000,0.00000000
0.00000000,0.00000000
0.00000000,0.00000000
0.00000000,0.00000000
0.00000000,0.00000000
0.00000000,0.00000000
0.00000000,0.00000000
0.00000000,0.00000000
0.00000000,0.00000000
0.00000000,0.00000000
0.00000000,0.00000000
0.00000000,0.00000000
0.00000000,0.00000000
0.00000000,0.00000000
0.00000000,0.00000000
0.00000000,0.00000000
0.00000000,0.00000000
0.00000000,0.00000000
0.00000000,0.00000000
0.00000000,0.00000000
0.00000000,0.00000000
0.00000000,0.00000000
0.00000000,0.00000000
0.00000000,0.00000000
0.00000000,0.00000000
0.00000000,0.00000000
0.00000000,0.00000000
0.00000000,0.00000000
0.00000000,0.00000000
0.00000000,0.00000000
0.00000000,0.00000000
0.00000000,0.00000000
0.00000000,0.00000000
0.00000000,0.00000000
0.00000000,0.00000000
0.00000000,0.00000000
0.00000000,0.00000000
0.00000000,0.00000000
0.00000000,0.00000000
0.00000000,0.00000000
0.00000000,0.00000000
0.00000000,0.00000000
0.00000000,0.00000000
0.00000000,0.00000000
0.00000000,0.00000000
0.00000000,0.00000000
0.00000000,0.00000000
0.00000000,0.00000000
0.00000000,0.00000000
0.00000000,0.00000000
0.00000000,0.00000000
0.00000000,0.00000000
0.00000000,0.00000000
0.00000000,0.00000000
0.00000000,0.00000000
0.00000000,0.00000000
0.00000000,0.00000000
0.00000000,0.00000000
0.00000000,0.00000000
0.00000000,0.00000000
0.00000000,0.00000000
0.00000000,0.00000000
0.00000000,0.00000000
0.00000000,0.00000000
0.00000000,0.00000000
0.00000000,0.00000000
0.00000000,0.00000000
0.00000000,0.00000000
0.00000000,0.00000000
0.00000000,0.00000000
0.00000000,0.00000000
0.00000000,0.00000000
0.00000000,0.00000000
0.00000000,0.00000000
0.00000000,0.00000000
0.00000000,0.00000000
0.00000000,0.00000000
0.00000000,0.00000000
0.00000000,0.00000000
0.00000000,0.00000000
0.00000000,0.00000000
0.00000000,0.00000000
0.00000000,0.00000000
0.00000000,0.00000000
0.00000000,0.00000000
0.00000000,0.00000000
0.00000000,0.00000000
0.00000000,0.00000000
0.00000000,0.00000000
0.00000000,0.00000000
0.00000000,0.00000000
0.00000000,0.00000000
0.00000000,0.00000000
0.00000000,0.00000000
0.00089268,0.00000000
0.00363307,0.00000000
0.00782260,0.00000000
0.01195921,0.00000000
0.01613632,0.00000000
0.02015844,0.00000000
0.04252488,0.00000000
0.05190020,0.00000000
0.04157950,0.00000000
0.04866211,0.00000000
0.05667008,0.00000000
0.09107623,0.00000000
0.09042673,0.00000000
0.09391362,0.00000000
0.10381932,0.00000000
0.09675150,0.00000000
0.10596837,0.00000000
0.11681856,0.00000000
0.12941755,0.00000000
0.14272628,0.00000000
0.18329613,0.00000000
0.14365766,0.00000000
0.19587728,0.00000000
0.20229802,0.00000000
0.22393037,0.00000000
0.22309392,0.00000000
0.21475056,0.00000000
0.21802357,0.00000000
0.22047255,0.00000000
0.12260478,0.00000000
0.21179728,0.00000000
0.17330998,0.00000000
0.19203793,0.00000000
0.18617927,0.00000000
0.23542647,0.00000000
0.18019346,0.00000000
0.14350792,0.00000000
0.20642295,0.00000000
0.22347090,0.00000000
0.23170665,0.00000000
0.23340644,0.00000000
0.28163613,0.00000000
0.25090861,0.00000000
0.22707490,0.00000000
0.15828787,0.00000000
0.23835875,0.00000000
0.28680701,0.00000000
0.31179991,0.00000000
0.23171126,0.00000000
0.26164575,0.00000000
0.27923702,0.00000000
0.27210094,0.00000000
0.25938490,0.00000000
0.23889265,0.00000000
0.25294948,0.00000000
0.24194732,0.00000000
0.20091896,0.00000000
0.24637930,0.00000000
0.23060249,0.00000000
0.21798239,0.00000000
0.21484141,0.00000000
0.19208729,0.00000000
0.18157145,0.00000000
0.17047246,0.00000000
0.12295246,0.00000000
0.15014572,0.00000000
0.13341049,0.00000000
0.09205947,0.00000000
0.11736368,0.00000000
0.09182684,0.00000000
0.12025350,0.00000000
0.08340596,0.00000000
0.09058443,0.00000000
0.08566779,0.00000000
0.07873353,0.00000000
0.08003795,0.00000000
0.05989054,0.00000000
0.06069743,0.00000000
0.05399842,0.00000000
0.04298232,0.00000000
0.04327304,0.00000000
0.01093344,0.00000000
0.00000000,0.00000000
0.00000000,0.00000000
0.00000000,0.00000000
0.00000000,0.00000000
0.00000000,0.00000000
0.00000000,0.00000000
0.00000000,0.00000000
0.00000000,0.00000000
0.00000000,0.00000000
0.00000000,0.00000000
0.00000000,0.00000000
0.00000000,0.00000000
0.00000000,0.00000000
0.00000000,0.00000000
0.00000000,0.00000000
0.00000000,0.00000000
0.00000000,0.00000000
0.00000000,0.00000000
0.00000000,0.00000000
0.00000000,0.00000000
0.00000000,0.00000000
0.00000000,0.00000000
0.00000000,0.00000000
0.00000000,0.00000000
0.00000000,0.00000000
0.00000000,0.00000000
0.00000000,0.00000000
0.00000000,0.00000000
0.00000000,0.00000000
0.00000000,0.00000000
0.00000000,0.00000000
0.00000000,0.00000000
0.00000000,0.00000000
0.00000000,0.00000000
0.00000000,0.00000000
0.00000000,0.00000000
0.00000000,0.00000000
0.00000000,0.00000000
0.00000000,0.00000000
0.00000000,0.00000000
0.00000000,0.00000000
0.00000000,0.00000000
0.00000000,0.00000000
0.00000000,0.00000000
0.00000000,0.00000000
0.00000000,0.00000000
0.00000000,0.00000000
0.00000000,0.00000000
0.00000000,0.00000000
0.00000000,0.00000000
0.00000000,0.00000000
0.00000000,0.00000000
0.00000000,0.00000000
0.00000000,0.00000000
0.00000000,0.00000000
0.00000000,0.00000000
0.00000000,0.00000000
0.00000000,0.00000000
0.00000000,0.00000000
0.00000000,0.00000000
0.00000000,0.00000000
0.00000000,0.00000000
0.00000000,0.00000000
0.00000000,0.00000000
0.00000000,0.00000000
0.00000000,0.00000000
0.00000000,0.00000000
0.00000000,0.00000000
0.00000000,0.00000000
0.00000000,0.00000000
0.00000000,0.00000000
0.00000000,0.00000000
0.00000000,0.00000000
0.00000000,0.00000000
0.00000000,0.00000000
0.00000000,0.00000000
0.00000000,0.00000000
0.00000000,0.00000000
0.00000000,0.00000000
0.00000000,0.00000000
0.00000000,0.00000000
0.00000000,0.00000000
0.00000000,0.00000000
0.00000000,0.00000000
0.00000000,0.00000000
0.00000000,0.00000000
0.00000000,0.00000000
0.00000000,0.00000000
0.00000000,0.00000000
0.00000000,0.00000000
0.00000000,0.00000000
0.00000000,0.00000000
0.00000000,0.00000000
0.00000000,0.00000000
0.00000000,0.00000000
0.00000000,0.00000000
0.00000000,0.00000000
0.00000000,0.00000000
0.00000000,0.00000000
0.00000000,0.00000000
0.00000000,0.00000000
0.00000000,0.00000000
0.00000000,0.00000000
0.00000000,0.00000000
0.00000000,0.00000000
0.00000000,0.00000000
0.00000000,0.00000000
0.00000000,0.00000000
0.00000000,0.00000000
0.00000000,0.00000000
0.00000000,0.00000000
0.00000000,0.00000000
0.00000000,0.00000000
0.00000000,0.00000000
0.00000000,0.00000000
0.00000000,0.00000000
0.00000000,0.00000000
0.00000000,0.00000000
0.00000000,0.00000000
0.00000000,0.00000000
0.00000000,0.00000000
0.00000000,0.00000000
0.00000000,0.00000000
0.00000000,0.00000000
0.00000000,0.00000000
0.00000000,0.00000000
0.00000000,0.00000000
0.00000000,0.00000000
0.00000000,0.00000000
0.00000000,0.00000000
0.00000000,0.00000000
0.00000000,0.00000000
0.00000000,0.00000000
0.00000000,0.00000000
0.00000000,0.00000000
0.00000000,0.00000000
0.00000000,0.00000000
0.00000000,0.00000000
0.00000000,0.00000000
0.00000000,0.00000000
0.00000000,0.00000000
0.00000000,0.00000000
0.00000000,0.00000000
0.00000000,0.00000000
0.00000000,0.00000000
0.00000000,0.00000000
0.00000000,0.00000000
0.00000000,0.00000000
0.00000000,0.00000000
0.00000000,0.00000000
0.00000000,0.00000000
0.00000000,0.00000000
0.00000000,0.00000000
0.00000000,0.00000000
0.00000000,0.00000000
0.00000000,0.00000000
0.00000000,0.00000000
0.00000000,0.00000000
0.00000000,0.00000000
0.00000000,0.00000000
0.00000000,0.00000000
0.00000000,0.00000000
0.00000000,0.00000000
0.00000000,0.00000000
0.00000000,0.00000000
0.00000000,0.00000000
0.00000000,0.00000000
0.00000000,0.00000000
0.00000000,0.00000000
0.00000000,0.00000000
0.00000000,0.00000000
0.00000000,0.00000000
0.00000000,0.00000000
0.00000000,0.00000000
0.00000000,0.00000000
0.00000000,0.00000000
0.00000000,0.00000000
0.00000000,0.00000000
0.00000000,0.00000000
0.00000000,0.00000000
0.00000000,0.00000000
0.00000000,0.00000000
0.00000000,0.00000000
0.00000000,0.00000000
0.00000000,0.00000000
0.00000000,0.00000000
0.00000000,0.00000000
0.00000000,0.00000000
0.00000000,0.00000000
0.00000000,0.00000000
0.00000000,0.00000000
0.00000000,0.00000000
0.00000000,0.00000000
0.00000000,0.00000000
0.00000000,0.00000000
0.00000000,0.00000000
0.00000000,0.00000000
0.00000000,0.00000000
0.00000000,0.00000000
0.00000000,0.00000000
0.00000000,0.00000000
0.00000000,0.00000000
0.00000000,0.00000000
0.00000000,0.00000000
0.00000000,0.00000000
0.00000000,0.00000000
0.00000000,0.00000000
0.00000000,0.00000000
0.00000000,0.00000000
0.00000000,0.00000000
0.00000000,0.00000000
0.00000000,0.00000000
0.00000000,0.00000000
0.00000000,0.00000000
0.00000000,0.00000000
0.00000000,0.00000000
0.00000000,0.00000000
0.00000000,0.00000000
0.00000000,0.00000000
0.00000000,0.00000000
0.00000000,0.00000000
0.00000000,0.00000000
0.00000000,0.00000000
0.00000000,0.00000000
0.00000000,0.00000000
0.00000000,0.00000000
0.00000000,0.00000000
0.00000000,0.00000000
0.00000000,0.00000000
0.00000000,0.00000000
0.00000000,0.00000000
0.00000000,0.00000000
0.00000000,0.00000000
0.00000000,0.00000000
0.00000000,0.00000000
0.00000000,0.00000000
0.72243740,0.00000000
0.94723533,0.00000000
0.99144195,0.00000000
0.96093551,0.00000000
0.99098714,0.00000000
0.95938524,0.00000000
0.69436011,0.00000000
0.98769728,0.00000000
0.98284460,0.00000000
0.98447261,0.00000000
0.97541398,0.00000000
0.97915245,0.00000000
0.94729621,0.00000000
0.95648921,0.00000000
0.97333671,0.00000000
0.97669861,0.00000000
0.95411700,0.00000000
0.96363308,0.00000000
0.95707404,0.00000000
0.95852920,0.00000000
0.96809690,0.00000000
0.96577850,0.00000000
0.94406066,0.00000000
0.95545832,0.00000000
0.94118717,0.00000000
0.98184547,0.00000000
0.96697786,0.00000000
0.97026427,0.00000000
0.97100608,0.00000000
0.97370173,0.00000000
0.94332542,0.00000000
0.96121842,0.00000000
0.96860912,0.00000000
0.94382209,0.00000000
0.96387889,0.00000000
0.97166063,0.00000000
0.93933963,0.00000000
0.97540981,0.00000000
0.94668560,0.00000000
0.97561841,0.00000000
0.97297091,0.00000000
0.96602344,0.00000000
0.96806140,0.00000000
0.95042423,0.00000000
0.95807808,0.00000000
0.95338997,0.00000000
0.96044288,0.00000000
0.93101158,0.00000000
0.93565960,0.00000000
0.92630432,0.00000000
0.92383446,0.00000000
0.95050611,0.00000000
0.96970790,0.00000000
0.97156358,0.00000000
0.96121101,0.00000000
0.98585609,0.00000000
0.96747353,0.00000000
0.96563858,0.00000000
0.96766670,0.00000000
0.97008403,0.00000000
0.96774432,0.00000000
0.97192702,0.00000000
0.97339593,0.00000000
0.97876184,0.00000000
0.97540055,0.00000000
0.97397229,0.00000000
0.97570002,0.00000000
0.99075999,0.00000000
0.98866433,0.00000000
0.97100590,0.00000000
0.98565178,0.00000000
0.98081887,0.00000000
0.98783915,0.00000000
0.98598126,0.00000000
0.98012207,0.00000000
0.98095274,0.00000000
0.98331301,0.00000000
0.98185445,0.00000000
0.98830850,0.00000000
0.66161239,0.00000000
0.97836712,0.00000000
0.66781958,0.00000000
0.67851184,0.00000000
0.95662387,0.00000000
0.98225022,0.00000000
0.94274056,0.00000000
0.96446285,0.00000000
0.92431699,0.00000000
0.94121540,0.00000000
0.90610112,0.00000000
0.91065862,0.00000000
0.96633122,0.00000000
0.90517950,0.00000000
0.96052565,0.00000000
0.96911017,0.00000000
0.96421758,0.00000000
0.95840645,0.00000000
0.94012121,0.00000000
0.98055657,0.00000000
0.95513629,0.00000000
0.97832998,0.00000000
0.97613512,0.00000000
0.94485800,0.00000000
0.96591935,0.00000000
0.97973870,0.00000000
0.98159182,0.00000000
0.94609195,0.00000000
0.96756820,0.00000000
0.93876604,0.00000000
0.95257167,0.00000000
0.96459230,0.00000000
0.97479230,0.00000000
0.96831311,0.00000000
0.94825425,0.00000000
0.93873650,0.00000000
0.97068817,0.00000000
0.74566165,0.00000000
0.74740177,0.00000000
0.98677691,0.00000000
0.97385466,0.00000000
0.97216928,0.00000000
0.96972776,0.00000000
0.97535597,0.00000000
0.96571197,0.00000000
0.96260787,0.00000000
0.96241607,0.00000000
0.98173251,0.00000000
0.98168616,0.00000000
0.99066699,0.00000000
0.98311110,0.00000000
0.98687271,0.00000000
0.96101722,0.00000000
0.98699953,0.00000000
0.96869729,0.00000000
0.97640684,0.00000000
0.94867440,0.00000000
0.98248383,0.00000000
0.96710183,0.00000000
0.95586140,0.00000000
0.95723688,0.00000000
0.96683579,0.00000000
0.97398767,0.00000000
0.96095932,0.00000000
0.96197978,0.00000000
0.98451782,0.00000000
0.97326874,0.00000000
0.96424857,0.00000000
0.95658228,0.00000000
0.96464907,0.00000000
0.95393557,0.00000000
0.99046215,0.00000000
0.98723813,0.00000000
0.96539574,0.00000000
0.95026052,0.00000000
0.97878425,0.00000000
0.97243880,0.00000000
0.98062515,0.00000000
0.98914054,0.00000000
0.98420479,0.00000000
0.98402865,0.00000000
0.97012437,0.00000000
0.98471608,0.00000000
0.97465830,0.00000000
0.98011517,0.00000000
0.97264571,0.00000000
0.97667568,0.00000000
0.96713332,0.00000000
0.96966238,0.00000000
0.98525193,0.00000000
0.98228344,0.00000000
0.96029584,0.00000000
0.96248400,0.00000000
0.95464843,0.00000000
0.96471779,0.00000000
0.96832711,0.00000000
0.96832470,0.00000000
0.96831302,0.00000000
0.97839075,0.00000000
0.97607950,0.00000000
0.96787132,0.00000000
0.95365364,0.00000000
0.98069187,0.00000000
0.97112440,0.00000000
0.98180716,0.00000000
0.96622155,0.00000000
0.97020404,0.00000000
0.97816036,0.00000000
0.96809450,0.00000000
0.96196034,0.00000000
0.95507681,0.00000000
0.97264425,0.00000000
0.96872298,0.00000000
0.97230255,0.00000000
0.94998966,0.00000000
0.96038437,0.00000000
0.96741348,0.00000000
0.97447619,0.00000000
0.98861982,0.00000000
0.98071266,0.00000000
0.96501355,0.00000000
0.96381492,0.00000000
0.97825369,0.00000000
0.96454860,0.00000000
0.97472175,0.00000000
0.98080064,0.00000000
0.97255000,0.00000000
0.96908041,0.00000000
0.97016316,0.00000000
0.98253278,0.00000000
0.96563113,0.00000000
0.97679631,0.00000000
0.97490549,0.00000000
0.97091551,0.00000000
0.97784411,0.00000000
0.96945645,0.00000000
0.98493279,0.00000000
0.96597519,0.00000000
0.98043251,0.00000000
0.95976278,0.00000000
0.98039607,0.00000000
0.97233722,0.00000000
0.98194927,0.00000000
0.98041571,0.00000000
0.96425484,0.00000000
0.97534017,0.00000000
0.98843232,0.00000000
0.98269250,0.00000000
0.96401084,0.00000000
0.96491527,0.00000000
0.99020588,0.00000000
0.99122462,0.00000000
0.97920435,0.00000000
0.97806009,0.00000000
0.97028504,0.00000000
0.98436304,0.00000000
0.97124297,0.00000000
0.99168092,0.00000000
