423.000,32.000,554.000,676.000
424.462,34.456,551.076,672.312
425.926,33.196,548.149,677.269
425.588,27.901,548.824,675.664
425.813,31.834,548.374,673.891
426.264,35.429,547.474,667.918
427.727,31.769,544.547,675.239
426.939,36.860,546.123,671.125
450.410,40.442,552.492,670.018
452.694,32.086,547.924,674.555
446.836,36.013,553.557,672.785
448.753,37.684,553.390,667.000
451.823,37.970,559.410,672.508
455.315,45.224,552.426,662.912
459.030,44.837,557.109,661.264
464.297,42.666,546.573,663.176
466.436,44.056,550.732,666.422
468.966,45.013,545.673,662.083
465.089,46.405,547.411,660.503
467.984,46.869,545.232,657.167
457.849,47.173,552.324,668.539
468.899,55.526,547.249,656.698
459.418,45.588,561.413,664.578
465.037,44.105,550.175,666.323
467.513,52.556,553.704,654.267
460.079,43.606,555.322,663.736
464.341,42.534,546.798,663.449
453.218,43.924,555.783,666.698
457.035,43.511,548.149,665.088
459.174,44.897,548.706,659.898
449.359,38.902,555.091,671.889
451.930,41.210,549.950,669.717
440.257,39.623,559.934,666.819
445.025,31.784,550.400,673.935
445.925,42.030,553.476,666.853
449.039,36.163,552.113,670.076
451.246,38.930,552.567,671.844
453.117,47.997,548.824,658.589
443.598,41.626,554.630,662.909
447.851,36.912,558.259,674.766
450.543,31.511,552.876,673.281
452.231,34.789,554.384,680.159
452.872,34.403,550.643,674.784
453.669,33.825,553.930,669.840
456.335,34.709,548.599,680.263
455.547,33.732,550.175,673.659
456.448,37.882,548.374,678.766
455.885,36.575,549.500,672.832
456.786,40.720,552.567,666.976
459.670,48.559,546.798,656.158
450.200,44.626,552.554,672.414
451.953,46.524,549.049,666.180
454.091,49.118,544.772,659.780
438.453,51.381,547.246,657.655
420.331,51.244,546.273,659.130
423.220,52.909,534.490,658.203
423.369,21.134,534.192,683.766
408.627,9.813,538.274,702.780
378.603,0.000,552.771,699.760
366.236,21.300,535.188,690.765
350.244,40.497,534.311,671.844
363.190,38.273,532.400,678.690
345.458,22.704,538.990,682.159
293.347,5.769,571.609,667.484
257.761,2.051,576.031,681.101
237.385,0.000,579.175,653.501
213.038,0.000,590.936,639.454
188.676,0.000,616.288,662.929
170.639,0.000,602.475,651.250
163.484,0.000,602.995,635.271
134.270,0.000,606.923,623.575
100.406,1.546,598.322,641.411
68.589,0.000,598.736,666.866
198.497,0.000,474.237,645.798
219.642,0.000,435.269,604.217
248.398,0.000,417.791,654.203
277.292,0.000,425.935,586.639
292.160,0.000,427.214,615.481
294.305,0.000,432.162,594.138
319.753,0.000,405.603,609.383
367.335,0.000,389.044,599.211
405.287,0.000,389.493,585.684
454.724,0.000,369.964,559.560
483.108,0.000,352.346,570.215
505.006,0.000,359.676,561.368
519.345,0.000,366.076,555.016
536.333,0.000,360.078,568.097
530.754,0.000,377.574,575.605
537.612,0.000,379.717,588.218
553.412,0.000,378.389,574.117
575.606,0.000,376.918,584.675
579.929,0.000,377.667,592.028
574.736,0.000,389.000,595.100
568.936,0.000,398.674,594.148
600.747,0.000,381.803,585.374
594.782,0.000,397.519,591.773
636.242,0.000,385.481,583.298
631.596,0.000,398.569,591.525
628.708,0.000,394.626,592.218
648.004,0.000,377.319,591.192
633.387,0.000,398.044,609.493
639.154,0.000,396.369,608.432
635.826,0.000,404.009,617.791
642.830,0.000,401.000,616.895
540.699,0.000,499.740,654.881
545.524,0.000,500.397,680.123
556.367,0.000,496.223,699.677
552.154,0.000,495.218,649.327
544.373,0.000,489.214,660.644
532.914,0.000,490.508,689.952
538.367,0.000,486.586,704.677
565.997,0.000,487.588,708.653
567.413,0.000,484.754,682.595
563.460,0.000,483.452,705.037
564.458,0.000,488.468,641.159
569.000,0.000,481.626,665.558
576.401,0.000,486.086,697.627
588.658,0.000,482.551,708.979
588.793,0.000,482.281,710.347
587.416,2.526,490.895,709.981
611.906,18.401,476.181,688.867
603.591,17.866,489.373,694.520
597.462,27.984,491.131,682.451
605.519,45.966,483.128,674.034
601.538,40.362,480.812,679.638
595.968,46.112,481.654,672.714
580.505,70.364,481.826,649.270
572.876,79.283,479.172,633.671
570.893,49.760,475.415,659.625
556.475,38.923,473.997,676.818
538.421,46.330,472.697,671.072
532.451,49.382,474.494,666.094
527.810,50.536,473.651,661.537
512.510,45.137,473.997,672.336
495.244,37.765,471.237,678.039
487.576,42.972,467.337,668.755
472.813,37.156,478.957,675.912
470.915,28.987,475.922,687.696
462.685,24.733,472.915,687.043
453.813,24.793,471.262,681.219
454.692,26.316,475.174,683.843
467.488,35.045,471.262,670.949
481.384,38.479,464.857,675.338
476.041,30.707,475.542,677.423
479.783,24.054,474.877,681.641
481.537,41.520,477.061,672.895
468.305,33.211,476.308,683.843
471.192,38.221,477.386,674.964
474.719,43.972,476.013,668.008
479.113,45.049,481.897,666.981
496.552,43.842,478.787,670.529
512.534,44.557,478.576,670.234
521.708,60.008,482.900,655.201
524.539,58.945,481.741,658.454
532.107,50.053,481.256,668.349
532.101,49.382,481.269,667.420
532.207,51.799,481.057,663.722
521.639,56.782,490.883,661.673
525.280,65.978,483.602,645.563
530.052,65.640,486.356,654.064
533.868,66.373,487.756,646.954
539.445,64.996,488.967,654.204
543.931,61.535,489.053,652.070
534.193,57.591,487.058,661.088
522.219,59.956,489.430,650.680
534.243,55.463,476.676,660.795
561.446,79.265,481.793,639.022
594.669,95.595,485.313,618.579
604.857,95.658,501.123,620.646
604.305,91.253,502.226,626.109
593.862,91.113,499.540,621.899
580.360,87.475,493.076,621.366
588.667,74.607,487.544,638.239
595.729,73.274,492.402,637.555
600.794,75.771,491.244,634.803
589.377,70.199,487.256,640.361
575.852,67.260,487.474,652.740
568.936,60.556,490.014,653.729
567.044,53.313,487.004,662.551
566.076,55.976,485.528,661.774
564.909,55.570,484.460,653.511
553.775,56.893,492.090,655.369
552.048,43.607,488.725,673.985
546.021,41.770,486.995,675.362
531.315,40.917,494.604,674.773
530.060,26.856,483.241,693.144
526.062,31.647,484.286,681.245
531.392,22.799,480.522,689.745
534.326,27.809,481.568,680.877
528.704,24.425,489.373,686.498
527.454,19.650,481.433,691.408
523.401,24.754,482.613,682.355
521.210,16.765,486.996,689.144
518.876,26.218,491.662,687.631
514.537,20.959,489.868,685.350
520.598,21.558,484.704,685.312
514.931,16.988,485.656,688.685
508.880,15.214,487.341,699.178
501.412,13.210,491.763,697.346
504.672,16.117,484.072,692.703
497.506,13.586,487.972,691.970
501.898,16.462,486.168,696.686
494.597,10.772,480.972,698.749
485.666,12.123,488.394,700.688
488.722,11.291,489.305,697.669
495.949,15.098,485.378,691.225
499.868,11.827,484.495,701.243
491.300,3.141,491.131,704.616
483.684,0.000,495.765,713.437
479.267,0.000,497.460,659.002
485.029,0.000,485.935,691.660
482.060,0.000,491.874,712.415
483.971,0.000,495.160,686.709
484.129,0.000,494.844,712.153
486.804,0.000,496.623,686.367
494.387,0.000,488.468,712.456
495.420,0.870,493.487,704.812
502.503,8.544,489.945,694.187
507.057,14.849,487.841,695.582
509.598,8.151,488.589,699.650
511.685,12.801,490.266,700.881
515.163,17.181,490.350,693.294
523.420,23.040,484.340,686.245
520.925,25.710,489.329,682.059
520.501,29.165,490.177,679.774
517.248,9.822,486.288,701.132
519.664,8.645,488.468,697.645
523.170,2.217,493.143,710.499
525.715,0.000,495.160,708.106
529.166,0.000,495.369,655.067
535.156,0.000,486.810,708.317
527.092,0.000,493.537,682.008
533.517,0.000,491.137,716.033
544.041,0.000,491.457,709.396
556.996,6.129,496.268,698.320
555.375,0.684,499.510,712.744
548.400,4.797,502.715,705.711
554.185,5.985,498.296,704.529
558.998,0.000,505.276,709.332
575.611,0.000,490.023,714.096
586.172,0.000,485.478,712.276
586.431,0.000,492.023,709.265
579.475,0.000,492.932,713.988
578.921,0.000,491.664,713.272
573.514,0.000,502.479,716.905
566.517,0.000,505.663,693.560
564.554,0.733,506.035,711.055
559.442,0.000,501.851,661.213
550.925,0.000,496.976,652.315
533.894,0.000,500.271,663.470
524.587,0.000,503.895,686.883
511.577,0.000,498.120,689.653
503.731,0.000,505.600,707.310
499.155,0.000,503.978,705.602
487.360,0.000,506.085,685.815
498.689,0.000,475.173,691.918
561.844,22.343,394.766,663.298
583.097,80.581,351.236,616.455
607.818,114.026,310.178,575.646
617.408,121.003,292.689,495.711
656.257,165.303,258.447,373.567
697.805,202.851,210.794,264.891
764.397,205.630,140.551,209.644
808.554,222.472,98.978,148.466
847.125,252.791,48.767,98.019
935.388,227.527,71.640,60.693
941.098,282.042,64.580,56.524
977.746,292.750,27.239,49.272
1009.382,336.726,26.914,127.292
1078.444,299.272,178.807,114.267
1182.727,178.424,96.430,265.541
1088.569,238.084,191.114,184.700
807.185,277.392,348.350,136.180
510.681,98.583,316.694,380.382
329.943,0.000,494.037,540.308
322.593,0.000,494.260,558.645
311.048,0.000,502.629,614.760
298.687,0.000,511.776,589.969
307.176,0.305,502.494,601.454
297.593,0.000,506.253,580.572
293.565,0.000,499.120,603.864
282.768,0.000,493.249,608.427
282.669,0.000,491.254,610.151
281.798,0.000,490.805,583.344
376.185,0.000,391.999,621.551
302.462,0.000,473.249,603.222
293.094,0.000,475.943,600.011
290.420,0.000,481.291,629.422
295.333,0.000,472.565,611.029
301.451,0.062,476.463,636.718
303.737,0.000,474.097,626.033
307.409,0.000,473.297,590.015
324.091,0.000,457.910,635.532
328.502,0.000,453.407,650.264
321.598,0.000,457.435,646.749
316.279,0.000,464.808,658.646
318.312,0.000,465.173,657.159
320.735,0.000,464.753,656.119
324.366,0.000,463.017,668.416
325.368,0.000,459.899,677.183
322.969,0.000,459.111,650.251
326.161,0.000,458.196,661.938
326.032,0.000,456.249,670.401
330.532,0.000,442.821,662.888
332.865,0.000,442.493,634.032
333.626,0.000,438.852,643.505
332.901,0.000,439.239,636.558
332.346,0.000,429.763,631.604
323.086,0.000,430.561,645.239
318.921,0.000,428.341,645.458
325.744,0.000,415.748,655.327
317.402,0.000,423.032,657.733
322.034,0.000,415.878,662.413
349.283,0.291,388.694,662.881
334.332,0.000,410.467,641.614
325.947,0.000,410.806,645.343
330.400,0.000,398.809,648.314
328.338,0.000,402.934,645.690
327.644,1.227,398.194,651.405
326.918,0.000,395.570,649.094
313.789,0.000,399.519,644.973
315.427,0.000,393.195,632.369
304.441,0.000,393.212,663.488
300.635,0.000,381.397,654.858
293.234,0.000,384.192,646.588
290.818,0.000,365.085,638.504
281.996,1.279,371.130,626.281
278.425,0.000,368.623,619.354
276.223,0.000,370.157,642.532
270.984,0.166,371.851,632.440
278.341,0.000,364.902,623.059
274.669,0.000,363.656,616.008
271.739,0.000,360.987,649.095
263.281,0.000,360.462,633.653
256.999,0.000,364.418,621.943
263.861,0.000,352.601,614.971
258.428,0.869,355.079,642.125
277.358,1.846,336.328,624.883
276.710,0.000,339.460,633.563
275.603,0.000,329.605,651.029
280.967,0.000,320.729,618.435
281.763,0.000,325.378,647.075
286.477,0.000,307.684,616.526
279.883,1.342,309.537,632.154
271.730,0.000,307.249,640.605
272.628,0.000,297.461,639.962
260.647,0.000,303.083,623.937
262.473,0.000,299.430,648.827
260.408,0.000,302.677,646.505
259.451,0.000,296.623,646.439
257.015,0.000,301.495,650.131
255.380,0.000,296.791,655.522
251.910,0.000,293.137,650.035
237.674,0.000,291.021,650.996
233.298,0.000,289.317,650.543
228.585,0.000,278.767,654.408
229.471,0.000,265.882,658.061
218.376,0.000,264.624,653.112
215.918,0.000,254.566,648.507
203.295,0.000,257.036,652.870
207.187,0.000,246.793,657.679
201.559,0.633,249.179,657.219
203.043,0.000,243.781,659.684
198.878,0.000,245.688,657.426
199.453,1.321,242.125,652.370
183.707,0.000,251.346,652.029
186.198,0.000,243.932,656.659
170.409,0.000,253.085,655.097
164.936,0.000,249.362,642.918
159.790,1.700,258.051,646.730
153.043,0.000,257.641,641.596
158.150,0.933,253.939,634.847
156.495,0.000,248.406,629.466
158.823,0.000,239.793,634.457
168.614,0.000,235.048,642.860
179.567,0.000,231.033,596.803
202.906,0.309,211.118,628.892
208.542,2.588,208.598,616.313
223.826,3.501,195.975,626.691
222.924,0.000,199.885,602.997
229.756,0.000,196.642,610.706
226.776,0.000,199.134,614.115
219.966,0.000,199.457,592.596
215.066,1.687,201.685,596.794
210.368,2.903,197.889,586.723
198.854,0.000,195.688,592.184
193.134,4.478,199.633,590.722
188.475,5.656,206.890,600.051
181.179,3.791,204.552,583.327
178.371,14.077,208.095,610.458
164.002,13.989,207.587,575.679
159.867,20.247,211.013,610.900
148.918,18.026,212.064,570.056
149.181,21.931,217.105,601.213
140.549,28.129,213.392,574.349
137.211,30.057,222.170,597.125
133.864,31.972,217.202,562.683
136.088,28.475,220.453,596.272
135.983,31.185,218.485,576.335
137.252,30.238,208.134,564.022
137.071,24.881,213.983,573.365
133.950,26.113,203.392,568.795
132.158,25.239,214.465,569.863
133.014,25.332,193.859,567.578
135.679,30.975,193.175,573.551
138.313,32.560,193.237,574.379
145.576,40.346,185.380,576.144
157.129,43.786,173.397,568.610
157.749,49.120,169.645,558.571
158.137,57.846,176.264,544.816
161.287,57.938,177.409,525.403
174.189,59.001,175.445,521.444
186.854,66.101,178.564,516.323
200.768,70.808,179.302,516.026
214.928,81.038,179.597,506.525
229.855,84.326,178.725,496.325
239.314,93.373,181.871,504.468
249.005,102.480,180.072,490.499
252.200,105.647,182.008,487.734
252.567,121.728,179.486,493.139
245.791,118.658,185.293,487.363
240.946,110.185,187.160,485.052
234.378,99.927,190.040,493.501
230.123,92.976,190.583,490.858
238.467,89.196,192.264,486.171
258.735,83.277,189.660,498.622
271.047,85.649,197.059,485.257
281.705,80.134,188.737,487.622
275.261,69.485,197.981,499.811
276.001,63.056,199.022,500.073
276.395,42.889,200.127,514.522
275.614,61.849,203.616,503.580
271.046,72.050,208.908,494.713
271.282,73.658,207.150,494.714
271.044,69.173,206.344,499.840
280.364,66.464,198.632,501.401
283.644,60.015,204.077,501.662
288.353,59.200,206.823,510.335
296.818,61.391,206.153,512.456
300.969,61.845,210.217,518.708
305.631,61.493,208.162,500.909
311.471,65.052,209.409,508.010
316.945,62.496,210.863,494.842
324.060,67.359,218.626,503.875
332.394,72.829,216.572,503.564
350.147,75.478,208.822,487.032
357.533,82.178,215.752,483.846
367.092,84.129,218.626,476.062
378.240,89.018,218.288,483.076
395.759,95.969,212.493,468.524
397.124,95.828,214.817,465.017
395.688,93.561,217.056,462.589
380.525,89.524,225.183,466.857
394.495,84.834,219.303,463.909
403.930,79.972,218.943,462.781
403.783,81.291,219.238,462.693
399.322,82.566,216.051,459.507
394.431,83.333,215.739,464.911
383.777,80.643,219.935,455.714
377.122,75.889,219.934,456.982
377.901,71.402,212.664,453.894
369.820,67.657,215.768,457.653
369.548,65.709,215.683,460.292
368.889,64.346,218.262,454.818
369.520,60.246,218.262,461.757
361.753,57.962,225.538,458.064
356.150,56.685,223.233,458.045
349.948,54.552,227.314,464.872
351.663,59.850,225.186,457.530
357.630,59.949,226.097,456.048
360.113,59.129,230.130,456.403
363.581,56.349,232.279,460.665
362.506,53.563,231.154,460.998
361.138,44.292,238.464,467.129
365.417,32.577,239.264,471.844
369.407,37.888,240.696,464.584
374.629,28.550,239.622,474.558
370.270,25.587,239.567,475.086
373.896,22.710,241.771,479.490
366.689,19.898,239.151,473.532
370.364,16.778,241.234,482.467
368.753,14.920,242.409,480.720
372.422,14.744,244.636,489.956
370.721,22.075,244.575,496.078
373.064,21.858,249.651,490.933
361.224,20.626,250.904,499.006
356.339,27.163,253.591,501.515
360.351,26.643,244.853,499.700
353.913,19.464,248.624,522.461
345.495,10.185,256.083,511.445
343.876,8.034,247.732,525.887
343.496,5.871,258.605,538.882
351.724,9.247,251.865,526.151
356.665,4.829,256.560,533.529
352.419,0.000,259.130,522.579
346.492,2.088,261.411,533.867
331.362,0.000,267.739,518.812
327.991,0.000,267.022,518.970
316.155,0.000,272.806,512.166
318.599,0.000,273.157,510.530
317.660,0.000,265.318,504.888
307.508,0.000,279.031,507.308
300.213,0.000,275.553,505.115
303.552,2.355,273.356,499.658
304.094,0.000,273.752,505.959
312.852,3.448,275.603,508.748
321.761,0.000,277.269,512.609
335.086,0.000,274.775,528.060
341.344,0.000,272.932,523.240
347.713,0.669,259.438,528.708
341.020,0.000,257.256,541.555
345.583,0.000,251.865,549.548
339.674,5.875,242.828,546.736
350.224,5.732,235.585,545.565
339.520,9.317,229.715,536.958
347.544,1.575,221.398,532.761
373.013,0.000,213.077,524.335
385.175,0.458,203.478,520.742
394.354,0.751,204.022,526.023
390.121,6.022,188.223,528.597
381.959,13.375,193.183,530.937
372.092,17.826,186.624,522.676
364.103,24.662,194.472,515.883
352.323,24.640,188.244,514.026
351.777,15.089,187.466,531.258
356.424,23.569,183.227,514.930
363.809,24.660,175.835,507.216
377.599,30.779,171.568,513.509
383.748,38.523,174.723,506.936
387.102,42.351,168.015,498.683
393.485,65.191,150.036,484.286
391.856,95.204,152.755,437.214
389.610,110.528,143.281,414.324
387.113,114.301,146.811,406.778
391.535,108.294,148.730,409.008
390.851,111.843,154.049,404.872
384.917,93.390,153.423,424.787
373.692,86.966,151.843,429.966
377.456,101.852,148.409,427.828
382.578,133.731,151.276,400.880
397.054,116.157,145.508,419.260
408.521,131.547,140.366,395.892
404.642,132.779,141.992,397.202
411.956,124.652,139.720,398.724
425.560,116.483,138.512,396.153
423.569,105.504,141.089,400.299
412.286,76.348,141.294,413.416
399.730,86.173,143.671,405.859
382.649,89.524,142.556,409.306
375.561,80.363,138.834,422.790
384.808,94.264,139.265,413.427
403.055,88.712,140.710,412.526
416.023,98.703,147.084,410.869
414.744,86.565,148.166,420.870
412.865,93.602,150.425,409.795
412.495,91.146,149.672,408.241
412.130,37.009,160.298,458.136
413.107,82.789,159.970,413.753
420.441,79.441,164.882,409.630
423.802,79.793,168.564,412.046
427.865,79.461,170.995,410.600
430.641,76.367,173.927,413.607
436.016,72.220,177.670,415.996
439.944,78.293,178.521,409.837
446.932,70.492,179.161,414.613
451.371,75.317,179.013,410.967
447.522,87.031,161.203,403.822
450.488,63.188,165.485,423.416
458.534,75.175,165.816,413.746
467.521,92.790,147.842,392.148
473.446,89.698,139.850,393.991
477.138,95.512,141.390,390.819
481.460,80.973,132.747,404.362
477.346,76.330,128.454,398.346
494.942,98.487,124.047,365.803
504.053,68.032,122.467,394.710
503.216,92.380,137.789,368.904
508.487,80.549,113.258,382.639
493.442,78.933,123.762,385.872
493.605,84.525,116.433,377.314
494.322,56.192,113.741,403.761
497.970,80.807,113.742,375.134
498.163,54.487,115.011,397.986
502.570,76.628,116.902,390.531
496.008,73.862,118.477,374.677
485.243,65.949,113.862,382.913
483.206,54.992,117.935,388.516
483.440,46.897,112.323,393.131
487.434,25.955,119.482,404.723
492.587,4.245,116.658,419.970
495.957,0.597,117.454,417.515
501.941,1.927,115.238,418.401
514.268,0.000,115.646,425.271
526.337,2.963,116.830,427.342
531.532,0.177,116.278,434.254
544.249,0.537,117.378,434.884
559.072,0.006,116.222,427.354
571.222,3.066,117.357,421.681
562.227,0.000,113.977,418.709
552.758,2.987,111.928,400.929
548.908,3.224,112.840,389.002
541.533,1.301,109.964,371.443
539.452,1.264,107.651,365.851
540.053,1.875,102.874,365.026
536.754,0.000,103.260,368.004
529.075,0.000,108.084,368.564
529.557,0.820,103.522,368.124
521.932,0.474,108.223,374.677
514.757,0.000,111.687,373.285
519.921,1.908,108.307,373.556
526.153,0.222,107.924,378.942
538.431,3.934,106.437,377.183
543.906,0.000,111.935,377.078
541.894,22.412,109.381,360.627
532.555,1.888,105.390,377.814
524.496,2.136,104.721,386.909
526.859,0.441,100.397,385.864
528.177,0.000,101.703,388.895
538.014,1.719,105.921,394.217
554.556,1.591,103.120,404.294
564.019,0.000,99.724,419.126
551.682,0.000,104.756,413.756
540.720,0.000,100.843,414.815
549.762,0.000,102.426,395.872
570.735,0.000,105.236,393.489
582.225,0.000,106.280,377.950
594.042,1.213,105.516,387.961
591.287,0.000,106.163,381.992
575.018,0.000,99.188,388.565
552.263,0.043,101.445,376.289
539.612,0.000,102.884,368.529
536.107,0.329,103.659,368.262
539.428,1.380,103.667,374.765
544.293,2.466,105.779,383.251
547.185,13.054,103.623,382.235
549.558,21.168,99.276,381.954
545.808,38.341,102.100,368.262
542.123,26.434,103.260,374.607
544.934,23.188,104.330,371.650
550.190,18.222,105.645,372.122
562.101,26.735,104.463,365.423
577.951,20.108,103.667,369.289
590.223,30.056,106.933,361.927
594.871,25.195,104.330,361.020
587.955,48.672,101.838,335.832
586.678,31.866,104.392,359.080
579.944,50.900,107.391,352.801
578.693,18.814,103.659,381.901
574.376,10.665,105.921,376.298
566.582,0.000,89.533,382.676
555.005,0.000,108.611,375.198
553.934,0.000,99.838,373.532
567.891,0.000,105.181,387.847
593.400,18.095,103.476,383.588
570.182,0.173,150.310,407.471
578.974,0.000,148.574,399.532
565.955,1.254,148.274,397.511
559.376,0.000,145.873,392.076
554.756,0.000,148.888,362.639
556.624,0.000,159.110,395.327
559.837,0.000,151.178,421.165
564.185,0.000,152.081,421.273
592.590,0.000,123.141,410.804
598.333,1.900,122.911,403.852
572.775,0.000,146.807,409.089
569.623,0.000,142.316,398.389
561.642,0.000,143.021,393.704
551.412,0.000,145.423,408.333
540.232,0.000,144.860,373.901
544.665,1.123,143.911,400.064
548.907,0.000,139.270,401.896
544.638,0.000,133.120,402.760
545.812,0.000,127.526,395.220
547.963,0.181,128.621,385.414
590.433,2.118,81.567,374.407
593.748,0.228,76.338,173.337
582.566,0.876,124.071,177.113
577.855,0.000,121.922,180.207
575.334,0.000,126.965,180.878
584.463,0.862,123.890,179.458
587.873,0.000,122.446,186.756
589.776,0.161,124.087,190.670
587.724,0.585,129.425,194.137
590.175,1.085,129.605,198.854
590.002,0.000,128.664,202.157
590.994,0.000,127.326,198.027
590.389,0.000,127.264,193.189
596.216,0.000,124.406,196.811
604.556,0.074,125.576,202.299
612.449,0.688,127.983,210.645
619.910,0.000,129.822,215.128
619.226,0.805,131.859,238.952
609.041,1.129,137.292,259.645
593.729,0.476,149.006,253.009
609.150,0.000,141.485,299.950
611.384,0.575,140.320,300.038
610.902,0.000,137.586,401.535
623.678,0.000,136.513,364.583
636.541,0.475,132.230,351.125
649.185,0.533,133.677,347.560
671.557,0.000,135.991,366.426
679.691,0.000,142.951,365.476
666.945,0.104,145.100,369.387
664.371,0.000,141.902,369.827
665.595,0.000,138.078,367.947
661.535,0.325,140.331,364.139
662.886,0.000,142.609,365.296
664.768,0.413,142.499,366.753
661.866,1.156,140.065,365.268
658.556,0.000,137.176,364.428
650.136,0.000,136.556,360.856
642.008,0.000,135.488,361.670
637.950,0.444,135.626,359.453
641.198,0.186,135.320,364.832
645.708,0.000,134.306,371.610
644.883,0.000,134.614,375.875
639.253,0.000,140.020,388.288
633.653,0.000,150.288,396.706
629.620,0.000,149.556,395.806
617.181,0.000,152.020,399.134
613.286,0.000,153.400,405.744
617.095,0.000,158.761,402.073
624.659,0.000,154.255,396.763
626.508,0.778,154.517,395.208
631.534,0.977,138.035,388.871
596.212,0.000,166.016,389.253
601.889,0.000,144.995,391.514
562.713,0.000,175.147,390.471
591.101,0.000,142.987,393.741
598.913,1.073,141.146,387.794
611.424,2.057,138.597,383.952
623.469,0.568,136.672,389.701
621.546,0.357,145.603,391.510
626.915,1.468,145.385,394.069
633.952,0.000,143.772,396.429
584.970,0.000,202.561,401.254
629.743,0.000,162.674,406.110
595.259,0.000,199.726,402.266
588.473,0.000,212.164,412.730
592.680,0.000,212.042,419.592
591.785,0.000,212.041,421.240
594.898,0.000,214.191,428.999
601.264,0.000,220.876,429.308
609.395,0.000,224.336,413.722
671.559,2.576,175.624,407.960
683.828,0.821,175.196,401.290
690.750,0.000,174.091,399.442
703.380,0.754,167.301,395.823
698.407,0.000,165.398,398.070
689.143,0.000,160.292,404.024
684.753,0.000,157.869,405.205
676.612,0.607,154.407,397.915
668.461,0.000,147.386,397.568
661.687,0.000,148.816,392.196
652.891,0.000,147.541,383.306
649.511,0.000,153.349,384.053
652.352,0.000,146.209,380.009
649.035,0.000,146.710,372.566
641.854,0.000,142.811,367.490
634.358,0.712,144.958,387.168
630.011,1.281,147.488,384.606
621.756,0.000,150.649,386.187
623.704,0.480,150.615,387.641
624.516,0.000,151.895,385.378
623.953,0.000,155.442,388.323
617.094,0.000,157.850,392.827
604.249,0.000,158.104,389.430
597.860,0.000,159.456,386.956
592.061,0.000,166.578,385.913
588.017,0.000,168.574,369.655
574.353,0.000,169.915,374.233
560.884,0.000,173.635,355.704
562.089,0.000,171.226,351.069
552.006,0.000,168.816,332.082
549.155,0.000,168.828,331.076
552.172,0.000,169.419,330.224
555.399,0.000,169.598,329.972
553.030,0.000,175.283,337.900
556.866,0.851,174.433,337.660
560.534,0.000,179.725,346.977
560.942,0.000,185.407,355.897
565.193,1.558,190.275,355.352
564.511,0.614,192.681,366.095
565.665,1.265,194.095,373.831
569.958,0.000,193.059,382.318
572.959,0.000,194.670,386.917
562.636,0.114,201.584,393.830
552.829,0.000,207.092,400.170
543.422,1.266,206.887,406.283
527.326,0.145,214.127,420.710
516.633,0.000,220.494,426.789
533.505,0.000,215.008,424.102
549.155,0.000,219.966,425.974
502.872,0.000,277.601,445.241
470.637,0.000,291.395,430.960
543.271,0.000,205.003,392.819
548.028,0.352,203.446,408.028
550.543,0.000,213.412,414.893
517.237,0.000,262.747,438.020
492.477,0.000,282.397,451.852
469.258,0.746,288.802,446.071
452.747,0.000,294.527,439.289
498.511,0.000,254.111,432.723
448.323,0.000,313.992,434.762
461.142,0.000,303.881,436.235
435.969,0.187,339.651,433.674
441.360,0.000,345.773,439.087
462.168,0.000,347.051,450.391
480.580,0.439,352.962,459.009
484.598,1.067,357.015,453.723
481.890,0.806,351.961,465.523
471.477,5.033,358.199,468.414
459.538,14.585,364.860,474.728
450.397,28.727,377.311,469.765
449.395,7.361,382.686,482.994
431.654,0.000,379.450,480.314
429.133,1.772,382.783,485.315
442.761,0.000,381.416,476.558
434.620,0.000,389.163,466.144
401.604,0.000,386.149,470.899
384.735,1.611,392.576,463.411
373.519,0.000,388.537,468.146
375.767,0.234,372.948,457.437
390.243,2.378,348.957,457.283
399.246,0.000,348.538,483.630
407.489,0.000,341.915,492.498
402.664,0.000,351.564,489.387
435.615,0.000,347.944,476.379
435.197,0.237,375.672,517.466
434.191,0.000,340.622,520.172
439.387,0.000,331.914,526.291
451.443,0.000,331.222,504.871
457.464,0.365,342.095,470.585
471.946,0.000,337.219,450.033
522.012,0.000,311.176,434.807
550.945,0.175,297.493,404.266
551.101,0.000,295.792,378.672
536.227,0.443,295.397,400.561
516.658,0.000,295.300,404.473
505.184,0.218,287.808,413.032
490.308,1.011,295.468,418.349
476.156,0.000,301.249,445.272
461.886,0.000,315.865,463.749
455.919,0.000,315.544,467.767
440.693,0.000,316.011,469.162
447.605,0.000,314.521,484.348
451.713,0.000,318.807,489.093
462.522,0.000,316.158,488.779
467.157,0.000,321.839,477.310
460.217,0.000,323.170,444.166
451.167,0.000,311.694,420.778
451.893,0.000,308.792,412.626
447.702,0.000,291.458,397.046
435.475,0.000,292.761,388.478
441.490,0.000,283.432,389.267
433.619,0.000,286.543,380.122
414.326,0.000,276.227,374.433
395.991,0.000,271.693,373.281
361.673,0.000,265.125,381.023
339.610,0.252,264.072,391.336
337.835,0.000,253.469,392.776
329.361,0.000,271.049,413.101
346.325,0.000,284.010,439.653
355.347,0.000,285.064,465.986
335.960,0.000,286.640,467.848
314.386,0.000,301.208,478.702
316.053,0.000,203.648,484.032
309.807,0.744,224.936,456.784
284.926,0.000,223.354,435.802
289.221,0.000,212.890,410.189
280.266,0.000,225.474,402.755
275.359,0.000,252.180,411.326
290.540,0.000,238.584,430.061
278.361,0.188,252.680,438.022
286.849,0.140,243.695,433.457
275.277,0.000,256.425,434.245
266.584,0.000,269.137,421.480
256.844,0.000,234.669,425.853
250.780,0.933,248.697,432.214
238.612,1.108,266.469,444.334
223.745,0.000,266.583,445.772
208.720,0.756,276.628,444.950
203.052,0.000,274.619,445.174
203.891,0.000,270.842,448.638
210.908,0.000,270.068,444.839
218.274,0.000,276.151,436.125
211.821,0.000,299.479,432.075
186.635,0.000,327.536,429.116
159.057,0.000,319.660,423.913
133.933,0.000,322.011,417.543
126.150,1.821,314.095,424.175
126.792,0.496,301.117,429.749
136.258,0.000,293.703,428.449
139.719,0.000,283.942,427.181
136.641,0.000,274.755,426.979
131.363,0.000,259.934,430.216
117.424,0.000,253.008,439.335
109.127,0.115,248.915,455.789
112.878,2.106,246.133,460.572
120.045,0.000,249.320,466.888
134.084,0.000,245.823,471.073
139.805,0.474,252.096,472.169
130.448,0.000,253.540,476.973
137.446,0.000,249.293,471.067
127.667,0.289,257.191,464.316
97.138,0.679,269.820,462.845
72.894,0.000,283.649,441.478
67.380,0.000,287.592,436.787
89.167,0.000,284.451,434.037
110.416,0.000,286.264,434.355
110.966,0.000,292.223,434.580
98.713,0.000,295.330,434.151
81.500,0.000,302.514,417.079
74.948,0.000,304.246,418.953
68.372,0.000,300.240,427.508
57.087,0.000,309.182,426.092
48.246,0.000,313.062,434.587
38.644,0.000,312.330,435.851
24.984,0.000,316.022,423.930
18.100,0.000,320.263,443.551
16.795,0.000,321.365,451.106
6.054,0.000,322.276,446.499
4.685,0.000,312.864,463.213
0.000,0.000,322.636,472.361
1.133,0.000,314.900,475.286
2.157,0.000,309.755,474.606
7.395,0.000,312.325,451.403
17.039,0.000,314.075,442.849
6.143,0.000,306.759,442.351
0.988,0.000,268.402,426.902
0.000,0.089,219.857,421.982
0.773,0.697,190.259,403.081
0.567,0.000,185.683,404.549
0.000,0.000,187.249,414.650
1.033,0.000,196.338,423.186
0.000,0.000,213.407,430.196
0.000,0.000,226.751,444.887
0.000,0.000,239.268,427.813
0.000,0.000,255.382,436.738
0.000,0.000,260.021,431.568
0.000,0.000,272.122,432.302
0.851,0.639,280.714,454.359
0.382,0.000,304.529,458.003
0.000,0.000,328.279,450.224
1.030,0.452,329.297,461.631
0.236,0.000,358.199,448.996
0.000,0.000,351.156,462.157
2.202,0.000,362.881,456.065
0.401,0.000,355.896,447.108
0.000,0.000,356.392,438.324
0.245,0.000,375.675,431.913
15.512,0.000,378.203,437.717
21.372,0.598,390.915,445.481
24.684,0.000,370.925,448.066
16.776,0.474,385.109,431.615
21.672,0.000,375.318,435.761
23.167,0.960,376.373,437.079
18.932,0.000,392.963,437.902
13.623,0.000,386.974,447.315
15.539,0.436,387.306,445.610
17.966,0.422,367.486,451.459
14.165,0.000,379.165,461.804
15.329,1.450,354.228,471.467
8.413,0.000,345.975,479.284
0.000,0.000,342.753,487.374
1.251,0.000,322.256,471.884
0.000,0.000,307.532,457.573
0.000,0.000,293.429,451.046
0.000,0.000,290.931,448.402
0.000,0.000,279.918,452.625
1.049,0.000,271.408,454.979
0.000,1.010,251.400,462.102
0.000,0.000,281.956,451.775
0.250,0.000,255.026,460.911
1.475,0.531,262.183,459.850
4.715,0.000,265.432,459.061
8.843,0.000,272.551,450.367
16.070,0.000,277.735,439.797
23.460,0.000,275.544,440.893
20.266,0.000,284.722,444.456
23.103,0.000,286.166,447.174
34.469,0.000,283.480,444.071
45.503,0.000,281.301,450.060
55.080,0.000,282.093,450.134
56.309,0.360,281.063,450.128
57.316,0.000,280.471,455.353
58.057,0.000,281.136,463.029
57.042,0.000,290.389,473.506
47.824,0.000,301.403,485.447
34.626,0.000,306.353,490.870
13.116,1.649,313.661,495.336
21.634,0.000,304.513,493.086
48.278,0.000,303.177,483.811
80.310,0.495,297.357,474.391
104.177,0.850,292.480,480.449
121.353,0.000,288.144,478.193
132.451,0.000,290.463,473.844
141.086,0.000,283.586,452.210
159.579,0.000,275.274,452.632
175.723,0.000,272.652,454.468
182.357,0.272,279.122,449.696
170.116,0.000,292.254,452.822
152.361,0.000,299.358,451.476
157.810,0.000,281.102,450.913
134.403,0.000,286.568,450.719
115.832,0.000,295.657,452.677
106.934,0.000,284.158,457.766
82.985,0.000,291.632,456.991
94.321,0.000,270.420,459.449
91.988,0.000,277.204,471.660
101.018,0.000,283.030,481.220
122.837,0.000,279.293,491.087
134.967,0.000,284.686,487.972
131.865,0.000,288.653,483.411
138.583,0.890,281.201,482.379
128.023,0.000,288.311,484.674
125.497,1.360,285.879,477.463
116.866,0.000,293.530,473.733
110.624,0.000,300.788,472.720
122.121,0.000,288.363,474.901
112.202,0.000,300.793,471.566
115.592,0.000,302.305,474.008
118.201,0.000,298.604,468.915
107.244,0.000,308.536,465.860
121.878,0.000,295.963,464.388
117.776,0.000,298.974,483.688
118.032,0.000,299.984,482.440
105.089,0.000,304.552,473.441
94.751,0.000,303.952,464.685
77.442,0.611,318.255,454.435
65.259,0.000,322.064,447.867
51.404,0.000,331.526,449.006
39.518,0.000,330.581,447.723
27.735,0.000,335.670,446.358
21.220,0.000,333.976,452.546
13.071,0.000,329.259,451.228
4.139,0.000,332.467,453.944
4.011,0.000,331.168,451.637
3.983,0.000,318.841,441.733
1.858,0.000,316.329,438.014
0.000,0.000,298.569,434.275
0.000,0.000,297.782,430.512
0.000,0.000,290.829,427.446
0.715,0.000,284.459,436.773
0.000,0.000,274.140,441.278
1.282,0.000,265.309,449.738
0.000,0.000,246.626,446.791
0.000,0.844,236.914,445.103
2.138,0.000,222.240,449.534
0.000,0.117,216.407,448.667
0.908,0.000,214.591,441.537
2.199,0.000,220.638,435.244
1.482,0.000,210.285,433.490
0.000,0.000,196.666,430.668
0.000,0.000,191.580,432.715
2.431,0.000,185.565,439.381
2.584,1.268,198.981,435.129
0.802,0.000,195.480,433.743
0.000,0.000,191.789,434.253
0.000,0.000,190.074,432.642
0.000,0.000,193.240,430.530
0.000,0.000,190.718,425.975
0.609,0.000,192.355,425.891
0.000,0.000,194.733,412.275
0.000,0.000,202.881,413.196
1.717,0.000,198.868,418.221
1.857,0.000,200.896,410.007
0.000,0.000,200.508,422.658
0.014,0.000,208.639,424.048
1.943,0.000,208.949,419.188
0.396,0.000,212.042,415.713
0.038,0.000,216.918,414.672
1.044,0.000,226.313,416.240
0.000,2.327,228.462,414.043
0.000,0.000,228.771,418.108
0.000,1.585,229.577,417.415
0.000,0.000,237.511,425.986
0.000,0.000,237.204,428.875
0.000,0.600,237.329,427.674
0.000,0.768,237.299,425.425
0.000,0.482,244.541,425.998
1.408,0.840,241.079,427.220
1.834,0.000,239.586,429.628
1.512,0.000,239.586,432.561
0.817,0.433,248.064,434.273
2.022,1.473,252.879,428.252
0.000,0.820,268.134,431.533
1.303,0.000,267.570,431.732
2.422,0.000,278.259,424.050
2.607,0.000,292.334,429.384
3.356,0.000,295.801,433.883
4.301,0.000,294.629,429.131
5.685,0.000,296.844,425.275
8.279,0.000,296.635,418.219
18.446,0.000,287.580,412.812
43.582,0.143,272.489,410.458
56.669,0.000,272.419,409.518
69.813,0.000,266.865,409.423
73.527,0.000,270.027,417.159
64.768,0.000,282.171,424.239
57.691,0.000,290.785,430.901
76.289,0.000,276.967,425.123
88.393,0.000,275.424,433.038
102.354,0.000,273.773,428.071
105.599,0.000,278.935,443.625
115.465,0.646,286.671,456.420
125.610,0.840,286.649,460.376
127.099,0.000,296.037,464.511
138.521,0.000,293.979,480.208
147.166,0.000,293.232,481.456
155.436,0.000,297.743,495.614
166.678,0.226,300.634,502.850
183.112,0.000,294.231,510.077
196.861,0.000,290.770,534.178
206.556,2.809,291.891,543.548
196.211,1.076,304.606,567.748
136.248,0.000,377.085,584.620
151.836,0.000,372.228,595.920
164.536,1.082,373.219,616.376
186.028,10.716,362.872,619.187
197.598,21.383,365.355,616.833
210.231,21.058,365.740,615.584
218.397,28.815,362.699,606.714
216.648,27.008,369.015,606.574
223.125,22.528,373.108,607.010
230.613,29.813,367.656,601.965
229.913,34.232,378.471,594.068
223.660,30.442,389.079,591.211
237.723,27.493,378.232,591.348
231.866,28.814,382.375,593.439
243.800,25.188,375.670,594.970
234.768,15.069,384.268,600.064
238.551,12.393,378.626,599.652
231.448,11.873,385.205,601.644
235.207,9.199,387.320,597.359
230.493,11.280,389.045,591.271
227.260,8.361,387.832,601.907
231.647,11.484,388.727,596.629
227.430,10.000,389.449,597.669
235.816,11.466,385.228,595.703
225.127,11.075,393.182,594.567
231.993,10.220,389.130,597.246
220.051,8.734,397.573,605.044
226.466,6.012,386.707,603.617
212.885,7.089,398.397,599.530
210.618,5.633,395.108,599.507
199.738,2.477,401.283,595.106
198.914,2.721,395.108,590.705
197.269,0.243,398.397,596.629
195.414,1.857,394.299,594.377
202.643,0.000,389.532,589.741
197.837,0.000,395.306,587.512
194.878,0.000,391.580,586.959
191.096,0.000,397.225,581.323
201.160,0.000,386.716,579.256
197.443,0.000,392.254,579.555
196.948,0.000,393.245,580.893
206.101,0.000,384.504,582.173
201.383,0.000,384.471,575.178
199.675,0.000,387.886,578.504
207.815,0.000,386.773,578.384
206.229,0.000,382.375,573.134
213.770,0.000,376.661,576.091
210.946,0.000,383.244,572.448
218.824,0.000,376.862,572.152
225.080,0.000,373.645,569.563
230.904,0.000,376.772,565.514
238.194,0.000,364.041,563.642
231.672,0.000,372.552,568.260
233.756,0.000,366.542,556.734
229.005,0.000,371.524,564.016
226.893,0.000,369.333,561.528
232.914,0.000,366.405,558.758
235.027,0.500,367.614,554.137
241.757,0.000,363.188,552.218
248.543,0.003,359.476,545.040
265.268,0.000,345.518,552.481
250.897,0.793,360.268,537.779
268.938,0.000,343.567,548.060
245.324,0.473,367.348,539.298
265.064,0.000,347.469,540.969
253.061,0.000,357.589,544.752
322.308,2.926,291.536,538.899
250.686,0.241,364.962,541.097
322.876,0.000,293.517,542.070
250.873,0.378,367.264,541.315
270.295,0.000,348.054,543.231
258.048,0.000,358.619,546.673
318.575,0.312,294.299,543.390
257.620,0.000,356.979,543.343
264.229,0.000,346.406,540.511
252.122,0.000,363.692,543.890
323.553,0.000,286.723,539.079
296.159,0.000,317.118,543.378
311.800,0.000,297.468,538.413
295.549,0.905,313.953,535.802
327.747,0.000,287.319,533.960
256.620,0.000,360.590,539.774
327.430,0.000,291.371,538.302
303.436,0.000,307.644,537.943
333.468,1.032,280.156,539.952
306.971,0.000,311.356,534.882
338.478,0.000,276.115,536.204
325.541,0.000,294.287,536.196
308.935,1.807,311.600,535.761
305.243,0.596,321.438,538.184
303.641,0.000,322.145,536.893
338.186,0.409,281.357,535.244
345.240,0.004,278.126,531.392
342.736,0.262,275.440,533.184
339.350,0.000,283.747,533.729
337.907,0.000,278.842,530.908
335.578,0.000,285.042,533.548
338.409,0.000,275.478,531.327
339.055,1.434,279.547,530.757
336.986,0.857,275.977,538.849
309.791,0.000,308.754,538.898
340.074,0.851,285.743,537.197
312.733,0.000,316.110,535.358
350.570,0.000,283.254,531.994
325.942,0.000,310.755,532.470
357.530,0.000,275.270,539.061
353.322,0.000,274.435,533.944
318.103,0.000,314.983,538.272
355.231,0.000,283.598,535.421
353.530,0.000,279.201,539.112
350.275,0.000,287.264,532.752
326.368,0.000,313.157,531.776
363.678,0.000,281.017,534.651
361.423,0.000,277.768,530.352
358.924,0.083,284.302,532.490
367.107,0.000,278.842,533.488
373.763,0.443,276.335,527.970
375.107,0.000,278.999,530.433
382.186,0.000,264.840,526.208
380.827,0.000,272.791,527.674
323.581,0.000,334.886,532.658
326.166,0.021,332.251,533.462
323.708,0.000,335.483,539.858
332.139,0.000,317.768,543.397
335.455,0.000,320.288,534.584
334.058,0.000,315.626,538.184
336.788,0.000,308.517,535.539
332.432,0.159,309.908,524.647
330.040,0.000,307.430,523.112
327.189,0.000,296.271,519.287
364.655,1.414,256.660,520.384
319.651,0.000,278.650,516.121
364.875,0.000,235.253,515.321
325.711,0.000,276.649,517.585
333.766,0.000,271.142,522.360
347.290,0.000,262.175,523.355
350.862,0.000,265.411,519.675
337.866,0.000,264.640,527.451
332.578,0.000,257.269,523.986
325.996,0.000,261.613,522.136
329.545,0.000,255.995,527.421
335.472,0.000,258.849,532.120
344.551,0.000,248.119,529.037
354.729,0.000,248.799,529.276
365.816,0.000,248.416,535.571
376.087,0.000,249.785,537.291
382.174,0.000,255.212,537.791
377.075,0.000,251.325,535.789
371.285,0.000,257.763,532.267
372.651,0.000,260.221,536.734
368.892,0.000,253.529,537.602
368.571,0.000,247.521,541.444
357.485,0.000,244.044,530.157
350.652,0.000,246.192,529.267
340.834,0.000,242.713,524.684
339.321,0.000,239.310,524.511
341.223,0.000,239.762,526.845
338.751,0.000,238.304,519.510
336.754,0.000,233.845,516.844
325.641,0.000,231.717,522.148
313.371,0.000,231.884,518.027
305.115,0.000,229.663,515.043
293.291,0.000,236.790,511.521
286.951,0.000,228.566,506.626
279.274,0.000,225.524,504.728
271.150,0.000,228.939,504.265
268.602,0.000,225.873,500.457
265.810,0.000,225.400,501.196
262.783,0.000,225.400,498.875
264.041,0.000,220.869,499.846
260.039,0.423,220.891,495.008
256.649,0.000,219.728,494.790
256.981,0.000,215.105,490.872
252.678,0.264,210.705,482.541
248.239,0.000,211.922,479.627
244.410,0.000,211.922,477.907
244.659,0.000,197.414,471.392
244.415,0.000,189.960,467.191
236.832,0.000,188.430,459.593
229.689,0.000,186.217,449.603
223.159,0.000,183.056,440.877
234.488,0.000,155.847,436.008
233.104,0.000,154.441,433.491
231.626,0.000,147.043,425.920
228.957,1.432,142.856,418.544
225.944,1.094,139.577,411.875
220.815,1.489,134.467,401.481
208.029,0.000,128.404,399.953
203.265,1.698,125.682,400.187
202.765,0.000,119.494,408.435
186.450,1.238,120.284,407.728
173.017,0.000,119.670,408.984
165.559,1.283,122.634,397.564
153.467,0.000,119.400,378.722
153.141,0.000,120.051,365.180
156.993,0.000,118.636,369.138
155.106,0.000,116.960,371.117
148.501,0.000,117.236,371.217
139.450,0.000,123.224,394.045
138.850,0.238,120.894,406.805
144.214,0.000,119.051,407.983
136.674,1.471,122.218,405.482
121.119,0.000,123.020,410.582
105.276,0.000,124.124,412.164
96.260,0.092,122.689,407.454
85.074,0.104,119.095,409.667
75.634,1.958,120.284,399.768
73.846,0.240,116.832,397.055
71.461,0.840,114.703,389.819
69.140,1.495,115.960,388.931
67.165,0.788,113.107,390.770
41.680,0.000,128.317,390.121
52.559,0.000,119.990,394.298
51.118,0.000,115.901,386.250
44.664,0.000,113.555,381.677
29.768,0.000,115.012,376.274
6.016,0.000,120.845,365.238
2.490,0.000,99.708,361.421
0.258,0.000,76.798,361.681
0.000,8.668,43.329,354.688
1.318,82.545,10.000,264.500
375.000,0.000,297.000,710.000
359.006,8.552,301.419,424.559
337.194,2.495,316.409,430.231
317.452,0.000,335.958,399.988
278.480,329.155,362.530,362.530
373.368,2.316,265.666,413.742
269.213,0.000,353.822,588.898
249.731,0.000,366.296,717.380
248.197,0.000,365.261,412.043
232.072,96.551,371.890,531.050
227.675,8.966,388.687,639.511
227.409,3.374,380.238,648.699
210.777,6.662,381.695,707.726
210.261,0.000,367.127,707.892
209.112,4.931,364.322,704.152
204.788,0.000,348.646,709.708
200.917,0.000,353.402,713.233
197.722,0.000,356.776,706.357
196.215,0.000,356.776,714.980
185.545,0.000,377.105,715.386
182.826,0.000,384.622,719.446
181.381,0.000,389.620,716.699
181.605,0.905,391.286,715.947
182.295,0.000,404.740,718.059
186.122,0.000,412.193,720.000
191.558,4.482,403.502,708.855
184.555,0.280,420.720,716.188
205.964,0.000,413.054,714.305
225.520,0.000,417.425,720.000
245.540,0.000,405.908,715.444
255.436,0.000,406.609,719.033
265.055,0.000,407.929,720.000
288.986,0.000,394.773,711.392
320.930,0.000,390.275,715.216
340.518,3.336,389.171,712.774
374.892,0.000,383.666,717.038
386.120,0.000,388.509,714.478
391.615,0.000,397.557,714.724
406.863,0.000,394.802,708.416
422.198,0.000,391.656,713.050
436.131,0.000,378.595,715.027
441.079,0.000,390.570,710.589
476.076,2.028,369.085,710.751
496.616,0.000,366.954,714.108
503.878,0.000,366.775,713.584
511.135,0.000,366.596,713.148
518.389,0.000,366.417,712.756
525.640,0.000,366.238,712.386
532.887,0.000,366.059,718.162
539.443,0.000,379.625,716.134
549.769,0.000,373.581,711.821
559.053,0.000,381.846,715.052
0.000,1.000,116.000,386.000
1.223,1.211,124.571,399.137
0.591,0.000,129.405,407.381
0.471,1.869,133.322,413.297
0.900,2.304,128.707,415.246
0.008,4.474,131.878,411.368
0.209,5.482,132.876,412.150
0.555,10.938,132.183,409.205
0.979,8.756,141.583,408.913
12.034,7.027,142.114,407.071
5.531,7.268,141.632,404.181
1.585,4.244,134.666,403.040
0.000,0.000,111.812,403.913
0.000,4.852,98.903,398.467
0.137,6.827,84.312,395.710
0.000,11.967,58.383,395.303
1.818,16.178,35.890,397.223
0.155,26.841,10.282,177.188
0.000,0.000,10.000,202.090
0.000,0.000,10.000,281.045
0.000,0.000,10.000,353.522
0.000,166.641,27.145,82.865
0.000,229.269,10.000,24.142
0.000,178.341,10.000,87.929
0.000,103.305,10.000,166.088
0.000,22.349,10.000,328.000
0.000,0.000,10.000,415.774
0.000,196.916,14.551,268.325
593.000,0.000,686.000,714.000
562.013,0.000,711.556,712.778
554.362,0.000,719.732,718.393
564.498,0.000,709.535,719.002
580.423,0.000,696.271,712.641
581.771,1.075,698.229,713.310
576.422,1.854,703.578,714.576
576.247,1.502,703.753,708.186
584.836,0.000,695.164,714.422
589.738,0.000,686.770,715.403
607.697,0.000,672.303,713.988
622.136,0.000,655.906,709.214
615.619,0.000,663.479,712.285
613.066,0.000,665.833,716.573
634.990,0.000,644.101,709.363
666.215,0.000,610.057,709.083
679.056,0.000,597.536,708.588
706.977,0.000,572.947,716.292
743.433,0.000,535.935,710.735
770.552,0.000,506.398,720.000
807.412,0.000,465.313,714.121
831.270,0.000,446.434,714.669
834.027,1.207,444.312,713.387
824.112,0.000,452.878,713.894
827.489,0.000,452.511,716.577
830.389,0.000,446.711,718.392
872.374,0.000,405.817,717.403
922.997,0.000,353.173,714.035
0.000,349.000,86.000,363.000
0.000,433.593,154.762,284.356
76.541,489.628,149.595,228.594
123.204,473.249,137.709,245.433
78.658,434.333,159.424,284.606
28.649,411.071,174.099,308.087
1.620,380.086,205.897,335.278
30.436,309.555,205.573,355.416
63.940,284.286,196.481,345.331
60.014,291.712,202.249,349.766
15.297,334.593,216.632,354.489
0.000,382.574,197.399,336.195
2.253,372.735,160.917,345.042
1.573,374.960,140.106,342.009
0.634,387.767,109.555,330.417
0.000,411.554,46.263,307.240
304.000,96.000,960.000,621.000
304.965,304.512,951.888,407.952
354.393,360.081,924.119,359.919
0.000,445.406,1276.930,271.208
194.514,279.548,442.773,434.530
243.825,337.906,270.405,378.392
243.279,434.255,327.844,281.101
251.603,300.078,337.939,415.738
274.250,402.144,371.436,312.156
277.916,287.532,217.507,426.151
298.321,230.076,271.141,488.662
378.497,183.590,793.733,526.969
246.000,4.000,991.000,711.000
229.149,0.000,952.469,705.547
255.799,191.973,981.211,526.703
527.719,252.465,745.257,463.268
0.000,522.910,520.471,194.054
194.695,525.763,117.083,191.532
242.149,524.742,107.275,193.873
276.447,542.590,104.778,175.496
356.000,552.378,98.332,165.969
470.222,517.800,97.329,200.548
560.553,462.315,94.518,254.752
614.025,400.813,91.954,316.868
624.810,320.077,89.859,325.954
641.641,277.451,87.038,326.908
651.055,243.369,92.184,320.785
661.698,241.313,90.517,326.275
647.759,216.188,93.615,318.703
630.962,180.581,94.714,348.784
619.322,166.690,95.416,329.221
613.119,172.051,100.728,322.402
598.921,157.239,102.073,319.563
591.365,144.499,106.696,323.343
583.013,143.000,108.161,314.818
573.508,152.905,106.469,318.668
576.601,165.134,109.131,317.806
586.817,170.490,108.452,319.392
600.793,174.776,105.098,321.256
620.250,190.537,105.893,319.885
623.793,179.778,104.338,321.124
616.559,170.566,105.238,319.381
623.647,178.243,104.280,322.020
630.319,196.980,108.538,320.848
627.788,211.292,106.501,323.987
628.560,227.016,112.028,318.591
637.678,232.389,108.540,322.217
638.743,233.131,110.907,322.231
647.239,240.120,108.684,322.643
655.058,248.741,110.680,320.410
658.723,252.790,112.025,319.856
657.099,253.837,112.240,313.590
659.871,253.970,114.585,319.710
664.666,257.866,114.958,321.498
665.980,253.967,117.716,321.603
661.707,245.251,114.960,320.329
660.790,245.208,115.642,316.958
658.450,243.130,115.341,316.899
654.124,231.664,117.104,322.609
649.627,226.393,114.812,317.194
645.118,224.852,116.950,316.072
641.192,222.263,117.869,317.784
639.259,218.711,116.696,317.134
637.517,216.653,117.484,317.784
637.481,218.160,116.395,315.155
637.357,211.518,119.712,317.313
634.002,206.683,118.229,317.619
634.111,202.839,121.117,317.543
642.048,204.924,125.663,316.906
651.319,199.500,123.907,315.763
655.428,183.451,122.425,316.562
655.146,173.016,125.749,315.752
655.745,164.425,121.756,317.763
648.907,154.805,124.408,317.713
646.603,146.816,121.849,318.161
643.668,139.545,120.624,318.905
640.363,142.312,122.129,320.833
641.205,136.722,123.614,317.355
637.160,137.116,122.976,320.135
632.714,138.702,123.132,320.539
628.261,140.290,125.275,320.943
621.806,144.500,122.519,320.156
614.834,148.675,120.993,317.755
610.143,153.223,128.019,318.477
608.672,162.502,125.707,316.894
606.774,165.866,129.902,318.161
612.273,168.580,125.826,318.840
614.204,171.131,129.989,317.350
611.685,176.479,128.112,317.635
608.727,178.257,131.607,318.117
606.519,177.940,133.564,317.931
606.443,176.363,132.891,316.958
604.711,170.971,129.372,317.064
603.673,167.628,131.853,316.042
611.564,167.071,129.151,313.885
610.821,165.556,134.266,317.723
610.933,166.381,133.214,316.072
611.006,167.528,133.479,315.832
613.598,165.485,131.175,315.806
615.583,160.714,133.319,317.194
618.017,162.039,134.628,314.543
623.087,164.734,133.143,314.101
625.823,162.604,134.219,317.543
630.538,168.075,133.466,313.211
630.980,165.500,136.674,314.269
634.622,167.119,136.024,312.689
635.776,168.699,137.431,311.593
635.733,173.310,136.274,314.797
632.541,174.364,137.683,313.519
629.794,175.046,138.181,313.821
