140.000,442.000,118.000,229.000
142.384,436.684,117.841,225.478
142.831,434.437,119.232,225.724
143.617,430.295,119.962,225.135
144.678,426.997,120.145,225.807
148.048,423.858,120.987,224.502
153.734,419.891,118.199,224.842
159.914,416.020,120.212,225.398
165.296,412.677,118.020,224.502
173.424,408.814,118.071,225.053
181.500,405.048,118.252,225.398
187.626,401.277,129.884,221.490
197.541,399.251,128.395,220.106
210.902,391.807,128.944,223.884
228.090,389.792,119.400,223.152
238.464,386.382,118.579,222.458
247.028,381.854,119.660,222.736
255.494,379.042,120.723,223.453
262.612,378.036,122.921,222.506
272.079,375.699,117.564,220.556
277.299,372.401,117.449,222.959
280.268,370.748,116.050,221.403
283.053,369.364,118.829,222.243
286.454,368.783,116.587,222.102
287.081,367.400,117.589,221.647
288.029,367.379,117.954,220.396
289.250,370.454,117.771,216.506
293.154,376.735,116.356,210.336
293.711,385.138,115.868,202.925
291.750,393.226,123.169,194.428
295.120,392.899,122.004,195.392
299.237,390.738,120.570,199.714
303.915,389.321,117.117,203.479
309.299,390.276,116.860,205.588
314.297,391.797,119.292,205.033
320.079,392.224,118.373,208.249
325.145,400.693,122.402,202.325
336.866,399.114,116.293,212.416
344.038,394.248,102.264,217.743
349.775,398.891,100.943,217.417
358.123,410.892,100.860,211.510
367.290,408.075,77.844,215.388
375.376,413.931,63.228,211.968
383.546,427.301,49.209,203.566
388.692,431.993,49.348,202.406
393.956,433.146,49.225,205.103
399.062,494.271,40.421,144.792
400.229,523.051,30.101,111.957
406.654,546.160,17.018,84.738
408.700,512.339,19.846,207.661
361.540,505.090,31.755,214.910
405.732,503.260,29.308,216.740
499.378,546.681,26.969,92.397
493.353,530.849,32.016,108.054
486.222,519.471,39.786,117.941
486.717,518.049,38.794,117.209
485.044,502.771,42.681,131.286
487.775,498.329,40.970,133.867
487.312,444.620,40.709,186.758
486.018,433.247,44.869,194.490
488.433,432.829,43.406,193.829
490.492,428.033,40.757,198.463
492.681,425.694,40.700,198.099
497.003,413.448,42.861,209.085
499.285,412.955,47.399,208.744
508.052,410.808,47.386,211.444
511.083,411.817,55.967,207.822
512.269,411.132,66.993,205.735
516.611,411.723,75.708,203.847
523.636,415.937,80.057,198.154
533.661,415.928,79.924,196.658
543.740,413.556,74.082,197.887
414.000,261.000,196.000,234.000
429.000,264.000,202.000,229.000
448.000,268.000,196.000,225.000
453.000,266.000,196.000,227.000
687.796,403.566,139.330,206.883
486.000,326.000,187.000,160.000
499.000,315.000,189.000,171.000
511.000,328.000,187.000,156.000
511.000,327.000,186.000,157.000
522.000,333.000,187.000,148.000
534.000,332.000,182.000,148.000
543.000,331.000,182.000,150.000
549.000,332.000,185.000,147.000
549.000,331.000,185.000,148.000
557.000,330.000,188.000,146.000
564.000,327.000,185.000,149.000
569.000,329.000,180.000,147.000
573.000,329.000,182.000,146.000
573.000,329.000,182.000,145.000
202.000,278.000,161.000,167.000
202.000,276.000,159.000,167.000
203.000,268.000,161.000,173.000
206.000,270.000,169.000,168.000
204.000,270.000,171.000,168.000
0.188,461.178,102.768,185.526
579.000,328.000,182.000,150.000
580.000,330.000,182.000,145.000
578.000,330.000,182.000,148.000
218.000,201.000,175.000,219.000
577.000,320.000,183.000,160.000
576.000,330.000,184.000,149.000
574.000,331.000,184.000,146.000
572.000,326.000,181.000,151.000
571.000,326.000,181.000,150.000
568.000,322.000,182.000,154.000
566.000,317.000,186.000,161.000
565.000,316.000,185.000,162.000
564.000,316.000,185.000,161.000
563.000,315.000,186.000,161.000
561.000,315.000,186.000,163.000
562.000,320.000,187.000,159.000
663.094,388.800,146.698,218.149
659.793,387.555,150.435,219.206
657.182,387.690,149.837,218.573
655.318,387.960,151.392,219.120
554.000,326.000,185.000,155.000
553.000,327.000,185.000,156.000
552.000,329.000,186.000,154.000
550.000,329.000,186.000,154.000
548.000,329.000,186.000,154.000
547.000,330.000,186.000,152.000
642.357,386.137,148.471,222.201
639.492,387.769,152.019,220.028
636.772,387.562,149.037,220.076
634.402,388.433,151.601,221.236
536.000,332.000,191.000,159.000
533.000,343.000,191.000,148.000
530.000,348.000,192.000,148.000
527.000,349.000,192.000,147.000
523.000,346.000,190.000,149.000
519.000,342.000,190.000,154.000
517.000,342.000,191.000,153.000
511.000,349.000,190.000,146.000
509.000,349.000,192.000,146.000
507.000,348.000,191.000,148.000
504.000,346.000,193.000,150.000
501.000,348.000,192.000,148.000
497.000,347.000,194.000,150.000
494.000,347.000,193.000,150.000
493.000,346.000,192.000,152.000
491.000,344.000,192.000,154.000
490.000,341.000,193.000,160.000
489.000,338.000,193.000,167.000
487.000,336.000,193.000,169.000
486.000,333.000,193.000,176.000
486.000,331.000,194.000,179.000
483.000,330.000,195.000,183.000
485.000,314.000,196.000,199.000
482.000,319.000,196.000,195.000
482.000,333.000,195.000,182.000
483.000,352.000,193.000,163.000
483.000,350.000,190.000,166.000
484.000,347.000,187.000,168.000
482.000,347.000,188.000,169.000
482.000,349.000,187.000,166.000
481.000,348.000,187.000,168.000
479.000,350.000,187.000,166.000
476.000,348.000,190.000,169.000
557.012,378.339,157.102,234.218
552.961,378.654,156.366,233.589
551.544,377.579,158.434,234.207
550.537,377.432,155.434,232.958
547.442,375.743,158.194,235.957
544.560,374.620,157.384,235.110
543.903,373.535,157.544,237.664
542.034,371.794,156.241,236.881
538.494,371.595,157.929,237.664
537.593,369.855,156.628,236.881
534.141,368.730,158.134,238.744
533.034,367.452,157.235,237.409
531.219,364.735,157.384,240.910
459.000,343.000,187.000,169.000
455.000,337.000,192.000,173.000
452.000,341.000,190.000,167.000
451.000,336.000,190.000,171.000
518.949,356.938,159.421,242.738
517.558,358.623,162.203,241.336
514.665,356.470,162.441,241.681
437.000,333.000,197.000,168.000
511.100,351.811,162.789,242.545
514.546,348.207,162.261,244.187
513.544,349.096,166.656,242.409
433.000,313.000,200.000,177.000
437.000,315.000,199.000,173.000
436.000,313.000,202.000,172.000
438.000,318.000,205.000,165.000
440.000,315.000,208.000,166.000
441.000,289.000,207.000,192.000
453.000,296.000,204.000,182.000
451.000,293.000,202.000,182.000
584.614,332.585,168.825,244.028
462.000,296.000,205.000,176.000
458.000,304.000,210.000,165.000
469.000,302.000,208.000,165.000
461.000,305.000,208.000,158.000
460.000,273.000,208.000,189.000
457.000,242.000,211.000,217.000
450.000,196.000,208.000,260.000
454.000,194.000,207.000,259.000
442.000,192.000,206.000,264.000
650.015,308.598,160.090,242.701
648.752,304.829,162.615,245.502
647.619,301.517,161.681,246.123
648.619,298.831,157.684,245.508
646.257,297.807,159.256,240.460
645.195,295.045,161.379,240.501
644.577,293.729,158.274,239.976
643.333,290.805,160.760,238.409
640.568,289.213,159.624,238.455
639.897,284.591,160.966,239.496
76.000,6.000,202.000,207.000
136.080,271.545,461.992,242.658
637.891,284.280,157.529,241.321
636.275,294.905,158.029,240.360
477.000,300.000,113.000,241.000
474.311,317.663,120.693,241.055
475.890,337.398,122.318,240.195
481.455,361.750,122.855,239.191
489.348,387.660,123.542,241.936
671.587,407.545,165.471,268.976
684.236,447.036,164.662,252.482
540.830,481.431,123.278,233.901
556.886,499.052,138.449,219.750
579.321,511.507,137.226,205.664
598.517,516.178,147.578,202.373
222.000,252.000,204.000,192.000
251.000,246.000,202.000,188.000
689.000,485.000,135.000,234.000
714.174,467.909,139.426,243.995
729.986,450.724,136.968,244.031
737.684,434.689,128.896,243.878
716.889,424.857,145.978,238.324
673.662,406.876,180.491,257.844
636.551,404.556,178.730,256.008
575.185,392.962,204.258,259.070
527.116,396.257,184.292,250.177
483.042,395.869,164.151,242.359
440.967,395.692,162.075,243.113
409.853,391.177,161.466,243.789
408.366,380.011,131.870,243.880
404.261,366.540,132.537,246.397
408.320,353.385,154.438,240.880
429.155,322.823,152.932,249.481
457.113,300.083,153.740,252.712
490.172,271.323,157.879,253.790
525.836,240.743,169.897,251.640
571.434,203.779,172.310,255.566
615.148,173.143,168.504,255.908
653.257,154.352,166.283,255.660
681.096,147.640,167.559,251.751
720.465,122.603,131.586,280.853
738.556,127.234,129.257,279.287
749.197,165.366,134.587,241.801
754.368,187.303,136.526,240.907
751.811,213.330,138.372,237.158
750.274,236.523,133.829,236.468
747.378,255.384,140.334,244.694
745.164,273.057,132.884,249.066
744.597,294.890,131.106,249.829
743.508,323.102,125.677,231.796
739.721,342.649,125.052,228.578
735.867,350.257,129.372,236.053
732.269,369.534,128.164,227.964
729.628,379.496,126.261,227.202
724.924,389.989,126.849,216.390
728.981,397.358,108.786,205.633
724.942,402.489,107.275,201.964
721.124,405.648,105.484,198.887
717.287,408.763,99.810,195.848
712.285,406.957,97.769,194.697
703.732,407.934,102.447,185.565
696.415,406.001,98.305,183.356
691.740,403.751,92.582,178.974
684.702,401.522,91.716,174.415
678.163,398.616,90.113,170.101
673.595,393.598,86.595,168.476
666.531,388.977,85.227,165.369
659.958,384.456,84.592,160.630
655.530,379.501,81.532,157.458
652.009,373.970,81.307,154.437
648.863,368.756,80.411,151.838
645.953,363.528,80.926,148.586
646.008,358.542,78.620,146.260
645.830,352.053,76.829,145.075
646.367,346.084,77.236,143.046
650.025,340.315,75.397,141.737
652.101,335.176,74.143,140.002
656.108,329.456,74.701,137.973
660.476,322.906,73.297,136.617
665.630,315.989,74.022,136.408
672.274,310.389,73.000,134.134
680.644,299.603,70.523,140.452
689.159,291.387,71.058,141.516
697.338,285.325,69.983,140.368
705.718,283.417,71.297,136.239
714.493,280.203,70.740,134.762
722.088,275.800,71.784,134.571
729.204,271.933,71.547,134.421
736.274,268.172,71.365,134.473
742.150,266.186,72.360,133.739
750.539,262.888,69.576,133.830
758.100,260.095,64.301,135.168
768.046,259.200,56.911,134.534
770.866,259.392,58.295,132.569
778.179,258.411,54.587,132.946
785.173,257.844,48.105,133.057
790.116,255.644,45.284,135.851
796.579,256.340,38.798,137.130
795.382,259.318,40.024,133.073
797.281,255.155,41.485,137.893
799.228,254.528,33.953,139.298
799.774,257.351,30.237,137.793
798.827,258.097,28.375,134.747
795.521,258.477,26.673,132.374
790.761,257.514,29.408,126.560
788.184,259.514,25.248,124.277
781.448,258.171,26.676,127.414
776.993,254.335,21.656,129.233
768.307,248.108,21.847,131.082
758.257,246.965,23.339,127.774
739.909,242.928,38.125,116.676
730.388,236.620,38.467,113.398
723.639,224.782,28.899,122.094
712.610,215.465,28.812,122.036
701.537,202.666,27.146,126.798
686.543,189.887,32.446,130.255
677.306,177.067,32.250,128.476
668.263,164.383,26.974,130.226
656.272,152.345,27.146,130.132
640.913,139.189,36.670,126.322
630.023,130.515,36.327,119.361
619.924,108.579,36.846,132.726
608.372,102.666,34.597,131.806
596.660,102.954,36.061,131.230
583.625,112.375,38.659,123.848
569.282,118.732,46.836,123.465
562.948,118.214,39.670,134.877
559.038,128.343,33.272,135.873
556.700,141.376,31.758,131.338
556.513,156.126,37.185,122.957
558.973,164.597,42.975,122.689
570.707,167.858,40.615,129.414
583.180,174.681,34.817,128.969
593.323,184.263,33.911,128.512
601.396,194.431,33.539,123.949
611.842,198.843,30.330,125.580
622.435,211.344,27.554,125.786
631.844,212.728,26.327,128.566
637.198,222.578,26.459,122.852
646.189,223.747,23.828,128.419
652.661,229.541,24.543,127.048
658.209,237.037,24.652,124.494
664.538,236.649,22.544,130.490
669.297,240.670,22.688,128.311
673.402,243.883,22.475,126.963
678.216,246.986,21.518,126.537
683.852,249.928,19.238,124.940
686.178,253.269,19.611,124.566
688.654,252.259,19.711,126.090
691.106,255.274,18.409,125.663
693.166,254.673,19.213,126.768
694.848,255.557,17.037,126.288
696.481,256.546,16.283,124.496
697.379,258.310,15.393,122.960
698.072,258.510,13.307,124.662
698.691,259.685,13.536,120.680
698.976,261.028,14.668,113.295
697.532,262.954,14.685,112.150
696.639,261.950,15.737,116.114
695.868,315.816,14.200,62.959
696.785,318.241,10.505,62.431
698.224,321.839,10.000,51.990
699.773,324.822,10.000,28.166
698.752,325.060,10.000,25.683
700.565,328.667,10.000,21.136
699.160,332.505,10.000,65.729
692.979,351.613,13.860,34.110
693.773,349.344,12.752,38.691
690.488,348.922,14.559,39.580
693.012,349.933,12.956,40.372
693.000,352.308,13.485,35.990
692.619,350.535,12.689,39.580
694.551,352.902,11.256,37.459
692.498,353.196,10.671,34.836
694.009,353.289,11.199,34.688
689.492,353.086,15.689,36.240
690.565,349.884,14.887,38.035
689.508,347.578,15.656,44.038
691.662,346.054,13.575,41.997
689.950,354.758,14.503,37.603
686.480,361.521,17.728,29.578
688.855,358.039,15.602,34.287
688.421,346.245,16.097,43.174
691.962,344.288,13.840,45.656
687.362,344.683,18.644,44.917
643.588,341.377,60.988,45.959
732.093,262.863,153.459,127.052
732.201,257.038,94.798,134.227
731.212,256.318,94.967,135.668
734.083,255.868,92.866,136.568
733.589,256.468,93.404,135.368
733.467,256.618,94.547,135.068
731.113,256.168,96.311,135.968
731.612,256.563,96.228,136.323
731.966,255.840,96.438,136.850
734.163,256.382,94.807,135.998
734.223,256.096,94.232,135.658
734.203,255.941,93.818,135.968
734.081,255.187,94.968,136.572
734.117,255.039,94.439,136.868
733.993,255.189,94.232,136.568
736.594,254.431,92.662,137.177
738.705,253.530,92.050,136.270
736.771,253.535,92.334,136.484
738.816,253.343,91.846,135.968
738.123,254.093,92.782,134.467
740.687,254.244,91.234,134.167
740.208,253.957,91.747,133.853
739.883,253.362,91.954,134.155
742.228,254.769,90.825,132.454
741.962,256.211,90.918,131.766
742.065,255.485,91.807,131.466
742.186,256.285,90.465,130.965
742.270,255.463,91.388,131.738
742.505,255.888,92.456,130.448
741.629,256.180,93.767,130.965
742.313,255.474,91.954,130.379
742.716,255.369,90.711,130.151
742.809,255.597,91.396,130.130
743.036,255.516,91.816,130.728
743.265,255.437,92.236,130.448
743.704,255.217,92.236,130.448
744.143,253.680,92.236,131.766
743.051,254.483,92.656,130.381
743.816,252.759,92.226,132.066
743.938,252.902,92.866,131.340
744.380,252.680,92.866,131.340
743.496,253.123,92.866,131.561
746.493,253.528,90.417,130.972
742.628,252.709,95.314,131.738
743.565,252.317,94.337,131.398
744.326,252.198,92.368,131.859
743.193,252.237,94.193,131.340
742.651,252.236,92.829,131.563
741.640,252.643,93.077,130.972
742.188,252.901,92.866,132.445
739.979,256.488,92.620,130.157
740.506,256.634,92.446,132.066
739.411,262.083,91.098,130.455
739.489,265.663,91.816,130.728
737.303,269.097,93.334,131.327
736.545,274.039,94.406,130.750
734.996,277.306,94.610,135.348
733.806,282.888,95.178,136.648
732.471,288.571,96.018,139.226
730.915,296.343,95.426,138.043
729.383,306.685,94.807,133.007
729.963,311.507,94.547,135.743
729.997,317.150,94.025,135.587
729.978,322.988,91.802,133.407
729.784,327.862,93.077,133.631
728.469,330.501,93.470,134.838
728.831,333.313,94.097,134.167
729.056,335.789,93.197,134.167
729.039,337.432,92.782,133.795
731.701,338.512,91.030,133.867
731.224,339.112,92.866,132.666
731.459,337.923,90.177,133.267
731.307,336.258,91.797,133.303
731.554,333.989,92.633,132.967
734.337,331.395,90.621,133.267
733.865,328.254,92.446,133.387
734.230,327.273,93.052,132.009
737.222,324.201,90.621,133.267
736.750,322.380,91.126,132.066
739.269,319.236,89.601,132.644
738.599,317.571,91.816,132.696
741.169,315.153,90.213,132.666
743.330,313.343,89.397,132.999
742.995,310.981,91.379,132.040
745.543,308.547,89.805,132.066
747.696,305.439,91.388,133.701
747.738,303.369,92.633,132.967
750.521,300.776,90.621,133.267
750.049,298.955,92.446,133.607
752.640,296.526,90.825,132.454
752.374,294.454,92.236,133.303
755.181,292.029,92.176,132.156
755.720,289.342,92.424,132.666
758.496,287.419,90.417,133.853
760.465,284.853,90.009,133.249
759.791,283.179,92.236,131.766
762.669,281.114,90.671,131.704
762.430,279.480,92.026,132.342
765.105,276.886,90.876,132.666
764.761,276.306,92.446,132.066
767.646,275.121,90.213,131.119
770.003,271.976,89.643,131.738
772.173,271.692,91.178,131.436
774.817,270.801,91.807,131.466
779.340,268.740,90.465,131.406
783.474,268.860,91.816,131.166
788.095,268.560,92.236,131.766
793.621,268.259,92.656,132.366
800.281,267.959,95.071,134.075
806.212,268.972,94.967,133.859
814.890,270.022,95.209,134.691
821.931,270.517,97.217,134.835
831.131,271.262,96.686,136.552
841.276,272.344,95.728,137.379
848.038,273.297,98.505,140.295
856.765,275.822,99.431,140.428
867.201,275.288,98.433,143.864
873.795,278.165,102.153,146.681
880.994,280.665,102.951,145.603
888.593,282.626,102.951,148.299
893.516,286.946,103.259,146.346
899.859,288.251,103.372,147.920
904.991,289.905,103.259,148.822
907.988,291.864,104.212,152.100
910.678,293.536,107.154,152.284
914.151,295.546,104.807,153.121
916.844,296.273,106.523,155.980
919.513,299.405,105.317,156.426
918.945,300.737,107.737,158.134
918.656,303.931,109.623,158.548
918.529,308.720,113.841,154.781
915.682,306.952,116.082,158.848
915.485,309.634,115.930,160.832
914.892,309.327,116.569,161.719
915.948,316.725,115.558,158.479
915.704,315.980,115.504,161.326
916.539,317.288,114.927,162.814
917.257,318.647,114.863,162.289
918.046,320.437,117.664,163.908
919.303,323.956,117.097,163.268
923.532,321.340,116.121,166.283
924.018,326.046,117.097,166.327
927.757,324.199,119.686,168.902
928.679,328.381,124.104,167.085
934.254,326.921,118.139,170.293
937.916,328.246,121.329,170.485
942.104,329.927,118.139,171.446
945.571,328.966,121.756,172.226
949.871,330.937,121.281,172.636
953.741,331.810,118.754,172.339
956.936,333.420,123.830,173.133
960.222,333.508,121.363,173.250
963.936,334.392,123.524,172.934
965.121,335.407,122.619,174.710
968.974,333.645,122.828,175.888
972.735,334.816,120.600,175.018
972.768,336.436,122.572,175.852
976.401,334.942,120.600,178.841
977.872,336.707,121.777,177.077
981.108,335.824,120.600,178.841
983.755,335.824,123.248,180.312
983.857,337.879,124.835,177.696
987.838,336.090,121.645,180.082
987.551,337.136,123.999,179.176
988.028,338.622,124.835,178.891
988.223,338.323,125.643,179.490
986.705,337.873,123.868,180.390
985.220,338.622,125.045,180.387
983.102,338.921,126.574,180.090
981.426,338.623,124.788,180.988
976.062,340.278,125.580,180.389
970.980,338.771,127.598,182.197
966.120,339.849,127.249,181.566
961.198,340.760,127.040,181.268
952.634,341.669,128.656,180.971
944.522,341.070,132.959,181.558
937.258,340.991,131.619,182.959
929.442,340.827,131.407,183.597
925.136,340.835,127.885,183.893
919.969,339.407,134.226,184.292
913.965,339.527,131.736,185.313
909.485,340.888,132.254,183.842
905.377,340.723,132.042,184.484
904.177,340.731,131.628,184.780
901.629,341.035,131.730,184.484
900.380,341.191,131.418,184.484
899.083,341.495,133.077,184.189
898.186,341.060,133.931,185.371
898.232,340.627,133.839,186.554
899.920,340.489,132.363,187.145
901.179,341.090,131.736,186.258
902.434,340.750,131.109,186.312
905.357,340.585,132.465,187.268
906.564,341.100,131.945,186.554
907.820,341.701,134.773,185.667
909.975,341.120,132.996,187.145
914.507,338.580,134.367,189.695
917.758,340.726,132.339,187.321
919.005,342.361,135.203,186.573
922.975,338.927,134.581,190.895
927.318,341.238,131.676,188.200
931.385,339.530,132.051,190.355
935.150,341.951,133.099,188.054
939.634,341.614,132.680,188.095
944.007,339.550,134.367,189.695
948.537,341.057,133.937,189.239
953.049,342.627,133.518,188.646
957.865,343.241,132.781,187.736
962.605,340.997,135.000,190.959
967.380,342.552,134.454,189.137
974.606,342.968,135.324,188.623
979.836,342.833,136.708,189.215
987.624,344.013,135.308,188.786
992.847,343.959,136.708,189.215
998.380,343.529,138.851,190.397
1006.581,344.285,136.778,188.559
1014.498,344.640,137.992,189.137
1020.056,344.699,138.527,188.371
1021.998,347.612,147.266,185.135
1030.821,346.932,147.477,185.503
1039.651,346.295,135.116,187.440
1036.466,346.010,138.298,188.328
1032.904,346.457,138.313,189.373
1025.234,347.136,141.011,187.690
1015.626,349.144,138.407,185.954
1000.365,347.379,139.705,187.879
990.350,346.517,136.358,189.927
979.278,346.443,135.308,190.397
970.698,346.752,136.063,190.102
960.444,345.798,138.207,189.109
952.840,345.844,136.909,188.048
946.785,345.125,134.245,189.806
941.984,345.728,133.298,188.919
937.160,346.478,134.370,187.736
933.713,346.490,133.627,188.032
933.183,345.208,134.687,187.419
932.123,346.015,135.854,187.077
932.388,345.402,135.324,186.708
931.964,345.853,135.536,187.077
932.176,346.344,135.112,187.372
932.176,346.981,133.200,185.460
933.956,347.831,131.527,186.277
933.224,349.382,132.991,184.430
933.225,349.068,132.991,185.371
934.900,349.874,131.527,185.018
934.487,350.297,132.354,185.733
935.319,350.487,131.946,185.667
936.052,350.792,131.736,185.371
937.409,352.035,130.899,185.389
937.931,351.083,131.106,186.045
939.076,351.872,130.690,186.031
940.117,352.801,131.106,185.733
941.263,353.434,131.316,186.031
941.784,354.068,131.526,186.328
942.934,353.762,131.109,186.312
943.978,355.477,131.526,185.389
945.334,354.999,130.690,185.718
944.502,356.709,132.354,184.796
946.168,356.726,130.899,186.328
947.211,357.656,131.316,186.031
948.359,357.351,130.899,186.015
949.401,358.125,130.690,186.031
950.442,359.054,130.481,185.733
951.482,359.047,130.895,186.370
952.522,359.061,130.690,185.718
953.563,358.897,130.481,186.669
954.397,359.998,130.690,186.031
955.438,359.991,130.481,186.669
956.271,360.154,131.316,185.718
957.522,357.965,130.690,187.594
961.391,360.175,127.972,186.939
959.730,361.367,131.294,186.412
960.866,359.374,130.899,187.894
961.600,361.587,131.318,185.981
962.748,359.378,130.899,187.894
963.482,361.591,131.318,185.981
964.631,361.261,130.899,186.015
965.673,362.035,130.690,186.031
966.714,362.027,130.481,186.669
967.548,362.191,131.628,185.718
968.852,362.668,130.899,186.328
969.894,362.661,130.690,185.718
970.935,360.624,130.481,187.294
971.666,362.829,130.899,186.641
972.605,362.829,130.899,187.268
971.560,362.366,132.991,186.939
973.029,363.664,131.945,185.607
974.492,364.086,131.839,186.328
975.798,363.153,131.109,186.939
976.739,364.094,131.109,186.626
977.783,365.026,130.899,186.328
976.950,364.393,132.566,186.343
978.413,364.741,131.527,185.962
979.667,365.341,131.839,186.328
980.345,365.976,131.736,185.371
981.703,365.341,130.899,187.268
980.658,367.387,132.991,185.685
982.334,366.462,131.527,186.906
983.381,367.238,131.318,186.923
982.544,368.171,132.991,186.626
983.383,368.365,132.576,186.554
982.857,368.671,133.627,186.258
984.542,369.482,132.154,185.901
986.006,369.903,131.109,186.626
985.171,370.835,132.778,186.328
984.747,371.028,133.627,187.519
986.226,371.225,132.572,187.441
987.487,371.827,132.576,187.816
986.749,372.468,134.051,186.849
987.806,373.283,133.207,186.489
987.490,374.355,133.839,185.607
987.490,374.039,133.839,186.554
988.544,375.485,132.997,185.562
987.706,376.386,134.044,186.277
988.863,377.061,133.630,186.195
988.758,377.039,133.839,186.554
988.546,377.852,134.263,186.195
989.813,378.485,132.997,186.195
989.498,377.666,133.627,187.204
989.180,378.803,134.263,186.195
989.180,379.437,134.263,186.195
989.180,379.120,134.263,187.145
990.874,379.936,132.781,186.783
989.821,380.356,134.887,186.258
989.285,381.364,135.323,186.148
990.874,380.729,133.417,185.513
989.823,381.459,134.572,185.313
990.084,380.849,134.051,186.849
989.872,380.712,134.475,187.441
990.932,380.575,133.627,188.032
990.402,379.929,134.687,186.783
990.402,379.611,134.687,187.736
990.190,379.475,135.112,188.328
991.257,379.339,134.257,187.001
990.196,379.278,135.427,187.441
989.609,379.804,134.047,187.666
991.195,379.927,132.781,187.736
989.612,380.529,133.103,186.849
988.612,377.994,134.470,189.395
989.998,375.514,133.618,191.796
987.865,375.535,134.036,190.793
986.368,373.603,134.467,192.096
987.340,376.369,134.454,189.780
860.214,374.082,260.203,191.796
989.421,376.958,137.298,187.834
985.696,375.985,132.203,190.102
989.536,374.467,129.605,190.595
986.688,376.941,134.359,190.053
987.274,376.560,133.187,190.175
987.586,377.643,133.837,188.328
986.100,375.086,132.990,190.895
986.210,376.382,134.047,188.623
984.722,376.689,136.068,188.328
986.058,376.258,133.395,189.510
847.861,374.293,269.481,190.895
987.598,375.262,133.543,190.775
848.509,373.473,269.154,191.796
848.941,367.057,261.014,198.716
848.654,363.876,257.942,202.799
848.545,366.864,256.786,200.485
848.846,364.906,262.543,202.131
847.745,366.807,261.057,198.790
849.617,368.113,255.944,199.828
847.656,366.163,263.939,199.200
846.449,367.029,261.302,199.765
848.162,364.035,256.505,201.181
848.181,366.859,255.102,199.171
846.231,364.919,263.064,202.149
847.555,366.721,259.031,200.853
845.990,364.384,258.508,200.960
846.587,366.775,255.944,199.828
846.891,364.825,261.676,202.821
845.355,367.072,261.057,198.329
845.090,363.697,257.942,202.799
844.981,366.685,264.567,200.485
844.892,367.763,261.057,196.945
843.839,364.148,265.884,201.908
846.009,366.791,260.154,198.014
844.360,368.139,258.455,197.589
842.442,365.182,265.004,201.241
844.595,366.423,259.312,198.759
842.380,368.036,258.740,199.171
843.517,365.308,255.102,200.080
843.540,363.597,261.387,202.597
842.004,365.839,260.773,200.418
843.311,363.059,256.786,201.401
843.330,365.885,255.383,199.390
841.376,363.942,255.677,202.373
842.206,364.068,261.756,202.576
843.017,366.191,258.750,200.635
843.736,363.858,255.944,200.740
841.488,366.677,264.523,198.732
840.573,367.309,261.302,197.469
842.991,363.729,261.923,200.080
844.732,365.250,257.067,199.330
845.455,367.471,259.246,197.154
848.767,365.543,254.885,197.841
849.388,367.773,254.544,195.630
850.684,367.756,250.612,196.112
854.410,367.305,247.597,197.456
856.903,366.421,244.825,197.011
855.314,368.628,246.683,195.236
854.796,367.421,246.402,196.770
857.240,367.967,243.718,196.121
859.164,367.540,242.059,196.098
873.320,367.440,228.578,195.426
868.263,366.545,208.643,196.793
881.302,368.790,191.492,195.549
881.675,367.703,191.133,195.785
885.477,366.861,187.402,195.533
886.062,366.913,187.764,195.428
889.009,368.321,183.405,194.148
885.912,366.818,185.823,194.887
888.481,368.583,182.209,194.407
892.194,369.731,178.174,191.734
898.359,371.201,172.136,191.756
903.690,369.976,165.112,192.751
903.380,370.985,165.731,191.448
905.993,371.476,163.002,191.180
908.978,370.158,157.386,192.047
912.813,370.782,152.500,191.148
963.097,371.029,102.160,189.286
964.300,370.099,98.917,191.147
964.419,370.026,98.678,191.568
964.509,368.962,96.573,192.596
963.904,369.116,99.695,191.196
964.233,369.826,97.100,191.157
963.981,369.437,99.512,190.845
962.928,367.659,91.954,191.916
961.267,368.874,100.332,190.551
961.826,369.091,101.156,190.117
962.706,366.421,97.451,191.848
962.451,368.487,99.877,189.083
961.764,367.006,101.801,191.771
961.211,368.373,101.509,189.316
960.880,366.135,102.726,191.016
960.605,368.470,99.908,188.310
960.026,365.953,101.616,190.873
959.472,367.878,99.932,189.257
960.099,365.482,100.608,190.466
959.410,365.656,99.216,190.117
958.392,364.691,101.801,191.771
959.237,366.059,98.713,189.316
958.244,365.217,101.246,190.725
957.690,365.178,100.964,189.691
958.564,364.965,101.156,189.009
958.149,365.797,100.601,190.117
958.841,363.302,101.156,191.503
958.150,363.480,99.753,190.032
957.309,363.953,101.986,190.466
958.336,363.441,101.886,190.373
957.917,362.883,99.932,190.373
957.074,363.354,100.238,190.811
956.199,362.038,102.541,190.671
957.325,363.527,102.251,188.814
957.273,362.532,100.130,189.691
956.528,362.663,102.171,190.811
956.160,362.152,103.467,189.316
956.348,361.842,103.652,189.935
956.444,361.503,104.022,190.613
956.541,361.164,104.392,189.881
956.823,361.587,104.392,190.163
955.977,359.895,105.521,191.010
956.455,361.064,105.133,190.659
955.697,359.105,102.678,192.026
955.306,359.811,104.022,190.613
955.403,360.600,104.392,190.163
955.686,358.907,104.392,191.010
955.876,359.727,104.577,190.500
955.028,359.162,102.316,191.631
954.548,359.841,103.837,190.274
954.645,358.375,104.207,190.671
954.834,358.064,104.392,189.881
955.116,358.488,104.392,190.163
955.399,356.795,104.392,191.010
954.458,357.615,102.316,190.500
954.163,358.067,103.467,189.596
954.258,357.728,103.837,190.274
954.355,357.389,104.207,190.952
954.452,358.180,104.577,190.500
954.735,356.484,104.577,189.935
953.981,356.935,102.135,190.163
953.687,356.271,103.282,190.373
953.690,356.321,103.837,190.274
953.787,357.108,104.207,189.826
954.068,355.419,104.207,190.671
954.258,356.237,104.392,190.163
954.540,356.801,104.392,190.163
951.719,355.108,107.496,191.010
952.632,355.281,106.243,189.802
953.380,354.827,105.318,190.426
952.714,355.020,125.370,189.756
951.816,354.833,129.018,190.440
951.711,354.701,126.717,189.449
951.178,355.138,129.645,189.505
951.387,355.480,128.286,188.508
951.329,354.990,128.402,189.487
951.226,353.590,128.608,189.791
951.123,354.688,128.814,188.844
951.226,355.152,128.608,188.854
951.226,353.435,127.672,189.791
950.861,354.522,127.467,188.552
950.600,354.359,129.854,188.878
950.913,354.387,126.717,188.508
950.483,353.267,129.436,189.509
950.588,353.611,128.286,188.508
950.529,354.368,128.402,189.175
950.426,352.812,128.608,191.040
950.117,354.234,131.109,189.449
950.646,354.261,130.051,189.395
949.070,353.455,131.318,189.751
949.601,353.483,132.154,189.695
949.709,353.183,131.304,190.295
950.129,353.333,130.463,189.995
950.438,353.783,129.845,189.095
948.865,354.233,131.109,188.194
949.600,353.933,129.639,188.794
949.909,354.384,130.899,189.147
949.806,353.149,129.530,190.355
949.752,353.929,129.639,188.794
948.182,354.380,130.899,189.147
948.709,353.145,128.899,190.355
948.546,352.971,129.227,189.449
948.649,352.496,129.020,190.399
948.546,353.912,126.717,189.135
947.702,352.952,128.094,191.366
950.273,352.656,126.090,190.076
949.426,352.166,127.784,191.366
948.807,352.649,129.020,190.399
948.704,353.752,126.717,189.449
947.861,352.949,125.613,191.366
949.779,352.950,124.883,190.121
948.638,352.327,127.166,190.440
948.020,352.804,128.402,190.422
949.589,352.815,127.142,190.399
947.089,352.025,127.779,190.733
949.698,353.595,127.564,188.844
947.621,352.335,129.854,190.121
947.729,352.998,129.639,190.053
947.832,353.778,126.919,188.494
947.502,352.651,129.436,189.509
947.607,353.309,129.227,189.449
947.710,352.833,129.020,190.399
947.607,352.681,131.109,189.449
947.505,352.708,132.576,189.395
947.824,353.844,131.304,188.709
948.553,353.651,131.736,189.095
947.396,353.351,134.051,189.695
948.036,352.451,132.132,190.219
946.758,352.263,131.828,190.595
947.235,352.263,132.781,190.595
947.982,351.962,131.288,191.196
946.388,352.413,132.572,190.295
947.133,352.113,132.991,189.623
947.452,353.067,130.763,189.305
947.280,353.172,132.366,189.095
947.599,352.722,131.097,189.995
948.018,352.872,130.257,189.695
947.698,353.322,130.268,188.794
947.488,353.472,131.946,188.494
947.804,353.022,130.682,189.395
947.592,353.172,130.475,189.095
948.010,353.322,131.527,188.794
948.117,353.022,130.682,189.395
948.536,353.172,129.845,189.095
946.963,353.622,131.109,189.449
947.492,352.387,130.051,190.657
946.965,353.168,130.475,189.095
947.383,353.318,129.639,188.794
947.692,351.263,130.899,190.399
948.013,353.196,132.154,189.379
946.959,352.888,132.363,189.995
947.703,352.588,130.875,190.595
948.012,353.038,132.154,189.695
948.120,352.738,131.304,189.027
948.115,352.554,132.576,189.395
948.434,352.104,131.304,190.295
946.954,352.254,132.363,189.995
947.063,351.954,133.417,189.325
947.594,351.168,131.718,190.895
948.015,352.907,130.875,189.007
947.900,352.863,132.366,189.095
948.218,352.413,132.997,189.995
947.267,351.962,132.990,189.623
948.222,351.326,132.991,189.623
947.267,352.280,132.990,189.305
948.325,353.223,132.781,189.007
946.843,352.579,132.255,189.027
947.739,350.829,135.846,189.995
946.827,351.901,135.098,189.137
947.783,352.022,134.467,189.215
946.609,352.330,136.175,188.919
946.611,352.047,136.172,189.806
946.399,351.912,136.596,190.397
947.479,351.778,132.819,190.988
947.504,351.525,134.047,190.219
948.038,352.334,134.257,188.919
947.505,351.046,135.324,190.219
948.365,351.413,134.887,189.806
949.112,351.721,134.677,189.510
948.576,352.029,135.748,189.215
948.364,351.894,136.172,189.806
949.441,351.760,135.308,190.397
948.259,352.068,132.524,190.102
949.084,351.821,132.781,189.325
949.401,351.186,133.417,190.595
949.725,352.332,134.047,189.900
950.259,351.384,134.257,190.517
950.794,350.594,131.586,190.815
949.349,350.854,134.475,190.295
949.994,352.515,133.187,189.535
950.410,351.835,133.627,189.623
949.668,351.049,135.112,189.921
950.526,351.414,133.395,189.510
951.046,352.312,133.627,189.305
951.579,351.367,133.837,189.921
952.112,352.175,134.047,189.900
950.728,351.227,134.896,190.517
951.375,352.707,134.887,188.842
951.051,351.230,135.536,190.517
951.913,351.599,135.098,190.102
952.661,351.907,133.603,189.806
951.269,351.531,134.474,190.877
951.809,352.375,134.677,189.510
952.554,351.402,134.467,190.495
953.091,352.055,134.677,189.510
951.915,350.762,136.388,190.815
952.891,351.807,135.728,190.019
951.920,351.926,137.028,190.102
953.216,351.644,135.728,190.988
952.031,351.953,132.936,188.757
952.530,351.501,133.841,189.978
953.065,352.338,134.047,189.900
951.681,351.390,136.175,190.517
952.655,351.464,135.518,190.693
953.405,351.773,135.308,190.397
952.223,352.082,135.741,190.102
951.902,350.634,136.384,191.710
952.772,351.009,135.938,191.284
952.231,351.318,132.496,189.050
953.144,351.013,132.572,189.978
952.087,350.704,134.687,189.325
952.941,351.067,134.257,190.198
953.477,351.718,134.467,189.215
952.942,350.747,135.536,190.198
952.518,351.921,136.384,189.137
952.518,350.313,134.454,191.388
952.944,351.264,134.887,189.806
951.766,350.290,136.601,190.793
952.849,350.354,135.728,190.988
952.309,350.663,136.808,190.693
952.097,349.558,137.233,190.313
952.097,350.205,137.233,190.313
952.097,349.882,135.938,191.284
952.849,350.191,132.819,190.988
952.873,349.937,134.047,190.219
952.129,349.469,135.536,190.198
952.991,349.678,135.098,190.102
951.490,349.023,137.136,190.769
951.442,349.898,137.233,190.313
951.442,349.574,137.233,191.284
951.230,349.441,133.112,189.927
952.142,350.400,133.200,189.602
951.292,349.754,134.899,189.623
950.868,348.837,135.748,190.495
951.732,349.047,135.308,190.397
952.481,348.069,135.098,191.388
951.731,348.726,136.596,190.397
952.812,348.592,135.728,190.988
952.272,348.901,136.808,190.693
952.060,349.738,137.233,190.313
952.060,350.385,137.233,190.313
953.354,350.062,133.996,191.284
951.731,349.826,136.601,190.793
952.814,349.890,135.728,190.988
953.564,348.909,135.518,191.983
954.106,349.568,135.728,190.988
953.565,348.909,133.904,191.661
953.820,348.862,134.677,190.793
954.358,349.516,134.887,189.806
955.104,349.824,134.677,189.510
954.569,348.531,135.748,190.815
955.433,348.901,135.308,190.397
954.252,349.210,132.524,190.102
955.076,348.963,133.417,190.595
955.399,348.513,134.047,191.496
955.725,348.383,134.677,190.793
954.978,349.037,136.172,189.806
956.055,348.903,135.308,190.397
955.516,349.211,133.489,190.102
956.514,348.834,133.409,189.900
956.937,349.779,133.837,189.602
956.194,349.151,132.451,189.900
956.982,349.122,132.781,189.007
958.038,348.795,132.572,189.978
958.251,350.074,132.146,189.007
957.193,351.164,134.263,187.145
958.251,351.027,133.417,187.736
958.991,351.333,130.352,187.441
959.030,349.854,131.526,187.894
957.142,350.977,133.100,187.221
957.931,351.321,132.786,186.849
957.405,351.626,132.576,186.554
958.140,349.095,132.366,189.095
958.458,354.345,130.147,183.028
957.063,351.876,132.009,185.493
958.558,352.242,130.899,185.076
957.936,354.399,132.142,183.877
959.703,354.252,130.481,184.484
959.085,353.918,131.718,184.529
958.767,354.097,132.354,184.484
958.555,353.958,132.778,185.076
958.343,354.762,133.203,184.724
958.343,354.448,133.203,183.468
958.555,354.740,132.778,184.136
958.555,354.427,132.778,183.197
958.767,353.939,132.354,184.484
958.555,353.800,132.778,185.076
958.343,353.661,133.203,185.667
958.131,350.687,133.627,187.204
959.713,348.024,132.363,189.995
958.551,349.313,134.687,187.736
960.251,349.176,133.200,188.328
958.661,348.827,135.427,188.392
958.607,347.445,132.659,190.198
959.396,347.414,132.991,189.305
958.547,347.086,134.687,190.278
957.911,346.668,134.036,190.472
958.336,346.177,134.467,190.495
957.589,346.829,134.036,189.510
956.945,346.475,135.324,189.581
957.910,345.709,132.753,190.472
958.005,345.666,133.837,190.877
957.050,345.376,135.748,191.776
957.706,345.931,133.789,190.988
956.727,345.698,135.748,190.495
957.591,345.908,135.308,190.397
957.053,344.930,134.454,191.388
958.121,344.597,134.245,191.091
956.622,344.586,134.677,190.472
957.905,346.189,134.036,189.831
957.155,345.206,139.052,190.517
956.882,345.225,134.379,191.784
957.167,344.941,135.098,191.388
956.417,345.597,136.596,190.397
956.205,345.463,137.021,190.988
957.290,345.330,136.148,191.580
956.748,344.668,135.291,190.313
957.591,345.083,134.887,191.091
956.200,345.738,137.028,190.102
956.203,345.456,137.021,190.988
955.991,346.943,137.445,189.959
957.392,348.061,135.938,187.724
956.634,347.623,136.495,188.919
956.689,347.193,136.384,188.172
956.902,348.287,135.960,187.907
956.047,347.793,136.708,189.215
957.392,351.551,135.308,186.209
956.749,348.087,135.640,188.689
956.055,349.586,136.388,187.614
957.656,348.945,134.467,189.215
957.122,349.253,135.536,188.919
956.910,349.118,135.960,187.586
957.122,348.611,135.536,188.919
956.910,347.514,135.960,188.548
956.910,348.796,135.960,187.907
957.016,348.303,135.748,189.215
955.840,348.168,137.136,187.558
956.322,347.204,136.172,189.806
956.110,347.070,136.596,190.397
957.190,348.551,135.728,187.434
956.435,348.116,136.281,188.623
955.526,347.685,137.136,189.806
957.523,347.256,135.082,188.726
956.337,347.319,134.577,188.919
955.963,347.627,135.324,188.623
957.672,347.491,133.827,189.215
957.030,345.226,135.112,191.196
958.324,345.934,134.454,190.102
956.716,346.537,133.827,189.215
957.986,346.184,133.200,189.284
956.500,346.015,135.536,188.986
957.570,347.516,134.677,187.907
957.353,347.465,135.112,188.328
959.059,347.329,131.700,188.919
959.252,348.670,132.576,186.554
957.782,348.975,134.572,186.258
957.830,348.542,134.475,187.441
957.618,348.406,134.899,188.032
957.406,348.270,133.409,188.623
956.767,348.872,134.687,187.736
956.555,348.736,135.112,186.416
956.767,348.234,134.687,187.736
956.555,347.142,135.112,187.372
956.555,346.823,135.112,188.328
957.621,348.286,134.257,187.321
958.677,348.237,133.417,187.736
958.148,347.592,134.475,188.392
957.829,347.783,135.112,188.328
957.617,347.647,135.536,188.919
958.688,347.512,134.677,187.266
957.941,347.288,135.536,188.032
957.941,347.004,135.536,188.919
957.728,346.869,135.960,189.510
958.803,346.734,135.098,190.102
958.266,346.079,136.172,188.842
959.551,345.758,132.960,189.806
959.854,346.804,133.627,188.032
959.323,347.111,134.687,189.007
960.178,346.356,134.257,189.878
959.539,345.716,135.536,190.198
959.114,345.925,133.489,190.102
960.112,345.547,133.409,189.900
960.535,345.537,133.837,189.284
959.261,344.899,135.749,189.602
958.407,344.958,136.814,189.806
960.346,344.676,134.872,190.693
959.054,345.280,133.924,189.806
960.269,344.754,133.409,191.177
959.206,344.445,135.536,190.517
960.068,344.813,135.098,191.388
958.674,344.181,132.730,191.686
959.190,345.724,133.618,188.919
958.549,345.373,134.899,190.259
959.943,345.907,134.036,189.510
958.341,345.234,133.409,189.900
959.402,345.223,133.200,190.558
958.340,345.393,135.324,189.581
958.022,345.588,135.960,189.510
957.810,347.062,136.384,188.493
959.200,348.172,134.887,188.200
958.025,346.843,136.281,189.900
959.800,345.467,134.663,191.686
957.975,345.133,134.454,191.388
959.043,344.801,134.245,191.091
958.186,344.468,135.960,190.793
959.697,344.680,134.872,191.984
958.836,344.345,136.596,191.686
958.411,344.560,137.445,191.580
959.500,345.403,132.016,191.196
958.058,347.144,134.899,189.305
957.634,349.910,135.748,186.653
959.864,350.188,131.288,185.460
958.287,351.623,133.504,185.093
958.332,351.345,133.415,185.962
960.014,351.207,131.945,184.660
959.703,351.303,136.006,184.780
959.409,351.572,135.640,186.148
959.780,350.789,134.899,185.805
959.357,350.130,135.110,185.221
959.781,349.326,134.263,187.145
959.569,348.236,134.687,188.689
959.250,347.472,135.324,189.581
960.856,347.667,134.036,187.586
959.895,347.751,135.323,187.736
959.257,346.190,135.962,189.900
960.975,346.250,134.454,190.102
961.609,346.854,134.467,189.215
961.075,345.883,135.536,190.198
960.651,347.057,136.384,189.137
960.651,346.735,136.384,190.102
960.439,346.601,136.808,190.693
960.227,347.438,137.233,190.313
960.227,347.114,137.233,189.342
959.471,346.600,137.776,190.693
958.557,347.145,138.631,188.953
959.150,346.967,137.445,188.662
959.468,347.081,136.808,189.725
959.468,347.726,136.808,189.725
959.468,347.404,136.808,188.434
959.680,347.696,136.384,189.137
959.680,347.374,136.384,188.172
959.892,347.827,135.960,188.548
959.892,347.506,135.960,187.586
960.105,347.959,135.536,187.960
960.105,348.598,135.536,187.960
962.023,348.279,133.618,188.919
960.427,347.927,131.400,188.986
961.102,348.038,131.945,187.816
961.522,348.975,132.366,187.519
960.785,348.037,133.839,188.132
961.632,348.394,133.417,187.736
961.102,348.700,134.475,187.441
962.163,348.563,133.627,188.032
960.997,348.870,135.323,187.736
960.359,348.586,133.090,188.623
961.569,349.336,132.572,187.441
960.935,348.359,133.839,188.132
960.511,348.716,134.687,187.736
960.299,348.579,135.112,188.328
960.087,349.403,135.536,187.960
960.087,349.083,135.536,187.001
960.299,348.579,135.112,188.328
960.087,348.443,135.536,188.919
961.158,349.270,134.677,188.548
960.196,347.796,135.962,188.304
960.197,348.315,131.471,188.548
959.119,348.042,133.627,187.834
959.964,348.397,133.207,187.441
958.486,345.854,135.213,189.995
957.364,344.503,140.347,189.485
957.305,343.860,139.485,189.791
957.356,344.639,138.732,190.513
957.030,345.127,138.732,189.210
956.918,344.931,138.306,188.953
956.808,344.898,137.880,190.313
956.377,345.400,138.093,188.662
956.914,345.368,132.496,190.019
957.089,345.080,133.417,189.325
956.347,344.294,134.899,189.623
957.204,345.619,129.985,188.254
957.686,345.486,130.899,188.207
957.791,345.028,131.946,188.808
956.739,344.585,132.154,189.695
957.481,345.871,130.669,188.709
957.996,344.569,131.527,190.053
958.528,344.598,130.463,189.995
956.946,345.049,129.530,189.095
957.098,345.499,131.109,188.194
957.833,345.199,131.527,188.794
958.571,344.899,130.051,189.395
958.880,345.349,131.318,188.494
959.616,345.049,131.736,189.095
960.356,344.748,132.154,188.430
959.407,344.116,134.051,189.695
960.686,343.535,131.494,189.900
961.201,343.804,132.363,189.678
962.048,345.081,132.572,188.709
961.203,344.755,132.363,189.678
962.050,346.033,132.572,187.441
963.311,348.212,131.945,186.238
963.938,348.655,131.946,185.667
965.298,348.960,131.109,185.371
964.675,349.559,132.354,184.484
964.463,346.602,132.778,187.894
965.724,349.179,132.154,184.952
964.786,350.214,130.586,184.136
966.084,350.638,129.854,183.597
965.470,351.236,129.227,183.947
965.883,349.379,126.857,185.193
966.038,348.600,128.390,185.521
966.547,350.160,127.372,185.184
965.011,349.225,124.292,185.823
966.326,345.721,125.311,188.878
965.502,346.481,124.494,187.358
966.618,345.102,121.650,189.505
966.613,345.263,122.573,188.878
965.141,347.088,123.080,187.057
964.129,344.966,122.675,189.479
965.962,342.972,120.230,189.500
963.834,345.868,122.371,188.844
964.089,343.715,121.252,189.189
964.084,346.152,120.654,187.954
964.081,344.505,120.359,188.833
963.831,344.953,121.767,187.636
964.184,346.765,120.758,187.644
962.423,348.885,123.375,184.912
961.764,349.335,124.692,184.012
961.661,349.183,126.717,185.832
961.746,348.724,128.390,184.292
960.613,347.192,130.657,186.125
959.764,349.105,132.354,184.796
959.552,349.122,132.778,183.197
959.764,349.570,132.354,183.548
959.764,349.258,132.354,184.484
958.613,347.553,133.718,184.449
958.764,347.898,133.415,185.018
957.820,347.583,132.471,184.075
957.773,347.387,132.566,184.780
957.561,344.425,132.991,188.194
956.924,345.108,134.263,187.145
956.077,339.889,135.323,192.819
957.064,340.818,135.291,191.284
956.411,341.423,134.663,190.397
957.687,342.026,134.036,189.510
957.043,342.629,133.409,188.623
958.310,341.961,132.781,189.007
958.731,341.317,133.207,189.027
959.262,342.121,131.511,187.736
958.310,341.592,133.415,188.794
958.944,341.009,133.417,189.007
959.475,340.065,131.718,189.623
959.469,341.462,132.997,188.412
958.730,340.520,134.475,189.027
959.582,340.882,134.047,188.623
960.325,339.595,133.837,189.921
959.582,340.404,135.324,188.623
961.290,340.268,133.827,189.215
959.692,340.871,136.068,188.328
959.746,338.837,135.960,188.869
961.029,339.638,134.677,188.548
960.067,339.761,133.090,188.623
960.643,338.925,133.207,189.027
959.903,339.728,134.687,187.736
960.965,339.592,131.925,188.328
961.902,339.059,131.945,189.395
962.010,338.758,132.997,188.728
961.270,337.975,131.621,189.027
961.424,338.107,132.576,189.079
961.743,337.499,133.207,189.027
961.003,338.303,131.828,187.736
961.995,337.939,131.736,188.779
962.837,337.947,131.945,189.079
961.784,339.220,134.051,188.114
961.360,338.147,132.990,189.305
962.418,337.819,132.781,189.007
961.571,338.761,134.475,187.441
963.268,338.624,132.991,188.032
962.631,337.960,134.263,188.412
963.482,338.161,133.837,188.328
962.950,338.468,134.899,188.032
962.738,338.332,135.324,188.623
962.526,336.916,132.866,188.574
962.991,337.641,133.207,188.709
961.615,338.286,135.323,187.736
960.976,338.002,135.962,188.623
960.977,337.719,135.960,187.586
961.189,338.811,135.536,187.321
960.657,339.915,133.090,187.027
960.176,337.317,134.051,189.695
960.817,338.012,134.047,188.623
960.284,337.045,135.112,187.372
960.284,336.726,135.112,188.328
960.072,336.590,135.536,188.919
959.860,335.493,135.960,188.228
959.966,335.159,135.748,189.215
959.754,335.988,136.172,188.842
959.112,335.667,136.814,189.806
960.406,335.385,135.518,188.757
959.330,335.316,136.708,189.215
958.742,334.886,134.341,188.464
959.631,335.113,133.837,188.328
959.100,334.147,132.036,189.305
959.886,335.386,130.463,188.412
959.773,334.088,131.946,188.494
960.090,333.953,132.576,189.079
959.140,335.882,134.475,187.758
958.928,334.314,134.899,189.623
959.784,334.678,134.467,189.215
958.291,333.387,132.020,190.517
958.863,333.348,132.781,189.325
957.910,332.713,134.687,189.325
957.486,334.034,135.536,187.960
957.486,332.436,135.536,190.198
957.062,333.610,136.384,189.137
957.062,333.288,136.384,188.172
957.274,332.779,135.960,189.510
957.062,333.610,131.881,189.137
957.874,333.330,132.154,188.430
958.190,332.698,129.941,188.430
958.651,332.966,129.020,187.894
957.090,333.105,130.272,188.552
957.613,332.970,131.109,188.508
957.718,332.827,132.156,188.794
956.771,332.376,134.051,188.430
957.619,332.735,133.627,188.032
957.089,333.041,134.687,187.736
958.151,332.905,133.837,188.328
957.620,331.621,134.899,189.623
957.196,332.946,135.748,188.254
957.196,332.625,132.866,187.294
958.604,331.575,132.576,188.132
957.866,332.374,134.051,186.849
957.654,332.237,134.475,187.441
957.442,332.101,134.899,188.032
958.507,330.369,134.047,190.219
957.763,331.179,135.536,188.919
958.833,331.043,134.677,187.586
958.086,329.707,135.536,189.305
959.156,329.764,131.791,189.510
957.920,329.839,131.413,188.412
958.705,331.073,131.736,187.519
959.124,330.435,132.156,187.536
958.389,329.656,133.627,189.095
959.025,330.346,133.627,188.032
959.765,329.065,133.417,189.325
959.024,328.279,134.899,189.623
959.880,329.604,129.985,188.254
957.857,329.784,133.405,187.894
958.591,328.583,128.766,189.027
958.567,329.300,131.316,187.594
959.508,329.164,131.318,188.180
958.460,329.171,131.527,187.221
959.507,328.535,131.318,188.494
958.352,328.550,133.627,187.519
959.197,327.479,133.207,189.978
958.244,327.189,132.244,189.602
959.032,327.159,133.207,188.709
958.291,326.852,134.687,189.960
957.761,326.424,132.866,190.175
958.653,326.382,133.627,189.305
959.186,325.755,133.837,189.602
958.442,326.404,132.451,188.623
959.436,327.302,132.363,188.412
957.960,326.660,134.683,188.430
958.917,326.723,134.047,188.623
959.659,325.437,133.837,189.921
957.958,326.245,129.898,188.623
958.294,326.460,131.109,188.194
958.400,326.160,132.156,188.794
958.717,325.710,132.786,188.430
957.345,325.244,130.780,189.678
957.813,325.536,131.736,189.095
957.920,325.236,132.786,188.430
958.448,324.770,132.997,189.678
957.496,324.480,134.899,189.305
958.353,324.685,134.467,189.215
959.097,324.992,134.257,188.919
958.564,325.300,135.324,188.623
958.352,323.884,135.748,190.495
957.928,324.094,136.596,190.397
959.008,323.960,135.728,189.050
958.251,323.889,136.601,189.510
957.609,323.607,137.241,190.397
957.613,323.325,132.701,189.342
958.526,324.287,132.781,189.007
957.045,323.960,135.110,188.709
958.111,324.015,134.257,188.919
957.577,324.323,132.451,188.623
958.571,323.954,132.363,188.412
957.095,323.628,134.683,189.379
957.948,322.739,134.257,190.198
957.202,323.391,131.266,189.215
957.810,323.301,131.945,189.395
957.917,323.001,131.097,188.728
957.913,322.817,132.366,189.095
956.964,322.367,132.363,188.728
957.281,324.267,132.997,187.462
956.121,323.151,131.838,188.430
955.121,322.668,133.839,188.132
955.967,321.755,133.417,190.278
956.291,321.784,134.047,189.581
956.929,322.422,131.175,188.623
955.703,322.502,131.736,187.519
956.751,322.179,131.527,188.480
955.701,322.501,133.627,188.464
956.442,322.071,133.417,188.689
957.077,321.118,133.417,189.325
956.336,320.651,134.899,189.305
957.192,320.856,132.546,189.215
958.131,320.950,130.669,188.392
958.121,320.899,131.946,188.494
956.543,320.449,134.470,188.132
958.134,320.510,133.200,188.328
956.862,319.527,135.110,189.027
957.824,320.553,134.467,188.254
956.864,320.676,135.749,188.328
956.865,320.392,135.748,189.215
957.937,320.257,134.887,189.806
957.401,318.962,131.471,188.869
958.111,318.699,131.945,189.395
958.852,318.399,132.363,188.728
957.269,319.349,130.780,188.412
957.628,319.308,131.632,188.494
958.103,318.858,129.420,188.132
958.093,319.127,131.003,188.844
958.357,319.002,127.954,187.834
958.339,319.722,129.854,187.636
958.233,318.493,129.440,188.844
958.443,318.968,130.899,187.894
959.176,318.668,129.433,188.494
959.486,319.118,130.690,187.594
960.217,318.818,129.227,188.194
958.654,319.268,130.481,187.294
959.384,318.968,130.899,187.894
960.117,318.668,126.919,187.238
959.994,318.456,129.018,187.662
960.302,318.790,128.402,188.240
960.405,319.563,127.263,186.693
960.454,320.313,129.018,187.971
960.761,318.309,130.272,188.240
961.284,318.332,129.227,188.194
960.969,318.782,128.296,187.294
961.122,319.232,127.990,186.393
961.431,318.446,129.227,187.966
961.741,318.782,126.111,187.294
961.419,317.671,128.599,188.284
961.518,318.317,130.272,186.994
962.247,318.017,128.814,187.594
962.556,318.467,128.196,186.693
962.865,317.679,129.436,188.270
961.300,318.017,128.189,187.594
961.400,318.617,127.990,186.393
963.564,316.594,127.372,187.966
961.603,317.681,128.507,187.032
961.861,316.757,127.990,187.636
961.964,317.529,129.645,187.334
962.483,317.549,128.608,187.294
962.792,316.756,129.854,187.636
963.312,316.777,128.814,187.594
961.754,314.738,130.063,189.183
962.069,316.653,128.490,186.923
962.422,315.828,129.645,187.334
962.940,315.848,127.672,188.542
962.781,314.437,127.990,188.878
962.678,315.530,128.196,187.938
962.781,313.817,129.854,188.878
963.095,314.159,128.286,188.194
963.140,314.909,128.196,187.938
961.379,314.439,129.854,188.878
961.693,314.781,129.227,188.194
962.002,312.734,130.481,189.791
962.320,313.083,129.845,189.095
960.747,313.533,131.109,189.449
961.276,313.560,131.945,189.395
960.117,313.260,134.263,188.728
959.693,313.619,130.650,188.328
960.302,312.279,131.318,189.751
960.832,312.307,130.257,189.695
961.141,312.758,131.527,188.794
959.985,312.457,133.839,189.395
961.261,311.557,133.200,189.921
960.305,312.513,133.200,189.602
959.455,311.866,134.899,189.623
959.031,310.630,133.827,190.815
959.991,311.590,129.345,189.215
959.527,310.998,129.647,190.399
959.531,310.542,129.639,190.053
959.634,311.321,131.318,188.494
959.740,310.706,130.475,189.410
960.159,311.014,131.527,188.794
960.265,310.713,130.682,189.395
958.793,310.863,131.736,189.095
959.532,310.563,130.257,189.695
959.841,309.755,131.527,190.053
959.740,311.367,131.097,188.412
959.839,309.917,132.156,190.053
959.949,309.796,133.207,189.027
959.208,310.600,132.781,189.007
959.630,309.956,133.207,189.027
958.890,309.172,132.781,189.325
959.207,310.125,131.511,189.007
960.884,309.931,130.998,189.395
959.464,309.931,133.839,189.395
960.739,309.030,131.288,189.921
961.255,309.143,132.154,189.695
960.094,308.843,132.572,189.027
961.046,309.795,132.572,188.709
960.200,309.152,132.363,188.728
959.250,308.519,134.263,188.728
960.738,309.834,131.288,187.372
961.037,308.016,131.946,188.494
960.091,309.145,131.945,187.816
961.141,308.505,131.736,189.095
959.983,309.786,134.051,186.849
961.674,309.649,132.572,187.441
961.041,308.672,133.839,188.132
960.617,309.029,132.781,189.007
961.673,308.385,132.572,189.027
960.721,309.336,132.572,187.441
960.088,308.359,131.945,188.132
961.035,309.306,131.945,187.816
962.085,308.667,131.736,189.095
962.824,308.367,130.257,188.430
963.340,308.485,131.109,188.194
964.075,309.758,131.527,187.221
962.294,309.121,132.260,188.494
963.296,308.521,130.257,188.430
963.811,308.639,129.227,188.194
964.120,309.089,130.481,187.294
964.851,308.789,130.899,187.894
965.584,308.489,131.318,188.494
964.430,308.189,131.736,187.834
965.375,309.134,131.736,187.519
964.536,308.497,131.527,188.794
965.274,309.775,130.051,186.554
965.683,309.405,130.793,187.294
966.466,308.955,129.227,186.939
966.981,309.078,130.063,187.938
967.503,309.100,129.020,187.894
967.812,308.303,130.272,186.993
968.541,309.566,128.814,187.281
966.983,308.616,130.063,187.938
967.191,308.638,129.334,186.641
967.760,308.612,130.063,187.938
968.281,308.634,129.020,186.641
968.797,308.758,129.854,187.636
853.321,308.779,244.810,186.343
967.172,308.281,132.164,187.766
853.328,307.467,244.950,185.923
967.259,308.577,132.009,185.838
851.343,307.399,246.534,186.939
854.720,304.183,229.038,191.223
854.375,302.119,218.408,191.998
854.055,302.540,213.717,191.976
853.402,303.188,238.959,191.086
853.549,302.496,245.080,192.043
853.640,303.424,243.596,190.621
853.835,301.711,241.912,193.185
854.063,304.404,241.456,190.828
853.612,303.132,235.913,192.512
854.649,303.378,222.318,191.594
852.589,302.898,247.098,192.141
854.433,304.309,243.410,190.627
855.829,302.599,240.618,191.891
856.108,301.746,246.513,192.736
856.351,303.455,244.718,190.627
856.826,301.520,239.880,192.336
856.736,300.890,240.060,193.167
856.457,303.899,226.819,190.166
855.962,302.123,236.953,190.394
857.931,305.049,235.143,187.944
858.124,302.257,234.756,191.002
859.268,302.311,234.589,190.471
858.487,302.324,236.152,190.445
860.192,303.260,234.866,189.846
859.688,303.074,235.873,189.797
861.528,302.637,229.228,190.247
861.553,303.663,207.850,187.776
864.575,302.584,201.410,190.331
868.800,302.446,227.474,189.823
871.409,303.710,200.612,186.877
877.506,302.939,219.822,187.644
875.980,301.999,197.658,190.744
880.356,302.919,193.181,188.128
881.142,304.232,192.754,188.174
884.890,301.115,186.783,189.071
887.997,301.227,183.204,188.470
886.180,303.904,185.349,186.093
891.508,303.658,179.153,186.215
893.320,303.516,42.419,184.670
898.725,302.439,35.518,188.599
903.357,302.064,31.340,187.874
902.594,302.165,31.023,187.671
905.859,302.471,27.554,185.835
908.150,302.354,25.843,187.218
910.744,304.126,23.169,183.395
912.666,312.784,21.674,170.518
913.738,312.722,18.553,173.693
915.145,316.535,19.390,164.926
916.437,385.485,16.579,95.728
918.803,407.256,11.686,68.274
920.350,419.517,10.000,41.548
922.274,425.646,10.000,39.708
917.028,429.612,13.127,56.428
953.636,348.827,19.957,131.738
965.882,379.452,33.595,107.380
965.680,376.840,39.785,112.000
965.194,310.169,40.354,178.041
965.131,309.725,43.202,179.100
965.778,309.470,40.676,178.377
836.854,385.694,54.076,102.522
835.866,388.356,28.771,90.190
835.862,391.917,29.595,86.947
836.341,382.990,35.847,97.590
836.244,380.212,38.413,103.028
836.289,377.771,40.844,105.389
835.529,375.339,40.785,108.279
835.695,375.321,40.053,107.917
835.724,372.969,39.601,109.463
835.450,371.704,39.752,110.539
836.564,371.219,38.589,111.244
835.861,370.531,39.601,112.226
836.828,369.477,38.734,112.330
836.122,369.118,39.752,112.652
835.619,369.538,40.354,112.884
836.752,369.387,35.928,112.376
836.729,370.085,38.397,110.853
837.518,369.629,36.819,112.286
836.310,369.629,37.816,110.995
836.879,370.630,36.678,110.685
837.231,371.375,33.932,109.960
836.916,372.551,34.562,108.344
836.916,372.918,34.562,108.344
836.916,374.634,32.601,104.545
837.180,377.859,30.669,102.426
837.094,380.898,29.490,98.262
837.036,386.051,27.338,93.251
836.861,385.486,28.092,93.270
838.703,391.818,24.100,85.938
837.845,398.992,19.499,73.969
836.873,414.534,11.102,25.397
824.191,424.341,10.000,70.721
821.430,406.068,11.615,43.089
811.840,438.643,12.201,78.744
848.645,446.007,13.833,32.318
843.486,415.818,17.391,61.146
839.403,398.683,20.970,77.984
839.839,398.451,21.476,78.933
838.938,400.032,20.223,76.516
840.118,405.172,17.152,70.503
840.010,413.040,15.128,62.331
840.436,416.886,11.568,54.701
840.359,438.830,11.116,30.618
840.697,444.255,10.000,20.989
835.774,460.060,10.000,24.082
836.330,464.033,12.701,33.155
861.075,467.697,10.000,28.400
882.913,444.819,11.634,23.200
876.580,390.451,19.249,82.343
870.596,399.207,25.613,78.839
866.654,402.158,67.894,77.979
861.600,299.165,75.082,182.737
861.133,296.921,75.547,184.878
858.208,297.316,79.267,184.089
854.502,298.565,82.805,184.496
851.580,297.954,86.668,183.737
848.431,297.614,89.682,183.154
849.132,296.548,88.793,185.029
846.309,296.420,91.873,185.029
845.503,297.017,92.179,184.358
843.544,297.278,94.268,184.358
845.248,297.275,94.559,184.100
843.927,297.143,93.767,184.100
845.552,296.571,94.201,184.192
845.463,296.659,93.062,183.751
846.907,296.265,93.843,185.065
846.549,296.615,96.408,184.100
847.026,297.210,94.122,184.244
846.896,295.479,96.226,185.597
845.765,296.479,95.813,184.935
847.810,297.491,95.455,184.244
847.989,296.110,93.768,184.615
849.529,295.619,94.380,184.542
848.119,295.708,93.767,184.100
847.901,295.136,96.043,184.192
848.196,295.777,94.122,184.244
848.066,295.100,93.062,184.542
847.586,294.925,95.860,183.842
847.879,293.965,93.945,185.495
849.335,295.944,94.738,184.449
849.335,294.224,93.415,186.036
848.763,295.060,93.239,184.100
850.209,294.664,94.022,183.842
850.120,293.963,92.885,184.192
849.641,294.575,92.532,184.278
850.907,294.620,93.664,184.711
850.549,294.968,92.271,183.751
851.856,295.102,90.960,184.005
850.952,294.854,91.473,183.982
852.032,294.417,92.947,184.337
851.584,294.316,89.649,183.492
852.182,294.524,92.052,184.104
851.555,293.791,89.136,185.048
851.897,294.263,92.052,184.618
851.181,293.610,91.396,185.403
852.050,293.527,90.178,185.048
850.845,293.979,90.520,183.627
851.707,293.898,90.087,184.820
852.266,293.719,89.486,184.144
852.783,293.739,88.966,184.618
851.329,293.405,90.590,183.489
852.226,293.256,89.313,184.820
852.656,292.843,88.966,185.390
852.914,292.714,89.738,185.390
851.577,293.515,90.345,184.820
852.266,293.853,90.262,185.179
852.826,293.674,89.659,184.500
853.344,293.693,89.140,184.978
851.887,293.359,90.766,185.390
852.614,293.106,89.832,184.856
853.132,293.124,89.313,183.788
853.648,292.375,89.563,185.029
852.314,293.174,90.943,184.462
853.130,292.977,89.832,184.337
851.930,292.914,90.943,184.978
852.745,292.975,89.832,184.337
853.349,292.139,89.912,185.750
852.011,292.943,91.296,183.627
853.088,292.506,89.659,185.537
853.520,293.380,89.313,184.820
852.150,292.710,90.766,184.104
852.963,292.512,89.659,185.537
853.394,293.386,89.313,184.820
853.824,292.716,88.966,185.647
852.192,292.535,90.943,185.750
852.921,292.804,90.005,186.253
853.353,292.385,89.659,185.278
853.785,293.130,89.313,184.820
854.215,292.460,88.966,185.647
852.583,292.279,90.943,185.750
853.312,292.548,90.005,186.253
853.744,292.129,89.659,185.278
852.368,292.874,90.345,184.820
853.057,291.919,89.486,186.472
853.315,292.565,89.486,185.696
853.660,293.519,89.313,184.820
854.090,292.849,88.966,185.647
854.261,292.668,89.140,185.750
854.519,292.540,89.140,185.750
852.973,292.411,90.170,185.750
853.488,293.036,89.659,185.537
853.919,292.620,89.313,186.111
852.370,292.491,90.345,186.111
852.887,292.599,89.832,186.414
853.232,292.260,89.659,186.832
853.491,292.131,89.659,185.278
853.923,292.875,89.313,184.820
852.553,292.462,87.938,185.390
852.554,291.853,91.515,185.330
853.483,292.776,87.311,185.569
853.257,291.929,89.040,185.478
