0.00000000,0.00000000
0.90771431,0.00000000
0.86438689,0.00000000
0.83131805,0.00000000
0.88533344,0.00000000
0.83192324,0.00000000
0.80259021,0.00000000
0.83396716,0.00000000
0.88012750,0.00000000
0.89240615,0.00000000
0.87940196,0.00000000
0.85879513,0.00000000
0.88679434,0.00000000
0.74228265,0.00000000
0.79272203,0.00000000
0.81800760,0.00000000
0.71483122,0.00000000
0.78542226,0.00000000
0.74695316,0.00000000
0.77051677,0.00000000
0.78712959,0.00000000
0.80747714,0.00000000
0.79792605,0.00000000
0.82234084,0.00000000
0.76797641,0.00000000
0.76979954,0.00000000
0.73530120,0.00000000
0.76012118,0.00000000
0.83782288,0.00000000
0.74576648,0.00000000
0.77436304,0.00000000
0.80521484,0.00000000
0.76742353,0.00000000
0.77745871,0.00000000
0.80915246,0.00000000
0.77476181,0.00000000
0.85093466,0.00000000
0.82046041,0.00000000
0.79022665,0.00000000
0.83619824,0.00000000
0.78152861,0.00000000
0.77290122,0.00000000
0.74125555,0.00000000
0.76014051,0.00000000
0.73699727,0.00000000
0.73479699,0.00000000
0.77090273,0.00000000
0.73920692,0.00000000
0.75790873,0.00000000
0.72471985,0.00000000
0.73293245,0.00000000
0.74350618,0.00000000
0.76187833,0.00000000
0.71973900,0.00000000
0.71599408,0.00000000
0.69046906,0.00000000
0.66897753,0.00000000
0.68031876,0.00000000
0.68554586,0.00000000
0.68636503,0.00000000
0.68661019,0.00000000
0.68606862,0.00000000
0.69855802,0.00000000
0.72736455,0.00000000
0.77457290,0.00000000
0.74395258,0.00000000
0.70864016,0.00000000
0.72756880,0.00000000
0.68406583,0.00000000
0.71937437,0.00000000
0.75480555,0.00000000
0.69687550,0.00000000
0.74371959,0.00000000
0.67319598,0.00000000
0.74264019,0.00000000
0.75759979,0.00000000
0.75551694,0.00000000
0.81828090,0.00000000
0.67941389,0.00000000
0.71833720,0.00000000
0.69342452,0.00000000
0.68143223,0.00000000
0.72103362,0.00000000
0.73058859,0.00000000
0.69031130,0.00000000
0.71250470,0.00000000
0.70627108,0.00000000
0.74214339,0.00000000
0.69361824,0.00000000
0.69403060,0.00000000
0.72329085,0.00000000
0.70730042,0.00000000
0.68097883,0.00000000
0.66054365,0.00000000
0.69364740,0.00000000
0.67952187,0.00000000
0.66194768,0.00000000
0.64949641,0.00000000
0.68010138,0.00000000
0.70703447,0.00000000
0.75522107,0.00000000
0.67505809,0.00000000
0.67770435,0.00000000
0.70242291,0.00000000
0.67343842,0.00000000
0.78550148,0.00000000
0.75501426,0.00000000
0.74195543,0.00000000
0.75928635,0.00000000
0.71955452,0.00000000
0.74293928,0.00000000
0.74766795,0.00000000
0.78093464,0.00000000
0.72500351,0.00000000
0.73097000,0.00000000
0.76029721,0.00000000
0.73173626,0.00000000
0.73489436,0.00000000
0.75843608,0.00000000
0.76765863,0.00000000
0.76607020,0.00000000
0.83199470,0.00000000
0.79787177,0.00000000
0.75282127,0.00000000
0.77076712,0.00000000
0.85206818,0.00000000
0.78527602,0.00000000
0.81232087,0.00000000
0.79451058,0.00000000
0.82467183,0.00000000
0.88595734,0.00000000
0.80780141,0.00000000
0.76329851,0.00000000
0.77713124,0.00000000
0.82201589,0.00000000
0.76918803,0.00000000
0.80092376,0.00000000
0.69843846,0.00000000
0.72044346,0.00000000
0.73336110,0.00000000
0.80288777,0.00000000
0.72112909,0.00000000
0.84358585,0.00000000
0.73761182,0.00000000
0.72878201,0.00000000
0.75863304,0.00000000
0.72636852,0.00000000
0.73975600,0.00000000
0.69459371,0.00000000
0.77273574,0.00000000
0.79791387,0.00000000
0.79658687,0.00000000
0.79893483,0.00000000
0.81510960,0.00000000
0.73729435,0.00000000
0.71264132,0.00000000
0.79592630,0.00000000
0.78225554,0.00000000
0.77709484,0.00000000
0.73051363,0.00000000
0.74930761,0.00000000
0.74854663,0.00000000
0.75318024,0.00000000
0.77264665,0.00000000
0.69818095,0.00000000
0.77291178,0.00000000
0.77035094,0.00000000
0.71940006,0.00000000
0.70603550,0.00000000
0.72771420,0.00000000
0.75691740,0.00000000
0.69302417,0.00000000
0.69917850,0.00000000
0.77357301,0.00000000
0.69980076,0.00000000
0.71064741,0.00000000
0.68931040,0.00000000
0.76260036,0.00000000
0.72780763,0.00000000
0.75061739,0.00000000
0.74401099,0.00000000
0.81636920,0.00000000
0.76556412,0.00000000
0.83536368,0.00000000
0.69377874,0.00000000
0.78225793,0.00000000
0.77414040,0.00000000
0.78487374,0.00000000
0.79350114,0.00000000
0.76680371,0.00000000
0.73447941,0.00000000
0.78915338,0.00000000
0.80887167,0.00000000
0.76265692,0.00000000
0.75112427,0.00000000
0.86914088,0.00000000
0.83552006,0.00000000
0.78536597,0.00000000
0.80567915,0.00000000
0.82721723,0.00000000
0.76776529,0.00000000
0.82867790,0.00000000
0.77730854,0.00000000
0.72725113,0.00000000
0.75943230,0.00000000
0.70621789,0.00000000
0.71531086,0.00000000
0.70900803,0.00000000
0.73051234,0.00000000
0.65955181,0.00000000
0.72312523,0.00000000
0.78444865,0.00000000
0.78263857,0.00000000
0.72137578,0.00000000
0.75838114,0.00000000
0.79893047,0.00000000
0.69272530,0.00000000
0.80421622,0.00000000
0.78295608,0.00000000
0.72299164,0.00000000
0.80067569,0.00000000
0.70779679,0.00000000
0.77347793,0.00000000
0.78310425,0.00000000
0.79910996,0.00000000
0.70009523,0.00000000
0.73927491,0.00000000
0.75750920,0.00000000
0.77953056,0.00000000
0.79527796,0.00000000
0.76056650,0.00000000
0.78508697,0.00000000
0.74738422,0.00000000
0.77480993,0.00000000
0.76873315,0.00000000
0.76516837,0.00000000
0.77914547,0.00000000
0.82903530,0.00000000
0.69405327,0.00000000
0.72198804,0.00000000
0.83505306,0.00000000
0.88556389,0.00000000
0.85347146,0.00000000
0.77169007,0.00000000
0.82017976,0.00000000
0.80290284,0.00000000
0.85587694,0.00000000
0.91089079,0.00000000
0.87413049,0.00000000
0.86636339,0.00000000
0.84975373,0.00000000
0.75378967,0.00000000
0.89314266,0.00000000
0.80565760,0.00000000
0.78376437,0.00000000
0.87206433,0.00000000
0.87766548,0.00000000
0.88232902,0.00000000
0.91027447,0.00000000
0.83236937,0.00000000
0.85622956,0.00000000
0.80707492,0.00000000
0.81191289,0.00000000
0.81164034,0.00000000
0.83757245,0.00000000
0.80019100,0.00000000
0.86527362,0.00000000
0.81236897,0.00000000
0.84046829,0.00000000
0.85226800,0.00000000
0.81006435,0.00000000
0.81060626,0.00000000
0.82754813,0.00000000
0.72239211,0.00000000
0.76877364,0.00000000
0.64468167,0.00000000
0.58938059,0.00000000
0.59386406,0.00000000
0.53854363,0.00000000
0.73363725,0.00000000
0.73468392,0.00000000
0.78284735,0.00000000
0.80232847,0.00000000
0.67212670,0.00000000
0.67464105,0.00000000
0.60199046,0.00000000
0.61035173,0.00000000
0.70977571,0.00000000
0.65326303,0.00000000
0.69277098,0.00000000
0.67771599,0.00000000
0.71644749,0.00000000
0.69131045,0.00000000
0.72563372,0.00000000
0.71519457,0.00000000
0.68682583,0.00000000
0.73166369,0.00000000
0.76622149,0.00000000
0.85904517,0.00000000
0.80699353,0.00000000
0.82678162,0.00000000
0.84360460,0.00000000
0.81427462,0.00000000
0.85381006,0.00000000
0.79823343,0.00000000
0.82535236,0.00000000
0.80708749,0.00000000
0.83591302,0.00000000
0.72673469,0.00000000
0.70477279,0.00000000
0.76821375,0.00000000
0.82473461,0.00000000
0.85282213,0.00000000
0.81177812,0.00000000
0.74739766,0.00000000
0.82144116,0.00000000
0.83684206,0.00000000
0.80468016,0.00000000
0.77698127,0.00000000
0.75705372,0.00000000
0.74680750,0.00000000
0.77928974,0.00000000
0.77415158,0.00000000
0.77827978,0.00000000
0.71911963,0.00000000
0.74356795,0.00000000
0.68228270,0.00000000
0.72387765,0.00000000
0.72417603,0.00000000
0.74707647,0.00000000
0.71151191,0.00000000
0.74739900,0.00000000
0.75744368,0.00000000
0.71510750,0.00000000
0.73535259,0.00000000
0.70504873,0.00000000
0.77851947,0.00000000
0.75589199,0.00000000
0.79440237,0.00000000
0.71136969,0.00000000
0.66826813,0.00000000
0.81693768,0.00000000
0.82680650,0.00000000
0.76355273,0.00000000
0.85602102,0.00000000
0.87279625,0.00000000
0.78742980,0.00000000
0.81404416,0.00000000
0.78007382,0.00000000
0.78886421,0.00000000
0.79052871,0.00000000
0.82627232,0.00000000
0.82040397,0.00000000
0.72596997,0.00000000
0.77261120,0.00000000
0.73837299,0.00000000
0.79147578,0.00000000
0.77273538,0.00000000
0.77562678,0.00000000
0.79476513,0.00000000
0.81571198,0.00000000
0.69919002,0.00000000
0.66068530,0.00000000
0.60844410,0.00000000
0.72612390,0.00000000
0.63298983,0.00000000
0.65897156,0.00000000
0.73018019,0.00000000
0.64665861,0.00000000
0.78725275,0.00000000
0.72665180,0.00000000
0.82711170,0.00000000
0.78692932,0.00000000
0.77375832,0.00000000
0.79602932,0.00000000
0.84347130,0.00000000
0.83252266,0.00000000
0.83761293,0.00000000
0.81668710,0.00000000
0.87953003,0.00000000
0.75225139,0.00000000
0.77307147,0.00000000
0.73677352,0.00000000
0.79004259,0.00000000
0.78349475,0.00000000
0.80185154,0.00000000
0.74620358,0.00000000
0.77625782,0.00000000
0.87668199,0.00000000
0.84684694,0.00000000
0.83235495,0.00000000
0.91076300,0.00000000
0.90134436,0.00000000
0.90394426,0.00000000
0.82923196,0.00000000
0.83424216,0.00000000
0.74323164,0.00000000
0.82890321,0.00000000
0.84189833,0.00000000
0.78600770,0.00000000
0.77527413,0.00000000
0.85824992,0.00000000
0.81770087,0.00000000
0.77329280,0.00000000
0.75857196,0.00000000
0.76217826,0.00000000
0.75630056,0.00000000
0.72342463,0.00000000
0.80035695,0.00000000
0.88108687,0.00000000
0.78476781,0.00000000
0.69650656,0.00000000
0.86490892,0.00000000
0.78915553,0.00000000
0.76356810,0.00000000
0.81092619,0.00000000
0.83538199,0.00000000
0.81980324,0.00000000
0.94579162,0.00000000
0.78418038,0.00000000
0.79692615,0.00000000
0.73763982,0.00000000
0.80597838,0.00000000
0.89745961,0.00000000
0.83580461,0.00000000
0.77078327,0.00000000
0.80291892,0.00000000
0.84406924,0.00000000
0.74578079,0.00000000
0.74020081,0.00000000
0.68136976,0.00000000
0.71026214,0.00000000
0.74647502,0.00000000
0.79945486,0.00000000
0.80541218,0.00000000
0.79441046,0.00000000
0.75598483,0.00000000
0.72983075,0.00000000
0.81306547,0.00000000
0.81474061,0.00000000
0.74592642,0.00000000
0.70897902,0.00000000
0.69021372,0.00000000
0.69546721,0.00000000
0.67781811,0.00000000
0.76196626,0.00000000
0.79079611,0.00000000
0.68556075,0.00000000
0.75447866,0.00000000
0.77806496,0.00000000
0.81719144,0.00000000
0.78204739,0.00000000
0.74964401,0.00000000
0.74883459,0.00000000
0.83984759,0.00000000
0.75693428,0.00000000
0.73134894,0.00000000
0.76224528,0.00000000
0.71845462,0.00000000
0.68758131,0.00000000
0.74513452,0.00000000
0.71113409,0.00000000
0.75503685,0.00000000
0.78541911,0.00000000
0.76346061,0.00000000
0.83265725,0.00000000
0.84181506,0.00000000
0.83171893,0.00000000
0.74286641,0.00000000
0.72500537,0.00000000
0.77141262,0.00000000
0.60158665,0.00000000
0.64662553,0.00000000
0.57810547,0.00000000
0.65447503,0.00000000
0.65904417,0.00000000
0.61527506,0.00000000
0.62286539,0.00000000
0.58420206,0.00000000
0.61765643,0.00000000
0.61627268,0.00000000
0.68537094,0.00000000
0.60148483,0.00000000
0.58759895,0.00000000
0.70194123,0.00000000
0.59941576,0.00000000
0.59424076,0.00000000
0.62246920,0.00000000
0.59309799,0.00000000
0.64967940,0.00000000
0.58951473,0.00000000
0.59877715,0.00000000
0.64134295,0.00000000
0.59494220,0.00000000
0.68447454,0.00000000
0.71591413,0.00000000
0.76721550,0.00000000
0.71781452,0.00000000
0.67726818,0.00000000
0.70314115,0.00000000
0.67220099,0.00000000
0.81818450,0.00000000
0.73233905,0.00000000
0.71302084,0.00000000
0.75292007,0.00000000
0.80331876,0.00000000
0.83896927,0.00000000
0.80599235,0.00000000
0.77660975,0.00000000
0.80187617,0.00000000
0.80391055,0.00000000
0.83918098,0.00000000
0.81608122,0.00000000
0.83814430,0.00000000
0.84827007,0.00000000
0.75788614,0.00000000
0.77261560,0.00000000
0.86556135,0.00000000
0.69666743,0.00000000
0.72825990,0.00000000
0.79428345,0.00000000
0.70326843,0.00000000
0.85231976,0.00000000
0.78274402,0.00000000
0.73941553,0.00000000
0.80307973,0.00000000
0.76918528,0.00000000
0.77020113,0.00000000
0.74807759,0.00000000
0.76762029,0.00000000
0.83006601,0.00000000
0.74917972,0.00000000
0.73941573,0.00000000
0.78052188,0.00000000
0.79541066,0.00000000
0.81341372,0.00000000
0.85506487,0.00000000
0.79090309,0.00000000
0.85103850,0.00000000
0.85293894,0.00000000
0.67937328,0.00000000
0.71298262,0.00000000
0.82888832,0.00000000
0.76208989,0.00000000
0.84617408,0.00000000
0.83084260,0.00000000
0.73480495,0.00000000
0.80633555,0.00000000
0.74594353,0.00000000
0.80202900,0.00000000
0.87778200,0.00000000
0.84854737,0.00000000
0.84313780,0.00000000
0.81018588,0.00000000
0.79620532,0.00000000
0.80451419,0.00000000
0.85250604,0.00000000
0.83488197,0.00000000
0.89067589,0.00000000
0.84908920,0.00000000
0.91403306,0.00000000
0.85450038,0.00000000
0.83749849,0.00000000
0.76636432,0.00000000
0.75034031,0.00000000
0.76601457,0.00000000
0.85170090,0.00000000
0.75003873,0.00000000
0.75022784,0.00000000
0.83162542,0.00000000
0.76900871,0.00000000
0.76540088,0.00000000
0.75204555,0.00000000
0.71829550,0.00000000
0.71670686,0.00000000
0.70033422,0.00000000
0.75912777,0.00000000
0.75850202,0.00000000
0.72837343,0.00000000
0.63658786,0.00000000
0.61018101,0.00000000
0.65301014,0.00000000
0.71623131,0.00000000
0.70340823,0.00000000
0.64693625,0.00000000
0.45024745,0.00000000
0.81026326,0.00000000
0.80740160,0.00000000
0.72942775,0.00000000
0.85901930,0.00000000
0.73646548,0.00000000
0.74733086,0.00000000
0.70826535,0.00000000
0.71067619,0.00000000
0.67520654,0.00000000
0.73723412,0.00000000
0.56804992,0.00000000
0.72033102,0.00000000
0.65531751,0.00000000
0.68925649,0.00000000
0.76635624,0.00000000
0.70514605,0.00000000
0.62786728,0.00000000
0.75938482,0.00000000
0.67933466,0.00000000
0.70074343,0.00000000
0.73932184,0.00000000
0.73874252,0.00000000
0.65531579,0.00000000
0.73829743,0.00000000
0.65543306,0.00000000
0.58020570,0.00000000
0.75243234,0.00000000
0.77189818,0.00000000
0.70132271,0.00000000
0.72337596,0.00000000
0.69759888,0.00000000
0.60729985,0.00000000
0.55415442,0.00000000
0.64087857,0.00000000
0.52888130,0.00000000
0.39552224,0.00000000
0.27684185,0.00000000
0.50544119,0.00000000
0.50591355,0.00000000
0.75695227,0.00000000
0.79551380,0.00000000
0.64959287,0.00000000
0.70940729,0.00000000
0.69952525,0.00000000
0.73922592,0.00000000
0.75233199,0.00000000
0.76081113,0.00000000
0.85021127,0.00000000
0.85059774,0.00000000
0.85226803,0.00000000
0.80151336,0.00000000
0.81145406,0.00000000
0.85504395,0.00000000
0.82885667,0.00000000
0.86020917,0.00000000
0.83888587,0.00000000
0.72918892,0.00000000
0.75115916,0.00000000
0.73736486,0.00000000
0.78725828,0.00000000
0.77563527,0.00000000
0.84027370,0.00000000
0.80181560,0.00000000
0.83380244,0.00000000
0.82724230,0.00000000
0.72955082,0.00000000
0.70107739,0.00000000
0.64589437,0.00000000
0.60862495,0.00000000
0.57701961,0.00000000
0.54080192,0.00000000
0.50017569,0.00000000
0.58995830,0.00000000
0.63907154,0.00000000
0.74333856,0.00000000
0.73875548,0.00000000
0.71132566,0.00000000
0.76637380,0.00000000
0.73675092,0.00000000
0.67590911,0.00000000
0.74951164,0.00000000
0.85900234,0.00000000
0.85130762,0.00000000
0.85671928,0.00000000
0.82971837,0.00000000
0.84948613,0.00000000
0.86722520,0.00000000
0.87919039,0.00000000
0.70767319,0.00000000
0.74114390,0.00000000
0.75279332,0.00000000
0.77474592,0.00000000
0.79413754,0.00000000
0.74658106,0.00000000
0.78432859,0.00000000
0.77151619,0.00000000
0.78900034,0.00000000
0.86921243,0.00000000
0.92092311,0.00000000
0.86641361,0.00000000
0.68010661,0.00000000
0.77618092,0.00000000
0.76380095,0.00000000
0.83024571,0.00000000
0.81444433,0.00000000
0.85677364,0.00000000
0.87362985,0.00000000
0.92736572,0.00000000
0.52368746,0.00000000
0.58121854,0.00000000
0.54636577,0.00000000
0.47138079,0.00000000
0.56779332,0.00000000
0.52134991,0.00000000
0.68542410,0.00000000
0.56189764,0.00000000
0.57379340,0.00000000
0.39265888,0.00000000
0.63760784,0.00000000
0.61703093,0.00000000
0.68473171,0.00000000
0.71021096,0.00000000
0.75331507,0.00000000
0.78956419,0.00000000
0.85894211,0.00000000
0.77895926,0.00000000
0.80673189,0.00000000
0.79785586,0.00000000
0.82884142,0.00000000
0.85819906,0.00000000
0.85742802,0.00000000
0.85744983,0.00000000
0.89099862,0.00000000
0.79343521,0.00000000
0.92225668,0.00000000
0.91685816,0.00000000
0.84073837,0.00000000
0.96719957,0.00000000
0.86795633,0.00000000
0.79417639,0.00000000
0.79877824,0.00000000
0.79227942,0.00000000
0.74403113,0.00000000
0.74534997,0.00000000
0.76993458,0.00000000
0.79755333,0.00000000
0.70726697,0.00000000
0.80859278,0.00000000
0.78656828,0.00000000
0.77931274,0.00000000
0.74698804,0.00000000
0.79587578,0.00000000
0.79546587,0.00000000
0.74539272,0.00000000
0.71281612,0.00000000
0.63650743,0.00000000
0.84164239,0.00000000
0.72660046,0.00000000
0.81034338,0.00000000
0.78242257,0.00000000
0.78476264,0.00000000
0.86614774,0.00000000
0.86112755,0.00000000
0.83791702,0.00000000
0.75032581,0.00000000
0.73613975,0.00000000
0.80306084,0.00000000
0.74368783,0.00000000
0.81750636,0.00000000
0.76159218,0.00000000
0.73780105,0.00000000
0.80283806,0.00000000
0.60999473,0.00000000
0.56988091,0.00000000
0.58176239,0.00000000
0.71661516,0.00000000
0.81028468,0.00000000
0.77964631,0.00000000
0.69360153,0.00000000
0.79880802,0.00000000
0.65516848,0.00000000
0.76776639,0.00000000
0.70759311,0.00000000
0.18943565,0.00000000
0.25250827,0.00000000
0.53403510,0.00000000
0.79201488,0.00000000
0.85914416,0.00000000
0.80904455,0.00000000
0.84360179,0.00000000
0.85158385,0.00000000
0.85968202,0.00000000
0.85130142,0.00000000
0.80776812,0.00000000
0.81761649,0.00000000
0.87494634,0.00000000
0.94498162,0.00000000
0.79518297,0.00000000
0.82091497,0.00000000
0.83736339,0.00000000
0.83322403,0.00000000
0.81417914,0.00000000
0.87899527,0.00000000
0.84470984,0.00000000
0.79318452,0.00000000
0.74453565,0.00000000
0.82645134,0.00000000
0.84050215,0.00000000
0.82497508,0.00000000
0.80411060,0.00000000
0.78923749,0.00000000
0.88586531,0.00000000
0.85471265,0.00000000
0.82760126,0.00000000
0.86578761,0.00000000
0.90919099,0.00000000
0.85744725,0.00000000
0.83306649,0.00000000
0.83305233,0.00000000
0.81294508,0.00000000
0.87954298,0.00000000
0.86175933,0.00000000
0.82693478,0.00000000
0.87424710,0.00000000
0.86233056,0.00000000
0.87306966,0.00000000
0.83505917,0.00000000
0.85056258,0.00000000
0.84382580,0.00000000
0.79322142,0.00000000
0.80168962,0.00000000
0.89305030,0.00000000
0.91445095,0.00000000
0.85517978,0.00000000
0.85337605,0.00000000
0.81891140,0.00000000
0.84853206,0.00000000
0.87692965,0.00000000
0.74137559,0.00000000
0.76832066,0.00000000
0.87629551,0.00000000
0.82052613,0.00000000
0.83053119,0.00000000
0.64643286,0.00000000
0.62463075,0.00000000
0.59165385,0.00000000
0.59102327,0.00000000
0.56402121,0.00000000
0.66060862,0.00000000
0.66095444,0.00000000
0.74190299,0.00000000
0.68446453,0.00000000
0.69277549,0.00000000
0.63434493,0.00000000
0.73754245,0.00000000
0.70815788,0.00000000
0.72246257,0.00000000
0.56626876,0.00000000
0.70946949,0.00000000
0.72664572,0.00000000
0.72964632,0.00000000
0.72117076,0.00000000
0.78474458,0.00000000
0.72890211,0.00000000
0.73680249,0.00000000
0.65763406,0.00000000
0.63257407,0.00000000
0.57019205,0.00000000
0.56290730,0.00000000
0.66002718,0.00000000
0.71938366,0.00000000
0.65945650,0.00000000
0.70613189,0.00000000
0.58099960,0.00000000
0.56975693,0.00000000
0.65033981,0.00000000
0.63424180,0.00000000
0.61290339,0.00000000
0.66039485,0.00000000
0.67483028,0.00000000
0.69281040,0.00000000
0.70111165,0.00000000
0.69458377,0.00000000
0.67571462,0.00000000
0.64935303,0.00000000
0.56888219,0.00000000
0.65419531,0.00000000
0.65568053,0.00000000
0.69133830,0.00000000
0.71285156,0.00000000
0.69784806,0.00000000
0.66544664,0.00000000
0.70921516,0.00000000
0.61115685,0.00000000
0.66638263,0.00000000
0.57900479,0.00000000
0.52221077,0.00000000
0.60191247,0.00000000
0.64469263,0.00000000
0.58360073,0.00000000
0.61723294,0.00000000
0.66261360,0.00000000
0.72331592,0.00000000
0.71051093,0.00000000
0.73648638,0.00000000
0.74564328,0.00000000
0.72527900,0.00000000
0.70280624,0.00000000
0.63394787,0.00000000
0.62311906,0.00000000
0.65647388,0.00000000
0.60357587,0.00000000
0.60357587,0.00000000
0.60110337,0.00000000
0.60583855,0.00000000
0.60498546,0.00000000
0.67376225,0.00000000
0.64074247,0.00000000
0.65499836,0.00000000
0.73745257,0.00000000
0.60709279,0.00000000
0.64423407,0.00000000
0.68318049,0.00000000
0.70904553,0.00000000
0.66308250,0.00000000
0.63694005,0.00000000
0.64325301,0.00000000
0.71168184,0.00000000
0.65299403,0.00000000
0.56940137,0.00000000
0.61663086,0.00000000
0.57063251,0.00000000
0.59467640,0.00000000
0.53752419,0.00000000
0.53763985,0.00000000
0.55662656,0.00000000
0.51712374,0.00000000
0.54895925,0.00000000
0.55623134,0.00000000
0.49310283,0.00000000
0.52800622,0.00000000
0.67720749,0.00000000
0.59611722,0.00000000
0.55875800,0.00000000
0.72480152,0.00000000
0.66429159,0.00000000
0.80101031,0.00000000
0.83183676,0.00000000
0.73996179,0.00000000
0.65053349,0.00000000
0.00000000,0.00000000
0.00000000,0.00000000
0.00000000,0.00000000
0.00000000,0.00000000
0.00000000,0.00000000
0.00000000,0.00000000
0.00000000,0.00000000
0.00000000,0.00000000
0.00000000,0.00000000
0.00000000,0.00000000
0.00000000,0.00000000
0.00000000,0.00000000
0.00000000,0.00000000
0.00000000,0.00000000
0.00000000,0.00000000
0.00000000,0.00000000
0.00000000,0.00000000
0.00000000,0.00000000
0.00000000,0.00000000
0.00000000,0.00000000
0.00000000,0.00000000
0.00000000,0.00000000
0.00000000,0.00000000
0.00000000,0.00000000
0.00000000,0.00000000
0.00000000,0.00000000
0.00000000,0.00000000
0.00000000,0.00000000
0.00000000,0.00000000
0.00000000,0.00000000
0.00000000,0.00000000
0.00000000,0.00000000
0.00000000,0.00000000
0.00000000,0.00000000
0.00000000,0.00000000
0.00000000,0.00000000
0.00000000,0.00000000
0.00000000,0.00000000
0.00000000,0.00000000
0.00000000,0.00000000
0.00000000,0.00000000
0.00000000,0.00000000
0.00000000,0.00000000
0.00000000,0.00000000
0.00000000,0.00000000
0.00000000,0.00000000
0.00000000,0.00000000
0.00000000,0.00000000
0.00000000,0.00000000
0.00000000,0.00000000
0.00000000,0.00000000
0.00000000,0.00000000
0.00000000,0.00000000
0.00000000,0.00000000
0.00000000,0.00000000
0.00000000,0.00000000
0.00000000,0.00000000
0.00000000,0.00000000
0.00000000,0.00000000
0.00000000,0.00000000
0.00000000,0.00000000
0.00000000,0.00000000
0.00000000,0.00000000
0.00000000,0.00000000
0.00000000,0.00000000
0.00000000,0.00000000
0.00000000,0.00000000
0.00000000,0.00000000
0.00000000,0.00000000
0.00000000,0.00000000
0.00000000,0.00000000
0.00000000,0.00000000
0.00000000,0.00000000
0.00000000,0.00000000
0.00000000,0.00000000
0.00000000,0.00000000
0.00000000,0.00000000
0.00000000,0.00000000
0.00000000,0.00000000
0.00000000,0.00000000
0.00000000,0.00000000
0.00000000,0.00000000
0.00000000,0.00000000
0.00000000,0.00000000
0.00000000,0.00000000
0.00000000,0.00000000
0.00000000,0.00000000
0.00000000,0.00000000
0.00000000,0.00000000
0.00000000,0.00000000
0.00000000,0.00000000
0.00000000,0.00000000
0.00000000,0.00000000
0.00000000,0.00000000
0.00000000,0.00000000
0.00000000,0.00000000
0.00000000,0.00000000
0.00000000,0.00000000
0.00000000,0.00000000
0.00000000,0.00000000
0.00000000,0.00000000
0.00000000,0.00000000
0.00000000,0.00000000
0.00000000,0.00000000
0.00000000,0.00000000
0.00000000,0.00000000
0.00000000,0.00000000
0.00000000,0.00000000
0.00000000,0.00000000
0.00000000,0.00000000
0.00000000,0.00000000
0.00000000,0.00000000
0.00000000,0.00000000
0.00000000,0.00000000
0.00000000,0.00000000
0.00000000,0.00000000
0.00000000,0.00000000
0.00000000,0.00000000
0.00000000,0.00000000
0.00000000,0.00000000
0.00000000,0.00000000
0.00000000,0.00000000
0.00000000,0.00000000
0.00000000,0.00000000
0.00000000,0.00000000
0.00000000,0.00000000
0.00000000,0.00000000
0.00000000,0.00000000
0.00000000,0.00000000
0.00000000,0.00000000
0.00000000,0.00000000
0.00000000,0.00000000
0.00000000,0.00000000
0.00000000,0.00000000
0.00000000,0.00000000
0.00000000,0.00000000
0.00000000,0.00000000
0.00000000,0.00000000
0.00000000,0.00000000
0.00000000,0.00000000
0.00000000,0.00000000
0.00000000,0.00000000
0.00000000,0.00000000
0.06249104,0.00000000
0.68310777,0.00000000
0.00000000,0.00000000
0.00000000,0.00000000
0.00000000,0.00000000
0.00000000,0.00000000
0.00000000,0.00000000
0.00000000,0.00000000
0.00000000,0.00000000
0.00000000,0.00000000
0.00000000,0.00000000
0.00000000,0.00000000
0.00000000,0.00000000
0.00000000,0.00000000
0.00000000,0.00000000
0.00000000,0.00000000
0.00000000,0.00000000
0.00000000,0.00000000
0.00000000,0.00000000
0.00000000,0.00000000
0.00000000,0.00000000
0.00000000,0.00000000
0.00000000,0.00000000
0.00000000,0.00000000
0.00000000,0.00000000
0.00000000,0.00000000
0.00000000,0.00000000
0.00000000,0.00000000
0.00000000,0.00000000
0.00000000,0.00000000
0.00000000,0.00000000
0.00000000,0.00000000
0.00000000,0.00000000
0.00000000,0.00000000
0.00000000,0.00000000
0.00000000,0.00000000
0.00000000,0.00000000
0.00000000,0.00000000
0.00000000,0.00000000
0.00000000,0.00000000
0.00000000,0.00000000
0.00000000,0.00000000
0.00000000,0.00000000
0.00000000,0.00000000
0.00000000,0.00000000
0.00000000,0.00000000
0.00000000,0.00000000
0.00000000,0.00000000
0.00000000,0.00000000
0.00000000,0.00000000
0.00000000,0.00000000
0.00000000,0.00000000
0.00000000,0.00000000
0.00000000,0.00000000
0.00000000,0.00000000
0.00000000,0.00000000
0.00000000,0.00000000
0.00000000,0.00000000
0.00000000,0.00000000
0.00000000,0.00000000
0.00000000,0.00000000
0.00000000,0.00000000
0.00000000,0.00000000
0.00000000,0.00000000
0.00000000,0.00000000
0.00000000,0.00000000
0.00000000,0.00000000
0.00000000,0.00000000
0.00000000,0.00000000
0.00000000,0.00000000
0.00000000,0.00000000
0.00000000,0.00000000
0.00000000,0.00000000
0.00000000,0.00000000
0.00000000,0.00000000
0.00000000,0.00000000
0.00000000,0.00000000
0.00000000,0.00000000
0.00000000,0.00000000
0.00000000,0.00000000
0.00000000,0.00000000
0.00000000,0.00000000
0.00000000,0.00000000
0.00000000,0.00000000
0.00000000,0.00000000
0.00000000,0.00000000
0.00000000,0.00000000
0.00000000,0.00000000
0.00000000,0.00000000
0.00000000,0.00000000
0.00000000,0.00000000
0.00000000,0.00000000
0.00000000,0.00000000
0.00000000,0.00000000
0.00000000,0.00000000
0.00000000,0.00000000
0.00000000,0.00000000
0.00000000,0.00000000
0.00000000,0.00000000
0.00000000,0.00000000
0.00000000,0.00000000
0.00000000,0.00000000
0.00000000,0.00000000
0.00000000,0.00000000
0.00000000,0.00000000
0.00000000,0.00000000
0.00000000,0.00000000
0.00000000,0.00000000
0.00000000,0.00000000
0.00000000,0.00000000
0.00000000,0.00000000
0.00000000,0.00000000
0.00000000,0.00000000
0.00000000,0.00000000
0.00000000,0.00000000
0.00000000,0.00000000
0.00000000,0.00000000
0.00000000,0.00000000
0.00000000,0.00000000
0.00000000,0.00000000
0.00000000,0.00000000
0.00000000,0.00000000
0.00000000,0.00000000
0.00000000,0.00000000
0.00000000,0.00000000
0.00000000,0.00000000
0.00000000,0.00000000
0.00000000,0.00000000
0.00000000,0.00000000
0.00000000,0.00000000
0.00000000,0.00000000
0.00000000,0.00000000
0.00000000,0.00000000
0.00000000,0.00000000
0.00000000,0.00000000
0.00000000,0.00000000
0.00000000,0.00000000
0.00000000,0.00000000
0.00000000,0.00000000
0.00000000,0.00000000
0.00000000,0.00000000
0.00000000,0.00000000
0.00000000,0.00000000
0.00000000,0.00000000
0.00000000,0.00000000
0.00000000,0.00000000
0.00000000,0.00000000
0.00000000,0.00000000
0.00000000,0.00000000
0.00000000,0.00000000
0.00000000,0.00000000
0.00000000,0.00000000
0.00000000,0.00000000
0.00000000,0.00000000
0.00000000,0.00000000
0.00000000,0.00000000
0.00000000,0.00000000
0.00000000,0.00000000
0.00000000,0.00000000
0.00000000,0.00000000
0.00000000,0.00000000
0.00000000,0.00000000
0.00000000,0.00000000
0.00000000,0.00000000
0.00000000,0.00000000
0.00000000,0.00000000
0.00000000,0.00000000
0.00000000,0.00000000
0.00000000,0.00000000
0.00000000,0.00000000
0.00000000,0.00000000
0.00000000,0.00000000
0.00000000,0.00000000
0.00000000,0.00000000
0.00000000,0.00000000
0.00000000,0.00000000
0.00000000,0.00000000
0.00000000,0.00000000
0.00000000,0.00000000
0.00000000,0.00000000
0.00000000,0.00000000
0.00000000,0.00000000
0.00000000,0.00000000
0.00000000,0.00000000
0.00000000,0.00000000
0.00000000,0.00000000
0.00000000,0.00000000
0.00000000,0.00000000
0.00000000,0.00000000
0.00000000,0.00000000
0.00000000,0.00000000
0.00000000,0.00000000
0.00000000,0.00000000
0.00000000,0.00000000
0.00000000,0.00000000
0.00000000,0.00000000
0.00000000,0.00000000
0.00000000,0.00000000
0.00000000,0.00000000
0.00000000,0.00000000
0.00000000,0.00000000
0.00000000,0.00000000
0.00000000,0.00000000
0.00000000,0.00000000
0.00000000,0.00000000
0.00000000,0.00000000
0.00000000,0.00000000
0.00000000,0.00000000
0.00000000,0.00000000
0.00000000,0.00000000
0.00000000,0.00000000
0.00000000,0.00000000
0.00000000,0.00000000
0.00000000,0.00000000
0.00000000,0.00000000
0.00000000,0.00000000
0.00000000,0.00000000
0.00000000,0.00000000
0.00000000,0.00000000
0.00000000,0.00000000
0.00000000,0.00000000
0.00000000,0.00000000
0.00000000,0.00000000
0.00000000,0.00000000
0.00000000,0.00000000
0.00000000,0.00000000
0.00000000,0.00000000
0.00000000,0.00000000
0.00000000,0.00000000
0.00000000,0.00000000
0.00000000,0.00000000
0.00000000,0.00000000
0.00000000,0.00000000
0.00000000,0.00000000
0.00000000,0.00000000
0.00000000,0.00000000
0.00000000,0.00000000
0.00000000,0.00000000
0.00000000,0.00000000
0.00000000,0.00000000
0.00000000,0.00000000
0.00000000,0.00000000
0.00000000,0.00000000
0.00000000,0.00000000
0.00000000,0.00000000
0.00000000,0.00000000
0.04207280,0.00000000
0.01885613,0.00000000
0.01307692,0.00000000
0.00000000,0.00000000
0.00000000,0.00000000
0.00000000,0.00000000
0.00000000,0.00000000
0.00000000,0.00000000
0.00000000,0.00000000
0.00000000,0.00000000
0.00000000,0.00000000
0.00000000,0.00000000
0.00000000,0.00000000
0.00000000,0.00000000
0.00000000,0.00000000
0.00000000,0.00000000
0.00000000,0.00000000
0.00000000,0.00000000
0.00000000,0.00000000
0.00000000,0.00000000
0.00000000,0.00000000
0.00000000,0.00000000
0.00000000,0.00000000
0.00000000,0.00000000
0.00000000,0.00000000
0.00000000,0.00000000
0.00000000,0.00000000
0.00000000,0.00000000
0.00000000,0.00000000
0.00000000,0.00000000
0.00000000,0.00000000
0.00000000,0.00000000
0.00000000,0.00000000
0.00000000,0.00000000
0.00000000,0.00000000
0.00000000,0.00000000
0.00000000,0.00000000
0.00000000,0.00000000
0.00000000,0.00000000
0.00000000,0.00000000
0.00000000,0.00000000
0.00000000,0.00000000
0.00000000,0.00000000
0.00000000,0.00000000
0.00000000,0.00000000
0.00000000,0.00000000
0.00000000,0.00000000
0.00000000,0.00000000
0.09822785,0.00000000
0.00000000,0.00000000
0.66011217,0.00000000
0.65761698,0.00000000
0.65718819,0.00000000
0.60797107,0.00000000
0.67396564,0.00000000
0.78735615,0.00000000
0.82129374,0.00000000
0.92861541,0.00000000
0.81577403,0.00000000
0.77335135,0.00000000
0.89966563,0.00000000
0.77366248,0.00000000
0.78394175,0.00000000
0.93040353,0.00000000
0.89795472,0.00000000
0.88781624,0.00000000
0.84792033,0.00000000
0.83957843,0.00000000
0.81681682,0.00000000
0.77302940,0.00000000
0.83895891,0.00000000
0.82928558,0.00000000
0.78159711,0.00000000
0.80679000,0.00000000
0.79293324,0.00000000
0.80903101,0.00000000
0.81594775,0.00000000
0.86128736,0.00000000
0.88870628,0.00000000
0.86571356,0.00000000
0.84572250,0.00000000
0.88544294,0.00000000
0.81018600,0.00000000
0.85023410,0.00000000
0.76358234,0.00000000
0.79738406,0.00000000
0.74767032,0.00000000
0.83923538,0.00000000
0.78477446,0.00000000
0.82560569,0.00000000
0.79047679,0.00000000
0.81549274,0.00000000
0.81856721,0.00000000
0.83573575,0.00000000
0.83864382,0.00000000
0.83489850,0.00000000
0.85008903,0.00000000
0.88972008,0.00000000
0.77635635,0.00000000
0.67199388,0.00000000
0.69822684,0.00000000
0.78892549,0.00000000
0.74963945,0.00000000
0.82783219,0.00000000
0.83364883,0.00000000
0.78072797,0.00000000
0.89238202,0.00000000
0.83691681,0.00000000
0.82423758,0.00000000
0.90314592,0.00000000
0.83861673,0.00000000
0.89781454,0.00000000
0.82248623,0.00000000
0.81505675,0.00000000
0.78324255,0.00000000
0.76545852,0.00000000
0.81108183,0.00000000
0.73411467,0.00000000
0.75243806,0.00000000
0.74340168,0.00000000
0.73590243,0.00000000
0.83027148,0.00000000
0.88250421,0.00000000
0.83018911,0.00000000
0.81445069,0.00000000
0.79074885,0.00000000
0.74229279,0.00000000
0.76576874,0.00000000
0.84368333,0.00000000
0.84407247,0.00000000
0.86000759,0.00000000
0.84016681,0.00000000
0.78025103,0.00000000
0.82740157,0.00000000
0.82569250,0.00000000
0.92621441,0.00000000
0.83367946,0.00000000
0.71385862,0.00000000
0.77686773,0.00000000
0.72989504,0.00000000
0.87303439,0.00000000
0.78375446,0.00000000
0.82847758,0.00000000
0.84970383,0.00000000
0.83529270,0.00000000
0.79785150,0.00000000
0.87739368,0.00000000
0.85469182,0.00000000
0.92716202,0.00000000
0.96696328,0.00000000
0.94759914,0.00000000
0.88883989,0.00000000
0.81841237,0.00000000
0.82432369,0.00000000
0.78508605,0.00000000
0.81751898,0.00000000
0.81918841,0.00000000
0.78680547,0.00000000
0.90821593,0.00000000
0.77497092,0.00000000
0.82341082,0.00000000
0.82406591,0.00000000
0.90305411,0.00000000
0.86620282,0.00000000
0.85414398,0.00000000
0.87916620,0.00000000
0.87880396,0.00000000
0.86363542,0.00000000
0.75025195,0.00000000
0.80720528,0.00000000
0.81422517,0.00000000
0.65985123,0.00000000
0.72895639,0.00000000
0.87070044,0.00000000
0.84095149,0.00000000
0.87866443,0.00000000
0.77882308,0.00000000
0.75971643,0.00000000
0.75873280,0.00000000
0.73391079,0.00000000
0.63492268,0.00000000
0.87154665,0.00000000
0.85693093,0.00000000
0.59062292,0.00000000
0.80691889,0.00000000
0.78324494,0.00000000
0.83934165,0.00000000
0.78704990,0.00000000
0.84055939,0.00000000
0.84305610,0.00000000
0.82070006,0.00000000
0.78441287,0.00000000
0.76989859,0.00000000
0.79878837,0.00000000
0.88220538,0.00000000
0.89358491,0.00000000
0.72877154,0.00000000
0.90095252,0.00000000
0.63182356,0.00000000
0.51751423,0.00000000
0.00000000,0.00000000
0.09995279,0.00000000
0.21584221,0.00000000
0.36702167,0.00000000
0.63901753,0.00000000
0.80673235,0.00000000
0.87608438,0.00000000
0.74639360,0.00000000
0.81086732,0.00000000
0.79152885,0.00000000
0.79780204,0.00000000
0.67010980,0.00000000
0.79179645,0.00000000
0.82960517,0.00000000
0.71734978,0.00000000
0.58596552,0.00000000
0.00000000,0.00000000
0.08102959,0.00000000
0.08464549,0.00000000
0.00000000,0.00000000
0.37442386,0.00000000
0.74258612,0.00000000
0.77542153,0.00000000
0.79121626,0.00000000
0.88091941,0.00000000
0.91346023,0.00000000
0.72047684,0.00000000
0.80404046,0.00000000
0.68452790,0.00000000
0.06801663,0.00000000
0.20133444,0.00000000
0.33674866,0.00000000
0.36676903,0.00000000
0.48240466,0.00000000
0.80958202,0.00000000
0.88026322,0.00000000
0.81368328,0.00000000
0.42606339,0.00000000
0.14914654,0.00000000
0.29203619,0.00000000
0.28395888,0.00000000
0.00000000,0.00000000
0.00000000,0.00000000
0.00000000,0.00000000
0.00000000,0.00000000
0.00000000,0.00000000
0.00000000,0.00000000
0.00000000,0.00000000
0.00000000,0.00000000
0.00000000,0.00000000
0.00000000,0.00000000
0.00000000,0.00000000
0.00000000,0.00000000
0.00000000,0.00000000
0.00000000,0.00000000
0.00000000,0.00000000
0.00000000,0.00000000
0.00000000,0.00000000
0.00000000,0.00000000
0.00000000,0.00000000
0.00000000,0.00000000
0.00000000,0.00000000
0.00000000,0.00000000
0.00000000,0.00000000
0.00000000,0.00000000
0.00000000,0.00000000
0.00000000,0.00000000
0.00000000,0.00000000
0.00000000,0.00000000
0.00000000,0.00000000
0.00000000,0.00000000
0.00000000,0.00000000
0.00000000,0.00000000
0.00000000,0.00000000
0.00000000,0.00000000
0.00000000,0.00000000
0.00000000,0.00000000
0.00000000,0.00000000
0.00000000,0.00000000
0.00000000,0.00000000
0.00000000,0.00000000
0.00000000,0.00000000
0.00000000,0.00000000
0.00000000,0.00000000
0.00000000,0.00000000
0.00000000,0.00000000
0.00000000,0.00000000
0.00000000,0.00000000
0.00000000,0.00000000
0.00000000,0.00000000
0.00000000,0.00000000
0.00000000,0.00000000
0.00000000,0.00000000
0.00000000,0.00000000
0.00000000,0.00000000
0.00000000,0.00000000
0.00000000,0.00000000
0.00000000,0.00000000
0.00000000,0.00000000
0.00000000,0.00000000
0.00000000,0.00000000
0.00000000,0.00000000
0.00000000,0.00000000
0.00000000,0.00000000
0.00000000,0.00000000
0.00000000,0.00000000
0.00000000,0.00000000
0.00000000,0.00000000
0.00000000,0.00000000
0.00000000,0.00000000
0.00000000,0.00000000
0.00000000,0.00000000
0.00000000,0.00000000
0.00000000,0.00000000
0.00000000,0.00000000
0.00000000,0.00000000
0.00000000,0.00000000
0.00000000,0.00000000
0.00000000,0.00000000
0.00000000,0.00000000
0.00000000,0.00000000
0.00000000,0.00000000
0.00000000,0.00000000
0.00000000,0.00000000
0.00000000,0.00000000
0.00000000,0.00000000
0.00000000,0.00000000
0.00000000,0.00000000
0.00000000,0.00000000
0.00000000,0.00000000
0.00000000,0.00000000
0.00000000,0.00000000
0.00000000,0.00000000
0.00000000,0.00000000
0.00000000,0.00000000
0.00000000,0.00000000
0.00000000,0.00000000
0.00000000,0.00000000
0.00000000,0.00000000
0.00000000,0.00000000
0.00000000,0.00000000
0.00000000,0.00000000
0.00000000,0.00000000
0.00000000,0.00000000
0.00000000,0.00000000
0.00000000,0.00000000
0.00000000,0.00000000
0.00000000,0.00000000
0.00000000,0.00000000
0.00000000,0.00000000
0.00000000,0.00000000
0.00000000,0.00000000
0.00000000,0.00000000
0.00000000,0.00000000
0.00000000,0.00000000
0.00000000,0.00000000
0.00000000,0.00000000
0.00000000,0.00000000
0.00000000,0.00000000
0.00000000,0.00000000
0.00000000,0.00000000
0.00000000,0.00000000
0.00000000,0.00000000
0.00000000,0.00000000
0.00000000,0.00000000
0.00000000,0.00000000
0.00000000,0.00000000
0.00000000,0.00000000
0.00000000,0.00000000
0.00000000,0.00000000
0.00000000,0.00000000
0.00000000,0.00000000
0.00000000,0.00000000
0.00000000,0.00000000
0.00000000,0.00000000
0.00000000,0.00000000
0.00000000,0.00000000
0.00000000,0.00000000
0.00000000,0.00000000
0.00000000,0.00000000
0.00000000,0.00000000
0.00000000,0.00000000
0.00000000,0.00000000
0.00000000,0.00000000
0.00000000,0.00000000
0.00000000,0.00000000
0.00000000,0.00000000
0.00000000,0.00000000
0.00000000,0.00000000
0.00000000,0.00000000
0.00000000,0.00000000
0.00000000,0.00000000
0.00000000,0.00000000
0.00000000,0.00000000
0.00000000,0.00000000
0.00000000,0.00000000
0.00000000,0.00000000
0.00000000,0.00000000
0.00000000,0.00000000
0.00000000,0.00000000
0.00000000,0.00000000
0.00000000,0.00000000
0.00000000,0.00000000
0.00000000,0.00000000
0.00000000,0.00000000
0.00000000,0.00000000
0.00000000,0.00000000
0.00000000,0.00000000
0.00000000,0.00000000
0.00000000,0.00000000
0.00000000,0.00000000
0.00000000,0.00000000
0.00000000,0.00000000
0.00000000,0.00000000
0.00000000,0.00000000
0.00000000,0.00000000
0.00000000,0.00000000
0.00000000,0.00000000
0.00000000,0.00000000
0.00000000,0.00000000
0.00000000,0.00000000
0.00000000,0.00000000
0.00000000,0.00000000
0.00000000,0.00000000
0.00000000,0.00000000
0.00000000,0.00000000
0.00000000,0.00000000
0.00000000,0.00000000
0.00000000,0.00000000
0.00000000,0.00000000
0.00000000,0.00000000
0.00000000,0.00000000
0.00000000,0.00000000
0.00000000,0.00000000
0.00000000,0.00000000
0.00000000,0.00000000
0.00000000,0.00000000
0.00000000,0.00000000
0.00000000,0.00000000
0.00000000,0.00000000
0.00000000,0.00000000
0.00000000,0.00000000
0.00000000,0.00000000
0.00000000,0.00000000
0.00000000,0.00000000
0.00000000,0.00000000
0.00000000,0.00000000
0.00000000,0.00000000
0.00000000,0.00000000
0.00000000,0.00000000
0.00000000,0.00000000
0.00000000,0.00000000
0.00000000,0.00000000
0.00000000,0.00000000
0.00000000,0.00000000
0.00000000,0.00000000
0.00000000,0.00000000
0.00000000,0.00000000
0.00000000,0.00000000
0.00000000,0.00000000
0.00000000,0.00000000
0.00000000,0.00000000
0.00000000,0.00000000
0.00000000,0.00000000
0.00000000,0.00000000
0.00000000,0.00000000
0.00000000,0.00000000
0.00000000,0.00000000
0.00000000,0.00000000
0.00000000,0.00000000
0.00000000,0.00000000
0.00000000,0.00000000
0.00000000,0.00000000
0.00000000,0.00000000
0.00000000,0.00000000
0.00000000,0.00000000
0.00000000,0.00000000
0.00000000,0.00000000
0.00000000,0.00000000
0.00000000,0.00000000
0.00000000,0.00000000
0.00000000,0.00000000
0.00000000,0.00000000
0.00000000,0.00000000
0.00000000,0.00000000
0.00000000,0.00000000
0.00000000,0.00000000
0.00000000,0.00000000
0.00000000,0.00000000
0.00000000,0.00000000
0.00000000,0.00000000
0.00000000,0.00000000
0.00000000,0.00000000
0.00000000,0.00000000
0.00000000,0.00000000
0.00000000,0.00000000
0.00000000,0.00000000
0.00000000,0.00000000
0.00000000,0.00000000
0.00000000,0.00000000
0.00000000,0.00000000
0.00000000,0.00000000
0.00000000,0.00000000
0.00000000,0.00000000
0.00000000,0.00000000
0.00000000,0.00000000
0.00000000,0.00000000
0.00000000,0.00000000
0.00000000,0.00000000
0.00000000,0.00000000
0.00000000,0.00000000
0.00000000,0.00000000
0.00000000,0.00000000
0.00000000,0.00000000
0.00000000,0.00000000
0.00000000,0.00000000
0.00000000,0.00000000
0.00000000,0.00000000
0.00000000,0.00000000
0.00000000,0.00000000
0.00000000,0.00000000
0.00000000,0.00000000
0.00000000,0.00000000
0.00000000,0.00000000
0.00000000,0.00000000
0.00000000,0.00000000
0.00000000,0.00000000
0.00000000,0.00000000
0.00000000,0.00000000
0.00000000,0.00000000
0.00000000,0.00000000
0.00000000,0.00000000
0.00000000,0.00000000
0.00000000,0.00000000
0.00000000,0.00000000
0.00000000,0.00000000
0.00000000,0.00000000
0.00000000,0.00000000
0.00000000,0.00000000
0.00000000,0.00000000
0.00000000,0.00000000
0.00000000,0.00000000
0.00000000,0.00000000
0.00000000,0.00000000
0.00000000,0.00000000
0.00000000,0.00000000
0.00000000,0.00000000
0.00000000,0.00000000
0.00000000,0.00000000
0.00000000,0.00000000
0.00000000,0.00000000
0.00000000,0.00000000
0.00000000,0.00000000
0.00000000,0.00000000
0.00000000,0.00000000
0.00000000,0.00000000
0.00000000,0.00000000
0.00000000,0.00000000
0.00000000,0.00000000
0.00000000,0.00000000
0.00000000,0.00000000
0.00000000,0.00000000
0.00000000,0.00000000
0.00000000,0.00000000
0.00000000,0.00000000
0.00000000,0.00000000
0.00000000,0.00000000
0.00000000,0.00000000
0.00000000,0.00000000
0.00000000,0.00000000
0.00000000,0.00000000
0.00000000,0.00000000
0.00000000,0.00000000
0.00000000,0.00000000
0.00000000,0.00000000
0.00000000,0.00000000
0.00000000,0.00000000
0.00000000,0.00000000
0.00000000,0.00000000
0.00000000,0.00000000
0.00000000,0.00000000
0.00000000,0.00000000
0.00000000,0.00000000
0.00000000,0.00000000
0.00000000,0.00000000
0.00000000,0.00000000
0.00000000,0.00000000
0.00000000,0.00000000
0.00000000,0.00000000
0.00000000,0.00000000
0.00000000,0.00000000
0.00000000,0.00000000
0.00000000,0.00000000
0.00000000,0.00000000
0.00000000,0.00000000
0.00000000,0.00000000
0.00000000,0.00000000
0.85217699,0.00000000
0.00000000,0.00000000
0.00000000,0.00000000
0.00000000,0.00000000
0.00000000,0.00000000
0.68984280,0.00000000
0.64482343,0.00000000
0.56084110,0.00000000
0.44489025,0.00000000
0.43244616,0.00000000
0.54230041,0.00000000
0.00000000,0.00000000
0.25510956,0.00000000
0.14798458,0.00000000
0.55410146,0.00000000
0.49755679,0.00000000
0.59933914,0.00000000
0.53678930,0.00000000
0.39959759,0.00000000
0.45554663,0.00000000
0.43738857,0.00000000
0.59694154,0.00000000
0.81112011,0.00000000
0.72651972,0.00000000
0.77784701,0.00000000
0.60909566,0.00000000
0.69966750,0.00000000
0.62090800,0.00000000
0.71237015,0.00000000
0.79140930,0.00000000
0.69729347,0.00000000
0.67614774,0.00000000
0.67906025,0.00000000
0.70942269,0.00000000
0.74469168,0.00000000
0.80677042,0.00000000
0.68530972,0.00000000
0.76474015,0.00000000
0.75032062,0.00000000
0.66967272,0.00000000
0.68210718,0.00000000
0.79329814,0.00000000
0.85211028,0.00000000
0.80937102,0.00000000
0.85124917,0.00000000
0.84490288,0.00000000
0.78092712,0.00000000
0.78676455,0.00000000
0.76647354,0.00000000
0.83535731,0.00000000
0.78308772,0.00000000
0.64647926,0.00000000
0.71580811,0.00000000
0.69934450,0.00000000
0.76042485,0.00000000
0.64665862,0.00000000
0.60231172,0.00000000
0.85068443,0.00000000
0.69783050,0.00000000
0.61229189,0.00000000
0.81606532,0.00000000
0.00000000,0.00000000
0.63607066,0.00000000
0.73493474,0.00000000
0.80638213,0.00000000
0.72278766,0.00000000
0.76625640,0.00000000
0.81140464,0.00000000
0.74589870,0.00000000
0.79768195,0.00000000
0.81939395,0.00000000
0.88485297,0.00000000
0.83637048,0.00000000
0.76127537,0.00000000
0.81795176,0.00000000
0.55118092,0.00000000
0.53994515,0.00000000
0.49595431,0.00000000
0.62037981,0.00000000
0.46035389,0.00000000
0.41338059,0.00000000
0.41100204,0.00000000
0.48672153,0.00000000
0.51712634,0.00000000
0.49116354,0.00000000
0.54655779,0.00000000
0.58891547,0.00000000
0.86538289,0.00000000
0.74776157,0.00000000
0.83134327,0.00000000
0.69032361,0.00000000
0.78486893,0.00000000
0.70072590,0.00000000
0.72341717,0.00000000
0.73704851,0.00000000
0.74057324,0.00000000
0.78820639,0.00000000
0.75520431,0.00000000
0.73534806,0.00000000
0.55968194,0.00000000
0.71723023,0.00000000
0.87902410,0.00000000
0.00000000,0.00000000
0.00000000,0.00000000
0.00000000,0.00000000
0.00000000,0.00000000
0.00000000,0.00000000
0.00000000,0.00000000
0.00000000,0.00000000
0.00000000,0.00000000
0.00000000,0.00000000
0.00000000,0.00000000
0.00000000,0.00000000
0.00000000,0.00000000
0.00000000,0.00000000
0.00000000,0.00000000
0.00000000,0.00000000
0.00000000,0.00000000
0.00000000,0.00000000
0.00000000,0.00000000
0.00000000,0.00000000
0.00000000,0.00000000
0.00000000,0.00000000
0.00000000,0.00000000
0.00000000,0.00000000
0.00000000,0.00000000
0.00000000,0.00000000
0.00000000,0.00000000
0.00000000,0.00000000
0.00000000,0.00000000
0.00000000,0.00000000
0.00000000,0.00000000
0.00000000,0.00000000
0.00000000,0.00000000
0.00000000,0.00000000
0.00000000,0.00000000
0.00000000,0.00000000
0.00000000,0.00000000
0.00000000,0.00000000
0.00000000,0.00000000
0.00000000,0.00000000
0.00000000,0.00000000
0.00000000,0.00000000
0.00000000,0.00000000
0.00000000,0.00000000
0.00000000,0.00000000
0.00000000,0.00000000
0.00000000,0.00000000
0.00000000,0.00000000
0.00000000,0.00000000
0.00000000,0.00000000
0.00000000,0.00000000
0.00000000,0.00000000
0.00000000,0.00000000
0.00000000,0.00000000
0.00000000,0.00000000
0.00000000,0.00000000
0.00000000,0.00000000
0.00000000,0.00000000
0.00000000,0.00000000
0.00000000,0.00000000
0.00000000,0.00000000
0.00000000,0.00000000
0.00000000,0.00000000
0.00000000,0.00000000
0.00000000,0.00000000
0.00000000,0.00000000
0.00000000,0.00000000
0.00000000,0.00000000
0.00000000,0.00000000
0.00000000,0.00000000
0.09466150,0.00000000
0.03251140,0.00000000
0.04749662,0.00000000
0.00000000,0.00000000
0.00000000,0.00000000
0.00000000,0.00000000
0.00000000,0.00000000
0.00000000,0.00000000
0.00000000,0.00000000
0.00000000,0.00000000
0.00000000,0.00000000
0.00000000,0.00000000
0.00000000,0.00000000
0.00000000,0.00000000
0.00000000,0.00000000
0.00000000,0.00000000
0.00000000,0.00000000
0.00000000,0.00000000
0.00000000,0.00000000
0.00000000,0.00000000
0.00000000,0.00000000
0.00000000,0.00000000
0.00000000,0.00000000
0.00000000,0.00000000
0.00000000,0.00000000
0.00000000,0.00000000
0.00000000,0.00000000
0.00000000,0.00000000
0.00000000,0.00000000
0.00000000,0.00000000
0.00000000,0.00000000
0.00000000,0.00000000
0.00000000,0.00000000
0.00000000,0.00000000
0.00000000,0.00000000
0.00000000,0.00000000
0.00000000,0.00000000
0.00000000,0.00000000
0.00000000,0.00000000
0.00000000,0.00000000
0.00000000,0.00000000
0.00000000,0.00000000
0.00000000,0.00000000
0.00000000,0.00000000
0.00000000,0.00000000
0.00000000,0.00000000
0.00000000,0.00000000
0.00000000,0.00000000
0.57231467,0.00000000
0.71199707,0.00000000
0.76032599,0.00000000
0.74966384,0.00000000
0.71204610,0.00000000
0.77974338,0.00000000
0.86151418,0.00000000
0.87483082,0.00000000
0.85556166,0.00000000
0.85697438,0.00000000
0.83838464,0.00000000
0.89005013,0.00000000
0.87921244,0.00000000
0.91017690,0.00000000
0.88325983,0.00000000
0.89398439,0.00000000
0.90044591,0.00000000
0.81976901,0.00000000
0.77420530,0.00000000
0.82690676,0.00000000
0.81755004,0.00000000
0.80394751,0.00000000
0.84312234,0.00000000
0.91423055,0.00000000
0.84484216,0.00000000
0.86906833,0.00000000
0.89136373,0.00000000
0.81238187,0.00000000
0.85463128,0.00000000
0.80670004,0.00000000
0.77136316,0.00000000
0.84779061,0.00000000
0.79536185,0.00000000
0.79505227,0.00000000
0.81620111,0.00000000
0.71235313,0.00000000
0.76041234,0.00000000
0.79426652,0.00000000
0.77288604,0.00000000
0.82322954,0.00000000
0.72857405,0.00000000
0.73786184,0.00000000
0.68534390,0.00000000
0.74920338,0.00000000
0.73036713,0.00000000
0.83461933,0.00000000
0.71225359,0.00000000
0.74115728,0.00000000
0.71542829,0.00000000
0.74138106,0.00000000
0.65081721,0.00000000
0.63503709,0.00000000
0.67990226,0.00000000
0.69978905,0.00000000
0.66864481,0.00000000
0.71231630,0.00000000
0.80928860,0.00000000
0.76093181,0.00000000
0.73296037,0.00000000
0.70661579,0.00000000
0.75411630,0.00000000
0.77646484,0.00000000
0.77982657,0.00000000
0.76741068,0.00000000
0.76398982,0.00000000
0.78146662,0.00000000
0.79970160,0.00000000
0.77346443,0.00000000
0.79108124,0.00000000
0.78842299,0.00000000
0.87431724,0.00000000
0.93797748,0.00000000
0.73084003,0.00000000
0.76749113,0.00000000
0.72221610,0.00000000
0.82561623,0.00000000
0.86499337,0.00000000
0.85318467,0.00000000
0.84004264,0.00000000
0.83799643,0.00000000
0.76103373,0.00000000
0.85198610,0.00000000
0.91637921,0.00000000
0.84160053,0.00000000
0.87172584,0.00000000
0.83838733,0.00000000
0.86636238,0.00000000
0.90535764,0.00000000
0.93497303,0.00000000
0.94891359,0.00000000
0.88047837,0.00000000
0.89483359,0.00000000
0.83193020,0.00000000
0.90352450,0.00000000
0.85263073,0.00000000
0.91358535,0.00000000
0.91322808,0.00000000
0.85094552,0.00000000
0.77835882,0.00000000
0.86751005,0.00000000
0.86613734,0.00000000
0.78087735,0.00000000
0.81347953,0.00000000
0.78589419,0.00000000
0.83279866,0.00000000
0.89490811,0.00000000
0.87553798,0.00000000
0.84879911,0.00000000
0.87790062,0.00000000
0.95230153,0.00000000
0.83224697,0.00000000
0.78798922,0.00000000
0.79456100,0.00000000
0.65695121,0.00000000
0.74738771,0.00000000
0.70508083,0.00000000
0.71827932,0.00000000
0.83772926,0.00000000
0.85007435,0.00000000
0.90565788,0.00000000
0.87619059,0.00000000
0.80565498,0.00000000
0.74194137,0.00000000
0.88071728,0.00000000
0.74181411,0.00000000
0.85938906,0.00000000
0.86463374,0.00000000
0.74451534,0.00000000
0.83993676,0.00000000
0.82936287,0.00000000
0.79635028,0.00000000
0.77253655,0.00000000
0.68707336,0.00000000
0.64153118,0.00000000
0.41995937,0.00000000
0.76652405,0.00000000
0.82178389,0.00000000
0.91632967,0.00000000
0.73012937,0.00000000
0.77104222,0.00000000
0.70004268,0.00000000
0.81967055,0.00000000
0.84030107,0.00000000
0.88860017,0.00000000
0.78241900,0.00000000
0.66565664,0.00000000
0.71115029,0.00000000
0.72638862,0.00000000
0.76720513,0.00000000
0.72204965,0.00000000
0.67441000,0.00000000
0.50155817,0.00000000
0.00000000,0.00000000
0.00000000,0.00000000
0.00000000,0.00000000
0.00000000,0.00000000
0.00000000,0.00000000
0.00000000,0.00000000
0.00000000,0.00000000
0.00000000,0.00000000
0.00000000,0.00000000
0.00000000,0.00000000
0.00000000,0.00000000
0.69099856,0.00000000
0.00000000,0.00000000
0.00000000,0.00000000
0.14446407,0.00000000
0.00000000,0.00000000
0.00000000,0.00000000
0.00000000,0.00000000
0.00000000,0.00000000
0.00000000,0.00000000
0.78910085,0.00000000
0.70450110,0.00000000
0.87491188,0.00000000
0.88051516,0.00000000
0.72135280,0.00000000
0.68305591,0.00000000
0.67064614,0.00000000
0.00000000,0.00000000
0.24683990,0.00000000
0.48391674,0.00000000
0.59294693,0.00000000
0.56835475,0.00000000
0.82161864,0.00000000
0.87899323,0.00000000
0.91497050,0.00000000
0.74181882,0.00000000
0.68176623,0.00000000
0.68362129,0.00000000
0.83303541,0.00000000
0.53891429,0.00000000
0.58150575,0.00000000
0.62118684,0.00000000
0.65279494,0.00000000
0.85624510,0.00000000
0.75649161,0.00000000
0.74478270,0.00000000
0.75847861,0.00000000
0.80576722,0.00000000
0.85044340,0.00000000
0.81918885,0.00000000
0.75340710,0.00000000
0.78521977,0.00000000
0.82503453,0.00000000
0.81495605,0.00000000
0.59525148,0.00000000
0.63784162,0.00000000
0.66953857,0.00000000
0.78270435,0.00000000
0.71548061,0.00000000
0.80014419,0.00000000
0.77571689,0.00000000
0.82566273,0.00000000
0.84268632,0.00000000
0.67112574,0.00000000
0.71487494,0.00000000
0.73295003,0.00000000
0.79176496,0.00000000
0.75645867,0.00000000
0.40866925,0.00000000
0.51818202,0.00000000
0.55188352,0.00000000
0.50472858,0.00000000
0.00000000,0.00000000
0.60521966,0.00000000
0.72609282,0.00000000
0.63601785,0.00000000
0.59470413,0.00000000
0.57978338,0.00000000
0.61689262,0.00000000
0.73552052,0.00000000
0.78954615,0.00000000
0.71521388,0.00000000
0.73583686,0.00000000
0.80836439,0.00000000
0.77151209,0.00000000
0.68084323,0.00000000
0.54829270,0.00000000
0.68165616,0.00000000
0.55342176,0.00000000
0.44607268,0.00000000
0.62001347,0.00000000
0.63353545,0.00000000
0.48584022,0.00000000
0.54796236,0.00000000
0.66945401,0.00000000
0.57849430,0.00000000
0.59241258,0.00000000
0.59675184,0.00000000
0.65171556,0.00000000
0.67083340,0.00000000
0.74864512,0.00000000
0.71815226,0.00000000
0.81261512,0.00000000
0.77581861,0.00000000
0.65282983,0.00000000
0.66807093,0.00000000
0.69606684,0.00000000
0.70372921,0.00000000
0.45992809,0.00000000
0.48224965,0.00000000
0.00000000,0.00000000
0.00000000,0.00000000
0.00000000,0.00000000
0.00000000,0.00000000
0.00000000,0.00000000
0.00000000,0.00000000
0.00000000,0.00000000
0.00000000,0.00000000
0.00000000,0.00000000
0.00000000,0.00000000
0.00000000,0.00000000
0.00000000,0.00000000
0.00000000,0.00000000
0.00000000,0.00000000
0.00000000,0.00000000
0.00000000,0.00000000
0.00000000,0.00000000
0.00000000,0.00000000
0.00000000,0.00000000
0.00000000,0.00000000
0.00000000,0.00000000
0.00000000,0.00000000
0.00000000,0.00000000
0.00000000,0.00000000
0.00000000,0.00000000
0.00000000,0.00000000
0.00000000,0.00000000
0.00000000,0.00000000
0.00000000,0.00000000
0.00000000,0.00000000
0.00000000,0.00000000
0.00000000,0.00000000
0.00000000,0.00000000
0.00000000,0.00000000
0.00000000,0.00000000
0.00000000,0.00000000
0.00000000,0.00000000
0.00000000,0.00000000
0.00000000,0.00000000
0.00000000,0.00000000
0.00000000,0.00000000
0.00000000,0.00000000
0.00000000,0.00000000
0.00000000,0.00000000
0.00000000,0.00000000
0.00000000,0.00000000
0.00000000,0.00000000
0.00000000,0.00000000
0.00000000,0.00000000
0.00000000,0.00000000
0.00000000,0.00000000
0.00000000,0.00000000
0.00000000,0.00000000
0.00000000,0.00000000
0.00000000,0.00000000
0.00000000,0.00000000
0.00000000,0.00000000
0.00000000,0.00000000
0.00000000,0.00000000
0.00000000,0.00000000
0.00000000,0.00000000
0.00000000,0.00000000
0.00000000,0.00000000
0.00000000,0.00000000
0.00000000,0.00000000
0.00000000,0.00000000
0.00000000,0.00000000
0.00000000,0.00000000
0.00000000,0.00000000
0.00000000,0.00000000
0.00000000,0.00000000
0.00000000,0.00000000
0.00000000,0.00000000
0.00000000,0.00000000
0.00000000,0.00000000
0.00000000,0.00000000
0.00000000,0.00000000
0.00000000,0.00000000
0.00000000,0.00000000
0.00000000,0.00000000
0.00000000,0.00000000
0.00000000,0.00000000
0.00000000,0.00000000
0.00000000,0.00000000
0.00000000,0.00000000
0.00000000,0.00000000
0.00000000,0.00000000
0.00000000,0.00000000
0.00000000,0.00000000
0.00000000,0.00000000
0.00000000,0.00000000
0.00000000,0.00000000
0.00000000,0.00000000
0.00000000,0.00000000
0.00000000,0.00000000
0.00000000,0.00000000
0.00000000,0.00000000
0.00000000,0.00000000
0.00000000,0.00000000
0.00000000,0.00000000
0.00000000,0.00000000
0.00000000,0.00000000
0.00000000,0.00000000
0.00000000,0.00000000
0.00000000,0.00000000
0.00000000,0.00000000
0.00000000,0.00000000
0.00000000,0.00000000
0.00000000,0.00000000
0.00000000,0.00000000
0.00000000,0.00000000
0.00000000,0.00000000
0.00000000,0.00000000
0.00000000,0.00000000
0.00000000,0.00000000
0.00000000,0.00000000
0.00000000,0.00000000
0.00000000,0.00000000
0.00000000,0.00000000
0.00000000,0.00000000
0.00000000,0.00000000
0.00000000,0.00000000
0.00000000,0.00000000
0.00000000,0.00000000
0.00000000,0.00000000
0.00000000,0.00000000
0.00000000,0.00000000
0.00000000,0.00000000
0.00000000,0.00000000
0.00000000,0.00000000
0.00000000,0.00000000
0.00000000,0.00000000
0.00000000,0.00000000
0.00000000,0.00000000
0.00000000,0.00000000
0.00000000,0.00000000
0.00000000,0.00000000
0.00000000,0.00000000
0.00000000,0.00000000
0.00000000,0.00000000
0.00000000,0.00000000
0.00000000,0.00000000
0.00000000,0.00000000
0.00000000,0.00000000
0.00000000,0.00000000
0.00000000,0.00000000
0.00000000,0.00000000
0.00000000,0.00000000
0.00000000,0.00000000
0.00000000,0.00000000
0.00000000,0.00000000
0.00000000,0.00000000
0.00000000,0.00000000
0.00000000,0.00000000
0.00000000,0.00000000
0.00000000,0.00000000
0.00000000,0.00000000
0.00000000,0.00000000
0.00000000,0.00000000
0.00000000,0.00000000
0.00000000,0.00000000
0.00000000,0.00000000
0.00000000,0.00000000
0.00000000,0.00000000
0.00000000,0.00000000
0.00000000,0.00000000
0.00000000,0.00000000
0.00000000,0.00000000
0.00000000,0.00000000
0.00000000,0.00000000
0.00000000,0.00000000
0.00000000,0.00000000
0.00000000,0.00000000
0.00000000,0.00000000
0.00000000,0.00000000
0.00000000,0.00000000
0.00000000,0.00000000
0.00000000,0.00000000
0.00000000,0.00000000
0.00000000,0.00000000
0.00000000,0.00000000
0.00000000,0.00000000
0.00000000,0.00000000
0.00000000,0.00000000
0.00000000,0.00000000
0.00000000,0.00000000
0.00000000,0.00000000
0.00000000,0.00000000
0.00000000,0.00000000
0.00000000,0.00000000
0.00000000,0.00000000
0.00000000,0.00000000
0.00000000,0.00000000
0.00000000,0.00000000
0.00000000,0.00000000
0.00000000,0.00000000
0.00000000,0.00000000
0.00000000,0.00000000
0.00000000,0.00000000
0.00000000,0.00000000
0.00000000,0.00000000
0.00000000,0.00000000
0.00000000,0.00000000
0.00000000,0.00000000
0.00000000,0.00000000
0.00000000,0.00000000
0.00000000,0.00000000
0.00000000,0.00000000
0.00000000,0.00000000
0.00000000,0.00000000
0.00000000,0.00000000
0.00000000,0.00000000
0.00000000,0.00000000
0.00000000,0.00000000
0.00000000,0.00000000
0.00000000,0.00000000
0.00000000,0.00000000
0.00000000,0.00000000
0.00000000,0.00000000
0.00000000,0.00000000
0.00000000,0.00000000
0.00000000,0.00000000
0.00000000,0.00000000
0.00000000,0.00000000
0.00000000,0.00000000
0.00000000,0.00000000
0.00000000,0.00000000
0.00000000,0.00000000
0.00000000,0.00000000
0.00000000,0.00000000
0.00000000,0.00000000
0.00000000,0.00000000
0.00000000,0.00000000
0.00000000,0.00000000
0.00000000,0.00000000
0.00000000,0.00000000
0.00000000,0.00000000
0.00000000,0.00000000
0.00000000,0.00000000
0.00000000,0.00000000
0.00000000,0.00000000
0.00000000,0.00000000
0.00000000,0.00000000
0.00000000,0.00000000
0.00000000,0.00000000
0.00000000,0.00000000
0.00000000,0.00000000
0.00000000,0.00000000
0.00000000,0.00000000
0.00000000,0.00000000
0.00000000,0.00000000
0.00000000,0.00000000
0.00000000,0.00000000
0.00000000,0.00000000
0.00000000,0.00000000
0.00000000,0.00000000
0.00000000,0.00000000
0.00000000,0.00000000
0.00000000,0.00000000
0.00000000,0.00000000
0.00000000,0.00000000
0.00000000,0.00000000
0.00000000,0.00000000
0.00000000,0.00000000
0.00000000,0.00000000
0.00000000,0.00000000
0.00000000,0.00000000
0.00000000,0.00000000
0.00000000,0.00000000
0.00000000,0.00000000
0.00000000,0.00000000
0.00000000,0.00000000
0.00000000,0.00000000
0.00000000,0.00000000
0.00000000,0.00000000
0.00000000,0.00000000
0.00000000,0.00000000
0.00000000,0.00000000
0.00000000,0.00000000
0.00000000,0.00000000
0.00000000,0.00000000
0.00000000,0.00000000
0.00000000,0.00000000
0.00000000,0.00000000
0.00000000,0.00000000
0.00000000,0.00000000
0.00000000,0.00000000
0.83663031,0.00000000
0.91276863,0.00000000
0.27581577,0.00000000
0.00000000,0.00000000
0.00000000,0.00000000
0.00000000,0.00000000
0.00000000,0.00000000
0.00000000,0.00000000
0.74794216,0.00000000
0.78724990,0.00000000
0.64051561,0.00000000
0.03248475,0.00000000
0.00000000,0.00000000
0.06924192,0.00000000
0.00000000,0.00000000
0.00000000,0.00000000
0.56883756,0.00000000
0.24354444,0.00000000
0.21732430,0.00000000
0.36220209,0.00000000
0.68610679,0.00000000
0.66562481,0.00000000
0.60416274,0.00000000
0.63976892,0.00000000
0.70675013,0.00000000
0.76240132,0.00000000
0.82009747,0.00000000
0.86463276,0.00000000
0.80748037,0.00000000
0.84702403,0.00000000
0.82503097,0.00000000
0.75133418,0.00000000
0.79064381,0.00000000
0.77649765,0.00000000
0.67199497,0.00000000
0.65065763,0.00000000
0.60140822,0.00000000
0.72729866,0.00000000
0.72904790,0.00000000
0.72844511,0.00000000
0.72673811,0.00000000
0.61579064,0.00000000
0.62444661,0.00000000
0.79053369,0.00000000
0.73524285,0.00000000
0.70884196,0.00000000
0.79610448,0.00000000
0.75113261,0.00000000
0.68645620,0.00000000
0.73410620,0.00000000
0.75866523,0.00000000
0.83411008,0.00000000
0.73695227,0.00000000
0.78223627,0.00000000
0.71430890,0.00000000
0.69984750,0.00000000
0.72838157,0.00000000
0.34610850,0.00000000
0.35398382,0.00000000
0.49512092,0.00000000
0.00000000,0.00000000
0.37031336,0.00000000
0.46961414,0.00000000
0.91712642,0.00000000
0.53847153,0.00000000
0.60202026,0.00000000
0.50768413,0.00000000
0.65445807,0.00000000
0.77320542,0.00000000
0.89728389,0.00000000
0.76160948,0.00000000
0.75941418,0.00000000
0.72632895,0.00000000
0.66101188,0.00000000
0.80779195,0.00000000
0.00000000,0.00000000
0.00000000,0.00000000
0.00000000,0.00000000
0.00000000,0.00000000
0.00000000,0.00000000
0.00000000,0.00000000
0.00000000,0.00000000
0.34692148,0.00000000
0.64261813,0.00000000
0.56509124,0.00000000
0.54713037,0.00000000
0.77732085,0.00000000
0.68936215,0.00000000
0.69260948,0.00000000
0.67616295,0.00000000
0.70906565,0.00000000
0.70565553,0.00000000
0.75545284,0.00000000
0.73110991,0.00000000
0.73327242,0.00000000
0.69973369,0.00000000
0.53411839,0.00000000
0.43427557,0.00000000
0.44007692,0.00000000
0.66054447,0.00000000
0.56822669,0.00000000
0.60706942,0.00000000
0.65377833,0.00000000
0.65275075,0.00000000
0.61544273,0.00000000
0.57906665,0.00000000
0.79869129,0.00000000
0.45584818,0.00000000
0.87205060,0.00000000
0.91862087,0.00000000
0.82971554,0.00000000
0.87352397,0.00000000
0.88375159,0.00000000
0.83298754,0.00000000
0.84137287,0.00000000
0.84051047,0.00000000
0.88347222,0.00000000
0.73566302,0.00000000
0.74967272,0.00000000
0.77150263,0.00000000
0.85577802,0.00000000
0.22378874,0.00000000
0.39099836,0.00000000
0.44544053,0.00000000
0.74681880,0.00000000
0.73456276,0.00000000
0.53937216,0.00000000
0.78969445,0.00000000
0.30910589,0.00000000
0.39164685,0.00000000
0.31791536,0.00000000
0.28410431,0.00000000
0.70937438,0.00000000
0.80206022,0.00000000
0.83260071,0.00000000
0.72750079,0.00000000
0.71198616,0.00000000
0.63991911,0.00000000
0.58150350,0.00000000
0.60139216,0.00000000
0.72774581,0.00000000
0.68162094,0.00000000
0.61078315,0.00000000
0.74895905,0.00000000
0.64031418,0.00000000
0.70690556,0.00000000
0.00000000,0.00000000
0.00000000,0.00000000
0.00000000,0.00000000
0.00000000,0.00000000
0.00000000,0.00000000
0.00000000,0.00000000
0.00000000,0.00000000
0.00000000,0.00000000
0.00000000,0.00000000
0.00000000,0.00000000
0.00000000,0.00000000
0.00000000,0.00000000
0.00000000,0.00000000
0.00000000,0.00000000
0.00000000,0.00000000
0.00000000,0.00000000
0.00000000,0.00000000
0.00000000,0.00000000
0.00000000,0.00000000
0.00000000,0.00000000
0.00000000,0.00000000
0.00000000,0.00000000
0.00000000,0.00000000
0.00000000,0.00000000
0.00000000,0.00000000
0.00000000,0.00000000
0.00000000,0.00000000
0.00000000,0.00000000
0.00000000,0.00000000
0.00000000,0.00000000
0.00000000,0.00000000
0.00000000,0.00000000
0.00000000,0.00000000
0.00000000,0.00000000
0.00000000,0.00000000
0.00000000,0.00000000
0.00000000,0.00000000
0.00000000,0.00000000
0.00000000,0.00000000
0.00000000,0.00000000
0.00000000,0.00000000
0.00000000,0.00000000
0.00000000,0.00000000
0.00000000,0.00000000
0.00000000,0.00000000
0.00000000,0.00000000
0.00000000,0.00000000
0.00000000,0.00000000
0.00000000,0.00000000
0.00000000,0.00000000
0.00000000,0.00000000
0.00000000,0.00000000
0.00000000,0.00000000
0.00000000,0.00000000
0.00000000,0.00000000
0.00000000,0.00000000
0.00000000,0.00000000
0.00000000,0.00000000
0.00000000,0.00000000
0.00000000,0.00000000
0.00000000,0.00000000
0.00000000,0.00000000
0.00000000,0.00000000
0.00000000,0.00000000
0.00000000,0.00000000
0.00000000,0.00000000
0.00000000,0.00000000
0.00000000,0.00000000
0.00000000,0.00000000
0.00000000,0.00000000
0.00000000,0.00000000
0.00000000,0.00000000
0.00000000,0.00000000
0.67470133,0.00000000
0.00000000,0.00000000
0.00527622,0.00000000
0.85167299,0.00000000
0.77997241,0.00000000
0.74457660,0.00000000
0.75100219,0.00000000
0.86056062,0.00000000
0.84218762,0.00000000
0.79137984,0.00000000
0.89865171,0.00000000
0.74891421,0.00000000
0.77942202,0.00000000
0.75187448,0.00000000
0.85471449,0.00000000
0.79100547,0.00000000
0.91627018,0.00000000
0.96099174,0.00000000
0.87967533,0.00000000
0.81847496,0.00000000
0.85604069,0.00000000
0.83437246,0.00000000
0.82975742,0.00000000
0.84502074,0.00000000
0.87666082,0.00000000
0.84981617,0.00000000
0.84766759,0.00000000
0.85010894,0.00000000
0.86850563,0.00000000
0.81026209,0.00000000
0.82965741,0.00000000
0.81344839,0.00000000
0.75432283,0.00000000
0.75322582,0.00000000
0.73054155,0.00000000
0.72564175,0.00000000
0.72849787,0.00000000
0.71871773,0.00000000
0.66966061,0.00000000
0.62948794,0.00000000
0.87979851,0.00000000
0.83821062,0.00000000
0.86931341,0.00000000
0.81242242,0.00000000
0.76114399,0.00000000
0.83608234,0.00000000
0.74286137,0.00000000
0.72927941,0.00000000
0.76204017,0.00000000
0.76689055,0.00000000
0.70948618,0.00000000
0.73429372,0.00000000
0.82203403,0.00000000
0.76058208,0.00000000
0.95889837,0.00000000
0.74357854,0.00000000
0.74027630,0.00000000
0.80160637,0.00000000
0.73626491,0.00000000
0.84078334,0.00000000
0.83946553,0.00000000
0.82372356,0.00000000
0.84799596,0.00000000
0.90800434,0.00000000
0.77319673,0.00000000
0.85326590,0.00000000
0.76815550,0.00000000
0.76709562,0.00000000
0.72663802,0.00000000
0.77480166,0.00000000
0.76311127,0.00000000
0.67873695,0.00000000
0.72388545,0.00000000
0.77067153,0.00000000
0.71644091,0.00000000
0.84555944,0.00000000
0.67709873,0.00000000
0.70811948,0.00000000
0.70917979,0.00000000
0.74225654,0.00000000
0.69010826,0.00000000
0.61967765,0.00000000
0.74126965,0.00000000
0.74520537,0.00000000
0.81568593,0.00000000
0.78368606,0.00000000
0.79341403,0.00000000
0.77604864,0.00000000
0.78426910,0.00000000
0.71491262,0.00000000
0.62067093,0.00000000
0.54985131,0.00000000
0.62848187,0.00000000
0.71827883,0.00000000
0.71973735,0.00000000
0.68528623,0.00000000
0.71631258,0.00000000
0.73507800,0.00000000
0.66889602,0.00000000
0.66855442,0.00000000
0.77340068,0.00000000
0.68953878,0.00000000
0.70599064,0.00000000
0.77903711,0.00000000
0.81257254,0.00000000
0.84629560,0.00000000
0.83270627,0.00000000
0.89257052,0.00000000
0.96639163,0.00000000
0.76999251,0.00000000
0.79531640,0.00000000
0.82942110,0.00000000
0.86340117,0.00000000
0.86215766,0.00000000
0.82452784,0.00000000
0.86059802,0.00000000
0.75363435,0.00000000
0.77252227,0.00000000
0.74270541,0.00000000
0.73440419,0.00000000
0.77189657,0.00000000
0.76037025,0.00000000
0.82081315,0.00000000
0.77988577,0.00000000
0.73589449,0.00000000
0.81782523,0.00000000
0.66256864,0.00000000
0.79390174,0.00000000
0.48382852,0.00000000
0.47653137,0.00000000
0.68566720,0.00000000
0.74611862,0.00000000
0.66291415,0.00000000
0.69081127,0.00000000
0.77547498,0.00000000
0.69752111,0.00000000
0.90638274,0.00000000
0.92838121,0.00000000
0.85209271,0.00000000
0.91054816,0.00000000
0.68227622,0.00000000
0.85021218,0.00000000
0.80921780,0.00000000
0.77296774,0.00000000
0.75784640,0.00000000
0.76900303,0.00000000
0.72881003,0.00000000
0.78160968,0.00000000
0.70124567,0.00000000
0.73410396,0.00000000
0.65032913,0.00000000
0.50401900,0.00000000
0.47836423,0.00000000
0.00000000,0.00000000
0.00000000,0.00000000
0.00000000,0.00000000
0.00000000,0.00000000
0.00000000,0.00000000
0.00000000,0.00000000
0.00000000,0.00000000
0.00000000,0.00000000
0.00000000,0.00000000
0.07792632,0.00000000
0.77537994,0.00000000
0.67247866,0.00000000
0.68128099,0.00000000
0.64699628,0.00000000
0.77946042,0.00000000
0.66943562,0.00000000
0.00000000,0.00000000
0.00000000,0.00000000
0.00000000,0.00000000
0.00000000,0.00000000
0.00000000,0.00000000
0.00000000,0.00000000
0.11549679,0.00000000
0.70646223,0.00000000
0.75806890,0.00000000
0.61376709,0.00000000
0.31940464,0.00000000
0.64061284,0.00000000
0.66513129,0.00000000
0.59589121,0.00000000
0.67877903,0.00000000
0.67222083,0.00000000
0.60559101,0.00000000
0.53868110,0.00000000
0.78460997,0.00000000
0.69605690,0.00000000
0.85479795,0.00000000
0.68340364,0.00000000
0.75992080,0.00000000
0.73450501,0.00000000
0.90599687,0.00000000
0.90632976,0.00000000
0.86566425,0.00000000
0.78735811,0.00000000
0.84412579,0.00000000
0.70947690,0.00000000
0.71406620,0.00000000
0.70346862,0.00000000
0.60302940,0.00000000
0.65273191,0.00000000
0.63420231,0.00000000
0.50363516,0.00000000
0.38086474,0.00000000
0.37913324,0.00000000
0.40131992,0.00000000
0.47886813,0.00000000
0.50096285,0.00000000
0.71704341,0.00000000
0.72219649,0.00000000
0.73674769,0.00000000
0.79377888,0.00000000
0.82973888,0.00000000
0.80411096,0.00000000
0.78631018,0.00000000
0.71148601,0.00000000
0.85920007,0.00000000
0.81382014,0.00000000
0.00000000,0.00000000
0.00000000,0.00000000
0.77055992,0.00000000
0.82850567,0.00000000
0.84584438,0.00000000
0.88510173,0.00000000
0.81324115,0.00000000
0.88897555,0.00000000
0.91181485,0.00000000
0.94471109,0.00000000
0.89886070,0.00000000
0.79770384,0.00000000
0.81057556,0.00000000
0.91736440,0.00000000
0.83299575,0.00000000
0.91473738,0.00000000
0.94403012,0.00000000
0.95106589,0.00000000
0.81072389,0.00000000
0.90121549,0.00000000
0.84579879,0.00000000
0.92439438,0.00000000
0.90023155,0.00000000
0.92092374,0.00000000
0.81298122,0.00000000
0.86287647,0.00000000
0.77934968,0.00000000
0.78350129,0.00000000
0.80483758,0.00000000
0.83433155,0.00000000
0.79958263,0.00000000
0.75579633,0.00000000
0.82369197,0.00000000
0.78785630,0.00000000
0.81722992,0.00000000
0.84096355,0.00000000
0.86469804,0.00000000
0.82204943,0.00000000
0.84541569,0.00000000
0.87831359,0.00000000
0.83271270,0.00000000
0.76874989,0.00000000
0.77994117,0.00000000
0.79084177,0.00000000
0.74473239,0.00000000
0.64969197,0.00000000
0.66571310,0.00000000
0.72438540,0.00000000
0.64290687,0.00000000
0.61221412,0.00000000
0.53622273,0.00000000
0.77674172,0.00000000
0.84592081,0.00000000
0.90488600,0.00000000
0.72335211,0.00000000
0.68316268,0.00000000
0.69182020,0.00000000
0.85754831,0.00000000
0.74416314,0.00000000
0.76587733,0.00000000
0.81341542,0.00000000
0.90990894,0.00000000
0.90343306,0.00000000
0.88569987,0.00000000
0.86525077,0.00000000
0.92960157,0.00000000
0.90924869,0.00000000
0.91597030,0.00000000
0.89872290,0.00000000
0.86802711,0.00000000
0.81382950,0.00000000
0.86380792,0.00000000
0.87085564,0.00000000
0.92750770,0.00000000
0.85402830,0.00000000
0.80407867,0.00000000
0.85494427,0.00000000
0.81976531,0.00000000
0.83867798,0.00000000
0.84038352,0.00000000
0.91645617,0.00000000
