111.000,91.000,148.000,187.000
116.368,88.881,140.596,186.573
114.702,90.754,143.280,187.366
118.740,94.520,139.798,181.475
120.020,95.254,137.558,184.474
117.945,93.339,138.515,183.198
118.583,91.744,138.834,182.240
110.566,85.991,143.078,185.778
109.586,86.762,143.079,183.258
102.354,77.576,147.494,189.311
101.805,76.182,145.246,189.087
99.803,72.884,145.601,190.376
97.641,71.454,146.926,195.236
98.183,70.713,147.539,190.952
97.323,71.389,148.586,194.305
104.943,72.614,143.212,187.434
103.696,73.789,143.736,189.679
113.399,78.026,139.871,182.858
112.259,79.170,139.590,185.052
119.330,80.988,138.314,180.452
120.514,82.057,136.264,182.739
122.885,84.270,136.264,182.739
123.043,82.373,135.632,186.849
119.160,81.793,139.254,188.328
116.824,80.329,140.686,186.069
110.989,78.709,144.901,190.607
109.587,77.539,144.377,189.287
105.608,76.145,146.375,194.063
106.196,75.252,144.860,192.134
106.780,77.084,144.026,193.149
106.948,76.750,144.026,190.141
118.026,87.373,140.745,185.453
116.546,84.619,140.469,185.782
128.845,94.976,135.938,181.251
129.270,92.925,134.145,185.667
138.170,96.602,131.522,182.739
137.140,96.328,132.650,183.597
133.117,95.894,136.631,184.780
133.347,94.427,135.536,188.032
123.437,94.143,139.052,183.485
121.999,92.545,142.249,187.960
113.501,94.123,144.500,189.390
112.232,91.124,144.388,195.719
109.686,94.043,146.114,194.594
110.144,91.728,144.860,193.822
117.119,96.666,143.330,191.331
117.476,96.148,141.621,188.718
128.088,103.155,137.082,187.138
125.443,102.129,139.167,189.510
131.619,105.188,135.918,182.416
129.613,105.000,136.778,187.519
125.854,104.165,140.129,189.510
126.119,102.702,138.946,187.218
119.003,100.978,142.191,190.988
116.802,100.064,143.292,188.524
110.436,101.502,147.795,193.220
109.259,99.366,146.765,193.095
107.791,100.832,147.005,194.883
109.390,102.628,147.539,190.274
117.368,105.792,143.666,191.331
117.785,107.787,142.499,191.992
128.101,110.394,138.758,185.784
128.323,112.578,137.992,185.920
138.318,112.546,134.357,182.456
135.864,112.186,136.127,184.430
136.056,110.840,135.744,187.441
135.520,110.260,136.814,188.919
131.441,106.783,140.784,187.820
131.816,105.599,139.709,191.490
124.014,105.666,147.121,192.666
122.724,106.918,146.331,194.883
119.801,108.996,147.780,195.462
120.555,107.397,145.933,194.237
124.064,112.132,147.680,192.186
125.750,113.143,144.308,189.152
137.062,114.471,140.533,185.503
136.556,112.860,139.929,190.019
148.048,115.750,135.239,183.258
145.702,114.408,136.778,186.258
147.602,113.237,134.896,183.485
149.498,112.008,133.627,186.258
145.175,109.025,138.161,189.695
144.885,108.245,138.093,191.580
136.750,105.033,143.617,195.398
136.390,104.717,143.330,197.373
128.265,105.096,146.451,197.961
128.479,105.137,146.021,199.926
130.318,108.608,144.396,191.958
130.886,106.303,142.928,196.901
140.495,109.954,138.501,194.305
139.411,110.151,140.011,194.241
148.667,114.165,131.406,185.223
147.461,114.542,133.192,188.532
151.894,112.392,129.401,184.903
150.328,113.496,131.913,185.793
145.712,108.845,135.186,190.390
146.503,109.297,134.887,184.346
139.136,103.301,137.311,186.238
138.957,103.573,137.349,190.495
136.640,98.007,139.714,196.766
137.407,98.401,139.510,196.310
138.279,95.882,139.752,193.070
137.714,96.959,140.882,192.890
137.500,100.297,141.971,193.807
138.066,99.212,142.167,190.663
139.261,104.215,140.437,191.865
139.802,103.192,140.011,194.241
145.096,109.847,135.368,188.194
144.372,109.644,136.814,188.919
146.414,110.677,135.308,188.786
147.475,110.623,134.467,189.215
145.982,110.931,136.495,188.919
145.072,110.500,137.349,184.633
138.224,105.945,141.166,191.196
138.037,104.439,140.553,194.536
132.146,101.033,144.388,193.070
130.155,100.659,145.029,195.822
126.693,103.347,145.535,195.173
126.862,103.010,144.860,192.134
127.446,107.515,143.358,194.485
127.279,106.178,143.358,191.812
136.511,108.413,140.506,186.345
134.800,106.930,141.335,190.607
141.378,102.320,139.025,191.611
141.638,101.760,138.505,193.058
146.668,101.628,137.291,188.079
143.905,100.778,139.601,192.997
149.616,97.362,141.326,197.199
148.433,98.385,142.689,196.490
154.085,97.755,141.106,192.386
153.652,98.201,141.641,193.477
159.466,98.756,142.948,194.356
159.536,99.171,142.809,195.529
168.023,102.559,137.548,193.438
166.891,102.912,139.159,193.058
168.212,109.524,137.829,187.054
168.291,108.161,137.671,184.633
163.720,110.475,141.069,184.474
164.774,108.995,137.990,183.879
155.256,103.910,139.792,186.070
153.410,103.228,140.898,189.373
144.359,101.401,144.279,187.792
142.324,102.332,144.723,190.546
138.172,99.468,147.039,190.951
137.173,100.285,146.351,194.016
135.386,98.694,146.548,190.783
136.707,98.036,143.572,189.422
137.508,96.999,142.301,187.864
138.211,98.530,141.223,189.390
141.323,97.547,141.223,187.096
141.917,99.258,140.361,188.233
143.057,97.304,142.315,186.931
143.982,98.650,140.139,188.811
144.359,96.985,145.246,186.931
145.997,97.344,141.641,185.223
147.122,95.300,144.900,190.607
148.049,96.792,143.379,186.626
152.240,97.704,144.827,189.390
153.346,98.869,142.285,186.065
157.402,104.949,143.617,183.348
159.300,104.927,142.421,182.416
161.461,105.145,138.099,181.013
162.429,106.354,138.696,183.028
160.924,104.674,138.515,182.240
161.778,106.073,139.354,183.896
157.703,100.540,139.808,183.738
156.309,101.842,140.026,185.631
149.851,96.568,140.358,188.112
147.844,95.677,141.771,185.668
139.837,92.735,143.176,186.356
138.794,91.036,142.643,186.156
132.815,88.874,144.490,186.239
132.097,89.311,143.298,184.381
130.472,88.036,142.315,184.325
128.693,88.785,142.307,187.366
129.833,90.207,139.372,183.539
130.685,89.130,136.708,187.614
132.983,92.511,134.677,185.342
132.664,91.915,138.161,186.849
135.482,91.415,138.636,183.668
136.393,90.548,136.814,187.321
136.179,90.575,143.015,188.548
137.023,92.166,140.997,184.381
134.923,90.140,145.198,189.725
133.781,91.331,144.824,186.345
141.677,91.679,142.199,184.661
139.727,92.455,143.501,187.655
151.004,96.229,142.640,181.751
150.693,96.114,140.680,186.498
161.387,97.949,135.824,181.855
159.445,97.626,137.191,184.389
156.342,95.816,139.254,188.328
154.006,94.352,140.686,191.580
148.756,93.186,140.668,188.653
147.660,91.295,140.576,192.762
142.126,90.425,141.097,194.832
141.258,89.852,141.835,196.310
140.330,89.428,142.689,191.812
138.156,89.295,143.726,194.063
138.065,91.951,142.903,193.438
138.219,91.385,141.929,195.902
138.446,100.247,141.475,187.854
138.951,99.442,139.485,185.871
139.322,106.227,137.776,185.530
139.696,104.545,136.388,183.772
140.652,106.992,135.110,186.172
140.228,106.369,135.958,187.736
140.333,102.908,136.388,186.653
140.120,102.894,136.814,190.837
138.940,97.654,141.764,190.961
138.944,97.532,141.426,193.184
135.145,91.131,146.044,195.388
135.798,90.079,145.413,198.843
136.283,85.937,148.873,198.611
136.722,88.186,148.338,198.931
137.927,86.121,150.403,203.406
138.191,87.324,149.875,198.199
133.739,84.597,153.947,198.129
133.084,83.305,155.605,203.860
123.144,76.805,158.365,199.026
120.521,76.018,161.122,205.582
114.771,76.109,158.419,202.121
113.390,76.163,159.390,200.939
118.584,78.491,155.092,198.073
117.115,78.496,157.327,197.010
117.484,77.546,156.941,197.851
132.826,86.540,151.298,188.329
132.387,85.341,148.456,195.462
145.546,91.979,143.292,186.279
144.561,92.858,142.643,189.101
151.793,94.725,141.326,184.381
150.714,94.168,140.898,188.403
147.777,89.216,143.186,195.698
147.644,89.196,143.452,191.381
140.765,84.060,148.918,198.999
141.119,83.605,147.864,196.119
136.582,81.019,150.797,201.632
134.464,81.622,152.240,203.569
134.759,83.952,151.298,197.851
133.446,83.382,153.230,202.111
137.513,87.941,150.027,194.753
136.564,87.115,149.871,199.486
146.419,92.006,146.431,189.357
144.560,92.591,145.812,192.859
154.361,97.047,141.988,185.624
153.168,98.164,141.771,187.944
156.761,100.017,140.792,183.258
158.000,100.937,140.887,185.920
155.507,95.352,142.307,188.987
153.809,94.678,143.080,192.304
148.950,86.198,146.817,193.985
147.285,87.826,146.765,195.462
140.285,80.076,150.252,198.075
141.091,81.633,148.294,193.922
139.831,78.392,148.775,194.971
140.868,77.961,149.433,198.902
144.478,80.074,147.044,193.642
145.401,81.672,145.535,195.173
152.324,84.036,144.185,186.056
153.861,84.522,141.439,189.679
160.260,86.819,137.501,184.100
160.499,89.007,136.705,184.185
160.554,87.390,136.911,182.336
161.036,86.872,136.264,185.269
153.764,82.786,142.853,185.487
152.783,83.552,141.555,188.522
144.059,80.318,144.279,188.773
142.791,79.804,146.154,187.157
139.700,77.344,146.375,194.063
140.289,76.452,145.535,190.108
142.425,74.221,145.594,188.239
141.593,74.811,144.606,186.065
153.422,77.789,142.640,181.751
153.111,77.674,140.680,186.498
165.426,82.103,134.203,179.262
166.047,84.129,132.339,179.559
168.017,82.855,130.252,182.415
167.091,83.010,131.487,182.415
157.467,82.721,139.260,183.302
156.021,79.925,139.590,189.215
142.772,78.462,145.571,186.931
139.619,78.820,146.593,190.835
130.465,75.364,148.814,192.386
128.672,76.052,151.724,189.994
127.995,75.121,149.335,196.618
126.479,76.656,152.711,198.353
134.843,77.506,152.022,192.120
134.892,77.074,149.187,191.958
147.170,77.548,146.982,189.994
147.369,78.169,144.242,193.438
147.871,80.511,146.250,187.748
149.688,78.202,143.280,194.356
140.125,73.794,147.368,192.814
137.833,70.589,148.237,193.822
125.336,61.862,149.794,191.913
122.109,62.032,153.870,196.329
110.260,50.522,155.634,198.111
108.950,50.405,154.386,197.290
105.717,45.896,154.556,197.217
105.368,45.896,154.556,196.168
114.306,48.443,152.371,198.744
112.039,49.489,152.371,195.606
128.769,63.294,147.602,190.466
127.045,63.868,150.379,194.016
143.381,77.729,144.396,188.536
142.283,78.890,143.292,190.835
149.020,85.887,141.739,190.420
146.815,83.993,142.857,188.941
144.182,85.639,144.503,190.257
145.018,87.097,145.489,191.992
138.446,81.354,150.266,195.111
137.506,82.276,149.405,198.064
132.934,76.528,152.345,200.944
133.819,78.251,150.225,202.401
134.906,78.191,151.891,198.680
136.449,79.487,150.890,200.955
147.739,81.638,148.187,192.120
146.869,82.476,146.548,195.173
161.892,90.315,139.870,189.993
161.922,89.926,139.159,192.078
167.704,98.612,136.754,187.138
167.567,97.733,136.388,189.215
163.388,97.451,137.671,184.633
163.923,99.765,135.962,184.474
151.028,92.097,139.867,188.392
147.800,90.370,142.746,192.171
134.599,78.332,148.255,198.668
132.431,76.283,149.841,197.268
123.718,70.289,151.780,200.652
121.980,69.209,151.759,204.909
122.280,64.298,156.457,202.370
121.437,65.041,155.294,205.871
134.969,66.970,153.659,197.357
136.834,67.322,149.581,201.534
137.222,72.827,148.804,198.174
137.735,72.249,148.123,201.392
138.514,75.465,146.565,199.799
138.465,75.990,145.978,194.980
145.608,83.998,138.782,193.484
144.772,83.931,140.454,193.945
150.520,92.616,135.242,189.141
149.626,92.739,136.388,189.215
148.985,92.457,137.028,184.633
148.987,90.769,136.068,191.196
144.310,88.125,141.222,193.897
144.713,87.380,140.414,195.719
143.505,87.250,141.835,196.310
142.911,86.826,143.023,197.493
145.069,86.255,144.431,193.248
145.331,85.156,143.572,196.784
151.466,86.925,142.411,196.278
151.722,86.337,142.568,197.788
161.152,93.121,134.467,191.616
159.550,94.039,137.028,190.102
168.602,100.543,131.527,188.080
168.812,98.776,132.366,189.095
172.931,104.025,129.197,186.828
168.452,102.848,135.042,189.494
158.174,96.745,137.349,190.175
159.527,96.352,136.585,191.284
142.049,90.040,142.088,192.255
142.223,88.474,141.739,195.719
124.004,84.899,146.480,194.528
124.876,86.799,144.736,189.713
115.654,83.814,143.280,190.376
112.894,82.448,145.162,188.810
114.167,83.323,139.631,186.065
114.611,85.365,138.422,186.498
120.776,87.906,131.881,180.452
118.084,90.950,134.791,178.691
124.902,92.691,132.650,174.278
124.508,93.918,131.914,176.089
125.163,87.060,133.962,180.040
125.245,89.334,132.863,179.848
122.005,81.098,135.938,184.554
122.102,83.936,135.744,187.124
119.121,80.473,139.154,191.496
119.445,79.856,139.159,187.505
119.437,79.099,138.851,190.313
119.822,78.185,138.732,192.467
121.792,82.158,136.754,189.101
120.905,82.637,137.563,189.431
123.115,92.361,133.143,180.647
123.206,92.595,132.339,182.044
124.759,100.672,131.097,174.899
125.433,102.633,129.749,170.068
126.313,99.860,130.965,175.910
126.403,98.090,130.481,174.583
128.796,86.881,134.155,182.801
128.751,85.753,134.245,189.135
138.744,79.785,135.962,189.581
137.890,76.791,137.671,192.996
160.666,73.983,137.199,195.998
159.038,75.174,140.454,193.945
182.641,74.600,144.501,199.391
179.485,74.093,142.661,194.971
193.339,77.343,128.988,197.159
191.448,76.664,134.685,197.560
195.091,79.078,133.605,193.058
194.988,77.822,135.098,192.996
193.381,76.080,133.143,193.897
193.047,75.243,135.098,192.996
186.268,66.391,138.313,201.006
186.022,68.462,137.137,197.197
178.883,59.753,140.882,199.145
177.598,60.451,142.781,202.106
176.192,54.351,140.150,202.061
176.136,55.916,141.611,203.313
176.291,54.313,139.944,207.878
175.195,57.459,140.427,201.927
179.323,63.341,137.565,198.929
179.223,62.132,134.453,198.699
182.653,71.839,133.156,194.008
182.326,71.058,135.098,192.996
182.657,76.424,131.204,194.220
181.769,76.358,131.700,191.796
174.443,78.399,136.172,195.350
174.583,76.768,137.199,195.998
159.500,77.959,144.720,193.945
160.027,75.909,143.666,201.401
144.989,76.112,145.466,195.545
141.747,75.285,148.237,201.588
133.822,74.997,146.431,195.588
131.853,77.286,146.983,195.751
132.316,79.374,138.246,190.555
131.854,78.729,139.170,192.171
137.216,87.983,133.687,187.751
136.188,88.297,135.110,182.049
138.398,93.243,131.946,182.839
139.651,92.872,130.685,183.893
138.513,86.340,132.960,185.151
139.649,86.239,131.946,185.667
138.499,76.821,137.068,189.762
137.877,76.369,137.667,190.988
139.830,70.893,139.280,197.070
140.483,71.587,139.300,196.014
145.653,69.072,138.879,198.399
146.003,70.283,140.174,196.310
154.971,74.767,135.192,191.992
155.453,72.674,135.518,193.597
163.566,82.921,128.368,186.393
161.484,81.982,131.913,185.793
160.318,86.428,133.618,185.058
159.791,86.133,134.044,185.962
155.677,80.789,133.735,191.908
153.923,79.262,137.243,192.396
147.757,74.334,139.170,191.846
147.329,73.744,140.026,193.354
141.519,70.203,142.745,197.799
140.844,69.785,143.421,198.971
136.467,69.511,143.046,199.858
135.514,69.532,144.950,200.154
137.026,73.399,140.562,197.197
138.009,73.713,139.930,196.901
142.869,78.493,130.873,191.992
140.327,77.921,135.323,190.595
148.803,85.083,127.378,183.347
148.812,83.686,128.584,183.692
149.112,79.852,129.215,186.746
148.999,81.434,130.685,183.893
144.444,66.825,135.756,193.228
144.896,64.894,136.148,194.497
143.279,55.977,138.732,197.026
141.775,56.796,141.077,199.693
140.374,54.447,143.208,201.701
141.222,54.947,140.830,201.040
141.506,56.003,141.611,199.267
142.389,56.467,141.191,198.675
149.973,61.287,134.067,193.727
147.957,60.061,135.518,193.597
154.773,68.039,127.720,184.772
154.641,69.668,129.215,185.515
154.736,70.930,127.474,183.302
154.793,69.510,128.584,183.692
148.325,67.829,131.676,184.592
149.234,68.039,131.106,188.230
143.989,64.296,133.100,190.997
142.239,62.770,135.962,194.368
137.923,68.117,136.778,192.141
138.783,65.490,136.358,194.797
137.163,70.911,134.379,192.436
137.343,72.092,135.308,194.263
141.688,80.266,127.592,185.058
139.646,79.268,131.061,188.284
143.818,89.396,126.178,179.984
144.163,87.686,126.693,180.990
144.455,92.693,127.324,178.859
145.269,90.269,126.903,181.291
145.561,88.604,128.141,185.835
145.328,85.993,129.845,187.038
143.449,80.558,133.603,191.352
143.657,81.787,134.467,189.215
144.401,79.218,134.896,191.796
144.840,77.179,135.308,193.297
149.056,79.965,132.701,193.550
148.605,79.107,134.887,192.696
153.130,87.046,131.323,187.789
153.343,88.117,132.156,185.962
157.846,97.218,128.176,180.640
158.567,97.666,126.126,180.050
158.886,102.625,126.693,177.974
159.698,100.214,126.273,180.390
158.174,95.232,128.716,179.478
157.444,95.246,129.569,183.404
156.176,86.326,132.104,186.736
154.891,86.870,134.044,189.738
153.613,80.566,135.962,190.219
152.652,80.638,137.241,190.397
152.009,80.357,138.527,195.168
150.831,77.875,140.224,197.499
151.644,82.671,139.930,196.568
152.519,82.966,139.510,196.310
157.365,87.732,135.778,191.414
156.205,85.350,137.454,193.597
168.746,94.930,126.092,187.831
167.695,95.166,129.425,188.590
165.499,97.228,128.814,188.532
164.978,96.598,131.106,187.294
163.408,86.111,129.227,191.644
162.469,86.126,132.366,191.931
156.841,76.130,135.004,195.007
156.710,74.784,136.568,195.098
155.088,73.027,139.159,195.998
153.905,73.480,138.879,195.423
152.796,73.940,140.437,194.832
152.145,75.318,141.077,194.063
153.801,78.961,139.090,191.414
153.440,78.302,139.159,193.058
159.027,84.914,133.563,187.054
159.944,82.177,132.997,189.995
164.083,105.589,130.445,182.305
165.106,105.688,129.635,182.415
163.978,101.060,134.663,187.050
165.237,100.875,134.052,187.736
159.201,80.068,138.499,195.360
159.985,77.682,138.249,197.499
154.709,73.595,142.517,195.093
154.563,72.709,142.142,197.197
155.919,74.109,144.457,200.430
155.245,73.827,145.126,195.545
164.420,81.575,135.542,193.872
162.713,82.736,138.306,195.771
171.208,90.293,131.207,191.865
170.738,89.657,133.417,190.595
164.039,77.079,141.069,196.921
163.169,74.105,140.140,200.200
157.826,68.628,144.457,199.090
157.366,69.668,144.699,199.047
159.743,73.404,141.982,200.405
160.499,73.995,141.821,199.562
159.363,87.925,138.707,194.594
158.275,89.107,140.224,193.549
157.509,81.377,140.767,202.085
155.632,79.768,143.847,202.601
154.438,70.709,140.768,205.686
153.963,73.054,143.082,201.336
159.268,73.520,136.208,200.745
159.151,73.218,138.427,198.699
163.261,93.844,130.873,186.013
161.789,94.617,133.192,188.532
166.539,95.321,129.718,187.441
166.469,94.146,131.106,187.294
161.449,77.072,132.677,196.349
160.570,77.006,135.728,193.897
155.385,66.166,137.332,196.421
155.689,64.463,138.039,197.199
154.053,51.466,140.650,203.712
153.831,50.215,142.451,203.502
154.093,31.532,141.245,207.090
153.440,30.905,140.838,205.603
152.999,1.527,138.312,199.633
152.961,3.207,137.724,196.606
147.648,0.000,135.492,182.937
147.951,0.000,134.887,179.397
148.700,4.305,132.765,180.760
148.710,1.949,132.126,184.542
158.807,36.691,133.192,187.906
157.638,40.080,130.463,184.295
167.263,71.339,133.271,199.130
169.970,71.751,128.508,190.153
164.704,81.022,135.910,185.702
164.573,80.016,135.536,188.032
154.663,69.823,140.970,198.828
153.422,70.363,143.452,198.084
147.484,55.273,144.522,199.900
146.949,54.873,144.913,201.040
149.021,49.134,143.502,201.586
149.913,49.429,143.763,201.336
160.814,56.753,145.126,198.270
160.348,55.686,145.039,200.745
171.708,68.932,137.352,197.486
169.836,67.457,140.437,197.799
171.319,69.593,136.803,195.529
172.222,70.696,136.964,193.649
170.905,61.192,130.465,189.175
170.689,60.123,132.156,188.794
165.631,47.659,129.941,187.166
163.801,46.346,132.979,181.987
156.427,35.740,133.700,180.760
156.690,34.329,133.175,183.893
143.423,37.966,141.860,197.289
142.627,34.719,142.781,195.403
128.677,51.096,147.588,210.840
129.011,49.151,148.334,211.906
127.170,68.796,151.306,201.031
128.099,67.352,148.748,205.315
133.839,59.704,143.572,208.004
131.544,61.585,147.470,204.588
137.135,48.452,136.983,195.045
135.614,49.461,139.372,193.354
140.881,49.182,134.095,186.681
140.164,49.108,134.896,181.762
149.900,63.771,131.422,172.825
151.057,65.117,129.107,174.354
156.683,72.021,131.384,172.874
155.409,73.392,130.916,174.354
146.415,71.287,134.377,173.722
144.719,71.813,134.401,176.956
127.348,59.670,141.981,179.019
126.528,59.177,142.983,184.474
118.030,59.718,140.470,182.416
116.116,56.331,143.656,189.510
119.930,62.933,151.876,193.477
119.684,62.897,149.623,198.353
145.826,88.206,153.947,204.687
146.685,90.249,151.519,199.535
162.558,101.232,148.670,205.075
162.063,102.364,149.661,204.909
150.627,98.213,160.609,210.405
148.091,99.588,160.896,206.551
131.035,83.814,157.029,220.936
131.927,84.192,156.738,214.209
123.392,77.258,155.107,207.176
124.081,79.557,153.011,207.606
131.034,82.777,145.881,196.530
129.018,82.682,147.539,198.753
152.758,94.678,142.209,188.812
150.025,96.542,143.408,184.100
163.525,96.896,130.715,182.416
162.723,96.903,131.700,182.710
153.084,93.819,136.999,173.346
152.136,93.452,135.499,178.402
134.629,81.216,139.398,178.292
133.305,81.347,138.574,177.084
116.650,67.637,140.518,181.921
114.873,68.312,140.550,179.610
107.836,64.260,140.308,182.623
106.803,65.145,139.808,179.890
108.728,68.052,140.723,181.066
108.125,68.441,139.372,179.329
119.546,77.358,132.680,174.479
118.253,78.685,132.828,170.910
125.845,83.599,131.520,169.829
125.194,84.154,130.429,167.823
132.364,86.921,127.640,163.770
131.882,89.443,126.285,165.098
133.148,82.068,128.091,167.704
134.353,83.111,125.681,164.736
132.361,68.087,130.817,170.581
132.256,69.017,129.532,167.823
133.860,53.169,134.292,174.727
135.383,54.056,130.634,172.033
145.472,48.827,131.766,174.988
142.921,50.550,133.523,170.629
159.525,58.816,127.206,173.435
159.431,60.406,127.394,173.232
173.719,78.562,123.822,169.362
173.538,77.651,123.602,171.476
183.135,89.019,117.242,168.571
181.484,87.686,119.979,168.984
172.184,85.495,129.740,166.238
170.871,85.664,129.131,170.017
154.155,73.966,136.458,172.056
153.387,73.517,134.621,177.246
141.863,61.356,140.047,185.184
139.288,58.762,141.648,185.208
137.175,59.953,145.225,187.366
136.491,56.237,143.952,189.515
147.625,66.674,143.509,186.165
146.749,63.243,142.643,187.792
163.678,73.585,133.359,184.475
163.128,73.146,133.831,185.667
162.493,72.861,135.102,186.554
163.867,72.280,134.263,188.032
159.412,66.076,136.172,188.987
158.770,65.827,137.457,189.806
155.646,62.337,138.527,188.695
156.293,62.175,137.233,190.313
155.646,66.059,135.938,189.989
156.709,66.164,135.098,190.102
158.099,75.465,132.318,184.667
159.121,75.417,131.526,185.076
159.852,75.721,131.316,184.780
158.708,76.025,131.106,184.484
157.567,67.603,132.765,192.915
157.252,66.579,134.677,192.396
153.071,61.297,139.818,191.364
153.515,62.939,138.930,193.977
152.646,62.972,140.011,194.241
151.666,62.693,138.999,195.128
152.595,69.929,138.459,190.876
154.087,69.296,136.778,192.467
158.744,76.435,130.715,185.343
157.096,77.168,133.077,184.189
156.512,76.734,133.618,185.371
155.877,76.448,134.257,186.258
150.174,66.346,135.530,191.578
150.826,66.950,135.518,185.208
147.224,59.015,139.233,194.418
146.292,56.006,140.437,192.195
143.436,54.999,143.516,194.536
144.245,53.541,142.568,197.788
146.278,57.636,143.208,194.305
146.370,56.209,143.023,197.493
152.232,65.065,141.401,189.544
152.812,64.159,140.240,192.666
158.416,72.605,134.957,185.320
158.130,71.851,135.530,187.145
157.594,75.420,136.600,184.474
157.916,73.948,135.958,187.736
153.859,68.247,139.910,188.895
154.773,68.252,138.081,185.302
151.778,61.333,140.550,194.337
151.846,60.808,141.077,190.089
149.531,59.044,143.080,193.945
149.666,59.253,142.142,195.529
150.000,62.923,142.142,192.859
149.763,61.512,142.285,196.014
151.964,70.832,140.560,187.748
152.659,70.409,139.170,190.545
158.316,82.510,133.727,183.630
155.548,81.796,136.754,185.371
161.786,89.400,133.837,179.405
162.332,89.157,132.746,181.751
162.118,85.441,133.175,181.404
162.118,85.908,133.175,182.337
158.470,78.748,137.036,185.421
158.688,78.902,136.600,187.027
154.952,71.565,139.910,190.175
154.675,70.287,139.485,187.505
151.593,69.530,141.440,190.313
151.651,70.360,140.340,191.611
151.265,73.623,140.126,189.679
151.096,72.097,140.139,187.505
157.531,79.165,133.112,182.785
157.286,78.471,133.603,184.484
165.025,84.634,131.946,179.070
165.160,87.411,131.676,177.824
165.375,85.860,131.248,181.232
166.798,85.423,130.252,177.168
163.490,79.415,133.523,179.450
163.878,79.195,132.746,181.751
158.686,72.057,137.531,184.826
159.151,74.467,136.600,184.474
154.390,70.136,140.405,185.195
155.113,69.017,137.990,183.879
153.254,70.953,138.515,188.304
153.248,69.625,137.880,185.782
154.208,78.182,135.960,183.097
154.530,80.574,135.316,182.739
160.515,89.189,129.009,179.669
157.387,89.151,132.219,180.050
157.338,91.994,132.318,178.691
157.552,90.435,131.890,182.119
153.712,81.314,135.538,186.713
153.288,80.666,135.749,182.911
148.561,72.689,139.521,187.501
149.058,75.167,138.527,187.077
149.057,67.225,138.207,191.364
148.143,68.464,139.058,190.838
149.830,67.665,138.293,187.218
150.034,67.203,137.885,189.431
155.863,70.646,135.291,187.077
155.315,70.180,136.386,188.328
160.560,79.878,131.676,183.383
159.811,79.779,133.175,183.893
161.262,83.415,132.152,181.004
161.072,82.569,131.913,183.006
160.130,79.481,132.863,181.404
159.771,78.539,132.650,183.597
155.748,71.226,136.631,186.343
155.336,71.696,136.495,187.321
152.508,68.028,138.950,192.096
152.624,67.563,138.717,187.792
152.827,66.126,138.313,190.988
154.245,65.550,137.430,186.931
156.159,65.878,135.530,188.200
156.156,65.679,136.175,188.919
157.442,69.571,135.530,185.631
157.228,68.677,135.323,182.336
159.440,73.629,132.156,179.355
159.265,73.942,131.582,180.578
156.535,73.178,133.956,177.168
157.461,73.178,131.487,179.945
152.329,66.082,136.204,183.044
152.773,65.286,134.683,180.526
146.134,56.595,138.285,186.045
143.979,54.875,139.384,189.806
138.768,47.195,143.943,193.444
136.555,47.008,145.029,190.141
130.227,43.942,142.714,190.951
130.822,41.871,141.525,189.802
123.809,44.230,138.813,184.100
122.140,45.995,142.471,185.052
120.214,55.604,137.544,179.165
121.757,56.595,133.831,176.242
132.064,78.878,132.599,163.980
131.955,77.636,129.570,170.595
145.544,87.033,127.096,170.850
142.684,89.227,129.570,170.595
141.391,80.765,134.240,181.863
141.602,81.026,133.192,183.217
131.285,62.267,138.819,189.782
131.110,61.235,138.519,192.171
120.990,39.395,144.059,190.771
119.279,41.110,144.160,191.992
117.396,33.491,148.259,193.237
118.943,34.464,144.486,190.274
126.414,40.913,144.824,187.009
127.948,41.452,141.426,190.546
134.572,52.916,143.298,185.038
133.812,53.457,141.555,182.978
137.580,56.673,139.496,183.632
136.142,55.498,139.808,187.907
136.568,53.676,138.955,186.356
137.103,56.005,140.784,186.209
140.070,54.454,139.714,185.097
138.407,56.153,140.462,186.209
145.200,53.777,141.440,185.782
143.845,55.113,141.553,187.655
150.694,56.963,142.533,192.436
150.652,59.651,141.621,186.065
158.056,69.767,144.697,191.521
159.107,71.574,141.929,192.570
173.111,83.412,141.408,182.472
171.441,83.940,141.209,185.920
186.204,71.060,138.631,196.421
184.757,66.434,140.863,200.714
193.242,47.947,133.994,195.941
190.761,47.220,138.306,189.278
190.544,43.314,138.093,187.042
192.685,46.126,135.098,185.920
201.876,58.211,130.986,178.560
201.853,57.176,131.034,180.936
209.437,69.064,130.349,178.113
205.952,68.101,133.352,180.345
208.011,66.630,133.892,183.597
207.728,69.837,133.831,181.583
207.842,62.299,132.979,185.421
206.995,62.185,134.044,185.962
206.359,66.010,135.316,186.533
205.931,65.420,136.172,188.032
211.167,69.009,134.357,185.342
210.688,68.414,135.316,186.849
212.065,74.526,133.837,185.460
213.326,74.136,133.208,186.554
208.907,69.244,133.523,186.238
208.118,69.244,134.470,186.554
200.186,59.127,134.158,183.952
199.929,62.370,134.673,185.648
194.434,56.713,133.630,186.828
193.484,56.713,134.896,187.145
192.846,63.110,129.173,185.169
191.167,61.559,131.913,185.793
191.882,75.728,127.345,179.725
190.680,76.161,129.143,179.163
181.221,82.267,130.696,173.652
182.016,84.028,128.503,174.354
161.766,73.519,133.344,173.797
159.892,74.505,136.484,176.089
140.529,52.889,141.037,178.937
139.462,51.364,139.672,185.169
130.046,36.991,139.174,175.256
129.285,34.886,137.256,182.279
127.932,32.611,140.596,181.762
129.716,35.768,137.029,177.049
142.354,48.439,135.476,184.484
142.327,48.850,134.896,180.179
151.090,64.958,133.915,178.241
149.415,66.897,134.173,178.691
150.129,68.779,132.126,179.270
150.247,67.509,131.890,176.880
145.892,63.030,135.099,178.196
146.961,64.523,132.960,179.559
143.769,58.000,135.319,182.696
144.092,58.098,134.673,179.040
141.418,53.027,135.975,181.404
139.552,54.995,137.191,176.523
136.466,33.242,137.752,189.175
136.186,36.698,137.667,186.787
133.721,12.226,134.887,185.952
133.293,15.763,135.744,183.318
135.508,4.517,132.576,165.405
138.314,5.938,129.635,169.090
141.429,9.201,125.186,164.047
142.573,12.547,125.482,158.790
149.916,36.545,121.818,158.562
148.244,36.278,122.103,161.877
149.024,70.464,124.767,172.083
148.567,73.697,125.681,172.664
144.999,93.621,129.570,180.630
144.268,93.621,130.421,180.936
140.256,93.331,134.445,176.593
138.031,94.587,134.882,178.402
134.022,80.651,137.310,182.044
134.912,78.259,134.896,181.762
135.237,73.788,135.186,182.862
135.494,72.395,137.505,180.613
144.903,78.421,135.417,181.503
142.868,78.067,136.344,184.096
156.489,89.240,133.841,178.560
157.144,87.172,132.532,177.742
166.894,89.425,130.540,181.221
166.219,86.357,131.274,184.892
165.054,77.040,132.979,188.854
163.671,77.906,135.110,187.441
159.528,65.831,139.254,194.701
158.607,62.964,140.437,192.195
158.384,58.995,140.224,197.499
157.199,59.460,141.929,196.901
162.568,66.212,137.214,194.776
163.125,64.142,138.063,196.298
171.498,82.183,131.207,186.590
170.086,83.097,134.031,188.833
178.468,92.432,126.826,183.229
176.579,94.026,129.995,180.345
177.792,88.829,129.408,180.926
176.872,88.830,131.248,184.912
177.568,79.523,131.730,188.854
175.882,77.990,135.102,189.395
173.318,66.394,138.629,195.618
172.084,66.952,140.437,194.832
171.433,60.051,141.077,196.712
172.569,59.975,140.140,197.197
173.444,60.437,139.720,196.606
172.328,60.899,141.290,196.014
173.674,67.618,135.266,189.905
174.505,67.828,134.887,189.806
170.763,72.305,132.753,185.342
169.910,72.300,133.831,185.667
165.802,65.701,133.523,187.501
164.799,66.037,134.896,187.145
159.071,53.981,140.626,194.395
158.514,53.484,141.077,195.719
155.201,46.554,144.377,197.604
157.050,47.287,142.031,198.167
158.143,47.201,141.863,198.675
159.151,47.369,141.191,198.675
164.389,54.871,137.083,195.068
164.777,55.744,138.274,193.649
172.313,62.788,131.721,190.700
170.301,64.577,135.110,187.441
171.575,64.293,134.474,188.328
172.531,64.452,133.837,188.328
168.818,61.895,138.081,190.895
168.274,61.420,138.519,192.171
164.034,54.607,138.179,194.038
163.004,54.965,139.585,196.598
158.171,52.438,144.938,198.999
157.844,51.587,144.913,201.040
157.182,55.756,145.552,197.486
157.269,55.995,144.699,199.047
158.967,62.449,142.661,193.612
159.108,62.781,141.716,194.942
161.436,69.102,139.055,189.620
161.379,69.615,138.519,185.018
162.017,67.529,137.243,189.510
161.482,71.152,137.667,186.787
161.587,62.738,137.457,191.412
160.838,62.669,138.306,191.875
162.149,55.865,140.576,193.741
161.674,56.181,140.863,194.431
172.828,52.722,142.070,198.699
171.816,52.755,143.421,193.248
183.889,55.426,137.931,196.568
184.284,53.492,139.119,197.799
192.725,58.720,135.192,195.978
192.479,55.273,136.989,197.981
196.689,61.298,134.174,194.502
196.454,63.069,133.025,191.284
194.559,61.534,133.298,195.632
193.991,64.017,132.819,190.988
184.760,55.466,136.919,193.092
183.527,55.941,138.732,192.467
173.393,49.118,140.353,194.335
172.807,45.763,140.863,198.399
163.923,46.236,141.564,197.788
162.979,43.239,142.781,201.101
158.057,44.752,139.399,193.666
157.315,44.481,140.224,198.486
155.915,49.489,135.672,193.149
154.380,50.436,138.093,191.580
153.735,54.389,134.173,188.233
154.645,54.648,133.627,188.032
155.385,54.955,133.417,187.736
154.221,55.261,135.110,187.441
159.319,52.109,134.156,185.778
158.423,51.732,135.632,189.695
163.612,45.414,140.026,190.769
163.612,44.285,139.372,193.354
174.467,45.649,140.011,196.541
173.389,42.942,141.503,199.300
186.320,50.481,140.854,195.650
185.557,50.170,141.716,196.606
196.599,59.250,136.340,192.146
195.398,56.778,138.093,194.497
204.062,66.407,130.609,188.694
202.137,68.077,133.831,189.437
200.860,68.791,131.288,192.152
198.418,71.010,135.536,188.032
192.664,65.612,134.896,188.599
191.705,69.768,136.175,188.599
180.787,62.259,138.741,191.412
177.749,61.747,141.555,192.762
170.159,55.291,139.871,195.093
169.332,56.945,140.863,193.770
163.711,56.283,139.541,195.423
162.719,56.449,140.863,195.423
162.067,57.168,136.852,189.667
161.444,56.816,137.454,190.693
162.745,65.611,131.610,185.421
161.642,63.274,133.192,187.594
160.473,70.307,130.463,180.495
159.973,69.944,130.847,181.528
159.345,66.877,131.487,185.193
158.180,67.240,133.192,184.780
159.431,60.042,132.574,187.238
160.062,60.541,133.208,186.554
161.009,53.755,138.889,193.498
162.195,53.696,137.829,188.366
164.641,49.790,142.294,197.469
165.969,49.502,141.652,198.380
171.004,49.670,140.645,198.380
169.708,50.133,142.568,197.788
168.716,54.228,138.837,194.305
167.801,54.424,140.011,194.241
169.792,61.079,133.387,188.194
170.516,61.615,133.207,187.441
177.588,74.587,127.297,177.329
176.897,74.559,128.678,177.684
176.469,75.633,134.075,177.354
177.454,77.269,132.104,178.402
174.284,66.175,137.829,191.361
173.614,63.006,139.170,195.098
172.543,55.892,144.282,202.391
171.460,56.147,145.765,196.406
173.899,51.395,145.966,203.202
175.190,51.318,144.762,203.701
182.961,56.253,143.311,198.642
182.356,52.923,144.522,202.601
195.677,70.954,147.691,202.519
195.442,71.131,148.162,203.550
214.938,92.941,143.937,205.128
215.319,95.006,144.552,202.373
216.320,104.700,147.691,197.036
217.048,103.450,145.552,200.902
212.723,102.813,149.747,202.519
212.980,101.214,148.535,200.139
207.858,93.934,147.734,209.520
206.359,91.633,150.027,211.306
205.044,84.219,146.952,212.580
204.955,82.991,163.399,212.206
203.918,79.152,152.056,213.922
204.820,81.370,152.418,211.652
210.532,83.968,147.469,209.693
208.901,84.923,150.731,208.136
220.779,94.292,148.964,213.161
218.932,95.652,151.945,210.797
220.403,84.284,158.673,232.100
219.828,83.540,161.361,230.515
220.180,72.899,162.973,244.846
218.425,70.860,168.084,247.724
210.509,70.476,178.604,245.223
247.829,70.678,140.854,246.495
245.112,80.477,142.557,241.452
243.540,80.033,146.444,235.649
239.347,92.901,151.108,215.124
239.776,94.998,151.696,212.374
241.633,91.995,150.855,215.508
242.657,89.949,150.974,216.708
247.519,96.169,148.132,209.341
252.460,96.799,143.892,212.664
261.725,107.183,140.070,207.654
264.792,110.217,138.035,206.028
271.679,127.126,137.431,193.822
272.775,127.671,137.525,196.325
273.401,128.730,139.566,197.828
274.322,129.507,141.051,199.932
270.218,119.883,141.191,209.097
269.569,122.900,144.208,203.406
262.058,108.611,147.564,211.737
262.525,109.997,146.984,213.569
253.732,106.477,148.255,215.289
257.754,108.606,146.648,211.388
252.784,114.846,148.124,208.079
253.698,115.141,147.704,207.840
263.025,131.041,138.867,205.145
260.091,133.854,139.326,203.916
267.623,145.655,137.431,202.939
264.719,145.385,137.883,200.800
262.363,140.838,141.929,203.565
262.572,142.270,142.871,201.040
241.076,124.420,156.018,212.999
236.919,123.191,159.585,215.823
225.648,98.410,154.993,227.100
222.747,97.751,154.783,225.413
204.721,92.589,155.288,201.313
206.571,93.367,151.588,204.714
203.013,80.752,144.950,213.369
206.462,82.840,143.688,213.066
203.368,65.762,140.070,235.318
202.485,64.860,142.927,234.575
205.012,62.609,141.540,247.145
205.341,113.117,140.133,192.589
199.700,68.529,145.491,238.315
199.398,66.191,146.838,236.283
184.372,82.080,153.380,212.716
183.663,84.635,149.013,210.860
173.992,77.474,159.475,202.806
172.689,77.306,158.119,202.061
164.832,69.603,175.263,199.585
163.663,69.354,174.604,204.579
159.065,71.423,145.225,196.280
159.309,74.199,144.060,195.462
162.089,82.173,140.518,189.263
162.442,84.686,139.159,188.811
162.543,96.303,138.306,182.785
163.610,95.429,135.536,186.441
159.793,98.929,134.581,183.896
159.639,97.905,134.257,186.258
149.820,87.804,139.646,191.578
149.523,86.932,145.155,193.649
136.505,78.021,140.309,190.995
138.506,73.909,143.189,191.028
128.634,61.463,138.096,192.076
127.883,61.283,138.946,192.762
119.699,58.054,142.534,189.062
120.632,55.629,140.011,188.653
120.946,58.119,138.732,188.233
118.459,56.755,140.469,185.782
129.140,70.997,131.730,178.338
129.274,73.548,131.462,177.535
138.673,84.246,128.278,172.364
139.115,86.492,126.798,172.041
139.246,85.296,126.537,174.728
138.818,84.853,127.394,170.850
134.516,70.350,130.676,175.023
135.086,72.514,128.930,174.932
128.297,49.641,134.992,186.704
127.707,49.136,135.536,182.623
129.922,41.173,141.506,184.052
131.518,42.068,137.667,186.787
142.864,44.894,134.887,185.631
142.543,41.446,134.896,189.995
147.463,54.675,131.150,185.342
146.236,55.260,132.979,184.484
151.249,67.519,127.972,181.294
149.932,68.146,128.164,180.345
146.381,72.407,127.954,179.745
147.199,72.702,127.534,179.458
142.757,73.001,130.658,179.163
142.462,72.120,130.634,181.232
138.445,65.667,134.663,183.044
138.440,64.365,134.673,185.962
135.367,60.930,138.281,184.903
135.993,58.935,137.029,189.215
138.039,58.357,135.518,185.208
138.561,58.351,135.110,186.489
144.172,62.015,129.922,183.607
142.974,62.618,131.700,182.710
147.936,66.369,126.747,179.559
146.347,64.294,129.019,181.291
142.890,61.869,130.115,178.487
142.645,61.092,129.995,180.345
138.646,55.896,132.168,180.926
138.463,55.010,131.913,183.006
137.833,51.922,132.552,186.693
136.665,52.297,134.257,186.258
136.029,52.012,134.896,187.145
137.300,51.728,133.627,182.623
136.892,54.870,133.504,183.529
136.522,54.106,133.618,185.371
141.560,60.439,129.215,179.640
140.865,60.239,130.605,180.345
142.279,63.794,129.005,177.535
141.907,63.131,129.749,179.163
139.038,57.810,132.436,180.040
139.097,57.557,131.700,181.783
133.726,50.288,135.010,184.554
133.573,49.299,134.683,186.849
127.853,46.155,138.499,185.195
125.916,45.120,139.167,188.548
123.536,43.766,140.686,186.069
121.915,42.794,140.686,184.448
122.886,44.027,138.422,186.498
122.940,46.568,137.992,185.920
129.087,51.667,131.471,185.662
127.601,52.265,133.504,184.780
129.534,64.417,131.527,177.152
129.887,62.825,130.819,180.641
129.459,62.388,131.676,181.823
129.031,61.951,132.532,177.742
126.187,57.448,134.840,184.292
126.688,58.053,134.470,184.975
122.900,57.422,138.574,186.554
122.923,55.661,138.207,184.921
120.951,57.836,140.230,188.894
121.267,56.065,140.250,187.218
124.511,58.119,142.202,191.551
125.512,60.647,140.202,191.125
134.012,68.723,135.325,184.475
133.910,69.130,135.530,185.562
141.955,80.908,131.193,183.607
141.071,81.068,132.339,183.597
146.058,84.838,129.857,180.426
145.056,84.589,130.941,181.232
142.005,77.361,134.573,183.958
142.478,76.369,134.257,186.258
138.359,69.751,139.013,188.095
138.602,68.318,138.527,191.284
135.457,60.566,142.207,194.393
135.263,59.479,142.595,196.901
134.728,52.194,144.337,196.030
135.523,50.892,143.421,198.971
140.952,50.617,142.369,194.109
138.285,51.199,144.377,198.934
140.604,50.611,142.451,194.683
146.765,58.864,136.470,191.858
145.629,59.165,138.093,186.069
145.947,64.202,136.814,186.915
147.761,63.212,135.108,183.772
144.292,66.083,137.942,185.291
144.429,64.281,136.708,183.772
137.498,66.587,140.723,187.419
135.673,64.374,141.121,192.171
132.059,67.494,144.064,194.502
132.030,65.870,143.117,192.386
133.169,73.375,141.503,193.653
133.607,72.360,141.290,190.376
140.162,85.054,138.039,188.653
140.025,85.663,138.313,189.373
149.536,101.578,131.934,183.476
146.316,101.378,135.259,178.890
153.172,111.351,127.467,177.955
152.352,111.342,129.107,178.276
151.924,108.169,129.356,177.029
151.728,107.254,129.143,179.163
148.666,100.870,132.219,180.964
148.510,100.003,132.532,183.006
144.653,94.581,136.194,183.877
144.985,93.106,134.896,187.145
144.347,89.958,135.536,185.487
143.819,90.580,135.640,186.148
144.189,89.797,135.536,182.623
145.144,90.659,134.257,183.737
150.599,96.311,129.009,179.355
149.604,96.116,130.696,180.050
151.678,104.131,129.004,176.613
151.520,104.814,129.321,177.061
151.912,107.855,129.143,175.222
152.037,106.627,128.892,177.980
151.306,103.458,129.446,176.737
149.639,103.913,130.658,177.647
146.309,99.970,133.352,181.261
146.397,98.810,132.552,182.026
141.107,98.032,137.531,182.026
141.791,96.581,135.846,184.295
134.667,99.431,142.813,181.129
133.587,99.146,144.328,180.732
129.043,98.239,148.884,179.632
129.761,95.654,147.449,181.853
129.761,0.000,146.793,276.033
128.969,1.734,149.185,270.952
131.477,18.413,146.986,258.937
133.083,18.171,144.557,260.203
129.275,25.991,148.290,262.031
126.454,23.599,150.380,253.790
124.970,22.965,149.437,263.666
122.234,22.928,151.333,259.768
120.447,20.942,151.333,260.165
123.029,19.154,146.963,264.534
123.886,22.750,148.406,266.026
120.538,23.727,151.523,260.095
118.749,21.739,153.909,270.435
120.502,21.267,151.221,267.293
124.029,98.132,146.986,201.753
122.039,98.364,148.554,196.808
125.144,133.809,143.712,177.587
124.964,134.879,143.432,173.847
123.963,141.182,143.220,174.203
124.438,141.656,142.271,171.674
123.547,139.183,142.486,175.681
123.542,137.726,144.713,177.645
123.638,133.412,143.880,179.529
123.204,132.468,144.104,180.452
123.514,124.453,143.807,188.403
124.540,125.689,141.426,190.546
126.890,106.258,139.354,211.988
124.980,107.624,144.552,209.601
131.705,52.383,136.332,263.249
130.100,51.670,140.300,270.741
133.136,49.302,135.007,271.576
132.049,49.823,135.267,273.216
133.515,56.405,137.720,268.515
136.122,54.690,132.506,270.020
132.696,58.295,135.571,269.627
134.659,58.018,132.411,272.859
130.817,58.541,135.145,272.955
129.530,59.222,134.642,274.286
126.068,60.569,136.566,274.286
127.667,60.856,134.142,271.773
124.415,60.300,135.678,274.031
125.829,60.990,133.623,270.721
121.071,60.444,137.810,272.955
120.489,61.442,137.032,270.571
116.495,142.345,135.378,193.232
116.862,143.480,136.585,185.782
113.344,158.816,140.111,175.857
115.856,158.152,138.229,176.242
114.623,158.104,137.881,175.400
113.441,157.917,139.622,174.839
113.842,157.167,139.132,175.400
113.998,156.698,139.132,175.400
114.155,156.230,139.757,175.400
114.402,155.478,139.577,172.825
114.180,150.100,141.265,175.492
113.902,148.972,141.191,176.803
113.362,113.755,143.536,203.922
111.798,115.656,145.978,201.491
111.241,86.838,141.593,225.449
111.933,85.462,140.925,223.549
108.519,79.318,142.071,217.014
110.626,80.564,140.319,215.577
112.891,84.248,142.403,211.342
111.881,81.948,145.813,210.734
116.308,87.582,143.631,207.896
116.119,117.448,145.393,176.548
117.629,120.106,139.808,175.081
117.073,119.337,140.294,175.681
116.535,118.585,140.742,176.242
116.941,117.831,140.245,176.803
117.099,117.359,140.245,176.803
116.311,116.886,141.191,176.803
116.719,118.660,144.484,174.835
117.375,118.903,144.126,175.942
117.740,126.890,139.891,168.889
118.464,124.576,140.598,172.594
119.464,128.776,139.534,169.189
120.009,129.074,138.444,170.133
121.043,127.523,140.369,172.313
121.105,128.286,139.622,172.346
124.435,120.019,137.620,181.112
123.059,117.309,137.845,181.475
132.449,62.700,133.947,233.694
130.358,59.835,134.941,234.111
143.766,46.357,124.487,254.310
142.253,46.712,125.018,255.024
150.753,47.963,120.538,255.025
150.620,48.701,117.644,254.953
155.361,53.803,113.709,248.911
156.328,53.354,113.794,252.501
154.802,53.587,113.789,249.997
155.644,54.662,114.132,250.213
154.545,52.278,112.272,250.921
154.877,51.004,113.625,254.143
153.180,49.831,117.018,252.406
152.492,49.723,115.298,251.934
153.506,54.233,115.998,245.984
153.340,53.117,116.330,247.540
150.704,66.155,119.224,219.087
150.763,68.243,119.755,230.124
145.770,132.739,119.095,166.333
146.736,134.230,118.289,168.421
145.395,146.367,123.514,167.889
145.383,148.914,122.963,166.836
147.242,159.238,126.123,164.533
146.225,160.107,125.849,161.929
145.625,154.084,129.050,166.821
144.961,154.686,128.030,169.728
142.568,141.561,129.570,172.956
140.830,141.141,130.647,170.501
138.958,133.512,131.107,176.203
139.423,133.409,130.177,173.063
140.172,131.249,131.384,172.573
141.311,130.056,129.107,171.639
143.850,134.183,125.819,169.945
144.133,132.825,125.253,172.954
149.303,144.167,120.511,170.306
148.109,146.049,122.897,168.266
153.082,148.925,118.139,166.547
153.674,149.262,118.641,166.154
150.582,140.687,122.577,170.090
149.993,140.435,123.176,170.884
149.383,129.383,124.396,177.584
147.884,130.368,126.798,175.910
147.266,124.092,130.728,177.695
147.327,123.834,129.995,174.242
153.201,123.477,128.202,176.767
150.335,122.874,130.916,178.276
156.094,125.676,125.217,171.752
155.862,126.395,128.324,175.601
161.096,133.921,122.665,171.972
160.231,134.167,123.815,171.771
161.372,135.330,122.701,171.198
160.632,135.336,123.602,171.476
156.812,128.622,125.699,172.071
156.607,127.737,125.520,174.137
152.734,120.926,129.417,176.504
152.675,119.896,128.930,173.722
148.220,113.566,130.647,176.793
148.455,112.238,129.569,179.754
145.385,107.057,132.653,178.501
145.767,107.867,131.274,179.654
145.566,106.936,131.061,176.593
145.900,106.884,129.782,178.526
148.033,112.672,127.345,173.652
149.794,113.180,125.013,174.422
151.397,117.019,123.581,170.884
151.465,116.573,123.446,172.067
150.775,113.946,124.241,174.987
151.505,114.371,123.962,174.432
150.432,106.416,125.520,177.378
151.073,107.004,125.433,176.502
149.985,101.337,127.012,177.101
149.859,101.343,127.264,177.389
150.851,98.488,127.086,180.690
149.413,99.256,129.356,179.458
151.229,100.491,127.554,178.819
150.844,100.618,128.324,178.867
152.454,106.851,126.926,175.814
153.694,106.509,125.643,176.797
157.980,110.689,121.849,172.619
156.707,111.258,123.815,174.387
155.667,111.678,123.542,173.841
156.359,111.973,123.332,173.545
155.292,104.059,124.880,176.474
154.142,104.638,126.585,175.615
151.134,97.773,129.614,177.995
150.853,97.046,129.569,182.491
150.309,94.613,130.657,184.892
150.917,95.268,130.685,183.893
152.265,98.056,129.854,181.112
153.304,98.002,129.005,181.528
158.009,104.743,125.421,183.072
157.560,103.969,127.534,182.191
161.822,113.589,124.197,175.463
163.017,114.104,123.581,174.728
167.155,115.577,120.012,175.606
164.962,115.024,123.815,174.387
163.922,109.561,125.307,179.724
164.642,110.731,123.868,177.684
160.609,102.703,128.963,179.775
161.618,104.096,128.164,178.819
158.401,99.225,129.749,178.859
159.803,98.635,128.164,183.092
158.262,96.958,130.634,183.992
158.963,97.311,130.475,183.597
159.688,101.646,130.265,179.270
159.304,100.966,130.421,180.936
164.214,107.137,125.523,178.132
164.649,107.806,125.853,177.093
165.352,108.103,121.455,176.797
165.588,107.233,122.744,176.188
163.906,101.924,125.520,175.610
163.076,102.070,126.585,175.615
160.068,95.206,127.822,177.995
161.132,95.069,126.903,178.571
156.712,90.541,131.821,183.102
156.036,91.234,132.552,182.959
155.618,90.776,132.765,184.189
156.864,90.489,131.526,185.076
158.219,90.793,130.690,184.780
156.977,91.392,132.552,183.893
161.973,95.169,127.564,180.715
160.666,96.715,129.569,178.841
162.083,100.223,123.689,176.089
163.024,101.052,123.581,177.389
161.332,99.565,126.372,177.989
162.087,100.015,123.662,177.389
160.435,94.672,126.372,176.802
159.603,94.824,127.438,176.797
158.682,88.518,128.378,183.697
157.648,89.609,130.445,181.823
156.819,86.690,131.487,185.193
157.530,87.052,131.316,184.780
158.883,89.853,130.481,181.987
158.072,89.794,131.487,182.415
163.025,98.190,126.543,180.820
162.029,99.170,128.536,179.163
166.683,111.193,122.269,175.800
164.977,109.824,125.094,176.188
165.717,116.500,120.642,172.049
166.000,117.374,121.231,170.589
164.953,115.073,122.749,172.886
165.665,112.856,122.491,174.987
164.177,111.233,123.122,175.888
162.684,109.604,125.520,176.788
161.640,107.361,127.012,178.889
160.592,107.819,126.693,178.276
161.299,108.117,126.483,181.594
161.382,109.337,127.534,179.458
165.731,116.002,123.686,180.981
163.449,115.399,125.853,179.790
167.651,124.887,122.568,177.679
167.440,126.510,121.807,178.276
170.495,138.910,118.059,172.071
168.397,140.681,121.684,172.243
167.148,141.209,119.540,171.476
167.296,139.808,120.390,171.986
162.658,140.798,121.885,170.293
163.563,140.795,121.231,174.053
161.873,139.313,122.281,174.687
162.143,140.326,122.911,172.954
162.833,140.620,122.701,176.164
162.897,139.129,123.752,176.788
166.728,141.640,120.828,173.543
166.792,142.819,121.861,171.476
167.476,144.560,121.651,173.208
167.847,144.551,122.071,172.643
168.428,145.132,122.071,171.771
169.114,145.425,121.861,171.476
168.060,143.111,119.334,168.863
168.626,143.721,119.340,171.338
168.778,142.402,120.180,171.686
167.312,143.390,120.810,169.997
166.268,141.097,122.323,172.286
166.976,138.884,122.071,174.387
167.245,137.265,120.948,170.321
167.889,137.571,120.810,169.997
166.846,135.278,122.323,172.286
165.809,135.681,121.199,171.771
166.267,133.666,121.441,173.487
166.533,134.669,122.071,171.771
165.477,132.351,123.602,174.087
166.200,132.769,123.332,173.545
166.891,130.425,119.018,175.888
166.154,132.055,121.651,172.049
166.733,126.841,121.651,172.049
165.574,128.869,123.389,173.208
166.398,124.459,122.911,172.661
167.192,124.754,122.491,172.363
167.879,122.428,122.281,174.687
166.393,123.441,120.570,172.954
166.537,122.018,121.441,173.487
166.803,123.021,122.071,171.771
167.488,123.313,121.861,171.476
168.172,122.737,121.651,172.049
172.227,123.316,118.175,171.180
170.402,124.937,119.550,168.224
171.075,122.670,119.340,170.485
171.331,123.648,119.970,168.815
170.296,123.938,119.760,168.519
170.970,124.228,119.550,168.224
169.938,124.518,118.487,167.928
170.393,125.103,118.709,167.041
169.369,124.545,120.192,167.592
168.659,124.519,121.045,167.928
168.054,125.647,119.970,167.387
167.339,125.666,120.831,167.632
168.445,125.365,119.760,168.519
167.412,125.655,121.258,168.224
168.523,126.785,120.180,167.680
167.807,126.803,121.045,167.928
168.915,130.216,119.970,165.102
168.629,129.683,119.979,166.450
168.026,129.381,120.618,167.337
169.130,129.080,119.550,168.224
168.098,133.063,121.045,167.644
167.600,130.202,121.471,171.086
168.297,130.595,121.231,170.589
168.979,130.887,121.021,170.293
167.933,131.178,120.235,169.997
166.816,131.765,121.897,169.111
166.209,131.465,122.536,169.997
167.335,132.612,121.441,169.439
166.607,132.624,118.303,169.702
165.059,131.248,120.831,170.185
165.749,131.633,120.600,169.702
164.707,131.924,118.097,169.406
164.862,130.552,118.920,169.885
165.117,131.525,119.550,168.224
165.790,131.815,119.340,167.928
164.760,132.104,120.831,167.632
165.867,131.804,119.760,168.519
166.541,132.094,119.550,168.224
165.509,132.384,121.045,167.928
164.904,132.083,119.399,168.815
163.797,136.362,121.045,167.644
165.010,133.501,119.760,171.086
165.268,134.484,118.097,169.406
164.290,135.660,120.052,167.337
161.348,135.654,120.831,167.632
162.454,135.353,119.760,168.519
163.128,135.643,119.550,168.224
162.665,135.933,120.476,167.928
163.698,137.351,119.550,166.800
162.987,137.372,120.405,167.041
162.952,137.071,120.476,167.928
162.277,137.065,121.258,168.224
163.388,136.765,120.180,169.111
162.350,137.055,121.684,168.815
163.466,134.171,118.303,167.405
162.347,134.789,119.979,166.450
163.443,131.939,118.920,169.885
162.558,132.912,120.688,168.224
161.882,132.907,121.471,163.672
162.132,131.364,120.405,167.041
163.233,131.062,119.340,167.928
163.906,131.352,119.130,167.632
162.878,131.641,120.618,167.337
162.274,131.340,121.258,168.224
163.385,131.040,120.180,169.111
164.061,130.474,119.970,169.672
162.919,128.474,121.684,166.530
164.451,129.048,119.760,167.094
163.739,129.068,120.618,167.337
163.134,128.766,121.258,168.224
164.245,128.466,120.180,169.111
163.208,126.186,121.684,171.386
163.908,126.581,121.441,170.884
164.590,126.873,121.231,170.589
169.017,130.911,120.444,170.005
169.618,131.354,120.390,169.406
168.578,143.090,117.891,164.246
167.895,143.015,119.258,167.462
158.720,131.044,121.468,174.698
158.792,129.733,122.491,174.987
148.803,111.401,129.278,180.285
148.032,111.376,130.208,180.641
144.027,104.943,134.226,179.378
144.659,104.542,132.339,176.763
145.312,102.608,136.544,180.936
146.248,101.826,134.673,179.040
152.909,109.512,133.797,177.670
153.755,111.306,134.882,178.402
156.580,117.562,130.475,174.899
157.050,119.664,128.930,174.932
162.588,122.347,123.267,173.776
161.488,122.757,124.880,173.250
162.641,116.567,123.752,172.074
161.998,116.421,124.454,172.658
