584.000,439.000,120.000,168.000
585.467,451.680,123.602,162.529
584.299,452.958,124.235,161.960
587.883,462.618,122.465,163.098
590.789,471.966,118.353,165.355
595.338,477.885,112.336,166.683
595.034,481.727,117.605,163.660
596.643,481.653,116.053,164.085
591.158,483.615,138.897,162.921
586.524,492.800,131.904,161.417
606.609,495.505,111.600,165.647
613.696,493.694,106.405,173.895
613.735,494.761,107.146,172.033
630.842,487.436,94.159,168.996
642.048,472.652,87.914,155.618
632.158,446.044,110.269,142.577
629.534,405.833,132.092,147.662
627.627,408.356,137.862,143.735
641.259,373.856,125.835,146.149
645.775,348.870,112.186,145.325
647.163,327.718,132.926,154.144
654.578,313.923,124.690,170.839
654.404,314.037,124.454,171.782
672.149,321.791,106.523,170.613
664.630,349.288,118.589,158.569
642.907,369.801,155.994,159.015
655.981,411.804,151.591,147.179
655.493,409.111,151.071,148.378
657.315,472.213,133.045,112.668
651.526,523.644,134.572,113.982
637.924,562.026,143.912,141.431
631.614,586.467,138.822,131.967
629.174,586.565,140.991,132.043
628.654,599.325,138.480,118.268
632.581,614.405,119.612,104.500
640.841,622.729,113.177,95.024
646.982,624.153,111.898,94.252
648.035,625.018,110.203,92.521
654.026,619.743,113.581,99.030
659.153,604.625,133.942,113.957
660.009,580.879,146.098,138.174
663.036,550.056,149.437,132.074
662.690,552.837,151.816,132.698
663.868,516.611,151.164,108.826
680.311,485.657,113.651,84.852
681.695,457.111,105.573,68.809
660.277,408.953,152.674,91.945
659.314,408.450,153.890,92.002
656.251,334.916,155.254,149.301
652.535,319.693,157.505,156.896
647.904,303.744,159.217,179.040
646.351,315.485,157.249,184.640
646.507,314.325,158.644,185.256
643.468,333.171,156.486,179.822
641.150,375.753,156.086,157.764
639.083,417.250,153.937,138.857
631.184,445.123,158.029,143.397
633.278,444.425,156.255,143.586
633.366,470.595,159.680,153.677
637.929,482.193,159.651,171.570
646.446,488.378,155.883,172.798
653.725,489.982,157.102,165.318
653.869,490.362,159.072,164.557
658.848,483.821,157.219,161.433
662.455,477.087,158.941,161.495
666.570,475.104,157.124,161.292
667.698,471.943,158.692,160.604
666.809,471.371,160.150,160.789
668.842,469.870,159.938,159.296
668.577,464.808,161.748,159.830
670.199,462.572,159.792,156.893
670.488,460.777,160.482,155.091
670.109,461.496,161.241,154.285
673.077,458.777,158.145,154.357
672.422,456.228,161.956,152.264
674.421,451.807,159.217,147.889
675.705,446.506,160.949,142.519
675.238,445.009,160.670,144.300
676.234,438.430,162.341,133.962
678.600,429.263,162.626,123.372
682.195,416.351,159.690,110.053
683.679,403.641,158.052,102.800
683.360,402.485,157.414,103.072
684.508,389.984,158.179,80.365
684.859,369.928,157.252,96.337
683.086,356.194,159.565,106.048
683.637,345.884,161.591,114.938
683.857,345.449,159.512,115.810
680.883,339.946,163.282,121.101
680.285,340.788,165.605,127.583
683.314,351.009,163.915,121.117
687.964,351.754,158.845,119.628
689.516,364.072,159.608,106.037
688.785,363.400,160.288,105.295
689.850,352.836,158.679,114.717
681.125,338.069,166.133,122.371
685.926,338.698,160.817,121.970
686.071,328.120,161.368,123.762
683.228,319.782,162.523,127.697
679.340,318.685,165.682,127.004
680.219,325.511,163.052,121.490
678.661,325.703,166.450,123.359
681.773,348.905,160.226,111.412
701.668,379.989,121.506,92.601
697.789,429.266,121.823,89.295
679.868,478.514,159.756,102.879
679.935,479.654,158.340,101.112
678.705,531.478,161.814,132.393
681.342,556.341,160.058,162.110
688.772,581.898,152.296,136.163
694.779,602.065,143.456,116.901
695.506,600.916,143.299,117.904
698.221,609.142,141.511,109.255
700.716,607.717,144.990,110.860
701.548,591.483,142.565,127.572
700.704,565.584,154.517,152.356
700.867,559.752,155.420,157.877
702.359,523.579,154.633,115.112
706.481,461.993,146.122,81.476
719.643,400.641,115.426,71.048
696.729,341.374,155.623,111.860
694.245,340.780,158.479,112.520
689.180,282.493,163.524,148.002
687.730,216.560,162.684,171.099
686.867,191.166,164.744,151.044
685.274,212.395,162.879,109.218
705.273,209.837,140.512,113.799
680.100,217.124,159.723,98.213
678.258,190.040,158.395,136.591
674.365,180.843,158.226,164.708
673.980,209.876,157.380,181.940
672.405,210.421,159.852,181.527
671.474,284.808,153.186,148.409
671.018,333.330,152.586,135.968
668.223,374.759,152.404,127.003
665.849,409.561,154.645,125.666
666.687,408.192,154.085,126.450
667.108,431.708,154.641,151.285
669.115,447.651,157.669,161.955
670.151,454.031,159.440,161.681
675.888,457.673,156.006,161.795
675.624,458.076,157.807,160.034
681.351,460.781,158.761,160.988
688.696,461.875,158.159,161.041
695.852,459.923,157.912,162.387
701.056,455.501,158.086,162.895
701.093,457.301,159.296,161.544
706.874,452.323,158.332,161.223
712.403,447.131,159.760,157.839
716.880,438.875,159.080,157.171
719.471,431.646,157.696,155.479
721.160,431.599,157.142,154.633
720.131,420.887,159.200,156.702
719.110,412.611,156.814,156.182
711.713,405.836,158.457,161.276
709.301,405.474,156.878,167.124
708.968,403.781,156.894,169.213
704.244,396.409,156.558,182.651
696.163,392.230,158.159,188.639
690.206,392.181,155.207,190.466
683.144,395.176,157.631,188.950
684.183,394.937,154.861,188.737
677.439,397.604,151.924,187.168
671.348,400.692,153.639,181.328
665.962,406.812,153.049,172.096
659.570,416.447,151.851,167.134
657.940,416.075,151.601,167.878
652.227,437.360,149.281,155.035
643.393,464.306,148.061,135.570
633.749,492.097,152.032,110.904
630.686,521.796,154.257,90.785
626.720,522.611,160.292,88.682
626.213,515.649,160.352,110.958
627.584,508.351,157.876,129.560
625.689,506.343,153.927,141.028
627.390,508.088,154.067,146.393
624.150,508.227,155.436,146.717
627.416,511.068,151.628,150.115
626.181,512.703,154.097,154.701
625.632,514.929,154.886,161.379
625.177,515.504,157.063,160.546
625.442,514.646,157.807,161.943
622.704,510.775,163.282,159.120
625.938,499.344,147.456,138.744
635.172,483.297,136.156,104.051
632.857,453.715,123.605,53.212
634.992,454.308,122.586,52.026
618.806,345.373,164.402,99.410
614.948,236.279,171.862,162.385
615.539,181.931,176.704,134.871
637.732,155.384,152.413,82.235
635.276,155.265,156.654,82.921
623.954,110.726,176.104,136.868
626.749,75.857,177.359,186.382
633.488,58.337,172.986,170.073
625.815,108.663,184.208,104.476
642.124,111.203,168.527,101.338
639.526,92.017,171.368,107.530
645.077,26.534,173.304,153.203
652.471,0.000,169.931,173.587
658.392,0.188,171.492,154.652
657.705,0.000,169.605,155.467
663.493,0.000,167.459,127.809
672.470,0.292,159.472,100.256
690.696,0.807,146.054,67.838
703.045,0.395,109.980,44.710
702.791,0.680,108.520,44.983
715.170,0.480,94.127,28.154
722.352,0.000,87.285,17.443
740.391,0.632,69.272,12.174
738.622,0.690,68.947,10.243
737.928,0.833,66.159,10.545
735.321,0.644,76.676,12.938
733.382,0.621,82.508,20.926
729.858,0.725,88.805,34.586
710.847,0.583,114.498,52.529
709.444,1.177,118.861,52.274
710.859,1.073,116.978,69.713
710.313,0.436,117.347,84.750
706.911,1.693,144.510,96.806
701.865,0.538,148.436,108.837
703.260,0.976,148.193,109.999
699.646,0.504,149.031,118.100
699.253,0.000,149.020,125.963
698.512,1.188,150.227,134.023
701.169,0.000,144.912,139.235
701.042,0.449,145.168,140.329
700.787,0.000,145.678,143.453
699.766,0.000,146.271,146.744
701.545,0.000,144.768,146.784
699.432,0.000,147.534,147.889
699.287,0.000,147.824,147.857
700.347,0.000,146.889,147.965
698.529,0.000,144.622,149.245
698.480,0.000,145.897,149.630
695.910,0.000,145.113,151.517
696.260,0.000,146.494,151.532
697.057,0.000,142.515,152.986
696.472,0.216,143.094,154.033
695.812,0.568,142.334,153.626
695.015,0.975,143.336,154.293
694.354,0.000,144.062,154.022
693.935,0.088,144.304,154.143
693.515,0.108,142.754,154.402
692.685,0.645,143.820,154.814
692.023,0.000,144.546,154.208
691.603,0.000,147.481,154.584
691.921,0.000,144.428,154.340
695.330,0.000,143.592,154.650
694.555,0.273,141.858,154.402
693.520,1.068,143.336,154.293
692.859,0.000,142.574,154.115
692.060,0.000,146.248,153.889
696.035,0.000,141.606,156.016
694.509,0.000,144.062,155.099
693.847,0.000,143.293,155.029
692.921,0.000,144.546,154.865
696.275,0.123,141.135,154.919
694.879,0.000,143.336,155.469
693.853,0.000,144.788,154.018
693.554,0.000,131.925,153.292
692.341,0.362,132.359,154.561
692.592,0.000,136.729,153.029
692.890,0.000,140.478,152.691
692.774,0.000,141.004,151.098
692.284,0.000,139.646,150.046
692.472,0.000,141.301,151.331
692.010,0.000,144.275,148.827
692.791,0.000,144.768,147.825
693.061,0.040,145.401,145.694
691.391,0.000,147.281,145.798
691.327,0.000,147.117,144.843
690.388,0.000,147.534,143.997
689.657,0.000,147.534,142.406
689.437,0.698,146.523,141.591
685.631,0.000,149.229,141.056
686.131,0.000,148.229,141.736
683.357,0.363,149.425,140.430
681.181,0.073,149.425,140.430
679.005,0.000,149.425,140.213
676.382,0.000,151.195,139.911
675.408,0.000,150.813,140.122
673.079,0.000,151.978,140.227
669.020,0.000,153.085,140.521
665.103,0.000,155.339,140.148
661.765,0.000,156.398,141.325
664.064,0.715,151.801,140.193
659.916,0.000,154.545,141.219
656.181,0.000,154.919,140.382
652.771,0.000,154.657,136.599
650.325,0.000,154.016,133.807
650.533,0.000,154.177,134.788
648.533,0.000,152.693,130.896
645.033,0.892,156.011,130.245
642.487,0.000,153.390,130.284
639.337,0.586,157.710,131.378
639.240,0.578,157.327,130.529
639.226,0.000,156.780,130.450
639.076,0.730,156.507,128.990
639.338,0.000,156.269,129.269
641.473,0.590,155.130,127.804
641.731,1.011,154.895,126.963
642.283,0.506,154.913,125.727
643.119,0.451,156.039,124.440
644.654,0.000,155.760,124.919
643.817,0.491,156.597,124.775
645.357,0.000,156.318,125.349
646.758,0.000,154.917,125.706
647.595,0.000,157.437,128.848
650.181,0.267,157.114,127.744
651.020,0.320,158.272,126.221
652.575,0.289,156.577,126.847
653.557,0.231,157.435,124.424
653.275,1.653,158.559,122.421
651.604,0.057,158.830,121.984
650.214,0.585,159.939,120.651
651.748,0.554,158.817,120.434
649.401,0.632,159.078,120.001
647.331,0.602,158.790,119.784
642.781,0.572,159.056,119.568
636.982,0.434,159.608,119.568
636.561,0.187,160.174,119.231
630.613,0.326,160.450,120.338
624.893,0.695,160.764,120.991
620.417,0.617,159.947,119.751
616.140,0.353,159.632,118.892
615.324,0.000,160.436,119.445
611.292,0.000,159.632,118.476
609.795,0.000,157.940,118.776
607.895,0.448,156.258,119.250
605.301,0.694,155.152,119.579
605.993,1.322,155.675,119.960
600.646,0.000,157.615,121.502
597.697,0.612,156.306,121.110
592.056,0.000,154.082,122.910
585.303,0.000,156.287,123.473
585.011,0.000,156.036,124.040
578.323,0.000,155.759,124.714
573.856,0.388,157.435,126.729
569.047,0.046,155.728,127.131
567.488,0.242,158.001,126.738
564.233,0.000,158.556,126.863
559.689,1.773,156.278,124.170
556.877,0.214,156.876,125.055
553.930,0.159,158.001,125.727
553.366,0.105,157.999,125.835
552.661,0.000,156.583,126.051
551.671,0.000,155.752,128.250
549.701,0.418,156.860,127.414
550.550,0.418,156.294,127.414
551.254,0.531,155.170,127.189
549.557,0.869,156.595,128.481
550.000,1.177,156.846,127.864
550.705,0.000,155.719,128.929
550.847,0.645,156.854,129.624
551.008,0.331,156.818,129.396
551.288,0.872,157.399,128.314
553.988,0.000,155.415,128.504
554.114,0.545,156.577,127.131
557.503,0.516,155.170,125.775
556.230,0.485,156.598,125.838
557.496,0.147,156.876,126.232
561.300,0.000,156.029,126.069
562.282,0.000,155.471,126.010
563.259,0.000,156.318,125.756
564.522,0.295,155.194,125.727
565.498,0.240,156.039,125.558
566.759,0.000,157.719,125.770
570.287,0.000,158.563,124.956
578.751,1.254,154.049,122.167
578.328,0.544,155.445,123.038
582.055,0.000,158.523,120.816
591.754,0.269,154.366,118.892
600.883,0.879,153.734,114.690
610.950,0.473,150.897,114.171
612.196,0.985,150.511,112.357
622.033,0.607,149.081,110.247
634.213,0.042,148.331,110.094
646.139,0.021,148.042,109.367
658.286,0.724,144.119,107.962
657.954,1.036,144.782,106.590
667.941,0.379,146.688,106.660
677.375,0.576,147.869,106.265
687.273,0.000,148.164,106.948
697.063,0.779,148.502,106.649
696.937,0.653,147.494,106.901
704.003,0.000,150.976,107.449
711.371,0.403,153.587,107.409
717.712,0.367,151.706,108.251
721.195,1.627,150.897,107.271
721.529,0.009,150.230,109.235
724.275,0.991,153.464,108.554
728.073,0.000,150.522,110.097
730.683,0.000,151.486,110.696
733.351,1.190,154.959,111.944
734.378,0.000,151.325,113.052
738.216,0.000,152.036,112.098
740.455,0.000,153.839,114.393
744.591,0.000,154.067,114.573
748.704,0.866,154.357,115.768
750.410,0.674,152.819,115.885
753.762,0.757,154.647,115.452
757.754,0.407,155.228,116.956
763.914,0.374,153.961,117.830
770.790,0.778,155.310,116.213
770.396,0.482,153.138,116.535
776.041,0.674,155.495,116.956
781.663,0.532,154.787,116.968
785.177,0.506,159.085,116.752
789.880,0.157,158.419,117.722
791.924,0.000,156.247,117.577
793.446,0.387,159.722,118.162
797.919,0.313,159.580,117.484
796.838,0.115,160.096,117.057
796.016,0.000,161.741,115.116
796.311,0.472,161.151,114.991
792.096,0.987,162.219,113.144
784.816,0.078,162.952,111.166
776.773,0.386,162.051,108.663
769.608,0.262,159.645,105.456
770.351,0.000,158.679,105.797
760.638,0.194,158.893,100.996
749.540,0.981,154.966,95.110
741.687,0.000,150.735,90.110
732.719,0.000,143.674,85.003
732.311,0.000,146.485,83.721
722.007,0.419,143.161,82.661
707.870,0.000,144.388,84.935
692.971,0.000,151.360,89.449
677.036,0.000,162.948,94.612
677.459,0.813,164.341,92.737
661.027,0.969,184.601,102.803
640.940,0.733,180.594,115.702
611.324,17.455,218.103,126.864
591.107,68.227,222.222,136.931
588.387,71.047,226.265,127.100
568.029,115.915,226.899,186.479
547.263,146.987,232.202,203.383
525.400,168.599,242.851,205.858
507.583,189.146,251.173,209.087
507.478,190.476,246.338,205.511
490.471,199.030,255.111,206.883
478.269,203.629,256.989,205.499
470.995,205.589,262.331,203.422
465.655,203.185,262.831,203.602
466.440,204.465,262.189,203.822
461.029,198.559,263.757,205.916
457.554,196.502,263.704,188.560
450.631,186.812,267.734,180.274
441.589,172.736,265.591,169.732
445.120,171.284,263.632,170.510
435.931,153.334,264.171,151.622
426.971,134.980,263.661,134.235
421.310,107.549,258.408,142.765
416.256,92.375,249.665,152.338
418.020,95.094,248.482,150.808
416.260,76.288,240.370,166.321
418.387,62.200,233.717,169.685
414.040,54.146,234.435,171.839
432.440,50.888,212.901,170.723
431.254,50.369,214.129,171.379
433.186,49.728,210.647,162.302
437.079,47.587,204.712,146.963
444.310,46.426,195.459,126.024
449.363,41.895,188.494,112.782
448.662,41.317,189.311,114.813
453.593,32.316,186.828,121.306
461.942,21.477,175.561,127.598
462.824,3.173,173.497,126.752
459.239,0.000,168.483,103.692
459.592,0.243,168.835,104.000
430.319,0.445,187.537,108.113
423.717,0.000,183.062,132.915
411.612,1.217,181.675,173.871
384.365,0.000,193.489,230.068
384.001,0.000,196.328,231.142
361.831,146.294,194.581,159.164
382.700,359.351,198.979,69.027
402.889,437.503,172.913,169.159
406.076,505.292,197.721,207.316
401.610,500.761,204.627,216.378
444.533,556.720,176.487,160.060
460.730,602.747,171.701,114.131
482.148,629.837,159.400,87.684
495.122,636.530,161.137,81.397
495.096,634.979,158.434,82.891
502.902,629.353,151.316,88.631
510.086,614.480,162.249,103.988
514.472,581.671,167.264,137.609
514.904,551.485,173.082,166.705
517.763,552.176,170.425,165.663
517.125,513.470,171.701,163.284
514.826,480.150,173.282,136.748
517.033,446.217,141.751,102.307
518.948,424.070,130.446,82.704
522.780,427.131,128.192,79.496
494.112,362.595,177.041,119.240
485.972,310.997,177.599,154.307
478.588,274.389,176.115,182.085
470.878,267.153,172.525,201.937
470.445,265.731,174.512,202.912
465.036,286.199,172.523,206.802
459.397,321.905,172.076,187.204
453.845,364.862,170.610,170.610
448.607,414.975,168.785,151.019
451.486,414.725,167.502,151.199
441.233,445.075,173.669,156.143
437.739,478.971,172.744,162.854
438.516,498.636,169.512,182.603
444.033,507.176,167.284,194.049
442.915,507.899,165.913,191.161
449.186,512.526,165.855,184.759
453.211,511.276,166.571,172.182
460.184,501.721,169.585,160.766
466.608,493.816,169.301,162.357
466.556,494.278,169.405,160.768
469.915,501.255,170.293,151.445
473.038,516.505,171.767,140.244
479.704,529.466,168.997,143.833
484.603,549.565,166.379,168.876
485.218,549.751,166.491,167.163
488.264,570.509,163.742,146.365
493.836,577.938,153.837,138.949
499.642,587.128,152.469,129.350
504.185,596.699,147.318,120.328
504.787,596.871,147.448,121.318
507.588,602.398,142.917,115.350
513.478,600.933,148.363,116.994
521.488,589.040,151.325,129.443
529.077,568.599,153.797,148.194
528.927,569.274,154.097,148.054
534.247,542.820,159.195,156.773
537.018,510.868,166.615,125.831
540.826,464.399,165.383,92.266
560.373,413.216,126.040,78.497
561.473,415.830,125.433,76.056
534.606,384.029,157.652,107.383
532.376,351.192,168.107,144.910
530.761,328.599,165.395,171.648
528.829,300.123,164.201,201.627
528.989,301.151,163.882,201.029
526.192,313.291,162.566,186.205
522.869,351.730,162.249,148.322
522.291,396.689,165.269,123.951
514.633,432.294,163.100,109.211
513.104,431.870,162.150,111.662
510.323,438.088,163.668,106.775
508.798,439.608,164.337,110.881
511.276,445.344,162.351,113.187
518.024,453.314,154.832,114.087
512.673,450.478,161.543,118.429
517.508,469.230,157.969,109.747
514.503,488.777,155.543,102.553
515.324,514.487,154.154,98.719
515.545,534.440,152.475,92.424
514.319,534.316,154.215,91.959
513.637,539.253,154.864,100.697
513.280,526.820,151.826,121.811
512.450,515.065,152.396,135.796
509.697,509.486,156.462,153.869
512.439,509.378,153.153,185.151
511.467,503.500,153.412,153.412
517.527,493.589,148.970,136.683
522.601,477.666,142.250,119.970
539.307,452.359,112.763,69.855
539.590,454.519,112.374,65.893
527.951,355.092,147.216,108.729
522.681,286.701,153.951,135.944
522.322,202.320,157.856,156.408
524.788,180.148,155.126,94.083
527.051,182.639,156.168,95.880
525.226,156.062,157.369,97.069
525.413,122.385,161.203,157.736
525.906,81.568,159.899,193.730
526.503,102.961,162.231,141.071
526.677,103.771,158.245,137.328
534.079,129.934,144.622,89.725
541.149,85.147,158.311,123.638
552.231,36.871,156.598,162.201
558.719,10.734,153.197,184.155
559.680,10.702,152.620,184.556
574.135,2.466,147.578,174.471
585.298,0.000,149.019,153.291
597.461,0.000,145.575,132.939
602.539,0.000,148.236,107.987
605.134,0.985,144.821,107.791
613.763,0.604,140.320,85.543
621.993,0.332,112.879,69.177
626.192,0.388,113.868,55.783
630.145,0.000,114.738,45.195
630.697,0.767,112.766,45.396
634.390,0.924,106.243,37.759
635.669,0.617,103.684,35.070
651.798,0.961,89.585,34.623
652.749,0.759,87.014,34.136
650.572,1.284,89.944,35.277
649.530,0.607,91.124,39.344
649.829,0.829,91.726,44.902
633.724,0.268,119.179,51.683
637.237,0.662,109.484,51.051
636.751,1.275,113.307,58.379
636.162,0.458,114.973,66.374
636.570,0.000,112.406,73.040
633.575,0.000,114.765,81.918
636.222,0.975,112.188,81.133
632.885,0.456,114.848,88.859
628.719,1.326,116.698,98.667
628.129,0.000,140.465,107.233
625.657,0.316,141.233,115.934
624.045,0.654,143.688,115.258
623.238,0.317,144.530,122.374
622.582,0.000,140.518,128.037
619.236,0.000,144.257,132.520
620.694,0.000,141.064,139.148
614.330,0.000,148.178,139.734
618.400,0.000,143.208,141.903
611.738,0.112,148.820,145.963
614.427,0.000,146.688,146.881
612.763,0.000,143.250,148.448
613.397,0.000,145.197,147.261
611.370,0.000,146.908,148.255
609.434,0.000,148.415,148.040
611.556,0.000,145.358,149.665
608.973,0.000,148.164,151.276
610.240,0.126,146.828,150.424
611.325,0.000,145.848,153.620
611.434,0.000,143.233,155.618
610.357,0.000,146.583,154.092
610.469,0.000,145.757,155.044
610.168,0.000,147.564,154.315
610.528,0.000,144.730,155.415
609.956,0.269,145.273,153.977
609.778,0.000,147.727,154.866
609.976,0.000,144.906,155.949
609.249,0.278,148.467,154.490
609.817,0.000,145.210,154.827
609.485,0.000,147.974,155.152
609.685,0.000,145.146,156.222
608.957,0.000,145.999,155.032
608.777,0.000,147.564,154.309
613.064,0.000,140.802,155.412
609.132,0.000,137.117,155.593
608.626,0.830,142.226,152.761
608.018,0.000,141.081,152.474
608.083,0.000,143.887,152.291
607.051,0.000,140.908,150.308
606.635,0.000,143.781,148.065
606.658,0.000,140.522,148.530
607.524,0.000,141.681,147.997
607.859,0.000,143.042,147.985
610.670,0.000,141.497,148.235
614.685,0.000,139.270,149.265
616.200,0.000,140.281,150.546
620.832,0.157,138.294,151.687
620.345,0.000,138.109,152.309
624.004,0.000,138.057,152.594
624.731,0.000,136.894,155.353
627.445,0.000,138.769,154.511
629.406,0.158,138.072,155.954
629.435,0.000,138.014,154.189
632.709,0.260,138.769,153.669
633.907,0.000,136.958,151.720
637.441,0.000,137.106,151.773
639.491,0.000,136.187,150.775
638.670,0.000,136.393,150.906
642.260,0.000,136.393,150.972
644.413,0.000,135.245,152.728
645.014,0.000,134.905,153.740
647.522,0.000,134.508,154.515
646.945,0.000,135.663,154.903
647.172,0.853,134.917,154.647
647.260,0.686,134.452,153.536
648.328,0.366,133.754,154.465
646.171,0.510,133.754,154.465
646.890,0.653,133.754,154.465
646.171,0.797,132.316,152.739
643.161,0.000,132.643,153.736
640.808,0.181,133.057,153.659
637.804,0.325,132.484,154.517
637.258,0.000,131.283,155.550
634.225,0.000,131.626,155.606
630.384,0.983,130.996,156.507
627.087,0.696,130.136,156.507
622.744,2.397,130.539,156.247
623.632,0.687,130.767,156.806
618.501,0.836,131.283,156.221
614.488,2.126,130.423,155.647
610.410,1.821,129.740,154.832
606.355,1.803,129.624,154.585
605.929,1.661,131.893,155.436
604.515,2.559,129.276,153.928
601.319,2.079,128.319,154.322
599.856,0.662,128.992,156.029
598.147,0.822,128.716,155.142
597.383,2.511,128.829,153.746
595.330,0.806,129.836,155.184
593.191,2.248,128.432,154.289
591.668,0.000,127.810,156.135
588.752,0.487,127.414,155.445
589.089,0.000,128.710,154.815
586.741,0.000,127.754,155.134
584.033,0.000,128.656,155.156
583.238,0.000,128.263,154.592
580.785,0.000,128.656,154.885
580.105,0.000,128.602,154.321
578.103,0.000,129.221,154.749
574.759,0.000,129.113,153.540
572.730,0.000,130.067,152.666
570.050,0.000,130.631,152.229
570.358,0.000,130.580,152.145
567.934,0.000,130.631,151.969
566.665,0.000,132.042,150.187
564.972,0.000,132.324,149.297
564.949,0.000,131.526,148.720
564.879,0.000,131.666,149.718
564.363,0.000,132.417,148.799
564.503,0.000,132.136,150.026
565.679,0.000,131.196,149.216
566.844,0.000,131.946,148.285
566.984,0.000,130.825,149.500
567.965,0.000,130.545,147.306
566.604,0.000,131.878,148.338
566.710,0.000,131.946,146.725
566.925,0.000,132.911,146.645
567.665,0.000,133.109,146.868
568.106,0.000,133.627,145.990
568.924,0.848,133.388,145.692
570.300,0.000,132.591,144.875
572.738,0.000,133.267,145.456
572.498,0.282,132.354,144.614
574.933,0.000,133.027,144.368
576.201,0.000,132.156,145.203
577.034,0.000,132.156,145.620
579.255,0.000,130.768,145.829
581.013,0.000,130.297,145.671
582.649,0.000,128.680,145.460
582.567,0.000,130.489,146.473
584.070,0.000,128.869,147.787
583.494,0.000,129.190,148.309
584.348,0.000,128.869,147.042
583.456,0.000,129.274,147.668
582.530,0.000,128.637,149.079
581.721,0.000,128.592,149.090
580.335,0.000,129.978,149.095
579.844,0.000,130.125,149.502
579.308,0.000,128.404,149.839
578.265,0.513,128.824,149.925
577.315,0.000,127.944,150.294
576.320,0.000,128.269,150.665
577.760,0.000,127.338,150.287
576.302,0.000,127.484,151.356
574.681,0.000,127.944,151.332
573.730,0.000,127.617,152.292
571.941,0.000,128.404,152.909
572.999,0.000,127.411,152.789
572.387,0.000,127.236,153.295
570.290,1.704,127.236,152.683
571.101,1.562,125.613,153.248
571.439,2.112,126.048,152.424
570.606,2.251,126.326,152.424
571.188,3.922,125.163,152.142
571.638,4.331,124.262,152.428
571.751,5.020,125.140,152.428
572.077,5.435,123.934,152.981
572.025,6.401,124.037,152.428
572.852,7.090,123.210,152.979
575.303,8.467,121.061,153.252
574.490,12.027,121.323,151.858
574.033,15.429,120.878,152.931
575.963,13.792,120.828,154.029
574.922,17.879,119.907,151.864
574.095,20.604,121.291,151.276
573.735,23.849,120.655,150.751
575.983,27.098,118.859,148.844
575.420,27.130,119.985,149.315
577.764,28.318,119.051,149.619
579.856,30.200,119.409,147.992
582.342,31.276,118.961,147.172
587.205,30.094,117.189,147.679
586.483,29.590,117.316,149.216
593.440,29.430,115.598,148.739
597.137,28.425,116.083,148.649
605.709,28.020,115.252,148.143
612.317,26.480,116.426,149.130
611.100,26.560,115.426,149.499
621.713,27.106,112.883,148.932
629.344,25.761,111.381,150.845
636.224,24.592,113.718,151.624
643.615,24.359,112.883,152.090
642.540,24.504,113.194,151.801
649.762,23.716,115.033,151.276
655.773,22.491,113.841,151.876
661.120,21.595,114.988,151.564
666.746,19.310,115.644,153.222
664.576,18.864,116.519,152.781
670.477,17.519,115.135,153.602
675.882,16.609,116.300,154.623
678.694,15.748,116.856,155.808
684.445,13.962,117.779,156.408
684.933,13.664,115.989,157.006
689.981,13.557,116.698,156.678
695.285,12.871,116.644,155.886
700.661,11.124,118.049,156.408
703.625,9.048,120.284,157.567
704.505,8.172,118.249,157.941
710.270,6.419,119.306,157.068
713.451,4.083,121.169,158.725
716.842,2.375,121.606,158.532
723.129,0.424,119.878,160.208
721.433,0.291,120.495,160.753
727.067,0.000,119.258,161.194
727.836,0.000,121.328,161.112
728.270,0.000,120.740,161.517
731.035,0.000,119.965,161.574
729.160,0.000,120.929,163.264
729.072,0.000,120.824,161.618
727.404,0.000,121.364,161.625
724.941,0.000,122.640,160.514
723.005,0.000,120.328,160.101
721.422,0.000,121.269,160.433
716.458,0.000,123.101,158.096
711.734,0.000,121.643,155.949
707.781,0.000,123.210,154.878
702.993,0.000,121.168,154.621
701.896,0.000,120.346,153.795
697.454,0.000,122.414,153.508
692.748,0.000,120.291,153.378
687.581,0.000,119.196,152.615
682.346,0.000,118.319,154.377
683.319,0.000,116.644,154.049
676.363,0.000,118.468,154.660
669.711,0.327,116.317,155.361
662.470,0.000,117.074,157.672
655.694,1.549,117.563,155.934
656.453,1.158,116.588,156.716
648.982,7.257,119.350,152.368
639.773,12.395,122.371,149.115
634.382,19.564,124.492,142.895
625.304,26.900,130.895,138.642
626.848,28.003,130.503,135.626
619.042,43.823,137.316,127.717
609.486,68.972,116.393,107.379
588.571,95.992,162.705,83.818
589.856,97.633,161.541,85.219
578.225,123.549,138.954,74.767
570.756,149.911,139.402,107.562
568.146,155.893,139.230,133.102
563.058,161.101,138.772,130.593
563.687,160.876,137.514,132.930
558.290,162.389,141.813,132.611
555.868,163.605,141.988,132.924
555.326,163.209,141.696,132.341
556.269,162.764,142.003,134.327
556.728,162.705,141.086,133.063
557.238,161.950,143.910,132.650
558.650,161.052,141.086,133.893
560.134,161.140,143.072,133.167
561.127,160.500,141.086,132.510
559.156,160.262,142.291,132.440
556.840,159.623,145.823,130.140
550.499,158.420,149.667,124.814
542.147,159.259,157.888,112.465
534.006,160.462,164.287,98.572
533.233,159.998,163.537,97.204
527.340,162.117,162.439,84.125
524.043,163.911,158.497,89.901
522.948,164.146,155.906,97.322
519.022,164.469,154.879,100.622
518.673,163.254,154.327,101.051
517.047,162.254,152.826,101.051
517.726,159.217,149.475,102.888
529.064,157.207,136.992,96.218
529.676,153.540,135.998,92.966
529.241,153.650,136.868,96.573
532.783,150.161,133.006,75.708
535.537,142.767,130.916,75.212
535.061,133.305,129.685,71.893
535.629,117.561,125.451,77.439
535.716,119.923,125.080,74.297
533.375,105.514,123.968,87.473
522.974,88.338,130.378,113.898
519.320,76.445,134.511,141.103
516.160,78.514,139.450,156.570
514.810,77.728,138.893,161.697
511.320,103.348,147.974,180.390
512.677,217.754,153.440,107.964
526.793,353.919,134.482,86.821
534.683,443.901,117.618,85.777
536.782,443.150,116.236,77.625
538.822,510.857,153.787,122.421
548.979,558.610,150.776,159.015
560.475,594.386,140.500,124.062
571.183,616.193,126.759,100.560
570.798,615.598,126.849,103.334
579.923,620.067,124.867,98.748
592.269,610.004,117.984,108.412
606.845,583.762,121.238,134.382
617.616,550.491,130.626,155.166
617.347,549.945,130.880,150.555
622.623,510.518,149.004,114.705
633.549,476.561,123.490,90.786
643.752,438.596,111.780,69.147
627.798,395.339,125.551,78.711
625.667,395.870,127.822,78.246
615.155,337.903,154.462,103.710
609.704,281.205,151.922,140.002
605.617,249.248,150.455,170.905
602.803,238.994,146.770,182.098
602.576,237.783,148.532,185.175
598.451,255.633,148.810,169.073
595.665,274.732,150.888,152.794
593.550,300.640,150.859,134.131
603.512,338.387,137.767,104.179
604.682,339.091,134.707,104.932
587.027,373.698,150.015,84.294
582.570,398.962,147.899,102.201
581.698,431.603,147.674,110.263
581.403,459.383,149.798,141.107
582.060,456.858,148.484,140.623
585.049,470.689,149.167,157.277
589.102,473.278,148.727,154.247
592.225,469.460,150.969,145.210
594.735,458.410,150.994,135.272
593.831,459.374,151.656,134.773
591.256,450.361,153.659,129.623
590.642,448.751,155.170,127.471
591.057,454.469,153.776,127.020
591.187,469.795,153.797,129.145
592.754,469.475,152.920,129.221
592.044,488.459,151.241,136.596
590.864,513.323,150.150,150.725
589.146,526.649,149.371,188.821
588.193,541.388,146.905,175.144
586.173,540.961,147.734,177.602
585.483,556.826,148.790,160.136
584.753,572.590,140.665,145.612
581.992,581.761,140.455,136.442
581.549,582.637,141.341,136.629
581.294,582.530,141.851,135.454
582.532,571.963,146.871,146.871
586.843,552.742,149.133,165.311
590.612,524.952,155.441,172.747
592.854,496.797,159.160,118.795
591.121,497.208,160.973,117.422
591.818,452.192,157.929,87.494
586.666,412.766,149.617,92.362
583.250,383.785,169.409,127.705
581.034,351.582,176.788,169.717
581.026,352.199,175.070,170.910
573.710,322.725,181.395,205.973
572.642,319.620,176.947,212.569
569.114,350.207,181.287,177.793
571.276,398.460,178.401,147.109
571.519,398.965,179.214,145.773
565.646,424.597,178.014,134.320
563.305,443.141,177.742,114.882
565.188,449.363,177.409,110.165
566.769,449.818,180.690,108.414
568.310,449.398,179.290,106.733
573.704,448.445,178.200,105.867
579.163,447.452,179.390,108.404
583.999,442.476,179.487,112.772
587.059,440.978,178.784,116.623
588.551,442.907,179.270,115.080
590.743,441.192,180.353,116.208
595.326,439.526,182.501,118.669
599.656,435.512,182.092,121.689
602.748,430.167,184.256,125.223
602.414,428.299,185.533,128.961
610.335,424.035,184.245,137.796
617.241,421.123,186.070,160.856
621.875,417.309,186.857,177.497
628.873,415.617,186.717,192.917
628.705,417.788,188.574,190.855
639.840,419.053,185.289,200.856
652.929,423.705,176.104,211.634
668.283,430.915,176.719,220.802
683.834,432.895,189.935,230.692
684.479,433.377,187.806,230.146
697.222,437.323,201.445,234.325
708.289,438.282,210.645,230.665
722.720,432.720,213.992,231.200
729.541,426.329,226.618,229.290
730.618,424.636,228.570,226.289
737.015,413.048,227.614,221.241
741.660,396.987,223.714,221.917
743.746,378.541,231.144,224.004
743.107,362.028,236.067,230.143
746.325,363.683,231.500,225.899
750.846,347.553,227.949,231.611
758.968,338.636,220.911,233.337
764.836,327.071,214.177,236.458
762.398,312.336,218.151,243.392
765.390,312.728,214.472,245.375
767.004,302.699,213.542,251.658
767.001,299.007,216.332,255.792
766.898,297.921,219.363,255.609
771.299,291.991,216.726,254.665
768.687,293.771,220.070,254.867
769.647,286.521,219.098,257.511
772.155,280.167,219.315,258.326
774.546,274.890,214.532,265.543
774.321,268.640,214.982,267.534
771.357,266.979,218.509,270.375
771.095,260.524,219.035,272.576
770.532,252.485,220.160,278.869
768.956,245.527,226.785,284.846
767.879,244.481,228.939,290.499
771.354,244.146,227.154,289.621
761.749,251.404,234.045,289.477
755.754,259.050,235.610,298.682
748.180,266.544,239.069,309.728
739.149,275.953,241.879,313.789
737.705,277.388,240.356,312.022
731.780,289.203,243.434,317.451
723.884,299.402,239.756,320.416
718.937,307.601,243.547,322.326
714.535,313.428,246.183,327.496
711.468,315.783,247.772,326.195
707.265,332.006,248.777,326.769
703.227,356.689,249.433,323.065
700.079,373.309,249.477,321.081
697.291,390.453,247.684,318.532
694.620,390.032,251.902,319.376
689.981,394.715,250.961,316.256
688.611,393.856,252.574,314.027
689.738,389.064,250.883,315.154
694.182,386.811,253.252,316.846
693.169,385.260,257.547,321.083
698.148,383.429,259.105,313.804
704.981,379.370,256.853,317.927
710.367,376.949,251.806,309.607
712.220,369.707,253.686,306.770
713.451,370.123,251.226,308.728
719.806,363.434,246.874,300.373
720.557,350.039,247.554,294.992
716.171,335.304,251.999,276.875
700.990,315.112,260.152,263.325
703.792,316.881,258.215,256.120
691.856,296.176,262.012,250.687
685.823,276.781,265.354,246.363
681.861,255.648,264.578,239.502
690.227,247.949,264.470,238.275
688.227,246.426,269.475,240.818
699.094,252.650,262.524,236.016
707.787,253.570,256.598,234.675
712.783,255.465,252.500,232.850
721.119,257.858,249.900,228.549
724.118,257.355,247.728,230.033
731.892,261.059,246.036,226.448
746.180,267.917,238.732,220.295
748.442,267.850,240.636,216.756
748.510,269.694,236.844,214.440
748.259,268.620,237.345,215.686
745.920,269.954,236.584,211.657
741.399,268.209,234.869,211.562
732.999,269.127,226.235,208.386
719.179,268.988,224.314,205.187
721.759,268.450,219.155,206.693
722.652,269.505,220.778,202.877
726.689,267.982,226.686,201.263
732.676,264.679,228.827,203.164
731.821,262.650,228.809,206.360
731.764,263.553,228.924,204.988
727.388,264.124,227.268,202.546
723.280,268.711,221.303,196.380
731.298,273.029,219.035,198.174
741.937,272.820,221.955,201.512
744.995,272.005,219.224,203.565
748.507,274.451,222.346,201.211
746.549,274.213,221.178,200.839
741.452,279.635,215.328,194.639
744.641,288.868,212.227,190.513
748.066,286.268,211.016,192.894
760.607,287.727,216.248,194.825
771.275,285.217,216.294,191.622
770.565,281.956,218.529,193.659
767.023,281.211,209.558,193.090
769.113,281.108,205.378,193.699
771.603,288.537,201.995,189.221
788.386,286.790,207.990,184.489
800.215,283.731,205.511,183.548
800.744,280.275,206.785,186.962
799.019,279.269,205.510,189.368
793.490,277.920,195.228,189.300
788.391,286.014,198.886,184.652
794.597,285.103,204.124,188.009
791.943,284.980,210.217,192.176
794.490,284.540,205.123,191.448
788.356,286.643,204.300,192.795
781.673,294.863,202.174,197.408
780.710,303.522,204.102,192.096
781.602,303.172,205.490,195.572
785.652,308.682,201.001,192.576
781.036,313.239,205.510,199.998
776.279,314.652,208.937,200.012
773.127,315.221,206.239,201.738
772.155,316.897,208.184,200.020
772.027,318.818,206.396,201.900
771.005,320.452,206.396,203.126
769.601,323.566,207.154,202.641
764.473,325.207,211.256,196.488
766.137,324.379,207.929,197.329
766.647,324.458,204.880,192.709
762.901,324.171,207.599,192.486
759.847,326.367,206.903,194.097
748.556,329.134,215.044,202.205
753.321,328.733,207.184,202.171
747.522,338.045,211.817,194.200
738.881,343.749,216.100,192.946
734.946,344.994,214.161,195.361
729.768,348.852,216.734,196.249
732.895,347.927,216.258,198.512
724.076,350.556,220.624,200.304
719.114,352.683,220.452,203.203
713.243,353.441,222.025,204.653
707.336,353.356,219.757,202.689
709.423,353.250,218.964,203.324
699.842,352.315,220.816,200.550
691.469,350.236,220.293,200.075
673.872,348.162,226.493,199.600
662.810,345.791,226.905,202.214
661.796,346.150,223.789,201.496
650.379,343.571,229.615,203.252
637.535,340.047,231.936,202.511
627.725,335.909,232.906,206.016
620.459,332.308,224.186,205.321
618.678,330.548,223.452,209.271
611.839,323.543,226.743,212.031
604.865,318.875,223.563,212.582
600.042,315.113,219.669,211.372
595.605,313.857,218.195,210.864
595.253,314.991,218.899,209.027
595.508,313.307,216.248,209.397
596.652,314.436,205.861,206.287
595.994,315.228,203.051,205.528
596.855,314.873,199.283,202.965
595.418,314.472,201.753,202.559
597.952,313.766,199.518,203.161
600.943,313.337,193.940,202.810
606.557,314.251,190.655,199.791
609.681,317.254,189.878,198.083
610.289,316.917,185.945,199.920
612.120,319.557,187.690,195.800
613.879,321.917,182.637,192.997
609.397,321.488,180.330,190.849
608.127,321.018,179.153,192.162
607.384,321.204,183.241,190.303
609.320,322.186,179.743,189.085
612.064,321.480,179.424,189.022
612.186,323.082,176.231,186.923
610.958,321.027,174.690,186.312
610.537,323.166,178.062,186.008
609.979,322.939,175.536,184.276
609.143,322.871,175.408,184.052
610.523,323.898,176.243,184.156
612.082,324.724,173.487,183.226
612.031,324.185,172.874,183.233
612.985,324.620,174.527,183.432
613.211,327.507,171.568,181.597
611.991,327.764,172.241,182.144
610.861,329.103,170.954,181.595
610.637,328.910,173.869,181.276
611.142,326.004,170.370,182.463
611.565,322.937,169.878,185.771
612.920,318.723,167.524,187.798
613.215,315.303,165.868,187.889
613.035,314.816,166.582,187.449
613.212,311.633,162.691,188.510
612.850,309.803,162.012,187.962
609.934,307.973,162.599,187.775
606.263,308.148,166.096,187.775
605.843,307.250,166.582,186.388
604.491,305.927,163.995,189.387
600.788,302.929,165.053,190.445
597.006,300.833,166.223,192.861
591.883,296.116,165.710,195.480
591.896,297.328,167.484,195.578
584.731,295.879,170.587,196.664
577.987,296.307,172.708,198.742
574.143,303.624,176.313,197.471
572.615,322.017,183.107,189.085
573.605,322.270,180.380,189.325
578.653,340.674,177.689,181.391
584.771,346.845,172.646,179.121
585.515,349.066,170.453,175.384
586.622,347.445,170.663,171.702
588.684,348.313,168.937,170.650
586.409,346.555,170.765,167.364
588.479,346.247,167.980,163.577
583.781,345.658,173.058,160.436
585.225,345.796,169.836,158.825
584.691,345.344,168.933,159.074
585.476,345.137,167.036,160.144
585.439,345.586,166.781,161.538
581.076,346.490,171.234,162.032
581.608,346.425,169.836,162.496
581.696,346.835,169.327,162.008
581.785,347.244,168.818,163.511
577.372,348.162,173.319,162.341
578.437,347.765,170.855,162.463
574.775,347.916,173.840,162.829
575.845,347.520,171.364,162.947
572.171,347.670,174.696,163.318
573.286,348.168,170.775,164.012
573.206,348.728,170.936,163.562
569.317,349.185,174.696,163.318
570.432,348.669,172.466,164.688
570.560,348.960,172.211,163.432
570.943,348.987,169.765,163.714
570.740,349.763,170.170,164.498
570.357,348.890,170.936,166.913
569.592,350.172,170.775,166.717
570.225,349.788,170.860,171.198
572.386,346.978,168.937,178.532
572.370,346.544,171.403,185.310
578.889,338.616,163.359,201.880
579.831,338.816,164.020,200.752
590.658,347.308,154.352,197.571
590.206,367.416,156.305,174.837
593.846,383.965,158.959,166.576
594.190,334.057,166.088,217.543
592.720,396.765,165.220,156.083
596.202,399.860,165.655,155.362
600.024,399.499,160.901,156.405
603.284,400.511,156.606,156.606
605.368,401.027,156.201,156.201
604.992,400.025,156.641,157.266
606.030,402.318,157.393,152.994
608.305,403.326,155.638,150.357
609.279,401.354,154.913,148.178
612.038,398.619,152.130,148.182
611.437,399.652,153.332,146.717
615.166,394.071,149.475,149.475
617.210,393.124,148.977,147.780
621.274,393.321,150.357,147.980
625.673,397.129,146.935,144.845
625.812,397.099,147.826,144.028
630.487,401.043,146.073,142.275
635.114,404.926,146.054,137.972
638.242,409.980,144.628,133.263
640.744,411.805,144.632,131.838
639.751,412.714,146.065,131.680
644.484,413.864,142.984,129.102
646.581,417.185,138.789,125.183
648.622,417.705,134.707,123.350
650.153,419.236,131.646,120.030
648.792,418.861,131.349,119.774
647.416,419.733,131.088,116.773
645.111,419.928,130.993,113.907
643.581,421.842,135.032,112.771
645.115,423.366,133.447,110.217
645.223,423.772,132.987,109.405
650.103,427.251,131.683,105.105
651.385,435.743,130.061,94.012
651.041,439.534,132.966,88.866
653.329,443.274,130.565,83.779
653.425,441.986,131.422,84.052
653.638,441.258,129.733,83.821
654.936,438.211,129.645,87.406
658.810,429.703,128.290,94.406
654.346,414.694,133.910,107.658
654.168,413.180,132.822,108.279
652.865,396.485,133.747,121.741
654.554,379.644,130.370,131.904
657.495,366.807,127.901,145.498
659.990,360.619,125.643,157.873
659.330,359.992,123.860,158.281
661.203,368.692,129.375,155.755
662.811,379.228,131.558,146.617
664.618,383.280,132.672,131.838
666.527,381.325,130.710,126.203
666.314,381.944,131.136,125.479
666.314,379.630,131.136,120.593
662.799,377.400,138.417,121.021
662.820,375.719,138.893,123.087
662.278,376.186,140.502,125.036
661.605,376.811,138.660,123.519
659.112,376.970,142.337,125.823
658.688,379.552,143.720,126.023
656.668,379.199,142.637,129.155
655.460,379.942,145.597,130.114
654.663,380.224,143.883,129.825
653.544,378.643,142.838,132.440
651.368,379.261,143.883,134.511
648.912,379.643,144.057,137.648
648.995,382.729,142.481,138.813
648.417,382.288,142.229,138.849
647.713,384.119,139.694,143.355
646.366,384.319,139.552,147.777
645.381,382.557,137.494,153.889
643.380,381.475,138.294,159.257
644.183,381.468,136.391,159.569
644.379,378.766,135.702,163.789
645.034,378.831,132.003,163.958
643.267,380.077,133.475,162.940
643.597,382.742,132.226,159.970
642.746,382.953,133.636,159.839
642.255,388.833,129.935,155.688
638.055,394.093,132.643,151.999
634.478,402.751,135.820,148.038
629.931,415.964,139.230,141.503
627.855,416.149,139.446,140.851
620.683,442.514,144.530,119.553
616.639,465.189,143.144,98.148
604.807,480.759,147.324,85.780
593.601,475.925,150.150,97.249
593.377,477.094,149.389,96.606
581.207,478.476,153.997,98.895
576.161,483.689,153.464,96.625
567.206,490.012,157.947,90.325
562.248,492.373,159.493,87.279
562.187,491.858,159.852,88.072
556.333,489.321,162.531,89.582
552.789,486.754,165.510,91.091
553.832,484.059,163.918,94.019
553.247,479.852,165.584,95.720
552.333,481.321,168.168,93.287
553.044,478.744,167.250,95.930
552.464,477.252,168.915,96.632
553.425,478.440,170.325,94.767
554.051,480.246,170.855,95.994
554.278,479.997,170.914,95.979
554.534,477.944,173.224,102.908
553.898,480.153,177.977,104.377
559.853,487.001,175.627,103.246
565.697,492.247,173.375,101.922
565.625,493.175,176.979,101.929
570.414,485.199,173.861,115.997
573.375,474.029,171.070,135.205
575.435,453.283,171.519,161.770
576.110,432.733,174.841,184.851
574.926,433.313,173.247,183.332
570.596,419.759,186.900,210.797
567.527,419.105,200.982,216.870
566.393,423.825,214.123,208.268
569.468,425.240,218.964,205.860
570.521,424.843,216.858,205.803
574.840,424.904,222.186,208.643
581.148,424.441,229.407,212.589
588.392,425.929,235.262,215.362
591.087,424.084,229.870,218.151
599.793,426.930,238.455,220.526
613.398,426.978,241.555,225.023
620.759,426.073,248.302,230.100
628.577,427.662,254.689,230.274
632.312,427.915,247.219,230.253
638.398,428.384,255.590,229.792
642.456,429.248,259.120,230.975
642.233,430.625,264.462,230.670
644.478,432.283,265.905,232.790
644.398,432.586,267.062,233.181
645.495,434.234,266.867,236.881
650.599,433.404,263.704,242.064
648.426,433.056,267.038,244.784
651.447,434.162,265.090,244.619
648.907,432.601,269.151,246.721
646.807,435.790,268.194,246.016
644.626,433.834,267.414,250.443
646.176,436.746,264.312,251.874
641.391,440.211,266.131,251.661
644.374,440.105,266.385,252.392
638.924,440.121,268.457,248.725
637.114,432.583,267.940,247.767
635.440,423.401,267.163,248.595
632.345,419.790,265.615,243.438
635.293,419.288,263.794,244.951
629.317,418.137,265.061,243.185
626.144,416.223,262.767,241.421
619.363,414.400,264.228,237.503
617.509,412.731,259.405,234.819
616.236,412.510,257.009,235.262
613.311,412.002,254.491,233.817
606.778,410.267,251.446,233.381
604.044,409.165,249.642,230.253
600.641,407.593,243.962,226.193
598.950,406.423,243.582,227.594
595.864,405.709,242.686,223.837
593.522,404.212,236.167,221.698
586.051,401.420,233.697,221.325
581.354,401.462,228.524,218.054
581.702,401.935,227.829,216.214
573.899,399.875,226.109,215.892
569.765,400.362,216.688,212.708
564.235,400.147,214.857,211.420
562.852,400.031,207.809,210.370
563.754,401.376,207.680,208.517
561.333,402.291,202.937,205.437
558.582,400.790,202.717,202.717
558.109,399.506,203.257,199.200
558.660,395.209,201.753,197.324
557.613,396.744,201.848,195.054
560.827,391.794,197.011,193.039
561.267,385.560,197.692,190.269
561.124,381.705,197.979,184.392
559.466,377.846,201.296,174.890
559.805,375.877,201.369,176.573
559.646,370.497,202.441,166.183
557.321,359.957,202.318,161.928
553.448,348.564,205.719,159.722
553.890,342.351,201.566,153.626
552.542,342.742,203.910,153.901
551.640,333.506,201.811,154.285
552.950,324.826,201.664,157.517
559.263,320.479,200.097,158.722
568.358,323.154,196.530,156.582
567.591,322.781,197.010,157.327
577.574,325.619,192.561,155.178
585.581,331.897,194.203,153.008
594.663,337.295,191.571,151.186
606.644,342.710,187.709,149.214
605.981,342.910,188.029,148.144
617.791,348.478,184.126,144.694
627.861,353.532,185.218,140.792
638.064,356.387,181.294,139.606
647.453,358.634,178.768,138.935
645.296,359.604,179.609,137.942
655.996,360.817,178.694,138.669
664.978,362.393,173.652,142.766
671.439,360.344,173.652,144.342
680.244,355.446,169.680,147.796
678.182,356.714,174.120,147.479
689.246,350.930,168.667,151.031
697.820,343.973,166.543,154.076
707.339,338.281,161.934,157.124
712.547,334.370,159.830,159.510
713.826,333.571,158.551,158.871
715.910,331.051,158.194,161.371
717.208,330.736,157.839,162.321
718.207,330.769,158.086,162.895
718.245,329.358,156.405,163.150
717.811,328.460,155.674,165.264
713.752,328.233,156.726,163.150
710.475,328.807,157.199,161.041
704.629,329.981,161.242,159.011
706.368,331.566,159.048,158.086
707.747,331.512,157.559,158.512
705.779,331.920,159.912,158.013
707.468,330.750,157.807,159.716
708.104,330.114,157.807,160.034
707.150,330.909,159.398,158.761
708.458,329.988,158.055,159.967
706.228,330.944,160.923,158.692
707.930,330.890,158.799,159.440
706.071,332.539,160.923,157.736
706.424,333.851,159.899,157.346
708.229,333.745,157.559,158.194
706.388,334.435,159.660,157.447
706.486,334.379,159.147,158.194
706.327,334.696,159.147,158.194
707.757,334.696,157.559,158.512
707.055,335.104,158.646,158.013
708.357,333.870,157.311,159.531
707.405,331.808,158.896,159.531
706.870,331.271,159.648,159.967
705.054,330.574,158.799,160.720
706.654,330.254,157.839,160.720
705.465,329.867,159.899,160.537
704.929,330.612,157.765,159.689
706.620,331.677,156.606,161.053
705.065,332.982,159.398,160.352
704.404,332.478,160.400,160.720
705.475,334.674,159.544,160.187
704.887,335.048,157.519,159.760
703.914,336.149,159.147,161.053
704.605,337.151,159.048,159.689
705.616,337.525,158.303,159.261
703.637,338.252,157.807,160.034
704.273,340.956,157.807,159.716
704.909,341.911,157.807,158.443
705.915,342.601,157.063,159.279
703.698,343.710,159.912,157.696
705.387,343.654,157.807,158.443
706.393,344.345,157.063,159.279
707.976,344.186,156.113,158.962
708.381,343.806,156.566,158.776
709.012,343.333,156.566,158.776
709.643,343.175,156.566,160.039
710.857,343.270,156.359,159.214
714.107,343.205,153.969,160.292
718.720,344.058,152.609,159.531
718.111,344.721,155.078,160.080
724.627,346.162,151.516,160.354
731.086,348.613,151.396,159.824
737.597,350.922,151.153,159.568
745.030,355.095,149.977,159.312
744.773,353.312,149.873,160.401
753.229,359.577,145.697,160.298
760.561,368.392,149.097,156.750
769.286,383.700,143.586,151.852
775.445,404.044,140.728,149.006
775.304,401.659,144.202,152.036
783.626,424.577,140.315,143.578
788.430,437.833,144.628,143.776
795.800,447.662,145.477,141.436
798.762,448.604,147.018,141.562
801.141,447.677,144.572,141.392
803.895,441.973,146.505,143.930
806.521,434.301,144.451,145.032
808.362,427.454,148.298,146.560
809.905,420.749,145.508,149.640
810.817,422.249,146.937,148.711
812.321,417.533,147.186,150.443
813.464,415.832,148.180,151.460
814.617,414.123,149.175,152.476
817.595,415.125,148.356,150.773
818.958,414.101,148.926,152.522
819.215,412.536,148.714,153.239
820.149,412.107,148.054,152.586
820.997,411.607,149.672,152.081
822.410,410.599,146.241,152.586
821.940,410.609,149.575,152.566
823.183,409.716,148.299,152.839
824.031,405.595,149.920,153.239
827.026,401.139,147.271,151.522
828.865,394.933,143.891,152.267
828.725,394.532,145.358,150.697
831.692,383.259,145.061,152.774
833.561,371.692,146.391,157.125
834.791,362.499,141.502,164.883
835.242,358.746,145.796,170.249
833.961,359.590,141.730,169.193
835.041,364.166,146.393,166.553
836.327,374.594,143.509,165.395
838.634,387.844,145.685,160.809
837.880,397.719,151.487,159.460
838.012,398.104,152.466,162.423
837.662,401.156,148.754,166.088
835.578,400.816,156.699,166.139
834.430,400.510,148.654,165.459
829.903,398.103,158.649,169.645
829.363,399.773,150.200,165.318
826.811,398.152,155.619,164.773
819.645,398.770,153.596,168.026
814.420,396.900,150.859,167.907
805.405,393.541,152.638,166.978
805.005,394.557,157.912,166.543
795.004,389.845,157.786,170.772
783.843,385.177,159.731,172.220
770.037,381.270,155.454,174.719
754.658,378.165,163.102,177.299
753.426,378.921,164.884,177.489
739.234,376.172,160.370,177.161
719.807,372.232,162.419,181.328
701.352,371.136,165.650,184.208
685.568,367.778,167.844,182.880
684.276,368.744,172.883,182.702
673.262,365.129,167.880,183.885
658.030,363.174,173.728,186.388
646.204,365.243,175.048,188.014
636.759,368.818,178.322,185.949
638.396,368.434,178.694,184.529
631.367,372.324,180.750,184.023
628.621,375.596,181.131,181.861
628.027,376.457,181.954,182.317
629.293,378.998,180.882,181.976
630.391,379.554,180.138,181.228
632.572,380.109,180.117,181.925
634.499,381.127,180.615,183.879
636.189,380.802,181.612,185.259
634.832,380.534,185.795,187.998
635.679,379.864,185.597,188.216
634.556,380.799,187.468,188.590
632.235,377.909,190.228,192.864
629.507,377.267,193.764,196.450
628.325,378.209,195.738,198.473
629.099,377.587,195.770,198.533
627.915,378.969,199.717,204.059
624.701,382.777,204.122,206.952
625.483,388.678,204.206,208.323
622.218,395.736,210.735,209.496
624.091,395.727,210.776,209.934
625.861,396.234,211.027,211.448
629.924,394.167,215.160,213.469
636.638,386.301,218.899,221.904
646.814,383.418,220.610,225.905
647.225,383.350,221.575,224.702
655.266,384.467,222.915,226.935
665.423,386.279,226.913,232.766
676.708,390.826,230.575,232.876
690.903,398.287,232.793,235.112
692.114,399.253,232.244,233.649
703.333,404.181,234.515,237.313
723.310,408.084,236.590,241.785
742.985,417.431,227.401,241.763
764.716,425.696,230.863,245.879
762.747,426.940,232.415,243.392
785.612,441.482,238.119,244.786
805.124,459.978,233.889,238.721
824.581,477.593,231.886,239.458
843.347,504.862,228.792,210.394
845.742,506.403,234.104,211.265
862.619,535.457,236.413,182.541
879.808,568.113,239.863,150.071
904.818,615.051,227.055,102.516
898.835,623.212,233.519,95.364
930.778,638.939,202.783,80.635
944.317,653.387,214.635,65.825
940.433,652.725,206.449,65.721
927.100,646.888,206.774,70.168
925.599,645.322,212.186,73.542
911.132,640.572,222.611,77.539
895.082,635.662,234.713,83.939
883.395,630.962,223.226,87.154
871.070,626.527,228.057,91.558
871.268,628.280,225.923,91.238
861.118,620.972,228.102,97.799
853.415,602.563,230.943,116.070
848.634,585.235,226.088,133.359
846.250,567.430,225.293,149.152
845.437,570.038,225.451,147.608
843.130,543.782,223.127,172.366
838.848,512.942,215.983,204.595
835.351,494.916,216.666,219.611
830.137,474.579,213.555,222.726
830.792,474.579,213.992,222.290
824.241,466.063,207.004,220.980
815.123,455.797,203.402,212.822
805.563,448.030,200.437,213.355
795.188,441.215,198.405,213.317
795.581,443.711,194.325,212.440
781.307,441.342,187.084,210.266
773.564,443.997,179.931,198.202
759.905,448.929,173.967,192.120
753.512,451.612,165.881,186.753
750.752,450.825,166.463,189.035
743.414,454.416,166.578,181.496
737.918,453.595,163.294,177.569
735.637,451.287,160.691,171.609
736.143,443.279,160.013,168.329
736.284,444.949,157.102,167.619
740.047,434.786,153.152,165.508
744.925,424.810,148.495,164.428
749.652,414.643,147.810,166.286
753.814,405.110,145.455,165.561
755.090,404.946,144.455,167.443
757.195,396.729,145.232,167.048
759.576,386.918,143.904,171.374
760.730,379.781,140.966,171.488
759.647,370.934,138.153,172.380
757.618,372.415,141.902,174.054
756.198,368.506,139.079,174.950
749.884,367.953,137.661,170.125
740.517,368.993,137.074,166.513
731.878,369.323,133.469,166.156
731.529,369.217,135.360,166.963
716.694,368.678,140.336,166.837
702.839,371.447,142.900,164.979
687.531,377.638,151.981,159.980
677.991,381.774,154.205,156.702
679.483,382.959,153.400,156.511
671.200,386.777,159.730,154.767
667.681,393.363,157.643,149.462
664.492,396.527,156.034,146.512
665.333,401.687,154.352,142.246
663.304,400.725,158.410,143.578
661.835,404.530,156.212,140.802
664.168,403.615,151.546,140.254
665.444,402.751,153.085,138.185
664.250,399.639,151.978,137.421
662.904,400.283,151.195,136.423
661.701,395.720,150.150,136.056
660.375,389.923,149.367,136.776
662.092,387.348,151.084,137.349
664.030,388.768,152.404,136.817
664.187,389.228,153.825,136.187
667.240,395.048,153.512,132.947
667.596,405.723,155.090,120.180
666.607,418.748,154.878,113.833
665.537,426.696,155.422,111.510
665.476,428.143,154.225,110.198
663.205,432.060,156.678,108.630
660.332,432.583,156.939,109.153
661.473,430.276,154.919,110.095
661.752,428.550,154.624,110.670
659.376,428.313,157.279,109.571
660.392,427.315,153.932,111.568
659.881,425.582,150.750,113.194
658.076,423.313,149.914,114.333
659.112,417.567,144.434,118.483
659.505,415.733,143.910,119.794
659.362,410.373,142.880,129.724
661.280,408.984,142.861,139.590
665.725,413.772,143.017,143.864
667.457,416.789,142.998,146.156
668.572,418.036,144.243,144.243
670.553,418.573,143.745,143.745
672.528,417.672,143.247,144.685
674.133,416.538,142.055,145.513
676.870,415.817,141.767,144.072
677.362,414.887,141.927,144.502
678.672,414.617,141.315,144.182
679.918,415.869,140.822,142.250
681.404,415.800,141.254,140.686
680.085,415.325,143.892,139.942
680.711,414.829,142.355,141.503
680.569,414.261,142.355,139.798
682.217,414.065,141.603,139.342
681.328,414.013,141.976,140.008
680.370,415.457,142.481,139.096
679.665,415.034,142.481,139.096
678.959,416.021,142.481,139.096
678.254,417.009,142.481,139.096
674.727,420.818,142.763,137.403
674.546,426.656,139.198,133.024
674.622,426.917,139.045,131.956
671.751,429.720,140.177,128.518
673.338,431.388,137.004,125.989
674.741,432.546,134.197,121.830
679.601,431.991,127.552,120.892
679.977,432.021,126.798,120.334
682.461,432.016,122.821,119.850
678.958,432.862,125.694,119.859
679.171,433.105,125.268,121.092
674.231,432.489,130.464,119.366
677.932,432.142,128.814,120.310
674.079,430.514,131.787,120.576
670.753,427.898,133.639,120.503
665.908,426.397,136.466,120.710
663.688,424.269,138.078,122.136
666.394,424.727,136.308,122.001
661.756,424.551,137.325,121.837
661.231,425.092,137.339,121.532
659.036,425.080,136.815,121.556
656.716,424.682,136.550,121.063
656.204,424.670,138.089,120.313
654.521,424.166,140.164,121.321
653.053,423.983,138.138,121.426
650.984,423.683,140.979,122.286
649.375,422.990,142.880,122.356
650.688,423.303,141.314,121.731
649.384,422.975,142.609,121.598
650.299,423.139,142.098,119.953
649.661,422.155,142.066,119.565
647.838,423.183,143.100,119.337
647.701,423.985,142.850,118.519
647.713,424.602,141.522,117.023
647.884,425.148,140.665,117.221
647.764,425.904,141.164,117.508
647.618,426.579,140.938,116.158
647.908,427.029,139.846,115.258
648.201,424.938,137.991,116.898
647.428,424.059,138.263,119.166
646.106,423.217,139.621,120.079
646.729,423.657,139.671,121.273
646.976,423.566,139.698,121.193
645.413,425.521,141.522,121.454
644.213,427.156,141.033,122.386
642.631,432.565,141.302,121.567
641.321,434.519,141.033,122.124
641.715,436.489,140.770,120.810
638.461,440.751,140.227,121.426
631.542,442.709,147.278,124.037
625.343,441.670,148.849,128.281
618.159,438.587,152.151,131.403
618.636,438.317,151.764,131.661
611.841,435.344,153.463,132.227
608.162,432.168,153.122,132.021
609.293,423.318,151.999,135.205
608.625,417.699,153.909,134.096
606.765,416.575,152.164,134.905
609.625,405.350,153.335,132.086
613.581,387.276,150.270,138.864
617.587,357.532,148.909,158.740
621.281,352.605,149.212,158.442
621.006,350.781,151.920,158.083
628.111,342.359,146.393,165.003
636.587,340.537,148.421,168.024
642.824,346.142,147.014,169.777
651.202,354.204,145.749,170.409
649.266,352.918,147.097,171.402
652.183,358.125,151.762,174.669
658.265,359.679,152.971,176.780
662.663,359.853,154.378,172.153
671.906,356.424,151.245,174.112
670.465,356.662,153.477,172.336
678.163,351.970,152.085,176.509
684.635,347.682,151.612,175.896
686.829,344.351,155.403,177.323
690.678,340.864,154.024,176.978
691.637,341.066,152.106,179.221
693.291,337.429,152.437,181.535
694.547,332.577,149.925,180.243
695.447,326.912,150.757,183.674
695.863,321.464,149.592,181.909
696.372,321.954,148.574,184.232
697.141,316.376,149.356,181.810
701.824,310.873,146.923,188.524
709.985,308.183,141.929,189.905
713.244,308.152,143.298,190.297
713.800,309.391,141.194,189.471
716.898,311.726,143.844,189.390
720.704,316.149,142.517,186.165
721.837,319.863,143.512,185.913
719.981,318.269,144.279,189.428
720.920,319.594,144.057,185.784
722.501,317.791,141.223,189.717
719.388,316.972,143.189,190.700
720.882,314.776,141.525,191.455
720.766,313.252,142.086,192.854
721.496,312.833,141.290,193.030
721.048,310.148,143.839,195.093
723.148,310.015,146.687,195.023
721.307,308.974,151.385,198.799
722.357,308.040,154.145,200.666
723.712,309.060,153.197,197.571
724.060,306.527,154.589,201.941
725.315,304.577,155.618,205.486
726.115,302.732,157.241,204.520
728.589,300.471,156.962,208.683
729.201,299.418,155.376,210.427
730.107,299.961,158.273,211.876
731.506,302.494,160.241,213.776
734.524,302.255,160.507,216.851
735.556,304.553,167.038,216.738
735.594,302.758,164.293,216.516
739.937,304.508,165.428,218.304
744.229,302.879,165.600,216.994
752.610,301.646,165.924,219.840
756.840,299.966,160.520,218.231
756.543,298.549,166.361,221.440
764.422,297.085,165.587,219.374
768.587,292.264,167.181,220.999
772.931,289.280,169.649,220.813
782.155,285.317,172.524,222.536
784.095,283.240,167.468,222.767
788.170,282.096,170.532,224.282
797.055,279.862,168.821,223.658
805.573,276.879,169.689,225.344
813.645,274.001,167.646,226.792
813.576,273.850,167.394,229.045
820.402,271.106,169.037,226.689
828.442,269.929,168.644,230.611
840.140,268.799,171.299,230.503
852.613,267.923,169.022,231.063
852.445,267.910,168.567,232.670
868.496,268.410,166.217,233.259
874.736,269.933,175.418,237.307
904.818,273.332,159.803,236.231
917.778,275.079,158.402,239.355
920.599,273.561,158.996,239.662
932.897,274.621,153.153,239.106
947.396,273.468,144.846,238.728
953.198,271.872,143.292,241.549
952.170,272.269,144.230,239.265
955.803,271.685,139.942,244.526
953.218,271.047,141.411,240.991
951.465,271.025,143.438,240.295
945.873,270.003,146.444,239.737
945.934,270.937,147.449,238.619
946.023,268.899,148.021,237.059
942.745,268.494,149.325,237.494
943.856,264.655,148.235,238.760
944.142,262.365,148.415,237.690
940.479,261.958,152.356,238.127
941.944,260.185,147.902,237.482
937.856,254.363,150.075,239.370
938.474,247.991,147.320,242.242
933.471,249.226,149.007,239.394
933.849,245.633,149.007,242.797
926.504,247.115,152.657,236.409
921.091,247.080,152.456,234.577
915.901,244.324,151.854,235.923
907.648,244.358,154.709,233.960
910.290,242.787,150.189,235.195
900.742,243.390,154.613,228.346
893.406,240.569,150.099,228.346
885.052,239.459,152.352,225.006
873.375,236.678,156.800,225.006
871.271,236.701,156.870,223.832
866.414,231.934,153.077,225.113
859.323,229.639,147.559,224.870
851.050,231.211,144.414,212.610
840.147,234.067,144.128,210.756
840.280,230.851,145.955,215.441
831.567,238.411,142.426,205.293
819.633,242.170,142.001,203.250
812.394,245.146,138.109,199.340
800.732,248.820,142.499,197.639
798.361,249.478,144.888,197.667
788.509,252.807,145.289,195.751
781.126,258.161,142.834,192.471
770.830,260.726,143.496,191.992
761.861,264.047,137.849,186.013
762.165,264.383,137.243,187.586
754.671,267.609,139.705,183.383
746.603,268.874,145.900,183.097
740.052,272.743,144.279,178.959
734.028,271.514,139.923,180.452
735.586,272.019,136.490,180.078
727.490,271.267,142.942,179.070
723.083,268.275,140.870,180.570
717.878,265.685,143.303,178.729
713.533,262.379,143.977,177.005
713.597,263.294,142.249,176.772
709.437,261.465,142.629,177.571
705.229,259.751,143.078,176.219
699.455,258.140,145.399,178.487
695.684,258.974,149.070,177.141
695.316,258.313,151.433,176.835
691.410,258.917,152.691,173.989
690.456,256.543,154.275,176.454
689.344,256.616,148.904,172.016
687.800,257.008,153.276,173.798
687.018,256.688,154.185,170.192
687.285,258.150,153.329,172.778
686.648,257.453,155.906,169.931
687.301,258.269,154.275,175.150
688.730,257.628,155.037,178.736
687.954,258.040,156.588,176.578
689.620,258.707,154.923,180.576
691.669,262.522,146.468,183.337
687.456,269.524,147.018,181.803
682.446,280.924,148.532,176.341
683.775,280.275,153.005,176.993
676.213,291.959,145.382,172.085
664.357,310.870,151.679,157.063
648.996,322.315,156.741,145.612
633.242,327.024,158.287,141.035
633.110,325.746,159.746,142.395
619.014,332.888,163.162,136.874
603.072,339.700,177.994,133.720
591.285,346.275,185.184,133.246
588.221,356.574,183.445,132.156
588.005,356.581,184.189,132.142
585.052,365.123,182.279,132.879
584.253,370.790,178.890,134.324
582.055,373.957,178.316,133.892
579.865,375.256,183.006,132.532
579.429,374.516,184.189,133.077
583.072,376.442,181.294,133.618
583.339,376.244,180.760,137.129
584.845,377.050,182.161,139.615
588.476,376.961,173.304,140.111
589.597,376.782,172.622,140.158
592.696,376.738,170.164,141.180
590.314,377.543,170.895,140.500
591.710,375.527,162.831,141.741
589.788,375.531,160.592,142.647
592.780,375.614,158.851,141.572
587.564,375.864,160.880,142.871
584.803,375.942,160.328,143.627
587.536,377.005,159.114,143.020
581.887,378.113,161.953,145.939
585.642,378.784,155.365,143.674
583.452,380.920,160.344,144.489
585.937,382.180,155.068,148.670
585.913,382.606,154.813,152.380
586.098,384.037,153.212,154.442
584.125,383.911,154.693,154.385
586.225,384.309,152.660,155.756
591.565,385.333,149.697,158.031
595.538,387.002,147.914,161.165
599.935,388.749,146.848,166.634
599.768,388.454,145.305,165.973
605.833,393.340,139.709,170.202
612.104,393.870,129.635,177.168
621.050,392.877,123.586,185.531
623.425,400.153,123.686,182.800
623.231,400.004,121.665,183.100
622.439,402.407,125.045,185.174
622.203,405.121,121.252,183.401
618.619,406.032,119.758,181.579
615.042,403.850,120.125,178.269
614.716,403.868,119.897,178.233
613.794,400.801,120.278,178.807
616.672,397.706,119.514,179.418
619.265,398.299,119.311,178.233
618.739,398.603,118.027,177.625
620.884,397.470,115.768,179.020
622.291,399.384,117.563,178.649
624.204,400.505,114.317,179.310
628.621,401.014,113.511,179.725
637.876,400.741,104.156,180.556
636.126,403.685,106.559,176.317
632.281,402.312,115.348,178.514
633.674,397.960,117.155,180.900
632.173,399.750,121.908,179.071
635.082,399.256,120.828,178.873
633.031,399.120,124.930,179.146
633.768,399.397,125.254,177.992
634.770,399.247,125.643,177.695
633.274,398.648,127.737,177.994
634.900,397.604,126.299,179.478
633.195,397.451,128.805,179.181
633.117,397.317,124.702,180.971
630.828,399.110,124.169,180.090
626.390,398.061,125.853,178.292
621.783,395.962,123.362,176.488
621.969,396.990,124.172,174.728
620.598,392.563,126.028,177.089
621.988,390.166,125.045,180.686
625.786,388.959,122.568,184.003
628.443,392.269,122.365,184.299
627.691,393.020,125.672,182.795
631.315,392.108,119.335,184.620
636.308,395.571,117.671,182.746
634.652,397.675,123.919,183.529
634.368,397.586,127.508,184.614
634.848,396.518,128.390,184.292
633.715,396.835,131.274,183.043
631.318,396.713,133.893,179.869
631.473,395.004,133.271,181.423
632.144,394.858,132.552,182.959
631.414,395.335,133.077,183.254
633.546,398.792,130.690,183.217
632.315,398.743,126.030,185.793
626.333,400.870,126.034,185.832
621.273,402.097,125.115,182.459
621.484,401.320,126.508,182.801
621.371,397.974,123.689,184.924
624.198,405.088,123.784,176.143
628.439,400.031,123.581,183.006
631.505,397.876,122.568,184.003
634.162,398.480,118.156,184.599
626.720,397.650,129.198,183.006
627.839,395.474,135.896,181.195
625.102,393.395,144.512,178.127
621.885,390.286,152.872,172.463
623.534,389.699,151.201,172.336
610.588,385.705,166.428,166.428
602.514,382.962,174.579,159.254
596.711,379.840,180.847,154.154
592.899,375.714,179.448,154.719
591.199,372.994,182.516,157.491
583.952,370.219,183.422,157.947
572.099,366.409,188.731,158.752
565.930,359.810,188.937,163.283
561.226,355.995,188.850,167.046
562.107,356.645,190.643,166.813
559.562,359.686,191.805,167.874
557.049,359.934,190.006,174.920
554.549,368.880,185.513,173.096
552.972,372.932,184.003,168.938
554.914,374.051,180.120,168.465
551.878,375.997,182.008,164.574
550.320,376.469,185.817,165.363
549.465,378.380,183.314,163.648
548.560,377.696,185.817,164.323
548.105,377.334,187.426,165.046
547.787,377.800,183.836,164.818
548.004,376.528,185.495,164.574
547.388,377.341,182.530,162.599
546.492,379.251,180.180,158.779
546.834,379.730,180.849,158.836
550.771,388.601,177.725,152.287
555.569,402.768,176.041,142.745
556.551,405.843,177.254,138.182
556.727,407.498,177.530,133.931
558.451,408.103,176.242,133.030
556.109,404.088,176.019,131.248
554.394,388.503,174.279,133.523
548.615,360.207,170.554,133.265
548.685,338.611,159.838,118.443
548.669,338.846,156.838,120.454
551.701,304.701,152.151,128.764
553.539,277.757,145.673,136.989
554.174,266.406,146.667,143.270
548.008,267.535,153.487,143.042
549.106,266.970,151.291,142.688
549.744,260.365,148.544,148.838
540.080,255.312,152.099,148.527
533.614,242.242,146.961,154.490
519.616,230.500,154.747,156.255
520.445,229.283,154.333,157.134
509.724,217.781,161.126,148.037
499.087,197.817,168.489,151.486
493.046,173.990,167.444,149.515
487.471,155.333,170.046,147.563
487.812,153.948,171.266,149.699
485.584,136.126,168.026,144.938
486.743,110.109,162.269,156.641
492.237,94.277,157.027,175.219
496.012,73.600,152.796,162.429
495.706,75.585,152.778,159.407
500.184,56.177,147.261,165.395
501.904,43.827,145.385,161.331
501.919,21.456,133.701,178.779
502.194,10.208,132.223,171.549
501.339,10.917,130.916,174.354
504.451,0.000,133.469,169.520
507.342,0.000,136.421,163.661
512.133,0.000,135.515,162.302
518.083,0.000,131.934,164.056
517.755,0.000,131.118,164.234
520.180,0.000,132.141,164.045
522.901,0.000,131.707,164.229
525.405,0.000,131.707,162.553
525.301,0.954,133.968,162.110
525.877,0.000,132.816,161.404
529.259,0.380,132.209,160.937
530.507,0.000,133.803,160.313
534.382,0.000,132.209,159.892
534.979,0.172,131.016,159.839
536.185,0.000,134.106,158.006
540.534,0.000,132.990,153.373
543.506,0.000,135.060,149.653
549.837,0.000,132.359,151.395
549.077,0.000,132.744,147.743
553.989,0.063,131.620,149.301
556.655,0.624,133.304,145.372
559.220,0.000,129.567,144.085
562.436,0.000,127.515,141.546
564.292,0.000,129.185,142.632
566.408,0.000,126.311,138.410
566.052,0.000,129.670,131.394
568.880,0.000,127.414,126.395
570.835,0.174,125.285,117.407
572.453,0.000,126.423,118.928
575.979,0.000,121.092,108.098
578.100,0.207,116.619,112.037
573.633,0.551,120.972,104.247
579.417,0.223,110.305,85.768
578.771,0.771,109.060,83.697
575.056,1.043,105.569,65.526
573.535,0.156,84.624,45.644
588.817,0.681,61.783,31.514
600.494,0.146,46.309,22.048
606.552,0.797,36.690,21.835
602.827,0.194,36.555,17.451
607.481,0.654,29.238,16.583
610.568,1.555,23.953,22.884
614.128,0.724,24.781,36.443
565.867,1.089,73.605,37.166
556.026,0.027,117.029,53.157
556.525,0.000,119.192,70.077
556.433,0.000,123.404,88.135
559.168,0.365,125.045,109.780
559.047,0.000,125.755,109.686
557.502,0.000,130.020,136.664
554.393,0.000,134.902,159.959
550.367,4.972,142.367,184.724
542.658,30.454,147.721,186.032
541.781,32.456,145.157,183.688
533.877,60.503,147.878,183.212
523.751,102.000,151.316,168.788
504.962,156.619,162.961,149.195
498.415,216.233,171.998,135.788
500.528,215.242,168.078,133.789
499.925,274.933,168.384,119.160
504.130,327.706,166.781,110.337
513.092,362.501,166.513,100.777
521.056,389.783,165.644,92.948
522.827,389.515,167.573,91.245
529.602,394.032,163.184,100.783
533.179,396.177,160.906,105.988
537.759,393.706,163.519,108.577
544.328,390.668,156.780,106.920
542.129,390.229,159.883,107.280
548.150,387.511,154.133,103.280
550.691,382.309,154.355,103.829
554.317,377.158,153.698,100.436
558.568,373.922,152.904,96.715
560.958,374.530,151.045,95.987
565.351,369.718,151.906,92.108
571.354,366.925,149.385,91.291
574.874,362.235,148.196,90.369
580.646,357.623,145.918,91.257
578.261,357.952,146.065,91.060
584.270,351.481,144.447,92.215
588.315,343.277,138.438,97.300
595.425,335.401,133.987,102.584
605.407,336.250,131.151,102.059
605.667,336.555,129.010,101.679
615.753,342.620,131.340,98.964
625.869,350.037,129.396,97.161
635.313,354.594,130.500,96.808
645.185,356.624,128.089,95.898
644.817,356.375,130.157,95.286
653.002,358.280,128.958,95.492
663.509,362.714,128.380,91.288
668.862,364.937,128.962,90.317
674.778,365.577,132.690,90.333
674.514,365.826,132.342,90.054
684.940,369.973,131.821,84.165
694.485,370.890,131.097,77.898
700.266,370.332,135.338,75.165
706.496,366.888,136.822,73.969
707.976,367.786,135.274,73.584
710.381,361.556,136.068,77.239
714.472,356.588,135.492,78.746
717.809,353.297,134.617,78.699
719.783,350.190,135.204,80.792
719.054,351.390,136.034,78.183
721.577,347.921,135.532,80.988
725.471,346.604,135.098,80.890
727.833,343.871,135.195,82.165
731.254,342.099,135.741,82.120
732.046,341.896,135.005,83.161
735.068,341.904,135.536,82.297
740.412,339.462,135.005,82.949
743.434,339.363,136.384,82.297
747.146,336.818,136.384,83.146
748.209,337.261,135.962,83.325
751.406,335.024,137.028,86.095
753.767,331.938,136.441,86.608
757.793,329.109,139.922,86.608
760.688,327.630,137.881,88.465
759.979,328.524,137.310,87.118
763.997,326.947,137.820,88.520
765.689,327.869,138.636,87.118
770.075,326.085,139.550,87.604
772.480,324.235,144.490,88.201
771.238,324.244,147.878,87.506
774.690,321.005,145.537,89.421
776.817,319.307,142.884,91.674
778.608,320.467,142.051,91.188
778.690,323.403,140.746,91.018
778.586,322.910,142.087,90.872
780.435,326.465,141.121,90.135
779.317,327.440,141.547,90.671
779.459,328.489,142.400,92.435
777.871,327.635,143.050,92.535
777.674,328.933,142.982,92.477
776.679,327.998,145.203,91.356
776.175,328.705,143.673,87.864
774.850,322.663,145.423,90.270
772.937,316.134,147.183,94.372
773.096,316.805,145.685,93.267
773.283,309.006,144.842,97.885
773.164,304.259,141.740,99.504
771.646,298.529,141.443,102.629
771.960,298.003,140.332,103.441
771.719,297.883,140.332,103.441
770.755,297.762,141.056,102.958
770.004,299.467,139.898,103.655
769.546,301.624,140.332,103.441
768.582,303.674,138.403,101.271
769.019,303.329,137.529,101.724
767.833,307.953,138.477,101.250
768.308,312.102,137.292,99.353
767.889,316.126,138.363,99.266
767.858,317.427,138.659,99.008
767.976,317.193,138.659,99.478
769.121,316.381,137.779,100.395
769.681,314.272,138.072,102.258
771.568,311.824,137.633,100.724
773.940,305.638,136.187,103.201
773.124,306.150,136.393,101.463
774.876,300.334,135.951,103.201
775.985,295.026,137.055,103.858
775.885,290.761,135.342,106.886
775.560,287.541,135.269,107.781
775.782,287.309,136.033,105.347
776.225,286.068,134.427,104.714
773.341,283.059,135.443,106.216
772.148,284.541,134.227,105.173
770.207,285.932,134.537,102.153
769.437,284.924,135.843,104.405
766.966,287.970,134.581,102.368
764.897,290.720,133.312,100.865
760.989,293.337,133.003,99.578
758.767,295.619,132.143,98.934
757.250,295.826,133.803,100.352
755.677,296.794,134.395,98.881
754.695,297.238,134.972,98.917
755.708,296.900,133.411,99.363
757.379,294.693,134.218,100.779
758.750,294.962,133.110,99.541
758.426,292.844,133.526,100.779
759.591,291.593,134.220,100.956
759.097,291.950,134.975,102.105
759.106,290.102,135.428,103.217
760.093,290.837,135.109,103.639
759.595,289.305,136.580,103.621
760.736,289.920,135.966,104.296
761.428,288.617,136.252,104.993
761.981,290.314,135.625,104.235
760.739,291.236,136.680,104.296
761.647,294.125,136.537,102.582
761.152,296.570,137.292,103.858
762.366,299.957,136.537,101.865
764.049,302.250,134.823,101.295
763.567,302.562,136.958,102.543
765.038,305.597,135.680,101.226
766.716,306.471,135.374,102.059
766.074,307.549,136.423,100.844
767.982,307.421,135.663,101.336
767.305,307.646,137.720,101.120
766.363,305.677,138.185,102.692
765.063,303.334,136.729,104.277
762.887,301.670,135.581,104.495
758.137,297.842,133.388,106.663
757.400,297.372,133.190,107.126
751.302,295.220,133.668,107.365
747.301,292.954,132.066,107.814
742.076,291.146,135.581,107.365
736.414,291.189,135.066,107.521
736.535,293.001,136.033,105.830
732.995,292.129,132.786,107.334
728.131,293.429,135.581,106.169
721.724,294.888,134.227,105.653
716.297,296.411,135.297,104.993
716.655,297.604,135.059,104.515
710.129,298.666,134.775,104.296
703.618,300.439,134.492,103.364
696.014,301.356,133.879,101.295
685.559,301.883,135.674,99.541
684.774,301.641,135.848,99.792
675.304,301.417,135.674,99.541
663.353,301.175,137.941,99.327
651.850,302.507,139.128,98.539
639.533,302.038,140.536,99.478
643.074,303.034,137.712,98.906
629.464,302.960,142.039,99.054
616.841,303.538,144.235,99.325
605.331,303.838,148.085,100.161
594.663,304.362,146.962,99.846
594.387,304.305,147.999,99.960
583.363,304.099,151.533,98.423
573.022,302.918,152.644,100.051
563.419,301.933,154.765,101.278
556.591,299.440,154.135,102.756
555.247,298.880,155.562,101.859
549.322,297.871,156.570,101.859
542.557,295.897,156.938,103.023
536.490,294.955,159.906,106.434
535.231,295.163,159.551,104.713
534.417,294.139,159.883,108.316
532.369,294.780,160.025,105.716
531.326,295.773,160.809,107.119
530.577,296.018,164.145,108.992
529.796,297.960,164.902,109.399
530.430,297.217,164.172,108.730
529.282,301.535,167.806,106.786
528.723,302.642,169.193,109.131
528.685,304.141,167.908,110.759
526.055,304.074,170.164,109.528
526.036,305.205,171.570,112.191
525.475,304.107,174.080,116.053
525.984,303.497,173.632,118.981
527.945,303.733,175.750,120.235
524.109,302.128,177.599,123.446
525.397,302.741,177.989,124.592
521.667,302.724,180.678,121.347
515.596,299.618,185.405,118.956
511.563,294.506,187.816,123.524
508.737,287.914,190.110,125.113
507.801,287.814,190.440,123.770
500.880,284.476,192.899,126.138
495.878,281.368,196.970,127.984
488.735,282.046,201.077,130.763
488.952,280.872,199.667,135.384
485.099,280.757,201.120,132.982
481.790,280.732,200.530,131.393
479.629,282.697,201.276,133.317
476.895,282.738,201.821,136.188
476.827,282.406,201.957,138.845
473.568,282.784,201.101,140.100
471.923,280.558,199.348,138.837
470.315,275.347,199.900,140.596
472.921,267.435,196.366,140.645
474.631,269.228,196.273,134.397
477.820,259.363,194.447,141.446
484.030,252.691,192.324,141.171
487.085,248.990,190.505,144.282
491.324,246.393,189.003,145.157
492.296,247.664,187.723,142.285
493.897,246.176,189.101,142.643
495.764,248.806,186.024,141.983
496.939,251.734,184.325,140.686
491.013,254.641,186.821,143.262
492.022,255.169,187.096,140.568
486.873,260.845,187.006,140.903
477.950,266.590,187.944,137.219
467.060,271.832,191.388,135.098
455.797,280.103,193.619,131.120
455.582,279.916,191.177,133.409
443.764,286.844,196.271,128.184
431.672,296.298,198.854,128.334
418.260,307.402,202.025,124.348
402.875,321.368,204.884,121.789
402.250,322.824,205.503,122.037
388.604,338.806,204.884,113.543
374.287,354.620,209.984,109.118
360.140,368.557,214.934,108.225
355.433,384.769,212.734,102.699
353.114,383.108,213.523,103.652
350.454,392.895,213.177,103.458
346.615,401.167,214.009,102.391
343.563,405.789,215.070,99.674
343.513,405.205,216.928,100.549
345.249,404.628,215.232,101.407
348.501,402.410,214.640,101.112
351.634,395.412,214.277,104.777
352.819,388.972,217.909,106.853
353.879,382.796,220.070,108.507
354.605,381.621,220.784,108.379
360.334,377.906,220.165,110.856
355.671,372.366,229.490,114.432
371.719,368.870,217.848,118.177
375.945,365.332,218.389,128.785
375.712,364.941,217.848,127.218
388.018,363.583,212.560,135.599
393.948,365.049,213.967,142.191
394.782,368.754,216.488,145.606
399.880,375.045,215.541,144.761
400.132,372.446,215.743,146.776
410.411,376.379,210.145,147.814
418.850,384.336,210.548,144.597
422.863,391.339,211.600,142.114
423.123,398.516,215.248,137.481
423.553,396.599,212.663,138.903
425.256,401.690,213.387,130.441
423.011,398.072,217.209,126.983
426.826,393.035,215.900,122.754
431.382,384.287,216.898,120.354
432.376,383.939,215.559,118.460
433.862,375.295,214.827,115.578
436.477,368.059,211.806,110.480
437.370,366.048,213.389,104.398
436.072,364.699,212.097,101.412
436.114,364.898,209.958,98.372
435.527,362.596,207.391,98.374
435.925,355.699,204.592,105.015
434.564,353.294,201.735,107.475
435.841,351.932,194.762,107.841
435.153,351.596,197.589,108.224
435.033,350.983,196.951,109.157
432.787,350.649,195.569,107.475
431.052,352.451,193.237,105.903
427.632,352.660,195.777,102.618
428.231,353.197,193.444,103.529
424.828,352.772,191.742,101.544
418.071,352.090,196.028,96.196
410.982,346.261,193.972,93.547
402.002,324.278,193.059,98.686
400.877,326.039,193.923,99.037
395.946,301.428,189.627,104.947
388.726,274.197,188.239,111.078
385.525,244.291,181.028,123.968
384.793,221.632,176.488,133.567
383.818,219.194,178.132,134.445
385.420,201.433,171.826,142.671
385.391,189.023,168.434,150.242
385.163,185.116,165.703,149.133
381.798,185.738,166.454,149.777
384.405,184.748,165.667,149.227
381.022,186.047,166.454,151.036
383.246,190.091,166.453,149.300
379.983,189.930,166.983,149.306
376.847,187.757,169.777,147.330
377.187,190.174,169.729,145.979
373.177,186.580,169.240,143.397
369.769,183.361,171.998,144.528
369.278,180.814,172.349,154.988
372.026,179.789,171.434,161.619
372.785,179.639,169.915,155.256
374.826,178.252,170.385,161.606
376.645,178.339,170.733,170.069
379.108,181.492,169.903,168.538
379.053,183.465,171.367,165.948
379.982,184.385,170.860,165.458
379.561,185.304,171.701,167.324
382.994,186.548,173.655,168.567
386.552,187.562,173.392,156.601
389.056,186.623,174.988,163.102
386.935,187.013,175.848,148.118
389.221,188.361,177.416,154.794
393.354,188.480,175.783,154.225
390.917,188.780,179.997,153.294
392.094,190.578,181.636,154.357
391.076,189.662,181.996,152.836
392.851,191.895,184.126,154.719
394.623,193.167,183.288,153.529
394.294,191.721,187.303,157.428
404.433,190.359,182.833,159.807
402.095,190.537,183.746,159.110
406.714,189.682,182.719,161.163
410.438,187.782,182.146,163.588
409.216,189.034,187.355,166.960
412.578,189.991,185.589,166.109
411.475,190.401,186.388,165.639
411.475,191.281,190.960,164.936
416.385,193.834,189.665,162.316
423.072,195.977,189.635,160.487
430.247,197.657,190.998,162.715
428.976,199.550,189.656,158.223
438.522,204.127,189.284,156.350
445.273,209.231,187.502,154.413
453.515,219.666,186.347,150.917
464.114,225.977,184.617,152.058
464.450,229.837,183.275,147.022
472.278,241.560,184.052,143.955
479.501,252.545,182.651,137.967
486.012,264.667,181.701,130.558
492.291,274.697,179.019,124.079
491.012,275.215,180.384,124.835
496.421,281.411,176.482,119.960
496.001,284.520,174.987,116.950
496.355,289.393,174.852,110.358
493.386,290.334,178.287,105.971
495.311,291.869,174.162,104.277
492.707,291.331,178.559,102.921
491.804,291.996,177.921,101.320
488.182,290.175,177.629,100.656
484.128,288.315,177.441,101.968
483.330,288.877,179.577,100.574
482.689,283.722,175.476,103.617
480.742,278.262,175.048,103.462
483.331,272.021,175.263,106.236
486.563,260.952,175.627,108.708
487.235,261.362,174.559,108.719
493.054,252.210,173.691,110.731
503.826,238.721,171.303,116.331
512.034,229.053,172.129,118.427
519.695,218.733,173.975,119.322
521.533,217.201,171.743,122.385
525.584,205.568,173.507,124.762
533.666,190.457,171.779,128.761
543.655,170.900,172.339,139.300
551.976,150.915,164.072,145.153
551.468,151.458,166.943,148.394
555.835,136.781,163.882,147.494
558.431,119.671,156.200,156.822
557.803,104.298,148.673,160.279
556.088,92.000,147.776,161.379
554.851,90.146,149.631,161.069
554.178,79.037,143.833,163.715
550.535,65.370,141.598,164.020
547.181,54.614,141.286,165.393
543.429,44.239,139.300,166.853
544.420,44.054,140.370,166.613
540.210,35.515,139.300,167.466
537.420,26.330,137.238,166.581
534.310,20.338,134.075,164.945
532.889,10.242,131.561,166.386
532.036,9.921,131.786,173.839
529.720,1.347,130.658,168.552
531.162,0.000,126.882,165.557
529.320,0.000,125.053,161.698
530.649,0.580,121.542,155.130
529.514,0.556,123.262,155.728
528.676,0.126,124.382,152.979
528.736,0.000,125.367,149.240
529.739,0.000,126.103,148.363
531.109,0.713,126.103,147.212
531.454,0.000,123.504,147.658
532.314,0.000,126.116,148.254
535.445,0.000,127.515,146.093
537.747,0.939,128.920,147.221
540.904,0.000,129.509,146.069
542.262,0.000,126.518,147.181
542.700,0.000,128.647,147.064
545.832,0.000,130.101,147.679
549.246,0.000,131.046,146.858
553.133,0.000,131.046,146.448
551.190,0.000,131.046,147.909
554.855,0.000,131.518,148.909
557.582,0.000,133.067,148.131
561.702,0.000,130.168,150.536
563.755,0.190,128.864,151.276
563.870,0.000,129.194,151.051
564.149,0.000,130.033,152.427
564.273,0.000,131.196,152.956
564.633,0.000,131.893,152.778
565.228,0.239,132.126,153.437
565.708,0.000,131.736,153.660
562.286,0.000,134.587,153.534
565.723,0.000,133.179,154.143
566.269,0.117,133.522,154.196
566.987,0.261,133.522,154.196
567.705,0.404,131.799,154.196
567.907,0.000,132.824,154.340
568.391,0.000,132.429,155.137
568.562,0.000,132.660,154.810
568.849,0.451,133.522,155.058
569.337,0.000,132.258,155.490
570.859,0.000,132.086,154.987
570.974,0.000,131.569,155.460
570.831,0.000,131.569,156.557
570.457,0.000,130.878,155.655
570.199,0.000,131.967,156.379
570.024,0.000,130.878,156.429
569.535,0.000,131.569,156.181
570.712,0.000,130.363,157.055
569.966,0.000,131.569,157.355
569.478,0.000,131.106,157.052
570.423,0.000,131.225,157.491
569.762,0.000,131.106,157.121
570.595,0.000,130.590,157.662
569.847,0.154,130.650,157.642
570.453,0.160,130.590,159.067
571.669,0.605,130.179,157.600
570.830,0.000,130.423,158.232
571.322,0.000,129.440,158.218
572.407,0.000,129.276,157.936
572.663,0.565,128.764,158.237
572.775,0.000,129.682,159.378
573.648,0.000,130.817,158.064
577.394,0.369,128.512,158.767
577.268,0.000,128.764,158.442
577.268,1.104,128.764,157.951
580.237,0.385,127.682,157.389
580.146,1.225,129.000,157.131
581.345,1.661,128.599,156.543
581.713,0.657,127.296,157.415
584.661,1.647,127.355,156.854
586.331,2.776,125.715,156.294
586.886,4.308,126.569,153.791
590.887,4.582,124.999,153.522
590.918,5.270,124.382,152.424
593.847,3.752,125.691,154.357
599.189,4.447,123.380,154.922
603.788,3.755,122.495,156.860
606.177,3.891,123.272,158.809
605.621,4.296,122.701,159.960
611.967,5.978,121.237,159.404
612.677,7.103,122.601,161.053
615.960,9.052,123.359,158.564
617.409,9.335,123.262,157.719
617.071,9.477,123.380,156.597
621.464,7.393,122.659,157.983
624.837,5.858,123.437,158.267
626.326,5.992,125.223,157.719
630.919,5.429,124.204,158.001
629.877,5.289,123.201,158.000
632.194,5.430,124.160,157.437
634.044,5.990,124.382,156.878
636.112,5.571,123.880,156.878
638.037,5.292,124.775,157.993
637.169,5.007,126.513,157.720
639.550,4.021,126.564,158.842
641.741,4.167,127.012,159.120
644.903,3.458,126.381,159.684
647.749,1.608,126.381,161.108
649.527,2.467,125.112,159.389
651.315,0.478,126.341,161.954
655.437,0.621,126.410,162.240
657.873,0.908,127.270,161.380
660.634,0.000,127.492,161.424
662.644,0.000,126.343,161.399
664.294,0.007,127.906,160.526
666.512,0.000,129.215,161.819
668.845,0.000,129.471,161.721
671.307,0.000,129.471,160.513
671.098,0.000,128.447,159.634
670.827,0.000,130.136,159.790
670.950,0.807,131.044,158.466
671.527,0.000,128.447,158.551
668.624,0.000,131.396,157.827
669.377,0.000,129.890,158.291
666.844,0.468,130.650,157.642
664.572,0.000,130.878,156.665
662.650,0.000,131.856,155.440
664.083,0.000,130.996,155.687
662.338,0.000,131.626,155.674
662.223,0.000,131.283,155.804
663.369,0.000,130.996,155.869
663.055,0.000,130.195,155.766
663.995,0.000,130.310,155.442
662.712,0.000,130.595,155.280
662.427,0.000,130.595,155.199
661.286,0.000,130.595,154.303
659.811,0.000,130.705,153.586
658.507,0.000,130.475,154.794
659.701,0.000,130.082,153.966
658.086,0.000,130.475,154.985
657.855,0.000,129.512,155.769
658.567,0.000,128.943,156.161
659.107,0.226,127.864,155.994
658.031,0.000,128.602,155.949
658.513,0.257,128.490,156.854
657.405,0.000,129.285,155.118
655.391,0.000,127.922,156.695
652.697,0.000,129.057,154.647
653.519,0.000,129.396,155.188
649.291,0.000,129.057,153.893
645.260,0.000,129.503,152.843
641.572,0.000,130.400,150.493
639.419,0.035,130.498,150.704
640.120,0.175,129.656,150.704
636.874,0.000,129.705,149.204
634.017,0.205,129.010,150.187
630.813,0.000,129.010,150.253
627.609,0.000,127.895,150.080
626.311,0.000,129.657,149.725
623.309,0.053,130.637,149.898
620.554,0.205,131.106,148.474
618.154,0.000,130.871,147.987
615.880,0.000,130.403,148.948
616.880,0.000,130.079,147.888
614.453,0.000,129.935,146.963
612.197,0.000,129.467,146.237
609.951,0.000,131.755,145.611
608.362,0.000,131.878,144.714
607.078,0.000,132.510,144.006
606.110,0.000,132.233,141.163
603.544,0.000,133.261,141.453
603.316,0.000,133.167,139.511
601.342,0.000,134.383,139.405
601.096,0.000,133.505,138.237
600.903,0.540,134.979,139.061
599.459,0.000,133.474,138.730
596.673,0.000,135.228,141.069
594.851,0.000,136.106,142.184
595.194,0.000,137.369,140.752
592.826,0.159,136.533,143.499
589.657,0.000,137.269,144.465
586.345,0.000,139.942,146.435
583.222,0.000,139.595,148.605
582.879,0.000,142.302,149.061
580.827,0.000,140.865,155.900
579.174,0.000,143.578,163.681
576.325,0.000,143.748,169.072
572.345,0.000,144.528,173.189
573.361,0.000,144.713,173.675
569.479,0.000,144.217,175.465
565.109,0.420,145.309,176.219
562.409,0.668,144.618,177.325
557.759,0.000,145.580,178.795
557.838,0.851,145.423,178.708
553.110,0.000,147.134,180.228
549.376,0.745,147.100,180.368
544.647,0.000,150.035,181.929
542.620,0.693,149.791,181.205
541.577,0.830,150.225,181.261
540.637,0.000,150.453,180.409
539.925,0.000,150.225,180.010
540.976,0.000,148.124,178.550
540.135,0.043,148.177,176.835
541.287,0.000,148.142,177.606
542.309,0.000,146.098,174.189
543.435,0.000,147.044,173.083
548.230,0.000,142.888,170.612
549.326,0.000,140.695,169.411
550.114,0.000,139.120,168.795
550.677,0.375,140.141,168.353
552.448,0.254,139.675,168.902
553.064,0.408,136.906,170.133
551.216,0.000,137.544,171.363
550.766,0.000,138.444,171.517
548.998,0.000,137.660,174.960
544.824,0.000,139.484,177.259
542.195,0.000,139.708,179.566
540.688,0.344,139.233,179.512
539.056,0.169,141.863,179.862
538.064,0.915,140.970,179.969
537.696,1.854,139.792,178.091
539.618,1.110,139.110,179.578
541.091,0.018,136.480,180.812
541.680,0.000,135.617,181.360
542.887,0.000,137.287,178.330
545.141,0.000,134.031,176.536
548.677,0.000,132.814,175.784
552.017,0.000,131.340,173.309
551.515,0.000,130.831,172.465
554.997,0.000,129.580,171.617
555.578,0.000,130.808,172.118
557.244,0.000,128.678,168.738
556.060,0.000,129.275,168.191
557.241,0.000,129.865,167.917
555.653,0.586,130.381,165.858
554.548,0.425,132.591,164.119
554.322,0.000,133.042,160.239
553.535,0.000,133.154,160.597
552.803,0.114,133.154,160.663
553.422,0.123,134.847,159.179
553.307,0.000,133.609,154.592
553.091,0.208,136.343,152.739
554.759,0.000,136.187,150.309
555.491,0.000,134.722,150.542
555.844,0.000,135.728,150.263
557.895,0.000,137.349,148.098
560.872,0.000,137.109,146.888
564.073,0.000,136.388,148.173
563.099,0.000,135.205,146.671
564.399,0.543,136.838,146.995
567.465,0.000,136.388,146.213
569.239,0.000,137.081,144.897
570.065,0.000,138.249,144.395
570.386,0.000,139.589,144.398
571.987,0.595,139.230,142.639
573.041,0.000,140.506,141.604
576.308,0.000,139.060,138.919
578.250,0.481,142.407,137.679
580.416,0.000,139.198,136.113
583.035,0.000,139.473,136.139
586.499,0.000,140.554,134.619
589.796,0.329,141.954,133.409
593.792,0.054,141.954,133.409
595.584,0.000,139.473,133.187
598.129,0.221,141.485,133.837
599.686,0.160,143.332,133.409
600.682,0.000,143.558,133.654
598.886,0.000,146.593,133.738
600.620,0.357,143.127,132.743
598.454,0.000,146.353,131.897
595.421,0.030,149.361,130.447
593.480,0.000,147.929,127.613
592.882,0.000,150.225,123.236
593.292,0.275,149.677,124.595
593.155,1.004,148.585,119.579
592.115,0.689,149.595,112.997
593.415,0.631,147.517,111.810
594.663,0.739,147.078,105.166
592.468,1.255,147.731,104.881
596.081,0.134,146.485,102.888
599.917,0.138,144.720,100.172
604.281,0.795,144.190,97.172
609.508,0.771,142.982,94.136
608.656,0.618,143.524,96.536
613.974,0.584,145.376,92.127
621.346,0.000,142.907,92.508
624.916,0.461,141.751,91.356
629.638,0.060,139.834,88.508
630.323,0.014,139.577,88.377
634.441,0.000,137.574,88.280
641.016,0.000,136.117,85.173
648.273,0.543,133.892,83.440
655.547,0.000,133.312,81.622
656.334,0.036,131.945,82.178
665.149,0.238,132.047,82.190
674.015,0.447,134.967,83.233
681.685,0.491,138.929,86.539
689.219,0.717,143.844,91.358
