0.00000000,0.00000000
0.71442957,0.00000000
0.75273496,0.00000000
0.75273496,0.00000000
0.72855493,0.00000000
0.70919955,0.00000000
0.73456060,0.00000000
0.72292516,0.00000000
0.69825163,0.00000000
0.70024079,0.00000000
0.68107779,0.00000000
0.69877134,0.00000000
0.68831949,0.00000000
0.71992193,0.00000000
0.65788500,0.00000000
0.64808857,0.00000000
0.72333971,0.00000000
0.69280123,0.00000000
0.64824527,0.00000000
0.69134263,0.00000000
0.77707618,0.00000000
0.73142798,0.00000000
0.73652146,0.00000000
0.76403460,0.00000000
0.80085546,0.00000000
0.85453376,0.00000000
0.76872960,0.00000000
0.78464301,0.00000000
0.73707924,0.00000000
0.75200057,0.00000000
0.69082716,0.00000000
0.64596930,0.00000000
0.84926846,0.00000000
0.76538011,0.00000000
0.84616330,0.00000000
0.79718511,0.00000000
0.79285514,0.00000000
0.71328054,0.00000000
0.73292091,0.00000000
0.67432400,0.00000000
0.73920621,0.00000000
0.81446021,0.00000000
0.91661348,0.00000000
0.84210322,0.00000000
0.65884086,0.00000000
0.73837797,0.00000000
0.82331577,0.00000000
0.84894901,0.00000000
0.84646470,0.00000000
0.85140712,0.00000000
0.78929389,0.00000000
0.87369242,0.00000000
0.66933239,0.00000000
0.71067240,0.00000000
0.78523879,0.00000000
0.76434879,0.00000000
0.86024291,0.00000000
0.78128213,0.00000000
0.91798423,0.00000000
0.87558810,0.00000000
0.91088797,0.00000000
0.83040839,0.00000000
0.82714739,0.00000000
0.87264199,0.00000000
0.80126681,0.00000000
0.91060271,0.00000000
0.79308864,0.00000000
0.75696199,0.00000000
0.80944205,0.00000000
0.77452815,0.00000000
0.55709441,0.00000000
0.79113514,0.00000000
0.87137453,0.00000000
0.86278313,0.00000000
0.80810979,0.00000000
0.95801645,0.00000000
0.82867865,0.00000000
0.83995257,0.00000000
0.76909854,0.00000000
0.42722581,0.00000000
0.41117034,0.00000000
0.00000000,0.00000000
0.30879095,0.00000000
0.89212267,0.00000000
0.87774269,0.00000000
0.79306471,0.00000000
0.80604373,0.00000000
0.50160573,0.00000000
0.50410836,0.00000000
0.47056195,0.00000000
0.48618358,0.00000000
0.56145783,0.00000000
0.57036679,0.00000000
0.57813777,0.00000000
0.56861032,0.00000000
0.87471085,0.00000000
0.86751311,0.00000000
0.87568077,0.00000000
0.87037237,0.00000000
0.94726319,0.00000000
0.90862363,0.00000000
0.87981866,0.00000000
0.81460420,0.00000000
0.88588638,0.00000000
0.87499362,0.00000000
0.72804285,0.00000000
0.65291896,0.00000000
0.71546960,0.00000000
0.63026929,0.00000000
0.67364020,0.00000000
0.63662063,0.00000000
0.63638574,0.00000000
0.72683281,0.00000000
0.80438395,0.00000000
0.84566334,0.00000000
0.84530416,0.00000000
0.63040904,0.00000000
0.78536762,0.00000000
0.00000000,0.00000000
0.77377424,0.00000000
0.18244808,0.00000000
0.67363629,0.00000000
0.51402317,0.00000000
0.56404255,0.00000000
0.51851259,0.00000000
0.68666786,0.00000000
0.69055742,0.00000000
0.88001091,0.00000000
0.65855526,0.00000000
0.56696507,0.00000000
0.56419334,0.00000000
0.72848500,0.00000000
0.61020658,0.00000000
0.55427478,0.00000000
0.41509169,0.00000000
0.49738656,0.00000000
0.54278604,0.00000000
0.57149041,0.00000000
0.08318709,0.00000000
0.67272530,0.00000000
0.45071951,0.00000000
0.41695693,0.00000000
0.86940103,0.00000000
0.85906513,0.00000000
0.90904634,0.00000000
0.86147963,0.00000000
0.92780396,0.00000000
0.91322760,0.00000000
0.84729615,0.00000000
0.82109128,0.00000000
0.62220273,0.00000000
0.65571767,0.00000000
0.65131506,0.00000000
0.67351437,0.00000000
0.63535930,0.00000000
0.83575025,0.00000000
0.91276380,0.00000000
0.94233064,0.00000000
0.87831349,0.00000000
0.88832077,0.00000000
0.83496733,0.00000000
0.78294157,0.00000000
0.88758657,0.00000000
0.92736481,0.00000000
0.84300288,0.00000000
0.85192403,0.00000000
0.87020683,0.00000000
0.94222095,0.00000000
0.90669462,0.00000000
0.84568289,0.00000000
0.82588685,0.00000000
0.82323476,0.00000000
0.65942747,0.00000000
0.69451348,0.00000000
0.68221147,0.00000000
0.66251934,0.00000000
0.82427038,0.00000000
0.83859678,0.00000000
0.78049824,0.00000000
0.80166813,0.00000000
0.76669807,0.00000000
0.75332904,0.00000000
0.87905775,0.00000000
0.87582826,0.00000000
0.77499808,0.00000000
0.89743930,0.00000000
0.89583060,0.00000000
0.90839483,0.00000000
0.83628787,0.00000000
0.81353578,0.00000000
0.85785419,0.00000000
0.86218317,0.00000000
0.88684804,0.00000000
0.87296402,0.00000000
0.84909655,0.00000000
0.85850000,0.00000000
0.81302761,0.00000000
0.73211553,0.00000000
0.68477849,0.00000000
0.77154311,0.00000000
0.44751456,0.00000000
0.41316539,0.00000000
0.63478151,0.00000000
0.64696919,0.00000000
0.82040193,0.00000000
0.77836646,0.00000000
0.79036585,0.00000000
0.67747779,0.00000000
0.90595831,0.00000000
0.76309870,0.00000000
0.86502101,0.00000000
0.83773525,0.00000000
0.83248774,0.00000000
0.77464784,0.00000000
0.72283698,0.00000000
0.62880971,0.00000000
0.47141652,0.00000000
0.66116684,0.00000000
0.78734314,0.00000000
0.80107184,0.00000000
0.81578780,0.00000000
0.85222193,0.00000000
0.82321400,0.00000000
0.78281765,0.00000000
0.73990040,0.00000000
0.59618665,0.00000000
0.47342708,0.00000000
0.52543650,0.00000000
0.79824300,0.00000000
0.80795500,0.00000000
0.71028698,0.00000000
0.72512506,0.00000000
0.89235386,0.00000000
0.89606778,0.00000000
0.61053235,0.00000000
0.68600745,0.00000000
0.59737474,0.00000000
0.58434132,0.00000000
0.56506561,0.00000000
0.64060967,0.00000000
0.49477950,0.00000000
0.62294592,0.00000000
0.77138223,0.00000000
0.66106437,0.00000000
0.85435130,0.00000000
0.51633842,0.00000000
0.46845875,0.00000000
0.79583258,0.00000000
0.74884011,0.00000000
0.72559236,0.00000000
0.65985177,0.00000000
0.54665190,0.00000000
0.72195318,0.00000000
0.77936447,0.00000000
0.77787747,0.00000000
0.84012499,0.00000000
0.75582124,0.00000000
0.74387445,0.00000000
0.72753841,0.00000000
0.78193838,0.00000000
0.79169424,0.00000000
0.84408976,0.00000000
0.79567788,0.00000000
0.80293243,0.00000000
0.79958785,0.00000000
0.78140484,0.00000000
0.76687320,0.00000000
0.69778517,0.00000000
0.73706091,0.00000000
0.66379841,0.00000000
0.81647199,0.00000000
0.83310906,0.00000000
0.86442021,0.00000000
0.80171979,0.00000000
0.90783852,0.00000000
0.87577984,0.00000000
0.91043623,0.00000000
0.91426010,0.00000000
0.68451156,0.00000000
0.63916980,0.00000000
0.78213331,0.00000000
0.66177586,0.00000000
0.74443253,0.00000000
0.74157212,0.00000000
0.72179522,0.00000000
0.78465148,0.00000000
0.75815226,0.00000000
0.79532593,0.00000000
0.84697459,0.00000000
0.88505647,0.00000000
0.65489387,0.00000000
0.66324500,0.00000000
0.67798200,0.00000000
0.60835218,0.00000000
0.79675078,0.00000000
0.77183400,0.00000000
0.61645593,0.00000000
0.69785837,0.00000000
0.75226442,0.00000000
0.65048992,0.00000000
0.77425996,0.00000000
0.85541995,0.00000000
0.75820509,0.00000000
0.83503215,0.00000000
0.75443447,0.00000000
0.77663647,0.00000000
0.79422336,0.00000000
0.66188650,0.00000000
0.63607990,0.00000000
0.60612576,0.00000000
0.62363695,0.00000000
0.75913246,0.00000000
0.64070804,0.00000000
0.79574427,0.00000000
0.87372855,0.00000000
0.69899909,0.00000000
0.74434717,0.00000000
0.19642297,0.00000000
0.44638645,0.00000000
0.43903191,0.00000000
0.47250113,0.00000000
0.66887988,0.00000000
0.79700208,0.00000000
0.40806340,0.00000000
0.29435841,0.00000000
0.41922468,0.00000000
0.00000000,0.00000000
0.00000000,0.00000000
0.00000000,0.00000000
0.00000000,0.00000000
0.05439295,0.00000000
0.30552755,0.00000000
0.46187403,0.00000000
0.49418902,0.00000000
0.28284798,0.00000000
0.80268225,0.00000000
0.92185095,0.00000000
0.82735204,0.00000000
0.88968554,0.00000000
0.94549654,0.00000000
0.89257047,0.00000000
0.93608218,0.00000000
0.94157707,0.00000000
0.89525934,0.00000000
0.88205514,0.00000000
0.86978852,0.00000000
0.79766369,0.00000000
0.86938287,0.00000000
0.86194509,0.00000000
0.86598353,0.00000000
0.84728720,0.00000000
0.78982519,0.00000000
0.85478454,0.00000000
0.91524119,0.00000000
0.91309505,0.00000000
0.79159844,0.00000000
0.88404375,0.00000000
0.84059193,0.00000000
0.82487791,0.00000000
0.80361578,0.00000000
0.84161685,0.00000000
0.85291141,0.00000000
0.87192629,0.00000000
0.84729005,0.00000000
0.80245281,0.00000000
0.91104285,0.00000000
0.93985302,0.00000000
0.87309929,0.00000000
0.90226447,0.00000000
0.88988050,0.00000000
0.83448110,0.00000000
0.88526235,0.00000000
0.93071955,0.00000000
0.86667783,0.00000000
0.92381195,0.00000000
0.86233401,0.00000000
0.92293855,0.00000000
0.88971398,0.00000000
0.87912966,0.00000000
0.94087525,0.00000000
0.81877920,0.00000000
0.92022922,0.00000000
0.82805036,0.00000000
0.85761692,0.00000000
0.87114405,0.00000000
0.92676361,0.00000000
0.88069366,0.00000000
0.90018011,0.00000000
0.83869995,0.00000000
0.88779563,0.00000000
0.85668316,0.00000000
0.86699482,0.00000000
0.86367232,0.00000000
0.86485567,0.00000000
0.87202980,0.00000000
0.84726798,0.00000000
0.83446910,0.00000000
0.81488652,0.00000000
0.84679071,0.00000000
0.91494118,0.00000000
0.91494637,0.00000000
0.88086610,0.00000000
0.77063132,0.00000000
0.88331270,0.00000000
0.81303603,0.00000000
0.89034316,0.00000000
0.87665922,0.00000000
0.85201171,0.00000000
0.81280758,0.00000000
0.89708969,0.00000000
0.87060925,0.00000000
0.92042310,0.00000000
0.85600506,0.00000000
0.82623821,0.00000000
0.89009318,0.00000000
0.91264514,0.00000000
0.94846779,0.00000000
0.87393532,0.00000000
0.89984279,0.00000000
0.91233674,0.00000000
0.88945804,0.00000000
0.83197127,0.00000000
0.82444981,0.00000000
0.83564604,0.00000000
0.86111349,0.00000000
0.80304110,0.00000000
0.83180975,0.00000000
0.84315374,0.00000000
0.86825542,0.00000000
0.84687641,0.00000000
0.85499686,0.00000000
0.79080227,0.00000000
0.86528246,0.00000000
0.77950343,0.00000000
0.79618216,0.00000000
0.88151124,0.00000000
0.85190489,0.00000000
0.89335910,0.00000000
0.87231953,0.00000000
0.84416001,0.00000000
0.84695299,0.00000000
0.79738509,0.00000000
0.83976927,0.00000000
0.82600446,0.00000000
0.81338917,0.00000000
0.78765119,0.00000000
0.89388028,0.00000000
0.80099760,0.00000000
0.80024635,0.00000000
0.90919227,0.00000000
0.94986766,0.00000000
0.87736054,0.00000000
0.91805081,0.00000000
0.92737806,0.00000000
0.89922178,0.00000000
0.90028145,0.00000000
0.81603149,0.00000000
0.82999415,0.00000000
0.86635004,0.00000000
0.86131884,0.00000000
0.79746654,0.00000000
0.77445604,0.00000000
0.93879761,0.00000000
0.93233122,0.00000000
0.96337657,0.00000000
0.91921591,0.00000000
0.85653397,0.00000000
0.90276016,0.00000000
0.89586646,0.00000000
0.92489673,0.00000000
0.87154681,0.00000000
0.90432567,0.00000000
0.83959592,0.00000000
0.86409129,0.00000000
0.91333035,0.00000000
0.94200486,0.00000000
0.92693608,0.00000000
0.91667635,0.00000000
0.88974795,0.00000000
0.88902792,0.00000000
0.85066997,0.00000000
0.84987462,0.00000000
0.88807120,0.00000000
0.83807093,0.00000000
0.83191918,0.00000000
0.87643672,0.00000000
0.89954314,0.00000000
0.88477989,0.00000000
0.86763738,0.00000000
0.84108538,0.00000000
0.88721326,0.00000000
0.84910891,0.00000000
0.93394532,0.00000000
0.88705703,0.00000000
0.93322357,0.00000000
0.95350257,0.00000000
0.88963738,0.00000000
0.96399751,0.00000000
0.93245869,0.00000000
0.91297913,0.00000000
0.90373006,0.00000000
0.94531149,0.00000000
0.88618709,0.00000000
0.95290669,0.00000000
0.88152150,0.00000000
0.89692004,0.00000000
0.85538960,0.00000000
0.83766095,0.00000000
0.94198142,0.00000000
0.83384961,0.00000000
0.89018399,0.00000000
0.88014214,0.00000000
0.92056255,0.00000000
0.92871235,0.00000000
0.90325596,0.00000000
0.96498256,0.00000000
0.91787333,0.00000000
0.94032889,0.00000000
0.93373646,0.00000000
0.90489319,0.00000000
0.90317378,0.00000000
0.86745496,0.00000000
0.91035420,0.00000000
0.88915311,0.00000000
0.81882413,0.00000000
0.91690695,0.00000000
0.87316579,0.00000000
0.94728307,0.00000000
0.83234158,0.00000000
0.87489064,0.00000000
0.93135020,0.00000000
0.89192106,0.00000000
0.88663022,0.00000000
0.94003032,0.00000000
0.89609104,0.00000000
0.86965775,0.00000000
0.76541883,0.00000000
0.82762309,0.00000000
0.73540991,0.00000000
0.84037255,0.00000000
0.89925963,0.00000000
0.84700500,0.00000000
0.76561132,0.00000000
0.78734707,0.00000000
0.73864693,0.00000000
0.81293295,0.00000000
0.77390301,0.00000000
0.85974691,0.00000000
0.68588366,0.00000000
0.72952088,0.00000000
0.62116185,0.00000000
0.85224612,0.00000000
0.88025249,0.00000000
0.92728529,0.00000000
0.89131235,0.00000000
0.79704245,0.00000000
0.80530720,0.00000000
0.90971951,0.00000000
0.91608486,0.00000000
0.94009957,0.00000000
0.89740586,0.00000000
0.87283194,0.00000000
0.93222260,0.00000000
0.88315919,0.00000000
0.90466194,0.00000000
0.90298782,0.00000000
0.89351041,0.00000000
0.85621404,0.00000000
0.91282915,0.00000000
0.90623372,0.00000000
0.89033059,0.00000000
0.93662265,0.00000000
0.82766056,0.00000000
0.84162228,0.00000000
0.93150149,0.00000000
0.80017868,0.00000000
0.92418967,0.00000000
0.85520712,0.00000000
0.88863641,0.00000000
0.81818016,0.00000000
0.82082145,0.00000000
0.92737321,0.00000000
0.92273491,0.00000000
0.91107404,0.00000000
0.85219705,0.00000000
0.87658224,0.00000000
0.94992812,0.00000000
0.81427858,0.00000000
0.80557490,0.00000000
0.88945252,0.00000000
0.87137936,0.00000000
0.81821675,0.00000000
0.86455204,0.00000000
0.74757697,0.00000000
0.78446079,0.00000000
0.81463648,0.00000000
0.85902658,0.00000000
0.86532550,0.00000000
0.84140897,0.00000000
0.75050247,0.00000000
0.91044033,0.00000000
0.77754077,0.00000000
0.78518161,0.00000000
0.79180149,0.00000000
0.78866042,0.00000000
0.81388266,0.00000000
0.72386514,0.00000000
0.80775629,0.00000000
0.76234584,0.00000000
0.77072907,0.00000000
0.80506863,0.00000000
0.84182872,0.00000000
0.72839720,0.00000000
0.74719138,0.00000000
0.80368185,0.00000000
0.75978986,0.00000000
0.80457987,0.00000000
0.78160828,0.00000000
0.77499787,0.00000000
0.80468200,0.00000000
0.75369726,0.00000000
0.73940603,0.00000000
0.75209125,0.00000000
0.84844886,0.00000000
0.75938959,0.00000000
0.80742782,0.00000000
0.87712219,0.00000000
0.66926117,0.00000000
0.78856207,0.00000000
0.81345857,0.00000000
0.80265884,0.00000000
0.81337581,0.00000000
0.79927259,0.00000000
0.83027913,0.00000000
0.74450258,0.00000000
0.75349312,0.00000000
0.82651027,0.00000000
0.90382326,0.00000000
0.79068066,0.00000000
0.86840823,0.00000000
0.79916764,0.00000000
0.89018601,0.00000000
0.79920868,0.00000000
0.82222475,0.00000000
0.86143668,0.00000000
0.81702501,0.00000000
0.83417386,0.00000000
0.82580749,0.00000000
0.83516326,0.00000000
0.81986411,0.00000000
0.86390139,0.00000000
0.84549094,0.00000000
0.86883247,0.00000000
0.82403972,0.00000000
0.86883247,0.00000000
0.84901083,0.00000000
0.83570581,0.00000000
0.80526057,0.00000000
0.77789687,0.00000000
0.82009191,0.00000000
0.86861673,0.00000000
0.89586555,0.00000000
0.89741103,0.00000000
0.84351065,0.00000000
0.89889658,0.00000000
0.82436102,0.00000000
0.60305506,0.00000000
0.63711759,0.00000000
0.54908349,0.00000000
0.59923957,0.00000000
0.81552015,0.00000000
0.64546032,0.00000000
0.61013106,0.00000000
0.60788103,0.00000000
0.58827670,0.00000000
0.70192870,0.00000000
0.82915229,0.00000000
0.75333052,0.00000000
0.63775287,0.00000000
0.76658512,0.00000000
0.89279053,0.00000000
0.74118855,0.00000000
0.79770061,0.00000000
0.68542185,0.00000000
0.76896907,0.00000000
0.69918086,0.00000000
0.72607860,0.00000000
0.80603984,0.00000000
0.74304423,0.00000000
0.65196201,0.00000000
0.89268171,0.00000000
0.94455551,0.00000000
0.80650883,0.00000000
0.85471615,0.00000000
0.80830674,0.00000000
0.79612735,0.00000000
0.79281244,0.00000000
0.89151522,0.00000000
0.65372850,0.00000000
0.68382079,0.00000000
0.82583924,0.00000000
0.76422773,0.00000000
0.82376600,0.00000000
0.80461147,0.00000000
0.87049321,0.00000000
0.74797207,0.00000000
0.70324017,0.00000000
0.83867117,0.00000000
0.81393870,0.00000000
0.63771971,0.00000000
0.59832778,0.00000000
0.62534788,0.00000000
0.60314395,0.00000000
0.63061827,0.00000000
0.80576541,0.00000000
0.90317657,0.00000000
0.87290484,0.00000000
0.85124699,0.00000000
0.69939706,0.00000000
0.58889714,0.00000000
0.57397894,0.00000000
0.71193733,0.00000000
0.67906723,0.00000000
0.67276325,0.00000000
0.62575574,0.00000000
0.63766268,0.00000000
0.75143995,0.00000000
0.77409087,0.00000000
0.84683335,0.00000000
0.76842933,0.00000000
0.80722766,0.00000000
0.89321824,0.00000000
0.78380086,0.00000000
0.81574791,0.00000000
0.74139348,0.00000000
0.84119217,0.00000000
0.72650813,0.00000000
0.81715856,0.00000000
0.43519913,0.00000000
0.51147011,0.00000000
0.71467966,0.00000000
0.70553504,0.00000000
0.70257589,0.00000000
0.79217023,0.00000000
0.84447507,0.00000000
0.84821059,0.00000000
0.85862177,0.00000000
0.92914919,0.00000000
0.70836897,0.00000000
0.70079274,0.00000000
0.73143731,0.00000000
0.67715469,0.00000000
0.70770128,0.00000000
0.72025200,0.00000000
0.71791621,0.00000000
0.85811073,0.00000000
0.80899267,0.00000000
0.87594902,0.00000000
0.86493287,0.00000000
0.80668503,0.00000000
0.76572737,0.00000000
0.76186691,0.00000000
0.76002615,0.00000000
0.85830243,0.00000000
0.73850659,0.00000000
0.80046438,0.00000000
0.71338896,0.00000000
0.92213734,0.00000000
0.77849718,0.00000000
0.83266676,0.00000000
0.82887513,0.00000000
0.80084885,0.00000000
0.89174100,0.00000000
0.89149975,0.00000000
0.88041153,0.00000000
0.83778182,0.00000000
0.88755645,0.00000000
0.86955105,0.00000000
0.90734942,0.00000000
0.88244185,0.00000000
0.78766093,0.00000000
0.81810990,0.00000000
0.89842918,0.00000000
0.90678509,0.00000000
0.68447857,0.00000000
0.61688348,0.00000000
0.84444837,0.00000000
0.85091551,0.00000000
0.80283260,0.00000000
0.90464270,0.00000000
0.89455784,0.00000000
0.77879624,0.00000000
0.91452923,0.00000000
0.91268737,0.00000000
0.87871242,0.00000000
0.81136036,0.00000000
0.81012648,0.00000000
0.76895006,0.00000000
0.95808731,0.00000000
0.81270452,0.00000000
0.73833761,0.00000000
0.77333894,0.00000000
0.81302293,0.00000000
0.82208449,0.00000000
0.80903021,0.00000000
0.75716975,0.00000000
0.81476967,0.00000000
0.78052982,0.00000000
0.84030780,0.00000000
0.84605946,0.00000000
0.90000626,0.00000000
0.94144502,0.00000000
0.83368744,0.00000000
0.83444285,0.00000000
0.76944399,0.00000000
0.70991966,0.00000000
0.71225236,0.00000000
0.78791618,0.00000000
0.81669527,0.00000000
0.85688650,0.00000000
0.77717520,0.00000000
0.82869924,0.00000000
0.83094892,0.00000000
0.86739222,0.00000000
0.82008364,0.00000000
0.85719153,0.00000000
0.85865013,0.00000000
0.82840455,0.00000000
0.90532335,0.00000000
0.86930118,0.00000000
0.86580751,0.00000000
0.78357184,0.00000000
0.83202628,0.00000000
0.82089091,0.00000000
0.76967401,0.00000000
0.77788971,0.00000000
0.77705057,0.00000000
0.89369957,0.00000000
0.86784939,0.00000000
0.81711626,0.00000000
0.84410737,0.00000000
0.87885398,0.00000000
0.88341973,0.00000000
0.80308433,0.00000000
0.86091729,0.00000000
0.90097760,0.00000000
0.90365697,0.00000000
0.81954028,0.00000000
0.82591296,0.00000000
0.85250585,0.00000000
0.92380540,0.00000000
0.87714881,0.00000000
0.88269831,0.00000000
0.91442193,0.00000000
0.91008039,0.00000000
0.94143934,0.00000000
0.87405384,0.00000000
0.90354722,0.00000000
0.92062037,0.00000000
0.82878612,0.00000000
0.76839894,0.00000000
0.76809091,0.00000000
0.78738163,0.00000000
0.73962879,0.00000000
0.70905057,0.00000000
0.75032511,0.00000000
0.75014421,0.00000000
0.80535531,0.00000000
0.76502946,0.00000000
0.77164858,0.00000000
0.77624222,0.00000000
0.84974316,0.00000000
0.80345414,0.00000000
0.80196078,0.00000000
0.83413028,0.00000000
0.78667085,0.00000000
0.77288160,0.00000000
0.79837195,0.00000000
0.78357947,0.00000000
0.79303557,0.00000000
0.83429031,0.00000000
0.77195059,0.00000000
0.77764710,0.00000000
0.77127410,0.00000000
0.86065674,0.00000000
0.82855113,0.00000000
0.79147085,0.00000000
0.77008818,0.00000000
0.75592824,0.00000000
0.79651949,0.00000000
0.81238993,0.00000000
0.71594722,0.00000000
0.70810075,0.00000000
0.78909012,0.00000000
0.77443374,0.00000000
0.77502723,0.00000000
0.86056564,0.00000000
0.79268943,0.00000000
0.77476063,0.00000000
0.82063847,0.00000000
0.80449797,0.00000000
0.73437771,0.00000000
0.77211881,0.00000000
0.79742821,0.00000000
0.81641753,0.00000000
0.79940551,0.00000000
0.75054989,0.00000000
0.75433385,0.00000000
0.69974614,0.00000000
0.84060210,0.00000000
0.81018951,0.00000000
0.81092061,0.00000000
0.74539287,0.00000000
0.78354639,0.00000000
0.79886378,0.00000000
0.82953907,0.00000000
0.80775941,0.00000000
0.84708345,0.00000000
0.78352231,0.00000000
0.76777087,0.00000000
0.81646900,0.00000000
0.78028887,0.00000000
0.78763383,0.00000000
0.76992856,0.00000000
0.81081161,0.00000000
0.73220731,0.00000000
0.77797224,0.00000000
0.84763781,0.00000000
0.79981615,0.00000000
0.74631643,0.00000000
0.82666172,0.00000000
0.80445046,0.00000000
0.71250548,0.00000000
0.86943834,0.00000000
0.81240999,0.00000000
0.90921921,0.00000000
0.81931286,0.00000000
0.85332744,0.00000000
0.83888363,0.00000000
0.84207366,0.00000000
0.79881191,0.00000000
0.80532813,0.00000000
0.76835594,0.00000000
0.77266687,0.00000000
0.77930990,0.00000000
0.89109426,0.00000000
0.86335523,0.00000000
0.89928905,0.00000000
0.88241706,0.00000000
0.82725254,0.00000000
0.87454743,0.00000000
0.84883545,0.00000000
0.90649720,0.00000000
0.84946814,0.00000000
0.80773799,0.00000000
0.76310770,0.00000000
0.77768914,0.00000000
0.90825853,0.00000000
0.86284046,0.00000000
0.88112570,0.00000000
0.91858193,0.00000000
0.83922047,0.00000000
0.82681358,0.00000000
0.74914026,0.00000000
0.83416271,0.00000000
0.74389624,0.00000000
0.77682635,0.00000000
0.85017958,0.00000000
0.81658372,0.00000000
0.81175876,0.00000000
0.79550478,0.00000000
0.90727535,0.00000000
0.81254353,0.00000000
0.87582878,0.00000000
0.84213638,0.00000000
0.91227085,0.00000000
0.93274618,0.00000000
0.85808498,0.00000000
0.76555234,0.00000000
0.82501569,0.00000000
0.83180301,0.00000000
0.83227596,0.00000000
0.85559519,0.00000000
0.85266083,0.00000000
0.80413120,0.00000000
0.86659924,0.00000000
0.82764267,0.00000000
0.87115526,0.00000000
0.89275295,0.00000000
0.85853826,0.00000000
0.84600194,0.00000000
0.94369979,0.00000000
0.81033917,0.00000000
0.92433758,0.00000000
0.86765032,0.00000000
0.77390030,0.00000000
0.84232009,0.00000000
0.77552874,0.00000000
0.93432997,0.00000000
0.86627086,0.00000000
0.88612002,0.00000000
0.89715400,0.00000000
0.91055550,0.00000000
0.85564496,0.00000000
0.85328552,0.00000000
0.84918752,0.00000000
0.88181908,0.00000000
0.91413022,0.00000000
0.90058166,0.00000000
0.86013008,0.00000000
0.82694436,0.00000000
0.89443379,0.00000000
0.86013276,0.00000000
0.85236264,0.00000000
0.92122299,0.00000000
0.90562701,0.00000000
0.95569670,0.00000000
0.93970534,0.00000000
0.83320308,0.00000000
0.91651376,0.00000000
0.82153368,0.00000000
0.93896438,0.00000000
0.89760171,0.00000000
0.84245423,0.00000000
0.89306716,0.00000000
0.86358094,0.00000000
0.87011034,0.00000000
0.89986528,0.00000000
0.89769377,0.00000000
0.84159088,0.00000000
0.89903764,0.00000000
0.84809080,0.00000000
0.87327561,0.00000000
0.91341171,0.00000000
0.83198511,0.00000000
0.80992930,0.00000000
0.91531896,0.00000000
0.88388506,0.00000000
0.89826152,0.00000000
0.84828698,0.00000000
0.85692916,0.00000000
0.83396911,0.00000000
0.84655441,0.00000000
0.91491522,0.00000000
0.88305184,0.00000000
0.90541031,0.00000000
0.86528940,0.00000000
0.84294902,0.00000000
0.85531526,0.00000000
0.76008140,0.00000000
0.85431201,0.00000000
0.81313720,0.00000000
0.79172431,0.00000000
0.80115488,0.00000000
0.74109265,0.00000000
0.75154705,0.00000000
0.82339014,0.00000000
0.73777054,0.00000000
0.70983044,0.00000000
0.84186023,0.00000000
0.80425291,0.00000000
0.81766737,0.00000000
0.81378035,0.00000000
0.89483535,0.00000000
0.93550704,0.00000000
0.79232953,0.00000000
0.94522766,0.00000000
0.90628943,0.00000000
0.90585034,0.00000000
0.93416110,0.00000000
0.92816142,0.00000000
0.86573428,0.00000000
0.87584162,0.00000000
0.68517004,0.00000000
0.90442887,0.00000000
0.83801933,0.00000000
0.90890866,0.00000000
0.92256933,0.00000000
0.92913125,0.00000000
0.89677653,0.00000000
0.86125875,0.00000000
0.89091851,0.00000000
0.84334911,0.00000000
0.85145781,0.00000000
0.85707814,0.00000000
0.74136896,0.00000000
0.75915341,0.00000000
0.69930399,0.00000000
0.78401605,0.00000000
0.75486449,0.00000000
0.71699949,0.00000000
0.70647640,0.00000000
0.68320412,0.00000000
0.70278376,0.00000000
0.86355955,0.00000000
0.83828143,0.00000000
0.71110958,0.00000000
0.77620096,0.00000000
0.72475794,0.00000000
0.71300248,0.00000000
0.84156894,0.00000000
0.84699275,0.00000000
0.87764025,0.00000000
0.80751646,0.00000000
0.75996097,0.00000000
0.78446834,0.00000000
0.87752730,0.00000000
0.92768215,0.00000000
0.77077492,0.00000000
0.87363377,0.00000000
0.83984628,0.00000000
0.87024386,0.00000000
0.84920228,0.00000000
0.85840746,0.00000000
0.85330982,0.00000000
0.85654138,0.00000000
0.83037495,0.00000000
0.89761602,0.00000000
0.78876466,0.00000000
0.75362868,0.00000000
0.87407208,0.00000000
0.84202568,0.00000000
0.80000088,0.00000000
0.82529257,0.00000000
0.85150230,0.00000000
0.85080593,0.00000000
0.77762271,0.00000000
0.77466021,0.00000000
0.84412646,0.00000000
0.80888622,0.00000000
0.81749221,0.00000000
0.89730587,0.00000000
0.74573704,0.00000000
0.74770361,0.00000000
0.75545401,0.00000000
0.80230910,0.00000000
0.77647062,0.00000000
0.80771883,0.00000000
0.71482717,0.00000000
0.69912506,0.00000000
0.75999508,0.00000000
0.78906362,0.00000000
0.73066679,0.00000000
0.68848722,0.00000000
0.71358902,0.00000000
0.66534479,0.00000000
0.69967379,0.00000000
0.65803333,0.00000000
0.68709169,0.00000000
0.67657877,0.00000000
0.71872623,0.00000000
0.65692524,0.00000000
0.67089113,0.00000000
0.68050993,0.00000000
0.66609681,0.00000000
0.58506966,0.00000000
0.70228031,0.00000000
0.74069808,0.00000000
0.74928636,0.00000000
0.79138500,0.00000000
0.82161650,0.00000000
0.89121552,0.00000000
0.84070771,0.00000000
0.79770241,0.00000000
0.77960959,0.00000000
0.84609119,0.00000000
0.78974550,0.00000000
0.84166252,0.00000000
0.78259712,0.00000000
0.73192909,0.00000000
0.78409320,0.00000000
0.84780434,0.00000000
0.73693205,0.00000000
0.83132731,0.00000000
0.79370366,0.00000000
0.76857700,0.00000000
0.73494937,0.00000000
0.76263212,0.00000000
0.86304681,0.00000000
0.83047031,0.00000000
0.76959256,0.00000000
0.70836771,0.00000000
0.81605785,0.00000000
0.83490872,0.00000000
0.91195955,0.00000000
0.72943363,0.00000000
0.78679454,0.00000000
0.83776005,0.00000000
0.85109568,0.00000000
0.80787417,0.00000000
0.85576820,0.00000000
0.80644233,0.00000000
0.81913280,0.00000000
0.81515673,0.00000000
0.92659082,0.00000000
0.74145262,0.00000000
0.73747106,0.00000000
0.83275258,0.00000000
0.85925840,0.00000000
0.78746186,0.00000000
0.84792014,0.00000000
0.85821952,0.00000000
0.82478888,0.00000000
0.82621907,0.00000000
0.80204202,0.00000000
0.69028030,0.00000000
0.76494982,0.00000000
0.79528069,0.00000000
0.81241311,0.00000000
0.87890986,0.00000000
0.79894062,0.00000000
0.85150661,0.00000000
0.91689368,0.00000000
0.80153814,0.00000000
0.88712957,0.00000000
0.90408784,0.00000000
0.84869205,0.00000000
0.84026459,0.00000000
0.80323957,0.00000000
0.78182128,0.00000000
0.74244845,0.00000000
0.76234807,0.00000000
0.89537139,0.00000000
0.78585625,0.00000000
0.87162622,0.00000000
0.78181257,0.00000000
0.81273566,0.00000000
0.80840252,0.00000000
0.82776255,0.00000000
0.76228606,0.00000000
0.83335402,0.00000000
0.87997686,0.00000000
0.78613516,0.00000000
0.77252764,0.00000000
0.74804996,0.00000000
0.72723415,0.00000000
0.87923017,0.00000000
0.86691867,0.00000000
0.80154617,0.00000000
0.83896641,0.00000000
0.81415787,0.00000000
0.87251925,0.00000000
0.81366480,0.00000000
0.86105912,0.00000000
0.91596030,0.00000000
0.86912899,0.00000000
0.85542831,0.00000000
0.90784744,0.00000000
0.88786452,0.00000000
0.87604418,0.00000000
0.71161265,0.00000000
0.69100592,0.00000000
0.88348756,0.00000000
0.86490852,0.00000000
0.82476049,0.00000000
0.86214226,0.00000000
0.77820078,0.00000000
0.83223238,0.00000000
0.84913130,0.00000000
0.85372191,0.00000000
0.86359715,0.00000000
0.79566451,0.00000000
0.75371623,0.00000000
0.80319817,0.00000000
0.81360800,0.00000000
0.86675966,0.00000000
0.77488302,0.00000000
0.82873103,0.00000000
0.76433975,0.00000000
0.93880932,0.00000000
0.91411886,0.00000000
0.71840493,0.00000000
0.79201237,0.00000000
0.83881447,0.00000000
0.75213333,0.00000000
0.83362993,0.00000000
0.78054364,0.00000000
0.80646748,0.00000000
0.78546400,0.00000000
0.70497914,0.00000000
0.65919351,0.00000000
0.72737759,0.00000000
0.65417117,0.00000000
0.63863782,0.00000000
0.77435004,0.00000000
0.72497354,0.00000000
0.65819955,0.00000000
0.75296602,0.00000000
0.75696806,0.00000000
0.65423229,0.00000000
0.68853606,0.00000000
0.83188496,0.00000000
0.68353156,0.00000000
0.76943909,0.00000000
0.70592788,0.00000000
0.91907159,0.00000000
0.81486153,0.00000000
0.85490442,0.00000000
0.81710820,0.00000000
0.78734804,0.00000000
0.85142284,0.00000000
0.79652860,0.00000000
0.72227869,0.00000000
0.79586864,0.00000000
0.90632427,0.00000000
0.89987052,0.00000000
0.75540293,0.00000000
0.82147136,0.00000000
0.76227102,0.00000000
0.83233347,0.00000000
0.83953519,0.00000000
0.74911502,0.00000000
0.85692226,0.00000000
0.69100040,0.00000000
0.72185203,0.00000000
0.81693099,0.00000000
0.81180011,0.00000000
0.76353800,0.00000000
0.81094071,0.00000000
0.73068152,0.00000000
0.79488244,0.00000000
0.79892551,0.00000000
0.87863375,0.00000000
0.91436144,0.00000000
0.91074997,0.00000000
0.84453459,0.00000000
0.80126127,0.00000000
0.95988145,0.00000000
0.83691574,0.00000000
0.82123769,0.00000000
0.70141939,0.00000000
0.90381934,0.00000000
0.83534077,0.00000000
0.57398333,0.00000000
0.54551295,0.00000000
0.52566740,0.00000000
0.60770187,0.00000000
0.53786823,0.00000000
0.56131968,0.00000000
0.52489636,0.00000000
0.48979958,0.00000000
0.53223354,0.00000000
0.56166248,0.00000000
0.55458135,0.00000000
0.57212982,0.00000000
0.58576782,0.00000000
0.60877700,0.00000000
0.69112833,0.00000000
0.64225579,0.00000000
0.65887594,0.00000000
0.68641838,0.00000000
0.62307428,0.00000000
0.66994302,0.00000000
0.63483252,0.00000000
0.64344589,0.00000000
0.61389869,0.00000000
0.59439735,0.00000000
0.64877419,0.00000000
0.61632800,0.00000000
0.61199042,0.00000000
0.69767757,0.00000000
0.82426239,0.00000000
0.87772612,0.00000000
0.83568541,0.00000000
0.79484480,0.00000000
0.88962726,0.00000000
0.83463354,0.00000000
0.75028465,0.00000000
0.81442741,0.00000000
0.84584351,0.00000000
0.81998681,0.00000000
0.84515717,0.00000000
0.85438928,0.00000000
0.78997145,0.00000000
0.74204755,0.00000000
0.82977303,0.00000000
0.72308632,0.00000000
0.79418810,0.00000000
0.74721240,0.00000000
0.66888368,0.00000000
0.87066580,0.00000000
0.84954146,0.00000000
0.81318270,0.00000000
0.71255942,0.00000000
0.75627520,0.00000000
0.74415431,0.00000000
0.69192412,0.00000000
0.79388382,0.00000000
0.84313760,0.00000000
0.70972146,0.00000000
0.73096590,0.00000000
0.93511104,0.00000000
0.85054147,0.00000000
0.84825507,0.00000000
0.82072528,0.00000000
0.88391933,0.00000000
0.86903813,0.00000000
0.80124648,0.00000000
0.87892827,0.00000000
0.73982328,0.00000000
0.79218693,0.00000000
0.87321442,0.00000000
0.73571500,0.00000000
0.74949893,0.00000000
0.79028665,0.00000000
0.90706771,0.00000000
0.76109155,0.00000000
0.83978679,0.00000000
0.88675721,0.00000000
0.88177915,0.00000000
0.91442643,0.00000000
0.95462095,0.00000000
0.87632657,0.00000000
0.80550001,0.00000000
0.84844583,0.00000000
0.90876656,0.00000000
0.85672729,0.00000000
0.82839741,0.00000000
0.83664706,0.00000000
0.88506356,0.00000000
0.74305416,0.00000000
0.77104100,0.00000000
0.71575570,0.00000000
0.68762792,0.00000000
0.82907472,0.00000000
0.75803080,0.00000000
0.68260312,0.00000000
0.82283701,0.00000000
0.87214040,0.00000000
0.81649102,0.00000000
0.78217830,0.00000000
0.78005524,0.00000000
0.77778880,0.00000000
0.72808212,0.00000000
0.64510884,0.00000000
0.63898261,0.00000000
0.60842723,0.00000000
0.65700207,0.00000000
0.86893249,0.00000000
0.56945406,0.00000000
0.51711693,0.00000000
0.77995289,0.00000000
0.73339245,0.00000000
0.74388797,0.00000000
0.89115050,0.00000000
0.92156797,0.00000000
0.81880858,0.00000000
0.89966863,0.00000000
0.75936766,0.00000000
0.64212078,0.00000000
0.68811748,0.00000000
0.65882382,0.00000000
0.72704924,0.00000000
0.79266812,0.00000000
0.64076428,0.00000000
0.59410546,0.00000000
0.80880122,0.00000000
0.85957247,0.00000000
0.51140471,0.00000000
0.68569187,0.00000000
0.72403358,0.00000000
0.71355407,0.00000000
0.76182390,0.00000000
0.76700299,0.00000000
0.57099873,0.00000000
