0.00000000,0.00000000
0.93545284,0.00000000
0.92600285,0.00000000
0.96281297,0.00000000
0.95938774,0.00000000
0.95596257,0.00000000
0.95311301,0.00000000
0.96868868,0.00000000
0.95062669,0.00000000
0.95949425,0.00000000
0.93875551,0.00000000
0.95198064,0.00000000
0.93867919,0.00000000
0.93606288,0.00000000
0.97847271,0.00000000
0.95986273,0.00000000
0.92530343,0.00000000
0.87353746,0.00000000
0.94785028,0.00000000
0.95679492,0.00000000
0.98129447,0.00000000
0.97110859,0.00000000
0.96880187,0.00000000
0.97601999,0.00000000
0.88500623,0.00000000
0.92813697,0.00000000
0.97210785,0.00000000
0.93881051,0.00000000
0.88542663,0.00000000
0.95605504,0.00000000
0.91471269,0.00000000
0.94999795,0.00000000
0.94666362,0.00000000
0.92665122,0.00000000
0.76259424,0.00000000
0.73867027,0.00000000
0.73652536,0.00000000
0.74280402,0.00000000
0.73352565,0.00000000
0.91527817,0.00000000
0.93167367,0.00000000
0.94965265,0.00000000
0.95621290,0.00000000
0.92948568,0.00000000
0.93233265,0.00000000
0.91393343,0.00000000
0.89549117,0.00000000
0.89274960,0.00000000
0.81820330,0.00000000
0.95490611,0.00000000
0.96649521,0.00000000
0.94496883,0.00000000
0.94930995,0.00000000
0.87673721,0.00000000
0.93847641,0.00000000
0.94508721,0.00000000
0.93696405,0.00000000
0.94993760,0.00000000
0.95772791,0.00000000
0.96092560,0.00000000
0.94817095,0.00000000
0.96853019,0.00000000
0.96471561,0.00000000
0.96310690,0.00000000
0.95448122,0.00000000
0.96309140,0.00000000
0.96077623,0.00000000
0.95346060,0.00000000
0.98096618,0.00000000
0.97153441,0.00000000
0.97417491,0.00000000
0.95763521,0.00000000
0.97355876,0.00000000
0.95709489,0.00000000
0.95994167,0.00000000
0.95317034,0.00000000
0.96694289,0.00000000
0.94790551,0.00000000
0.97796207,0.00000000
0.97899218,0.00000000
0.95562339,0.00000000
0.94709808,0.00000000
0.92132432,0.00000000
0.92123242,0.00000000
0.91928863,0.00000000
0.92132512,0.00000000
0.95441958,0.00000000
0.94162548,0.00000000
0.93918294,0.00000000
0.94442462,0.00000000
0.91640061,0.00000000
0.93374100,0.00000000
0.94820066,0.00000000
0.93100894,0.00000000
0.94306132,0.00000000
0.88336348,0.00000000
0.91122054,0.00000000
0.93353611,0.00000000
0.92247832,0.00000000
0.91085843,0.00000000
0.91251801,0.00000000
0.93699297,0.00000000
0.91231929,0.00000000
0.94759087,0.00000000
0.94361579,0.00000000
0.92820999,0.00000000
0.92746570,0.00000000
0.91547049,0.00000000
0.93116912,0.00000000
0.96440778,0.00000000
0.91515457,0.00000000
0.94987837,0.00000000
0.92254783,0.00000000
0.93519076,0.00000000
0.93096396,0.00000000
0.74840163,0.00000000
0.97217431,0.00000000
0.95812026,0.00000000
0.73949636,0.00000000
0.85591295,0.00000000
0.90019859,0.00000000
0.91053748,0.00000000
0.92405492,0.00000000
0.91227045,0.00000000
0.97236613,0.00000000
0.94932177,0.00000000
0.85026554,0.00000000
0.90645178,0.00000000
0.96732320,0.00000000
0.94215525,0.00000000
0.87016613,0.00000000
0.86031107,0.00000000
0.93651405,0.00000000
0.88356240,0.00000000
0.90117671,0.00000000
0.97007007,0.00000000
0.95732123,0.00000000
0.95295638,0.00000000
0.96890560,0.00000000
0.94859157,0.00000000
0.95663616,0.00000000
0.95861464,0.00000000
0.95752913,0.00000000
0.97124629,0.00000000
0.96859960,0.00000000
0.95232828,0.00000000
0.96134018,0.00000000
0.95121993,0.00000000
0.96109156,0.00000000
0.97986353,0.00000000
0.96389884,0.00000000
0.96255420,0.00000000
0.97464495,0.00000000
0.95800423,0.00000000
0.94483855,0.00000000
0.96332519,0.00000000
0.93948351,0.00000000
0.95995492,0.00000000
0.95154693,0.00000000
0.94839986,0.00000000
0.97533239,0.00000000
0.96285534,0.00000000
0.94720999,0.00000000
0.96633289,0.00000000
0.98068022,0.00000000
0.96880111,0.00000000
0.94851049,0.00000000
0.95851129,0.00000000
0.91676466,0.00000000
0.91874617,0.00000000
0.94581456,0.00000000
0.96785632,0.00000000
0.98052375,0.00000000
0.95134263,0.00000000
0.94615771,0.00000000
0.95235277,0.00000000
0.95870466,0.00000000
0.97818193,0.00000000
0.95724349,0.00000000
0.94264814,0.00000000
0.85790399,0.00000000
0.86099709,0.00000000
0.95142486,0.00000000
0.90100915,0.00000000
0.91747193,0.00000000
0.80296072,0.00000000
0.83177743,0.00000000
0.87868481,0.00000000
0.96079239,0.00000000
0.94684471,0.00000000
0.95575122,0.00000000
0.95247659,0.00000000
0.95713495,0.00000000
0.97194325,0.00000000
0.96962401,0.00000000
0.79499609,0.00000000
0.88215316,0.00000000
0.94686424,0.00000000
0.96202643,0.00000000
0.95742998,0.00000000
0.96085502,0.00000000
0.96247776,0.00000000
0.96654464,0.00000000
0.94724508,0.00000000
0.91409914,0.00000000
0.76780003,0.00000000
0.98081280,0.00000000
0.93733696,0.00000000
0.83796723,0.00000000
0.86931450,0.00000000
0.82076545,0.00000000
0.85021902,0.00000000
0.84828855,0.00000000
0.87921152,0.00000000
0.92551133,0.00000000
0.90560209,0.00000000
0.88804742,0.00000000
0.89632723,0.00000000
0.79862468,0.00000000
0.94850000,0.00000000
0.97797331,0.00000000
0.98617220,0.00000000
0.96653492,0.00000000
0.96783022,0.00000000
0.97564259,0.00000000
0.96656524,0.00000000
0.97211700,0.00000000
0.95763823,0.00000000
0.96999941,0.00000000
0.98589501,0.00000000
0.97027044,0.00000000
0.96857974,0.00000000
0.97560977,0.00000000
0.97727085,0.00000000
0.97192667,0.00000000
0.95713229,0.00000000
0.96109747,0.00000000
0.98360080,0.00000000
0.97756335,0.00000000
0.98966492,0.00000000
0.99555929,0.00000000
0.97319396,0.00000000
0.97343680,0.00000000
0.98255646,0.00000000
0.98215200,0.00000000
0.96430753,0.00000000
0.94743199,0.00000000
0.97090291,0.00000000
0.96299682,0.00000000
0.98648100,0.00000000
0.98097652,0.00000000
0.96239305,0.00000000
0.95123486,0.00000000
0.96173580,0.00000000
0.96491829,0.00000000
0.96360313,0.00000000
0.96148063,0.00000000
0.97520471,0.00000000
0.96749852,0.00000000
0.94798454,0.00000000
0.89427359,0.00000000
0.89964035,0.00000000
0.93187588,0.00000000
0.97240486,0.00000000
0.95760861,0.00000000
0.93464747,0.00000000
0.95878068,0.00000000
0.96067295,0.00000000
0.98081532,0.00000000
0.97495181,0.00000000
0.96804586,0.00000000
0.96383774,0.00000000
0.96845340,0.00000000
0.97861349,0.00000000
0.98298955,0.00000000
0.97584705,0.00000000
0.98109578,0.00000000
0.97480451,0.00000000
0.96215943,0.00000000
0.97459558,0.00000000
0.97846962,0.00000000
0.97017818,0.00000000
0.97291597,0.00000000
0.95818881,0.00000000
0.97142593,0.00000000
0.96900232,0.00000000
0.97614025,0.00000000
0.97718624,0.00000000
0.97137297,0.00000000
0.95824171,0.00000000
0.96298768,0.00000000
0.97987983,0.00000000
0.96369159,0.00000000
0.99164936,0.00000000
0.95686052,0.00000000
0.98015200,0.00000000
0.97631051,0.00000000
0.96855305,0.00000000
0.97229926,0.00000000
0.96037502,0.00000000
0.97993710,0.00000000
0.97524789,0.00000000
0.96803389,0.00000000
0.96986471,0.00000000
0.97150228,0.00000000
0.95459271,0.00000000
0.96856877,0.00000000
0.95692028,0.00000000
0.97115678,0.00000000
0.96892329,0.00000000
0.95343666,0.00000000
0.96666284,0.00000000
0.96752932,0.00000000
0.97902962,0.00000000
0.96069587,0.00000000
0.96221797,0.00000000
0.97764062,0.00000000
0.97601558,0.00000000
0.97201331,0.00000000
0.97739820,0.00000000
0.97026364,0.00000000
0.96991673,0.00000000
0.98074405,0.00000000
0.97989369,0.00000000
0.98406558,0.00000000
0.98602604,0.00000000
0.97533288,0.00000000
0.97019054,0.00000000
0.97443646,0.00000000
0.97438828,0.00000000
0.97725642,0.00000000
0.99283430,0.00000000
0.96977337,0.00000000
0.97036145,0.00000000
0.96559560,0.00000000
0.96675933,0.00000000
0.95242469,0.00000000
0.95350140,0.00000000
0.98557609,0.00000000
0.97202860,0.00000000
0.95403953,0.00000000
0.96370894,0.00000000
0.96477181,0.00000000
0.95044357,0.00000000
0.97136288,0.00000000
0.95704070,0.00000000
0.96272405,0.00000000
0.97457001,0.00000000
0.96326768,0.00000000
0.95545809,0.00000000
0.97806466,0.00000000
0.96931892,0.00000000
0.97223419,0.00000000
0.96019179,0.00000000
0.97350058,0.00000000
0.97916990,0.00000000
0.96763390,0.00000000
0.97207472,0.00000000
0.95524975,0.00000000
0.96648772,0.00000000
0.95969706,0.00000000
0.95655988,0.00000000
0.97000312,0.00000000
0.96584705,0.00000000
0.95663173,0.00000000
0.96942746,0.00000000
0.95993922,0.00000000
0.95943497,0.00000000
0.95274443,0.00000000
0.95594147,0.00000000
0.97304522,0.00000000
0.94532144,0.00000000
0.97018462,0.00000000
0.96740322,0.00000000
0.98441844,0.00000000
0.97824054,0.00000000
0.97408242,0.00000000
0.98118175,0.00000000
0.97871486,0.00000000
0.97510499,0.00000000
0.98052280,0.00000000
0.97583546,0.00000000
0.97618504,0.00000000
0.96368567,0.00000000
0.97934305,0.00000000
0.97272703,0.00000000
0.94657668,0.00000000
0.95607698,0.00000000
0.96457242,0.00000000
0.96178642,0.00000000
0.94919115,0.00000000
0.97439495,0.00000000
0.95844649,0.00000000
0.95730559,0.00000000
0.97824363,0.00000000
0.97224416,0.00000000
0.96003424,0.00000000
0.96344971,0.00000000
0.95377122,0.00000000
0.96680412,0.00000000
0.97626455,0.00000000
0.96304871,0.00000000
0.96090648,0.00000000
0.97401595,0.00000000
0.97920866,0.00000000
0.95966756,0.00000000
0.98247971,0.00000000
0.96347785,0.00000000
0.95258617,0.00000000
0.96425778,0.00000000
0.96591902,0.00000000
0.96230020,0.00000000
0.97544086,0.00000000
0.95431528,0.00000000
0.96217628,0.00000000
0.96303561,0.00000000
0.96818541,0.00000000
0.94793769,0.00000000
0.95351740,0.00000000
0.97418352,0.00000000
0.96360502,0.00000000
0.95987797,0.00000000
0.97797168,0.00000000
0.96395392,0.00000000
0.95317792,0.00000000
0.92903274,0.00000000
0.95611992,0.00000000
0.96120587,0.00000000
0.96195773,0.00000000
0.95583808,0.00000000
0.96648222,0.00000000
0.97962555,0.00000000
0.91994885,0.00000000
0.93796556,0.00000000
0.88499260,0.00000000
0.94626308,0.00000000
0.96315513,0.00000000
0.95520645,0.00000000
0.96020543,0.00000000
0.94236086,0.00000000
0.97391440,0.00000000
0.97398963,0.00000000
0.95803141,0.00000000
0.97703477,0.00000000
0.96095290,0.00000000
0.96142354,0.00000000
0.91864161,0.00000000
0.98419183,0.00000000
0.95391906,0.00000000
0.95481420,0.00000000
0.95305304,0.00000000
0.91581086,0.00000000
0.94885262,0.00000000
0.89797214,0.00000000
0.93644708,0.00000000
0.96184255,0.00000000
0.95556410,0.00000000
0.96954815,0.00000000
0.94672092,0.00000000
0.95969031,0.00000000
0.94240148,0.00000000
0.93912641,0.00000000
0.91812582,0.00000000
0.95054624,0.00000000
0.96452260,0.00000000
0.95728348,0.00000000
0.92800130,0.00000000
0.90589058,0.00000000
0.88795393,0.00000000
0.95489572,0.00000000
0.96010237,0.00000000
0.92051736,0.00000000
0.95185556,0.00000000
0.96800488,0.00000000
0.94233727,0.00000000
0.95218643,0.00000000
0.85640633,0.00000000
0.46318813,0.00000000
0.90797357,0.00000000
0.96651441,0.00000000
0.92287650,0.00000000
0.93439768,0.00000000
0.88666736,0.00000000
0.91693044,0.00000000
0.90903739,0.00000000
0.92440221,0.00000000
0.94030904,0.00000000
0.89527205,0.00000000
0.92353017,0.00000000
0.96278294,0.00000000
0.96526459,0.00000000
0.90748125,0.00000000
0.88481904,0.00000000
0.93225432,0.00000000
0.85627771,0.00000000
0.90582048,0.00000000
0.93368312,0.00000000
0.97164170,0.00000000
0.96816356,0.00000000
0.96638175,0.00000000
0.96783615,0.00000000
0.93939855,0.00000000
0.95257768,0.00000000
0.94660012,0.00000000
0.94497489,0.00000000
0.97563690,0.00000000
0.94662935,0.00000000
0.93482474,0.00000000
0.98280933,0.00000000
0.96308009,0.00000000
0.94594452,0.00000000
0.96539085,0.00000000
0.96332352,0.00000000
0.92546998,0.00000000
0.95514502,0.00000000
0.95040202,0.00000000
0.90547716,0.00000000
0.90824875,0.00000000
0.91191384,0.00000000
0.89464643,0.00000000
0.92826943,0.00000000
0.97147328,0.00000000
0.93355890,0.00000000
0.92358329,0.00000000
0.93638278,0.00000000
0.93033173,0.00000000
0.91592088,0.00000000
0.96997644,0.00000000
0.95766830,0.00000000
0.91117388,0.00000000
0.90167617,0.00000000
0.95474165,0.00000000
0.94617579,0.00000000
0.90958196,0.00000000
0.91220052,0.00000000
0.94120327,0.00000000
0.91758098,0.00000000
0.95784499,0.00000000
0.94126394,0.00000000
0.97253820,0.00000000
0.97293304,0.00000000
0.96483663,0.00000000
0.95307582,0.00000000
0.88507419,0.00000000
0.93818650,0.00000000
0.95166450,0.00000000
0.96810119,0.00000000
0.97365467,0.00000000
0.94871419,0.00000000
0.93490796,0.00000000
0.94873481,0.00000000
0.95090886,0.00000000
0.92375425,0.00000000
0.93728826,0.00000000
0.95548158,0.00000000
0.94778941,0.00000000
0.95842363,0.00000000
0.90810836,0.00000000
0.88787966,0.00000000
0.90615269,0.00000000
0.87999528,0.00000000
0.90280694,0.00000000
0.92781779,0.00000000
0.86366750,0.00000000
0.91027341,0.00000000
0.96559647,0.00000000
0.84851941,0.00000000
0.84994362,0.00000000
0.87720995,0.00000000
0.84364237,0.00000000
0.85379260,0.00000000
0.87419059,0.00000000
0.96792622,0.00000000
0.91614540,0.00000000
0.91669397,0.00000000
0.91302286,0.00000000
0.69835947,0.00000000
0.93979251,0.00000000
0.94871671,0.00000000
0.97112749,0.00000000
0.97613658,0.00000000
0.96611707,0.00000000
0.96935852,0.00000000
0.96938628,0.00000000
0.97654243,0.00000000
0.96501531,0.00000000
0.91165614,0.00000000
0.74670826,0.00000000
0.83565593,0.00000000
0.91486086,0.00000000
0.93373545,0.00000000
0.87388783,0.00000000
0.88539592,0.00000000
0.82654589,0.00000000
0.79049266,0.00000000
0.82371223,0.00000000
0.82050991,0.00000000
0.80442066,0.00000000
0.94746591,0.00000000
0.89192933,0.00000000
0.95824301,0.00000000
0.94435361,0.00000000
0.90050350,0.00000000
0.95235903,0.00000000
0.97741308,0.00000000
0.79838050,0.00000000
0.80848511,0.00000000
0.97862057,0.00000000
0.98456621,0.00000000
0.97069107,0.00000000
0.96089617,0.00000000
0.97568052,0.00000000
0.95979729,0.00000000
0.96094233,0.00000000
0.94617366,0.00000000
0.96461920,0.00000000
0.93470859,0.00000000
0.94891340,0.00000000
0.95395669,0.00000000
0.94230019,0.00000000
0.93815715,0.00000000
0.92536763,0.00000000
0.95527477,0.00000000
0.94106893,0.00000000
0.94597125,0.00000000
0.93540079,0.00000000
0.96827074,0.00000000
0.94559556,0.00000000
0.94869017,0.00000000
0.92633595,0.00000000
0.93868193,0.00000000
0.93530396,0.00000000
0.93508606,0.00000000
0.95964484,0.00000000
0.93155729,0.00000000
0.94420514,0.00000000
0.92188743,0.00000000
0.94333303,0.00000000
0.93360488,0.00000000
0.91970509,0.00000000
0.95530484,0.00000000
0.96434279,0.00000000
0.97368948,0.00000000
0.96923233,0.00000000
0.95539837,0.00000000
0.96913415,0.00000000
0.95497479,0.00000000
0.97298192,0.00000000
0.96801215,0.00000000
0.95879193,0.00000000
0.96385606,0.00000000
0.97240241,0.00000000
0.96023430,0.00000000
0.95903623,0.00000000
0.97616419,0.00000000
0.94980927,0.00000000
0.97678499,0.00000000
0.95936221,0.00000000
0.97176933,0.00000000
0.95479328,0.00000000
0.94586071,0.00000000
0.95876919,0.00000000
0.95804943,0.00000000
0.96357906,0.00000000
0.96990697,0.00000000
0.96257742,0.00000000
0.96642545,0.00000000
0.96422467,0.00000000
0.96714731,0.00000000
0.97554853,0.00000000
0.98158971,0.00000000
0.96569544,0.00000000
0.96594700,0.00000000
0.96301187,0.00000000
0.98866207,0.00000000
0.96330514,0.00000000
0.96209010,0.00000000
0.96683916,0.00000000
0.97085462,0.00000000
0.97074253,0.00000000
0.96741379,0.00000000
0.98162507,0.00000000
0.97900744,0.00000000
0.98118752,0.00000000
0.95860116,0.00000000
0.95597323,0.00000000
0.96866609,0.00000000
0.97327717,0.00000000
0.96571365,0.00000000
0.95527238,0.00000000
0.97121313,0.00000000
0.98758102,0.00000000
0.97304935,0.00000000
0.97179441,0.00000000
0.98426462,0.00000000
0.97185346,0.00000000
0.98384535,0.00000000
0.98615593,0.00000000
0.97254313,0.00000000
0.97755695,0.00000000
0.96703411,0.00000000
0.96481761,0.00000000
0.97495756,0.00000000
0.98056797,0.00000000
0.98009669,0.00000000
0.98866840,0.00000000
0.96636877,0.00000000
0.98129979,0.00000000
0.97889908,0.00000000
0.98258719,0.00000000
0.97550587,0.00000000
0.96955039,0.00000000
0.96943114,0.00000000
0.97346807,0.00000000
0.97965826,0.00000000
0.97163198,0.00000000
0.97925212,0.00000000
0.96994096,0.00000000
0.97494013,0.00000000
0.98845588,0.00000000
0.97801476,0.00000000
0.97462761,0.00000000
0.95890761,0.00000000
0.97499703,0.00000000
0.98146678,0.00000000
0.97440116,0.00000000
0.98548351,0.00000000
0.95840463,0.00000000
0.98005776,0.00000000
0.97528887,0.00000000
0.96717621,0.00000000
0.96516025,0.00000000
0.96345175,0.00000000
0.96503262,0.00000000
0.98174522,0.00000000
0.97501954,0.00000000
0.97182025,0.00000000
0.97666750,0.00000000
0.96739873,0.00000000
0.97168055,0.00000000
0.97821654,0.00000000
0.96974499,0.00000000
0.95860310,0.00000000
0.96330190,0.00000000
0.95976141,0.00000000
0.95695632,0.00000000
0.96651410,0.00000000
0.96396913,0.00000000
0.96134110,0.00000000
0.97347337,0.00000000
0.96823323,0.00000000
0.97729368,0.00000000
0.98176215,0.00000000
0.97340920,0.00000000
0.98111395,0.00000000
0.98306784,0.00000000
0.97466793,0.00000000
0.98637128,0.00000000
0.96989153,0.00000000
0.98124619,0.00000000
0.97404908,0.00000000
0.96643162,0.00000000
0.98064902,0.00000000
0.97768781,0.00000000
0.97448029,0.00000000
0.96520017,0.00000000
0.95401506,0.00000000
0.96812357,0.00000000
0.96755707,0.00000000
0.96891103,0.00000000
0.97437665,0.00000000
0.97310006,0.00000000
0.95395835,0.00000000
0.96313599,0.00000000
0.96788551,0.00000000
0.96757984,0.00000000
0.97341602,0.00000000
0.97363128,0.00000000
0.97894378,0.00000000
0.96855717,0.00000000
0.96520663,0.00000000
0.95508036,0.00000000
0.96834680,0.00000000
0.96352035,0.00000000
0.97170089,0.00000000
0.97631161,0.00000000
0.98377567,0.00000000
0.96910521,0.00000000
0.96925530,0.00000000
0.96278366,0.00000000
0.95940747,0.00000000
0.97884394,0.00000000
0.96658466,0.00000000
0.95969754,0.00000000
0.96495085,0.00000000
0.98382285,0.00000000
0.97098539,0.00000000
0.96645601,0.00000000
0.96595984,0.00000000
0.95140102,0.00000000
0.96673543,0.00000000
0.96356430,0.00000000
0.97386209,0.00000000
0.95912991,0.00000000
0.95460608,0.00000000
0.96508886,0.00000000
0.96529915,0.00000000
0.95565636,0.00000000
0.97464375,0.00000000
0.95664330,0.00000000
0.96281207,0.00000000
0.96781460,0.00000000
0.94372462,0.00000000
0.97882628,0.00000000
0.96718586,0.00000000
0.96321142,0.00000000
0.96488345,0.00000000
0.96572796,0.00000000
0.97938263,0.00000000
0.96910736,0.00000000
0.95939940,0.00000000
0.95791881,0.00000000
0.97061447,0.00000000
0.96382943,0.00000000
0.94710027,0.00000000
0.96443037,0.00000000
0.96529595,0.00000000
0.95693227,0.00000000
0.95883618,0.00000000
0.96688804,0.00000000
0.96403254,0.00000000
0.95199238,0.00000000
0.96883033,0.00000000
0.97052034,0.00000000
0.97306923,0.00000000
0.97418083,0.00000000
0.96943052,0.00000000
0.95363774,0.00000000
0.92186018,0.00000000
0.95057809,0.00000000
0.83703044,0.00000000
0.94410669,0.00000000
0.79771601,0.00000000
0.82110585,0.00000000
0.88951221,0.00000000
0.90868969,0.00000000
0.95270915,0.00000000
0.96856137,0.00000000
0.96390265,0.00000000
0.96251748,0.00000000
0.96307644,0.00000000
0.94408469,0.00000000
0.95922914,0.00000000
0.95008112,0.00000000
0.94058139,0.00000000
0.93955362,0.00000000
0.96645279,0.00000000
0.96785306,0.00000000
0.95446438,0.00000000
0.95575114,0.00000000
0.94584527,0.00000000
0.94976247,0.00000000
0.95149686,0.00000000
0.93460297,0.00000000
0.92961409,0.00000000
0.95431124,0.00000000
0.95412122,0.00000000
0.95838501,0.00000000
0.95216831,0.00000000
0.94891552,0.00000000
0.95271397,0.00000000
0.91939145,0.00000000
0.93028725,0.00000000
0.94470478,0.00000000
0.76967822,0.00000000
0.79798891,0.00000000
0.79348819,0.00000000
0.75477426,0.00000000
0.79465293,0.00000000
0.76350099,0.00000000
0.88210482,0.00000000
0.93828083,0.00000000
0.90596186,0.00000000
0.89716378,0.00000000
0.96148599,0.00000000
0.98177172,0.00000000
0.58222649,0.00000000
0.90622867,0.00000000
0.85745161,0.00000000
0.87282007,0.00000000
0.91606984,0.00000000
0.92934066,0.00000000
0.87071864,0.00000000
0.88637489,0.00000000
0.91968353,0.00000000
0.86981692,0.00000000
0.89640786,0.00000000
0.90507914,0.00000000
0.88160606,0.00000000
0.94818446,0.00000000
0.93108005,0.00000000
0.86490533,0.00000000
0.83910571,0.00000000
0.84731687,0.00000000
0.96453321,0.00000000
0.93732142,0.00000000
0.96437166,0.00000000
0.95008352,0.00000000
0.96739445,0.00000000
0.94619555,0.00000000
0.96433248,0.00000000
0.95882656,0.00000000
0.91700158,0.00000000
0.90868141,0.00000000
0.86781104,0.00000000
0.95013239,0.00000000
0.97352317,0.00000000
0.95085480,0.00000000
0.96583492,0.00000000
0.96780205,0.00000000
0.94780598,0.00000000
0.97861728,0.00000000
0.96595841,0.00000000
0.97613483,0.00000000
0.92937563,0.00000000
0.94719847,0.00000000
0.94974467,0.00000000
0.96176606,0.00000000
0.97598077,0.00000000
0.94508909,0.00000000
0.89732715,0.00000000
0.81402230,0.00000000
0.95736119,0.00000000
0.85684537,0.00000000
0.96301180,0.00000000
0.95639506,0.00000000
0.92819297,0.00000000
0.96100617,0.00000000
0.95091184,0.00000000
0.96505953,0.00000000
0.88817388,0.00000000
0.83699832,0.00000000
0.97600293,0.00000000
0.98661650,0.00000000
0.94478059,0.00000000
0.92493039,0.00000000
0.94403889,0.00000000
0.96379866,0.00000000
0.97370903,0.00000000
0.94702429,0.00000000
0.95170945,0.00000000
0.92381550,0.00000000
0.93282200,0.00000000
0.93365446,0.00000000
0.95852925,0.00000000
0.94276437,0.00000000
0.94316277,0.00000000
0.94840705,0.00000000
0.91880819,0.00000000
0.89291009,0.00000000
0.92896716,0.00000000
0.94137287,0.00000000
0.94440105,0.00000000
0.95971850,0.00000000
0.93652535,0.00000000
0.96859242,0.00000000
0.93977729,0.00000000
0.93666779,0.00000000
0.93772429,0.00000000
0.93008672,0.00000000
0.96704674,0.00000000
0.96978122,0.00000000
0.97855767,0.00000000
0.98146756,0.00000000
0.98352612,0.00000000
0.94730909,0.00000000
0.97209440,0.00000000
0.97773514,0.00000000
0.96267611,0.00000000
0.98431818,0.00000000
0.96834289,0.00000000
0.96146547,0.00000000
0.96312029,0.00000000
0.94780212,0.00000000
0.98492459,0.00000000
0.96104904,0.00000000
0.93469202,0.00000000
0.95261144,0.00000000
0.94836164,0.00000000
0.93765003,0.00000000
0.95111400,0.00000000
0.93943028,0.00000000
0.94435451,0.00000000
0.95720006,0.00000000
0.96829584,0.00000000
0.96648272,0.00000000
0.96039797,0.00000000
0.95925008,0.00000000
0.95694429,0.00000000
0.95758313,0.00000000
0.96123183,0.00000000
0.96627096,0.00000000
0.96297622,0.00000000
0.96700344,0.00000000
0.96466251,0.00000000
0.96059675,0.00000000
0.95505868,0.00000000
0.97140773,0.00000000
0.96139883,0.00000000
0.94927317,0.00000000
0.96532810,0.00000000
0.96767878,0.00000000
0.96066690,0.00000000
0.96351051,0.00000000
0.95022254,0.00000000
0.96105663,0.00000000
0.96811159,0.00000000
0.94331822,0.00000000
0.96520368,0.00000000
0.96229443,0.00000000
0.95680662,0.00000000
0.95869040,0.00000000
0.95491984,0.00000000
0.96197762,0.00000000
0.96262413,0.00000000
0.97187981,0.00000000
0.95468755,0.00000000
0.96968644,0.00000000
0.96853759,0.00000000
0.94816385,0.00000000
0.95922492,0.00000000
0.96350286,0.00000000
0.95349516,0.00000000
0.98116423,0.00000000
0.96723434,0.00000000
0.97290871,0.00000000
0.94118296,0.00000000
0.93807021,0.00000000
0.96085928,0.00000000
0.94706386,0.00000000
0.93463120,0.00000000
0.94214897,0.00000000
0.97190601,0.00000000
0.93933265,0.00000000
0.96362174,0.00000000
0.96180830,0.00000000
0.96879075,0.00000000
0.94454368,0.00000000
0.96579257,0.00000000
0.95946986,0.00000000
0.97550057,0.00000000
0.93434156,0.00000000
0.95095324,0.00000000
0.94649058,0.00000000
0.94669209,0.00000000
0.93417458,0.00000000
0.94958983,0.00000000
0.96513982,0.00000000
0.96589455,0.00000000
0.96545396,0.00000000
0.98286261,0.00000000
0.96568682,0.00000000
0.95939005,0.00000000
0.95676238,0.00000000
0.95628066,0.00000000
0.97139516,0.00000000
0.97826698,0.00000000
0.94826141,0.00000000
0.96814986,0.00000000
0.95975971,0.00000000
0.95015312,0.00000000
0.96556701,0.00000000
0.97597912,0.00000000
0.97181654,0.00000000
0.96139994,0.00000000
0.94958011,0.00000000
0.93341060,0.00000000
0.95017833,0.00000000
0.95186369,0.00000000
0.94541825,0.00000000
0.93115999,0.00000000
0.91948084,0.00000000
0.93447996,0.00000000
0.92356207,0.00000000
0.95071556,0.00000000
0.94616782,0.00000000
0.93092005,0.00000000
0.92728709,0.00000000
0.93402937,0.00000000
0.91701466,0.00000000
0.94646181,0.00000000
0.92652090,0.00000000
0.93121360,0.00000000
0.93817652,0.00000000
0.93694609,0.00000000
0.93261796,0.00000000
0.94345203,0.00000000
0.95486760,0.00000000
0.95418770,0.00000000
0.96905774,0.00000000
0.97326090,0.00000000
0.96533759,0.00000000
0.98210416,0.00000000
0.97337314,0.00000000
0.96634310,0.00000000
0.95233167,0.00000000
0.92680306,0.00000000
0.91807473,0.00000000
0.93455475,0.00000000
0.96332219,0.00000000
0.94126931,0.00000000
0.96316127,0.00000000
0.95966838,0.00000000
0.97092028,0.00000000
0.96218029,0.00000000
0.96510376,0.00000000
0.95972870,0.00000000
0.96346991,0.00000000
0.95467831,0.00000000
0.94734499,0.00000000
0.96913742,0.00000000
0.96500508,0.00000000
0.94850542,0.00000000
0.96414990,0.00000000
0.95666731,0.00000000
0.96188840,0.00000000
0.95756041,0.00000000
0.95685321,0.00000000
0.96662587,0.00000000
0.95376301,0.00000000
0.94330965,0.00000000
0.93686578,0.00000000
0.93463726,0.00000000
0.94418523,0.00000000
0.95000089,0.00000000
0.97133540,0.00000000
0.96468306,0.00000000
0.96197522,0.00000000
0.97159283,0.00000000
0.97654326,0.00000000
0.96068769,0.00000000
0.96337140,0.00000000
0.96066198,0.00000000
0.96343072,0.00000000
0.97014406,0.00000000
0.95258399,0.00000000
0.97468267,0.00000000
0.96594787,0.00000000
0.95672237,0.00000000
0.96617000,0.00000000
0.98203842,0.00000000
0.95256721,0.00000000
0.97414530,0.00000000
0.97643115,0.00000000
0.97883212,0.00000000
0.98056009,0.00000000
0.98910194,0.00000000
0.97078737,0.00000000
0.95207928,0.00000000
0.96508567,0.00000000
0.95344142,0.00000000
0.97309852,0.00000000
0.95585539,0.00000000
0.95022354,0.00000000
0.96586695,0.00000000
0.97199004,0.00000000
0.96941570,0.00000000
0.96501430,0.00000000
0.96088416,0.00000000
0.97497975,0.00000000
0.97432096,0.00000000
0.97228253,0.00000000
0.96397929,0.00000000
0.96259073,0.00000000
0.95765543,0.00000000
0.97759576,0.00000000
0.94838725,0.00000000
0.97814244,0.00000000
0.96732132,0.00000000
0.96406358,0.00000000
0.95163555,0.00000000
0.93807745,0.00000000
0.96053380,0.00000000
0.95532446,0.00000000
0.94791300,0.00000000
0.95421871,0.00000000
0.95625173,0.00000000
0.94139087,0.00000000
0.95549841,0.00000000
0.95371722,0.00000000
0.95835134,0.00000000
0.93367109,0.00000000
0.93024027,0.00000000
0.92321936,0.00000000
0.91302403,0.00000000
0.93416179,0.00000000
0.92802967,0.00000000
0.93218875,0.00000000
0.94772524,0.00000000
0.96342517,0.00000000
0.93686848,0.00000000
0.95702685,0.00000000
0.92934041,0.00000000
0.95595855,0.00000000
0.93829319,0.00000000
0.94815226,0.00000000
0.95448987,0.00000000
0.94009524,0.00000000
0.94602500,0.00000000
0.92936739,0.00000000
0.94970815,0.00000000
0.94149793,0.00000000
0.95898274,0.00000000
0.95516502,0.00000000
0.94669230,0.00000000
0.95536635,0.00000000
0.96519565,0.00000000
0.96102553,0.00000000
0.97313990,0.00000000
0.94290605,0.00000000
0.94209660,0.00000000
0.68135766,0.00000000
0.94243519,0.00000000
0.97010922,0.00000000
0.95920427,0.00000000
0.95814783,0.00000000
0.96956880,0.00000000
0.96250272,0.00000000
0.96524330,0.00000000
0.95140418,0.00000000
0.93959285,0.00000000
0.94074136,0.00000000
0.93036207,0.00000000
0.93292101,0.00000000
0.92463674,0.00000000
0.94539635,0.00000000
0.93734321,0.00000000
0.93280135,0.00000000
0.93664735,0.00000000
0.93964749,0.00000000
0.95448931,0.00000000
0.93479360,0.00000000
0.94935490,0.00000000
0.95470346,0.00000000
0.95971215,0.00000000
0.95195607,0.00000000
0.94239332,0.00000000
0.91747093,0.00000000
0.92718591,0.00000000
0.90116018,0.00000000
0.95687685,0.00000000
0.95630359,0.00000000
0.95286484,0.00000000
0.93859796,0.00000000
0.94070128,0.00000000
0.97307874,0.00000000
0.96182077,0.00000000
0.92800898,0.00000000
0.93728131,0.00000000
0.97098829,0.00000000
0.97459162,0.00000000
0.95595433,0.00000000
0.94520122,0.00000000
0.97121434,0.00000000
0.95317536,0.00000000
0.95331682,0.00000000
0.95783057,0.00000000
0.92211279,0.00000000
0.94313281,0.00000000
0.94034680,0.00000000
0.96463334,0.00000000
0.93340432,0.00000000
0.95268238,0.00000000
0.91094888,0.00000000
0.96219397,0.00000000
0.96562559,0.00000000
0.98388041,0.00000000
0.94238066,0.00000000
0.94448257,0.00000000
0.95760401,0.00000000
0.94552668,0.00000000
0.96167803,0.00000000
0.95888922,0.00000000
0.90958018,0.00000000
0.93617089,0.00000000
0.93120599,0.00000000
0.98402218,0.00000000
0.95509326,0.00000000
0.96360801,0.00000000
0.97082451,0.00000000
0.94864116,0.00000000
0.95603622,0.00000000
0.94875885,0.00000000
0.95991307,0.00000000
0.96516079,0.00000000
0.97517413,0.00000000
0.96048860,0.00000000
0.96936478,0.00000000
0.96182692,0.00000000
0.97701396,0.00000000
0.97166077,0.00000000
0.94951563,0.00000000
0.94712106,0.00000000
0.96456910,0.00000000
0.93124039,0.00000000
0.93632180,0.00000000
0.96342403,0.00000000
0.97367878,0.00000000
0.95683426,0.00000000
0.95770308,0.00000000
0.96579002,0.00000000
0.96861194,0.00000000
0.95866865,0.00000000
0.95729638,0.00000000
0.95749276,0.00000000
0.95231467,0.00000000
0.93006325,0.00000000
0.94777475,0.00000000
0.97357380,0.00000000
0.96949932,0.00000000
0.95327050,0.00000000
0.96229268,0.00000000
0.95209693,0.00000000
0.96898149,0.00000000
0.94655830,0.00000000
0.95561021,0.00000000
0.93697389,0.00000000
0.96287755,0.00000000
0.95246095,0.00000000
0.95514845,0.00000000
0.96382446,0.00000000
0.96001006,0.00000000
0.93838716,0.00000000
0.95974777,0.00000000
0.95800764,0.00000000
0.96682544,0.00000000
0.96283573,0.00000000
0.95615835,0.00000000
0.86475995,0.00000000
0.96443049,0.00000000
0.96523838,0.00000000
0.97406123,0.00000000
0.97547756,0.00000000
0.96095823,0.00000000
0.97011625,0.00000000
0.97078181,0.00000000
0.95672684,0.00000000
0.97177083,0.00000000
0.97829529,0.00000000
0.96351239,0.00000000
0.94206774,0.00000000
0.96948891,0.00000000
0.96566682,0.00000000
0.95558473,0.00000000
0.94952848,0.00000000
0.95065697,0.00000000
0.95368429,0.00000000
0.96381915,0.00000000
0.94227342,0.00000000
0.94654289,0.00000000
0.95886820,0.00000000
0.96589690,0.00000000
0.97391899,0.00000000
0.97307484,0.00000000
0.97442035,0.00000000
0.96210703,0.00000000
0.96925953,0.00000000
0.98613708,0.00000000
0.98315641,0.00000000
0.96454689,0.00000000
0.97117390,0.00000000
0.96672178,0.00000000
0.97044364,0.00000000
0.96656246,0.00000000
0.96617335,0.00000000
0.97527195,0.00000000
0.97419112,0.00000000
0.97268434,0.00000000
0.97407444,0.00000000
0.97173186,0.00000000
0.97246328,0.00000000
0.96419238,0.00000000
0.97110636,0.00000000
0.97889825,0.00000000
0.97621213,0.00000000
0.95781032,0.00000000
0.96870481,0.00000000
0.96120918,0.00000000
0.95889593,0.00000000
0.95540909,0.00000000
0.96395699,0.00000000
0.97859577,0.00000000
0.96811724,0.00000000
0.96491672,0.00000000
0.97764423,0.00000000
0.97774923,0.00000000
0.97448723,0.00000000
0.95837498,0.00000000
0.93978341,0.00000000
0.95395585,0.00000000
0.97743657,0.00000000
0.98434498,0.00000000
0.97974548,0.00000000
0.97033408,0.00000000
0.95683615,0.00000000
0.97414937,0.00000000
0.97039679,0.00000000
0.94737767,0.00000000
0.97621383,0.00000000
0.97345879,0.00000000
0.96604298,0.00000000
0.96290283,0.00000000
0.96738889,0.00000000
0.97329264,0.00000000
0.96693378,0.00000000
0.95725502,0.00000000
0.96471390,0.00000000
0.94447567,0.00000000
0.96327191,0.00000000
0.94524086,0.00000000
0.94366837,0.00000000
0.96194446,0.00000000
0.96409691,0.00000000
0.94127431,0.00000000
0.95509438,0.00000000
0.96394835,0.00000000
0.93716923,0.00000000
0.95451153,0.00000000
0.95199164,0.00000000
0.97524701,0.00000000
0.98330590,0.00000000
0.96063024,0.00000000
0.95672893,0.00000000
0.95032027,0.00000000
0.93672638,0.00000000
0.95723991,0.00000000
0.96664579,0.00000000
0.96515914,0.00000000
0.97499234,0.00000000
0.97090598,0.00000000
0.97095226,0.00000000
0.97482786,0.00000000
0.94949400,0.00000000
0.96253120,0.00000000
0.96257174,0.00000000
0.95804221,0.00000000
0.97947175,0.00000000
0.96701337,0.00000000
0.95580327,0.00000000
0.95960397,0.00000000
0.97107625,0.00000000
0.96515835,0.00000000
0.97487339,0.00000000
0.95267921,0.00000000
0.95629667,0.00000000
0.95750095,0.00000000
0.95947420,0.00000000
0.93615883,0.00000000
0.95457551,0.00000000
0.97427107,0.00000000
0.95086558,0.00000000
0.94729489,0.00000000
0.95713230,0.00000000
0.95928742,0.00000000
0.95837155,0.00000000
0.95103447,0.00000000
0.95729813,0.00000000
0.96160576,0.00000000
0.96775917,0.00000000
0.94784067,0.00000000
0.95357559,0.00000000
0.94658254,0.00000000
0.95086644,0.00000000
0.96238879,0.00000000
0.96435505,0.00000000
0.95591947,0.00000000
0.95627300,0.00000000
0.95591836,0.00000000
0.95342719,0.00000000
0.95648858,0.00000000
0.95851199,0.00000000
0.95845005,0.00000000
0.96543058,0.00000000
0.97155850,0.00000000
0.96774086,0.00000000
0.97065453,0.00000000
0.94701192,0.00000000
0.95366358,0.00000000
0.94605299,0.00000000
0.96989260,0.00000000
0.93698706,0.00000000
0.92652159,0.00000000
0.94379083,0.00000000
0.98335711,0.00000000
0.94189375,0.00000000
0.93390430,0.00000000
0.94488325,0.00000000
0.95625166,0.00000000
0.94680164,0.00000000
0.94122869,0.00000000
0.95707930,0.00000000
0.97855208,0.00000000
0.96528547,0.00000000
0.96694096,0.00000000
0.95205667,0.00000000
0.97046671,0.00000000
0.95370426,0.00000000
0.96788324,0.00000000
0.97035512,0.00000000
0.93360196,0.00000000
0.95931344,0.00000000
0.95694516,0.00000000
0.90777859,0.00000000
0.91267657,0.00000000
0.93846315,0.00000000
0.90948436,0.00000000
0.95780347,0.00000000
0.94994836,0.00000000
0.93548372,0.00000000
0.96440096,0.00000000
0.92096794,0.00000000
0.96300878,0.00000000
0.91170095,0.00000000
0.93967604,0.00000000
0.93447700,0.00000000
0.90299314,0.00000000
0.95720615,0.00000000
0.95157458,0.00000000
0.93625447,0.00000000
0.93931957,0.00000000
0.88921697,0.00000000
0.93947936,0.00000000
0.96024205,0.00000000
0.95977230,0.00000000
0.96284708,0.00000000
0.96491595,0.00000000
0.94632055,0.00000000
0.94873037,0.00000000
0.95736206,0.00000000
0.93092561,0.00000000
0.95167165,0.00000000
0.92614888,0.00000000
0.96004557,0.00000000
0.93659584,0.00000000
0.94417559,0.00000000
0.94115703,0.00000000
0.93421820,0.00000000
0.95776137,0.00000000
0.94988312,0.00000000
0.95381715,0.00000000
0.97502200,0.00000000
0.96635601,0.00000000
0.97814528,0.00000000
0.97528900,0.00000000
0.96372423,0.00000000
0.95419259,0.00000000
0.96358642,0.00000000
0.95924670,0.00000000
0.95598260,0.00000000
0.96214628,0.00000000
0.95065691,0.00000000
0.95492140,0.00000000
0.95734184,0.00000000
0.93675173,0.00000000
0.95625285,0.00000000
0.96126764,0.00000000
0.96521399,0.00000000
0.96274264,0.00000000
0.97139422,0.00000000
0.95700951,0.00000000
0.95414416,0.00000000
0.96424890,0.00000000
0.96598269,0.00000000
0.96703971,0.00000000
0.94569647,0.00000000
0.96901888,0.00000000
0.96421791,0.00000000
0.95394697,0.00000000
0.97829873,0.00000000
0.95199934,0.00000000
0.98011470,0.00000000
0.97966461,0.00000000
0.95785770,0.00000000
0.96848966,0.00000000
0.96260026,0.00000000
0.96987134,0.00000000
0.95592566,0.00000000
0.96181793,0.00000000
0.93848219,0.00000000
0.92166472,0.00000000
0.90679050,0.00000000
0.94700281,0.00000000
0.95240592,0.00000000
0.90932759,0.00000000
0.90430373,0.00000000
0.87193993,0.00000000
0.69122067,0.00000000
0.85043450,0.00000000
0.77416550,0.00000000
0.74717776,0.00000000
0.77807457,0.00000000
0.76287346,0.00000000
0.73274660,0.00000000
0.69468956,0.00000000
0.70871607,0.00000000
0.70140169,0.00000000
0.67728341,0.00000000
0.92578246,0.00000000
0.93862295,0.00000000
0.95700286,0.00000000
0.94728337,0.00000000
0.92977589,0.00000000
0.88903857,0.00000000
0.90878236,0.00000000
0.93302489,0.00000000
0.93860795,0.00000000
0.96372494,0.00000000
0.93647893,0.00000000
0.95329469,0.00000000
0.88121176,0.00000000
0.92921509,0.00000000
0.93804241,0.00000000
0.97064043,0.00000000
0.92382932,0.00000000
0.95414471,0.00000000
0.96022665,0.00000000
0.95427345,0.00000000
0.97025848,0.00000000
0.96731132,0.00000000
0.93440023,0.00000000
0.96079434,0.00000000
0.94485127,0.00000000
0.95902723,0.00000000
0.97928579,0.00000000
0.95839887,0.00000000
0.96957280,0.00000000
0.96319277,0.00000000
0.96718414,0.00000000
0.97103356,0.00000000
0.94446793,0.00000000
0.96774175,0.00000000
0.97509315,0.00000000
0.94529676,0.00000000
0.95058580,0.00000000
0.94683624,0.00000000
0.95896343,0.00000000
0.94884153,0.00000000
0.95140444,0.00000000
0.96349915,0.00000000
0.92868726,0.00000000
0.96102179,0.00000000
0.92997821,0.00000000
0.96484570,0.00000000
0.95204871,0.00000000
0.95139023,0.00000000
0.96648825,0.00000000
0.95278280,0.00000000
0.92457831,0.00000000
0.95675143,0.00000000
0.95926419,0.00000000
0.94556042,0.00000000
0.96364246,0.00000000
0.93890804,0.00000000
0.96764467,0.00000000
0.95096720,0.00000000
0.96419057,0.00000000
0.94838529,0.00000000
0.93853948,0.00000000
0.95675583,0.00000000
0.96954600,0.00000000
0.97271427,0.00000000
0.96517430,0.00000000
0.96993587,0.00000000
0.97354471,0.00000000
0.96073981,0.00000000
0.94388758,0.00000000
0.95599634,0.00000000
0.96778941,0.00000000
0.97017727,0.00000000
0.96470042,0.00000000
0.94288375,0.00000000
0.95267992,0.00000000
0.96831352,0.00000000
0.96882753,0.00000000
0.96387485,0.00000000
0.96986531,0.00000000
0.95707413,0.00000000
0.96800027,0.00000000
0.95886413,0.00000000
0.96238480,0.00000000
0.95023903,0.00000000
0.97076375,0.00000000
0.96430164,0.00000000
0.96898569,0.00000000
0.94973376,0.00000000
0.97188482,0.00000000
0.95059205,0.00000000
0.96163851,0.00000000
0.96981961,0.00000000
0.97343187,0.00000000
0.95831674,0.00000000
0.95514570,0.00000000
0.95203574,0.00000000
0.93929889,0.00000000
0.96069185,0.00000000
0.95661821,0.00000000
0.96124844,0.00000000
0.96805029,0.00000000
0.96005268,0.00000000
0.96120254,0.00000000
0.96520715,0.00000000
0.97246020,0.00000000
0.95633525,0.00000000
0.97087276,0.00000000
0.94063265,0.00000000
0.96560523,0.00000000
0.98673474,0.00000000
0.97186533,0.00000000
0.95342962,0.00000000
0.95577229,0.00000000
0.97029432,0.00000000
0.95400766,0.00000000
0.97196294,0.00000000
0.98030162,0.00000000
0.96481944,0.00000000
0.96225311,0.00000000
0.96477395,0.00000000
0.94422232,0.00000000
0.95217760,0.00000000
0.94800381,0.00000000
0.94066190,0.00000000
0.94128320,0.00000000
0.95375583,0.00000000
0.93900066,0.00000000
0.95666311,0.00000000
0.96732240,0.00000000
0.95472221,0.00000000
0.95214835,0.00000000
0.97535299,0.00000000
0.95508956,0.00000000
0.96194273,0.00000000
0.93641233,0.00000000
0.94540448,0.00000000
0.95542318,0.00000000
0.93696074,0.00000000
0.94808051,0.00000000
0.96169775,0.00000000
0.94708900,0.00000000
0.95690035,0.00000000
0.94816965,0.00000000
0.96001040,0.00000000
0.94328955,0.00000000
0.96913518,0.00000000
0.93842210,0.00000000
0.93922827,0.00000000
0.95385274,0.00000000
0.93510293,0.00000000
0.93832504,0.00000000
0.95541882,0.00000000
0.97715134,0.00000000
0.94673354,0.00000000
0.95475647,0.00000000
0.96920317,0.00000000
0.89037336,0.00000000
0.95105383,0.00000000
0.91788783,0.00000000
0.95313385,0.00000000
0.93568555,0.00000000
0.93388478,0.00000000
0.93391289,0.00000000
0.92391326,0.00000000
0.93074997,0.00000000
0.95656941,0.00000000
0.94999676,0.00000000
0.96488784,0.00000000
0.94152224,0.00000000
0.96275362,0.00000000
0.94260178,0.00000000
0.92616940,0.00000000
0.92036692,0.00000000
0.92847351,0.00000000
0.96438265,0.00000000
0.93108472,0.00000000
0.94087934,0.00000000
0.93517733,0.00000000
0.93045507,0.00000000
0.92600202,0.00000000
0.95002103,0.00000000
0.97145074,0.00000000
0.94907135,0.00000000
0.94866087,0.00000000
0.95419841,0.00000000
0.94728182,0.00000000
0.96011011,0.00000000
0.93461954,0.00000000
0.94007792,0.00000000
0.95530452,0.00000000
0.94068310,0.00000000
0.93856847,0.00000000
0.92762489,0.00000000
0.93335991,0.00000000
0.92860607,0.00000000
0.96028751,0.00000000
0.94515461,0.00000000
0.95617426,0.00000000
0.94809111,0.00000000
0.93245547,0.00000000
0.95200855,0.00000000
0.93638798,0.00000000
0.93762688,0.00000000
0.93108900,0.00000000
0.92247596,0.00000000
0.94029465,0.00000000
0.94069156,0.00000000
0.95605416,0.00000000
0.93691907,0.00000000
0.95751210,0.00000000
0.94793523,0.00000000
0.95863881,0.00000000
0.93599002,0.00000000
0.95294856,0.00000000
0.96018136,0.00000000
0.95357349,0.00000000
0.94479644,0.00000000
0.95493356,0.00000000
0.94883221,0.00000000
0.93756791,0.00000000
0.94829441,0.00000000
0.95496746,0.00000000
0.95584709,0.00000000
0.96175308,0.00000000
0.94965615,0.00000000
0.95519616,0.00000000
0.94146640,0.00000000
0.93025736,0.00000000
0.93579564,0.00000000
0.94159891,0.00000000
0.87701890,0.00000000
0.94608062,0.00000000
0.91111675,0.00000000
0.93004056,0.00000000
0.92252358,0.00000000
0.94181197,0.00000000
0.96932253,0.00000000
0.94889181,0.00000000
0.95159896,0.00000000
0.94662891,0.00000000
0.93906399,0.00000000
0.94217819,0.00000000
0.93258943,0.00000000
0.92477635,0.00000000
0.93915176,0.00000000
0.93954183,0.00000000
0.93582498,0.00000000
0.95136372,0.00000000
0.94104429,0.00000000
0.92910206,0.00000000
0.94758304,0.00000000
0.95609610,0.00000000
0.96763991,0.00000000
0.94116504,0.00000000
0.93938626,0.00000000
0.95621985,0.00000000
0.93447619,0.00000000
0.96621481,0.00000000
0.93998589,0.00000000
0.92998008,0.00000000
0.95559167,0.00000000
0.93552602,0.00000000
0.93257109,0.00000000
0.93151404,0.00000000
0.95804187,0.00000000
0.91916714,0.00000000
0.92270848,0.00000000
0.91698230,0.00000000
0.94261483,0.00000000
0.92474114,0.00000000
0.91644558,0.00000000
0.93058209,0.00000000
0.93038643,0.00000000
0.95008141,0.00000000
0.92795307,0.00000000
0.94826506,0.00000000
0.92741891,0.00000000
0.93184947,0.00000000
0.94962507,0.00000000
0.94828938,0.00000000
0.93534562,0.00000000
0.95636878,0.00000000
0.96406499,0.00000000
0.94706826,0.00000000
0.95481911,0.00000000
0.94755275,0.00000000
0.93574305,0.00000000
0.95854816,0.00000000
0.96960322,0.00000000
0.97032778,0.00000000
0.96275745,0.00000000
0.95716332,0.00000000
0.95077817,0.00000000
0.94607184,0.00000000
0.91969622,0.00000000
0.94156390,0.00000000
0.94850471,0.00000000
0.92759767,0.00000000
0.93403053,0.00000000
0.91894076,0.00000000
0.94827567,0.00000000
0.94066959,0.00000000
0.92939433,0.00000000
0.93398530,0.00000000
0.97092119,0.00000000
0.96946223,0.00000000
0.95331340,0.00000000
0.92234207,0.00000000
0.94922522,0.00000000
0.92571608,0.00000000
0.94835055,0.00000000
0.96000192,0.00000000
0.94899446,0.00000000
0.92670074,0.00000000
0.94694123,0.00000000
0.92284466,0.00000000
0.92854445,0.00000000
0.93226056,0.00000000
0.91621449,0.00000000
0.93342961,0.00000000
0.94150159,0.00000000
0.94379818,0.00000000
0.92742059,0.00000000
0.94476060,0.00000000
0.93833599,0.00000000
0.95339049,0.00000000
0.92562452,0.00000000
0.94479193,0.00000000
0.95650969,0.00000000
0.96615845,0.00000000
0.94443957,0.00000000
0.96566220,0.00000000
0.96183543,0.00000000
0.95946591,0.00000000
0.94580889,0.00000000
0.95947374,0.00000000
0.94989487,0.00000000
0.95323134,0.00000000
0.93625923,0.00000000
0.96079847,0.00000000
0.96299319,0.00000000
0.96658763,0.00000000
0.95090715,0.00000000
0.94090519,0.00000000
0.95526116,0.00000000
0.96266201,0.00000000
0.96516412,0.00000000
0.95230156,0.00000000
0.96118430,0.00000000
0.92111500,0.00000000
0.92734982,0.00000000
0.97333524,0.00000000
0.94794807,0.00000000
0.97778208,0.00000000
0.97200987,0.00000000
0.95316835,0.00000000
0.95396473,0.00000000
0.95794474,0.00000000
0.95296312,0.00000000
0.97563349,0.00000000
0.95132509,0.00000000
0.94783004,0.00000000
0.94867544,0.00000000
0.96847778,0.00000000
0.95446895,0.00000000
0.94651336,0.00000000
0.87356153,0.00000000
0.87079337,0.00000000
0.94554876,0.00000000
0.95750094,0.00000000
0.95419741,0.00000000
0.92221369,0.00000000
0.96535320,0.00000000
0.94438705,0.00000000
0.91729627,0.00000000
0.92789085,0.00000000
0.93746431,0.00000000
0.94288448,0.00000000
0.93780957,0.00000000
0.92924983,0.00000000
0.93017134,0.00000000
0.92528205,0.00000000
0.92411313,0.00000000
0.94761067,0.00000000
0.96387891,0.00000000
0.94959742,0.00000000
0.95456713,0.00000000
0.94682509,0.00000000
0.93023553,0.00000000
0.91755928,0.00000000
0.93740341,0.00000000
0.94876909,0.00000000
0.95584630,0.00000000
0.96929048,0.00000000
0.95021401,0.00000000
0.96620878,0.00000000
0.95916845,0.00000000
0.96946856,0.00000000
0.95934808,0.00000000
0.96755982,0.00000000
0.96933088,0.00000000
0.95783723,0.00000000
0.96083991,0.00000000
0.95559125,0.00000000
0.91076675,0.00000000
0.93975025,0.00000000
0.94594195,0.00000000
0.90869625,0.00000000
0.95885036,0.00000000
0.96631418,0.00000000
0.97932571,0.00000000
0.96189675,0.00000000
0.95229343,0.00000000
0.96163823,0.00000000
0.96920825,0.00000000
0.96531219,0.00000000
0.96178320,0.00000000
0.95658471,0.00000000
0.95771862,0.00000000
0.96381969,0.00000000
0.96000221,0.00000000
0.93212507,0.00000000
0.95623683,0.00000000
0.95255888,0.00000000
0.94437801,0.00000000
0.94857826,0.00000000
0.93913232,0.00000000
0.93360630,0.00000000
0.93091757,0.00000000
0.95472143,0.00000000
0.93442331,0.00000000
0.94852594,0.00000000
0.95231927,0.00000000
0.94469176,0.00000000
0.96046954,0.00000000
0.96338220,0.00000000
0.95663036,0.00000000
0.96383988,0.00000000
0.96063692,0.00000000
0.97797123,0.00000000
0.94433605,0.00000000
0.96119485,0.00000000
0.97481462,0.00000000
0.96927760,0.00000000
0.92029408,0.00000000
0.89866092,0.00000000
0.95269408,0.00000000
0.93247485,0.00000000
0.93239470,0.00000000
0.91301740,0.00000000
0.95069887,0.00000000
0.95169948,0.00000000
0.95531459,0.00000000
0.95752432,0.00000000
0.95479195,0.00000000
0.95545571,0.00000000
0.91775300,0.00000000
0.92517871,0.00000000
0.95662337,0.00000000
0.94382790,0.00000000
0.93511347,0.00000000
0.94486819,0.00000000
0.94503829,0.00000000
0.94502311,0.00000000
0.92451335,0.00000000
0.87726624,0.00000000
0.94678783,0.00000000
0.95456763,0.00000000
0.92530616,0.00000000
0.92608842,0.00000000
0.92751195,0.00000000
0.93117482,0.00000000
0.92641896,0.00000000
0.94204689,0.00000000
0.92694236,0.00000000
0.93201095,0.00000000
0.94571048,0.00000000
0.93471800,0.00000000
0.95097574,0.00000000
0.95925948,0.00000000
0.95672696,0.00000000
0.95870827,0.00000000
0.93234948,0.00000000
0.95313985,0.00000000
0.93884655,0.00000000
0.95435450,0.00000000
0.93740254,0.00000000
0.94021313,0.00000000
0.89880562,0.00000000
0.88149414,0.00000000
0.95339689,0.00000000
0.91405519,0.00000000
0.92888117,0.00000000
0.93409527,0.00000000
0.90204932,0.00000000
0.90578705,0.00000000
0.92296321,0.00000000
0.95444325,0.00000000
0.91336241,0.00000000
0.96895949,0.00000000
0.91252489,0.00000000
0.94098801,0.00000000
0.83162761,0.00000000
0.88912876,0.00000000
0.85281362,0.00000000
0.91801632,0.00000000
0.90635086,0.00000000
0.91968508,0.00000000
0.76989932,0.00000000
0.89366324,0.00000000
0.72663142,0.00000000
0.77852812,0.00000000
0.75892207,0.00000000
0.30764331,0.00000000
0.22192332,0.00000000
0.21602832,0.00000000
0.63314237,0.00000000
0.92640944,0.00000000
0.93009680,0.00000000
0.94720087,0.00000000
0.98355340,0.00000000
0.98140549,0.00000000
0.95855451,0.00000000
0.97783708,0.00000000
0.96925623,0.00000000
0.95025667,0.00000000
0.94982800,0.00000000
0.93930537,0.00000000
0.94168565,0.00000000
0.90427629,0.00000000
0.94531200,0.00000000
0.96522875,0.00000000
0.94421068,0.00000000
0.86184851,0.00000000
0.91202909,0.00000000
0.94795711,0.00000000
0.95630194,0.00000000
0.95532465,0.00000000
0.96220207,0.00000000
0.96992111,0.00000000
0.97020382,0.00000000
0.96504023,0.00000000
0.94760405,0.00000000
0.96868543,0.00000000
0.94257759,0.00000000
0.95055245,0.00000000
0.94537008,0.00000000
0.95816531,0.00000000
0.96955388,0.00000000
0.95917208,0.00000000
0.97657129,0.00000000
0.94663846,0.00000000
0.97754606,0.00000000
0.98884117,0.00000000
0.97821814,0.00000000
0.94396662,0.00000000
0.96627883,0.00000000
0.95010139,0.00000000
0.96358565,0.00000000
0.97369716,0.00000000
0.97406589,0.00000000
0.94387170,0.00000000
0.93060740,0.00000000
0.96509930,0.00000000
0.95250703,0.00000000
0.95987874,0.00000000
0.95267730,0.00000000
0.96607991,0.00000000
0.95246105,0.00000000
0.94713794,0.00000000
0.95025807,0.00000000
0.97938728,0.00000000
0.94895539,0.00000000
0.96499869,0.00000000
0.97600575,0.00000000
0.97362584,0.00000000
0.95024828,0.00000000
0.97617261,0.00000000
0.98196536,0.00000000
0.94576398,0.00000000
0.94021811,0.00000000
0.96244214,0.00000000
0.94708979,0.00000000
0.94146320,0.00000000
0.94235444,0.00000000
0.92927303,0.00000000
0.94379452,0.00000000
0.97290738,0.00000000
0.94618116,0.00000000
0.94308153,0.00000000
0.96937497,0.00000000
0.96020296,0.00000000
0.96285670,0.00000000
0.97000700,0.00000000
0.97514633,0.00000000
0.95461484,0.00000000
0.93254575,0.00000000
0.92884601,0.00000000
0.94464062,0.00000000
0.94164945,0.00000000
0.97499094,0.00000000
0.95402441,0.00000000
0.97581424,0.00000000
0.93031488,0.00000000
0.90744715,0.00000000
0.87330893,0.00000000
0.91145730,0.00000000
0.90407398,0.00000000
0.94560533,0.00000000
0.91114159,0.00000000
0.92118006,0.00000000
0.94988397,0.00000000
0.93661823,0.00000000
0.95942095,0.00000000
0.94245698,0.00000000
0.98274874,0.00000000
0.97429702,0.00000000
0.95695193,0.00000000
0.97960891,0.00000000
0.98468244,0.00000000
0.94410249,0.00000000
0.95764429,0.00000000
0.94374659,0.00000000
0.94262748,0.00000000
0.96982706,0.00000000
0.95122164,0.00000000
0.95549608,0.00000000
0.96362775,0.00000000
0.95340584,0.00000000
0.97700812,0.00000000
0.96525197,0.00000000
0.95704992,0.00000000
0.94042835,0.00000000
0.95472337,0.00000000
0.94008851,0.00000000
0.96677357,0.00000000
0.93504957,0.00000000
0.95940358,0.00000000
0.94430309,0.00000000
0.95273994,0.00000000
0.94287519,0.00000000
0.94113431,0.00000000
0.95441016,0.00000000
0.94870227,0.00000000
0.92392002,0.00000000
0.93268480,0.00000000
0.95155251,0.00000000
0.93058756,0.00000000
0.95316318,0.00000000
0.94714190,0.00000000
0.95705842,0.00000000
0.94504365,0.00000000
0.94153214,0.00000000
0.94114511,0.00000000
0.97571891,0.00000000
0.94833174,0.00000000
0.97039526,0.00000000
0.95585059,0.00000000
0.96203979,0.00000000
0.93402441,0.00000000
0.93394899,0.00000000
0.94813891,0.00000000
0.95066157,0.00000000
0.95515944,0.00000000
0.94795925,0.00000000
0.91348413,0.00000000
0.95269807,0.00000000
0.95871556,0.00000000
0.94369710,0.00000000
0.93745435,0.00000000
0.96305956,0.00000000
0.96335649,0.00000000
0.96416342,0.00000000
0.97844988,0.00000000
0.98782989,0.00000000
0.97107055,0.00000000
0.96585598,0.00000000
0.96018266,0.00000000
0.95329382,0.00000000
0.95814376,0.00000000
0.95149893,0.00000000
0.96824889,0.00000000
0.97014490,0.00000000
0.96296336,0.00000000
0.95258670,0.00000000
0.96130814,0.00000000
0.96394485,0.00000000
0.95449564,0.00000000
0.96459985,0.00000000
0.97024081,0.00000000
0.96751002,0.00000000
0.95074194,0.00000000
0.95747459,0.00000000
0.94245350,0.00000000
0.94959870,0.00000000
0.95720360,0.00000000
0.97989881,0.00000000
0.96693529,0.00000000
0.96336271,0.00000000
0.96811509,0.00000000
0.95845761,0.00000000
0.96454903,0.00000000
0.96670269,0.00000000
0.97417916,0.00000000
0.97549152,0.00000000
0.97239979,0.00000000
0.96805701,0.00000000
0.98477983,0.00000000
0.93432196,0.00000000
0.94488099,0.00000000
0.94285437,0.00000000
0.96501127,0.00000000
0.93799826,0.00000000
0.94018291,0.00000000
0.95478541,0.00000000
0.95577856,0.00000000
0.94303131,0.00000000
0.95640462,0.00000000
0.96111997,0.00000000
0.96908577,0.00000000
0.92242614,0.00000000
0.97538959,0.00000000
0.96276615,0.00000000
0.95643739,0.00000000
0.97903475,0.00000000
0.94471305,0.00000000
0.94340680,0.00000000
0.95672942,0.00000000
0.95904591,0.00000000
0.96214161,0.00000000
0.96623180,0.00000000
0.94156709,0.00000000
0.93867821,0.00000000
0.93271188,0.00000000
0.97138094,0.00000000
0.96575686,0.00000000
0.96110723,0.00000000
0.94846837,0.00000000
0.97838464,0.00000000
0.96435792,0.00000000
0.96487607,0.00000000
0.97652750,0.00000000
0.97656357,0.00000000
0.96252031,0.00000000
0.95802686,0.00000000
0.95492638,0.00000000
0.96135670,0.00000000
0.97939803,0.00000000
0.95561856,0.00000000
0.97467846,0.00000000
0.97634783,0.00000000
0.95668411,0.00000000
0.96542960,0.00000000
0.97293939,0.00000000
0.96156761,0.00000000
0.96355333,0.00000000
0.98351776,0.00000000
0.97724143,0.00000000
0.97299722,0.00000000
0.95153561,0.00000000
0.96959740,0.00000000
0.94595958,0.00000000
0.97319460,0.00000000
0.94069459,0.00000000
0.94663981,0.00000000
0.96765562,0.00000000
0.94993027,0.00000000
0.95413794,0.00000000
0.95802314,0.00000000
0.95810269,0.00000000
0.94554613,0.00000000
0.95160530,0.00000000
0.94648606,0.00000000
0.93228425,0.00000000
0.93378727,0.00000000
0.94601527,0.00000000
0.95509322,0.00000000
0.93931240,0.00000000
0.93846647,0.00000000
0.93878685,0.00000000
0.92262707,0.00000000
0.94591830,0.00000000
0.91580727,0.00000000
0.95479748,0.00000000
0.96662460,0.00000000
0.95513032,0.00000000
0.93769670,0.00000000
0.95989006,0.00000000
0.95856422,0.00000000
0.95087846,0.00000000
0.95562078,0.00000000
0.95186796,0.00000000
0.95035551,0.00000000
0.95682159,0.00000000
0.96716678,0.00000000
0.95911323,0.00000000
0.93627187,0.00000000
0.95286394,0.00000000
0.97775494,0.00000000
0.99056406,0.00000000
0.96349180,0.00000000
0.96878097,0.00000000
0.94701424,0.00000000
0.93783756,0.00000000
0.94967299,0.00000000
0.92116180,0.00000000
0.96217927,0.00000000
0.97291555,0.00000000
0.97089870,0.00000000
0.96554582,0.00000000
0.95994137,0.00000000
0.99178001,0.00000000
0.97443520,0.00000000
0.97131086,0.00000000
0.97563812,0.00000000
0.97750313,0.00000000
0.96835871,0.00000000
0.96277267,0.00000000
0.95380536,0.00000000
0.91445864,0.00000000
0.93138800,0.00000000
0.93987050,0.00000000
0.94088495,0.00000000
0.92423967,0.00000000
0.95883008,0.00000000
0.95072406,0.00000000
0.96418439,0.00000000
0.96032682,0.00000000
0.95244328,0.00000000
0.95098934,0.00000000
0.94506483,0.00000000
0.93254306,0.00000000
0.96396886,0.00000000
0.93470103,0.00000000
0.92808145,0.00000000
0.95771549,0.00000000
0.91008266,0.00000000
0.91998791,0.00000000
0.96184286,0.00000000
0.93990516,0.00000000
0.97048392,0.00000000
0.94409691,0.00000000
0.90897373,0.00000000
0.92901849,0.00000000
0.92886752,0.00000000
0.93443792,0.00000000
0.89650634,0.00000000
0.92630444,0.00000000
0.96376330,0.00000000
0.94221563,0.00000000
0.88975574,0.00000000
0.95193757,0.00000000
0.93381230,0.00000000
0.92361849,0.00000000
0.93380902,0.00000000
0.90052306,0.00000000
0.92740341,0.00000000
0.94353593,0.00000000
0.95579998,0.00000000
0.95642662,0.00000000
0.94389369,0.00000000
0.93465015,0.00000000
0.93953440,0.00000000
0.95003925,0.00000000
0.96008618,0.00000000
0.94993515,0.00000000
0.93625035,0.00000000
0.94846225,0.00000000
0.95500871,0.00000000
0.96412740,0.00000000
0.93334702,0.00000000
0.94604414,0.00000000
0.93131266,0.00000000
0.92342438,0.00000000
0.93169572,0.00000000
0.93776659,0.00000000
0.97937256,0.00000000
0.95447718,0.00000000
0.96219284,0.00000000
0.95183931,0.00000000
0.97778173,0.00000000
0.97889277,0.00000000
0.96364674,0.00000000
0.97338110,0.00000000
0.95694847,0.00000000
0.96016592,0.00000000
0.97527355,0.00000000
0.97556268,0.00000000
0.95483860,0.00000000
0.95900960,0.00000000
0.96176255,0.00000000
0.97806931,0.00000000
0.94197904,0.00000000
0.97649413,0.00000000
0.96035467,0.00000000
0.97482272,0.00000000
0.97423542,0.00000000
0.95016002,0.00000000
0.95584726,0.00000000
0.96402893,0.00000000
0.94883978,0.00000000
0.94623655,0.00000000
0.94744396,0.00000000
0.94161133,0.00000000
0.94183812,0.00000000
0.92289081,0.00000000
0.87593593,0.00000000
0.93257451,0.00000000
0.95123759,0.00000000
0.97040884,0.00000000
0.92603084,0.00000000
0.97605532,0.00000000
0.95131166,0.00000000
0.93705078,0.00000000
0.95659127,0.00000000
0.97456224,0.00000000
0.94571583,0.00000000
0.94211831,0.00000000
0.92741510,0.00000000
0.91725394,0.00000000
0.94045114,0.00000000
0.91134513,0.00000000
0.93578634,0.00000000
0.95417430,0.00000000
0.94590401,0.00000000
0.94512742,0.00000000
0.94310682,0.00000000
0.94349077,0.00000000
0.95079096,0.00000000
0.96659991,0.00000000
0.94082056,0.00000000
0.95918327,0.00000000
0.93995219,0.00000000
0.95264677,0.00000000
0.93902156,0.00000000
0.96179001,0.00000000
0.96038116,0.00000000
0.94615248,0.00000000
0.95648460,0.00000000
0.94652759,0.00000000
0.96200325,0.00000000
0.96437899,0.00000000
0.95745095,0.00000000
0.97191274,0.00000000
0.97166186,0.00000000
0.96968609,0.00000000
0.95568782,0.00000000
0.95391134,0.00000000
0.95739815,0.00000000
0.96023950,0.00000000
0.95536801,0.00000000
0.93388735,0.00000000
0.96769328,0.00000000
0.96105773,0.00000000
0.95981337,0.00000000
0.96539031,0.00000000
0.94534035,0.00000000
0.93272326,0.00000000
0.92803932,0.00000000
0.94507440,0.00000000
0.94033299,0.00000000
0.95751039,0.00000000
0.95117237,0.00000000
0.96288472,0.00000000
0.94104486,0.00000000
0.94962599,0.00000000
0.94649443,0.00000000
0.93610591,0.00000000
0.94192778,0.00000000
0.94307762,0.00000000
0.93821445,0.00000000
0.95528573,0.00000000
0.93539292,0.00000000
0.94701767,0.00000000
0.93965630,0.00000000
0.94325583,0.00000000
0.94723311,0.00000000
0.92648826,0.00000000
0.93181559,0.00000000
0.94459248,0.00000000
0.94709351,0.00000000
0.94688485,0.00000000
0.93302846,0.00000000
0.97009566,0.00000000
0.94175835,0.00000000
0.95782301,0.00000000
0.95482476,0.00000000
0.95440657,0.00000000
0.95523492,0.00000000
0.94605135,0.00000000
0.96878549,0.00000000
0.95869808,0.00000000
0.94317709,0.00000000
0.95889037,0.00000000
0.94823223,0.00000000
0.94641148,0.00000000
0.96561467,0.00000000
0.95777636,0.00000000
0.96039299,0.00000000
0.94734851,0.00000000
0.96178146,0.00000000
0.95944458,0.00000000
0.97193671,0.00000000
0.96090622,0.00000000
0.95185321,0.00000000
0.95400238,0.00000000
0.95444760,0.00000000
0.96915769,0.00000000
0.97231324,0.00000000
0.95518779,0.00000000
0.96197931,0.00000000
0.96015974,0.00000000
0.95129758,0.00000000
0.94918600,0.00000000
0.95580239,0.00000000
0.95693390,0.00000000
0.95918366,0.00000000
0.95832867,0.00000000
0.94664401,0.00000000
0.95700083,0.00000000
0.94658828,0.00000000
0.95911564,0.00000000
0.96040178,0.00000000
0.94665608,0.00000000
0.95802201,0.00000000
0.95273315,0.00000000
0.96587475,0.00000000
0.95736046,0.00000000
0.97032904,0.00000000
0.95431241,0.00000000
0.94926500,0.00000000
0.96531378,0.00000000
0.96595667,0.00000000
0.96290896,0.00000000
0.96744964,0.00000000
0.96387871,0.00000000
0.94898854,0.00000000
0.94874008,0.00000000
0.97051436,0.00000000
0.95812076,0.00000000
0.95473947,0.00000000
0.97701087,0.00000000
0.95854431,0.00000000
0.97848408,0.00000000
0.96084346,0.00000000
0.96339740,0.00000000
0.95579888,0.00000000
0.95746583,0.00000000
0.95885556,0.00000000
0.96202649,0.00000000
0.96229138,0.00000000
0.97138710,0.00000000
0.96554174,0.00000000
0.97389391,0.00000000
0.96168685,0.00000000
0.96824763,0.00000000
0.96157577,0.00000000
0.95950716,0.00000000
0.95978213,0.00000000
0.97013507,0.00000000
0.94812196,0.00000000
0.95663604,0.00000000
0.93880961,0.00000000
0.95975609,0.00000000
0.94909791,0.00000000
0.95102496,0.00000000
0.96199270,0.00000000
0.95265600,0.00000000
0.94338720,0.00000000
0.94416694,0.00000000
0.95931018,0.00000000
0.95178739,0.00000000
0.95928479,0.00000000
0.97191542,0.00000000
0.95788407,0.00000000
0.95718852,0.00000000
0.94198487,0.00000000
0.96084186,0.00000000
0.96227240,0.00000000
0.95500729,0.00000000
0.93360608,0.00000000
0.96311053,0.00000000
0.97628125,0.00000000
0.97001065,0.00000000
0.95557845,0.00000000
0.97939134,0.00000000
0.95203968,0.00000000
0.97615065,0.00000000
0.96707757,0.00000000
0.95832860,0.00000000
0.96783587,0.00000000
0.95703624,0.00000000
0.97534732,0.00000000
0.95474663,0.00000000
0.97168336,0.00000000
0.96414562,0.00000000
0.96040776,0.00000000
0.95464590,0.00000000
0.96853776,0.00000000
0.96490336,0.00000000
0.97487549,0.00000000
0.97224547,0.00000000
0.97099414,0.00000000
0.96968245,0.00000000
0.97838580,0.00000000
0.97389370,0.00000000
0.97402808,0.00000000
0.97133350,0.00000000
0.98589329,0.00000000
0.97692691,0.00000000
0.98823883,0.00000000
0.97647514,0.00000000
0.98522234,0.00000000
0.97158392,0.00000000
0.98363655,0.00000000
0.98103871,0.00000000
0.97297874,0.00000000
0.97805407,0.00000000
0.96107673,0.00000000
0.95587865,0.00000000
0.97381606,0.00000000
0.96825912,0.00000000
0.96756884,0.00000000
0.97082716,0.00000000
0.97877549,0.00000000
0.98222823,0.00000000
0.98227507,0.00000000
0.97755905,0.00000000
0.97228869,0.00000000
0.97181018,0.00000000
0.98119047,0.00000000
0.96604548,0.00000000
0.97828374,0.00000000
0.97857756,0.00000000
0.98508494,0.00000000
0.98142051,0.00000000
0.97220499,0.00000000
0.97888970,0.00000000
0.97447543,0.00000000
0.96391550,0.00000000
0.95604354,0.00000000
0.98190758,0.00000000
0.97100939,0.00000000
0.97634223,0.00000000
0.97926841,0.00000000
0.99191964,0.00000000
0.98336214,0.00000000
0.96998395,0.00000000
0.97178122,0.00000000
0.97790028,0.00000000
0.98510881,0.00000000
0.95943591,0.00000000
0.97114221,0.00000000
0.96751721,0.00000000
0.96827422,0.00000000
0.97073355,0.00000000
0.96477638,0.00000000
0.95168627,0.00000000
0.97669565,0.00000000
0.96493095,0.00000000
0.98769903,0.00000000
0.97180964,0.00000000
0.97495826,0.00000000
0.97080404,0.00000000
0.97272000,0.00000000
0.97264883,0.00000000
0.97329059,0.00000000
0.96897909,0.00000000
0.97126116,0.00000000
0.95851797,0.00000000
0.96236392,0.00000000
0.93842625,0.00000000
0.96149105,0.00000000
0.95753953,0.00000000
0.96151050,0.00000000
0.96104363,0.00000000
0.96031756,0.00000000
0.97639918,0.00000000
0.97962245,0.00000000
0.95480618,0.00000000
0.96545145,0.00000000
0.96295806,0.00000000
0.95492148,0.00000000
0.97644522,0.00000000
0.98449406,0.00000000
0.97893510,0.00000000
0.96141047,0.00000000
0.97323966,0.00000000
0.94777142,0.00000000
0.95607399,0.00000000
0.95026905,0.00000000
0.95062771,0.00000000
0.93349945,0.00000000
0.91138085,0.00000000
0.93531805,0.00000000
0.93913685,0.00000000
0.93002520,0.00000000
0.92832425,0.00000000
0.89272046,0.00000000
0.88888415,0.00000000
0.89663784,0.00000000
0.89931559,0.00000000
0.94110599,0.00000000
0.91597426,0.00000000
0.93732626,0.00000000
0.92415212,0.00000000
0.95942738,0.00000000
0.95637754,0.00000000
0.92856467,0.00000000
