690.000,283.000,240.000,96.000
688.643,287.810,242.713,92.766
696.655,288.795,241.122,93.502
699.060,288.344,243.827,93.502
710.084,286.147,245.347,93.969
721.134,288.117,246.971,94.591
734.098,290.102,246.759,95.214
744.753,292.250,243.266,95.525
751.343,294.850,239.545,94.902
757.204,299.396,238.699,94.573
761.706,302.186,239.017,97.411
764.455,306.266,240.243,97.198
765.483,311.391,245.535,97.357
769.962,316.099,260.729,101.567
767.782,317.707,270.951,105.189
768.328,320.929,285.415,107.200
766.063,317.800,300.800,112.756
761.985,314.452,301.584,112.817
754.766,309.576,307.162,114.447
751.143,304.518,316.658,118.184
743.753,300.885,327.566,122.353
739.643,305.162,327.773,125.419
733.330,312.628,342.835,126.735
726.182,322.593,355.879,131.003
719.133,331.042,357.443,130.961
712.438,332.407,360.436,133.431
704.670,336.753,363.235,133.962
697.231,341.010,365.303,134.725
689.755,346.625,367.372,134.155
678.208,350.552,372.677,134.306
676.951,350.099,370.268,132.079
672.600,344.418,377.641,130.603
677.305,342.566,382.016,131.193
685.886,341.825,381.887,130.881
694.606,337.421,386.386,129.392
702.441,338.540,389.520,128.049
715.181,335.034,388.637,131.931
719.598,336.641,391.588,129.623
731.743,337.379,391.213,129.051
734.867,331.747,387.663,129.971
733.286,326.204,386.333,129.826
731.475,323.435,389.507,127.296
721.642,317.550,386.442,125.248
716.979,314.948,394.004,128.690
713.859,312.586,388.525,126.654
710.887,308.835,386.029,122.605
699.985,298.244,393.018,126.358
700.602,298.060,394.461,127.620
699.725,308.412,393.072,126.681
699.256,311.892,396.690,124.189
698.145,310.907,397.135,127.048
701.082,307.871,390.811,126.373
701.254,301.236,393.135,125.412
701.699,294.565,394.024,124.967
696.590,287.306,390.915,125.271
693.041,278.139,391.365,127.205
688.145,271.606,394.457,125.976
682.342,271.231,392.676,122.711
672.891,270.146,392.670,130.157
665.952,270.937,392.514,124.500
657.672,266.336,395.793,122.191
648.224,256.116,397.519,126.343
649.096,248.838,397.570,124.297
642.188,249.101,394.912,125.998
639.066,254.919,394.010,125.976
635.717,259.006,393.569,123.158
636.821,258.002,396.648,126.046
634.117,261.926,394.445,123.572
627.034,263.569,392.250,118.958
615.022,261.602,392.041,118.997
612.655,261.023,391.588,122.317
603.363,263.460,391.330,117.005
598.623,261.156,390.959,114.333
590.538,252.302,387.239,118.923
583.051,246.876,387.603,118.601
578.555,245.228,389.298,118.034
576.195,249.306,388.010,116.746
574.568,253.124,386.149,111.242
577.062,253.937,382.406,114.597
572.075,254.223,382.738,116.121
573.872,259.930,382.523,115.264
573.938,257.892,383.232,120.180
570.033,266.846,386.743,119.890
578.845,280.651,384.213,116.428
580.705,295.223,386.425,112.707
583.860,299.780,383.457,113.617
588.037,304.793,385.128,110.693
592.592,304.770,383.456,110.326
596.993,302.706,387.827,111.984
594.402,297.785,389.256,113.064
583.967,297.169,387.434,113.037
573.109,294.159,391.122,115.283
564.144,282.916,393.747,113.107
557.693,275.640,391.431,116.668
557.087,279.227,393.069,115.055
556.517,287.372,399.744,114.942
541.782,296.771,397.023,116.746
546.678,299.948,393.269,115.997
536.299,293.362,397.346,118.049
537.631,290.799,390.345,119.272
540.899,292.518,372.570,118.859
543.958,288.345,370.665,116.254
555.109,288.689,366.654,117.645
572.569,288.481,368.317,110.994
608.201,290.557,361.804,111.698
655.406,289.223,353.974,107.521
713.622,285.160,351.235,114.083
769.831,282.898,352.616,108.991
821.655,280.453,354.605,109.170
860.200,282.215,352.806,109.587
881.880,290.158,346.453,109.841
883.591,303.275,345.375,109.785
874.291,314.132,347.608,113.791
860.145,323.642,350.415,112.292
845.889,326.563,351.521,112.407
822.550,333.390,357.981,108.708
810.265,337.159,344.217,107.494
805.570,335.053,348.214,107.084
806.052,330.204,352.664,106.727
809.804,320.599,358.376,107.668
816.378,317.420,353.484,109.309
813.988,310.264,343.697,111.023
806.278,301.228,298.873,113.447
801.236,290.114,301.584,111.711
790.615,268.020,311.428,114.717
784.250,260.245,336.276,107.169
776.360,259.842,352.056,110.635
774.944,262.203,338.684,111.841
769.313,260.449,348.387,121.195
758.876,263.889,348.702,127.474
747.876,275.272,348.746,125.819
737.378,282.007,354.232,134.147
729.538,287.138,359.008,136.536
732.196,288.479,357.680,137.842
736.260,283.576,363.783,137.864
735.724,284.826,361.269,144.328
736.668,287.949,362.125,148.599
737.608,296.328,365.351,155.054
745.321,309.972,365.182,158.277
746.484,320.774,363.818,163.622
754.090,333.254,363.254,166.003
753.279,339.544,356.516,164.735
751.512,346.213,361.020,168.864
758.047,356.014,365.249,166.561
766.379,373.133,361.423,170.836
772.058,391.920,360.505,172.048
774.756,405.126,360.596,175.560
777.734,413.817,365.220,172.787
783.375,413.737,367.511,173.952
783.361,410.094,362.984,173.139
792.752,398.822,366.278,174.609
795.665,383.357,362.477,172.126
800.816,371.871,362.681,169.585
807.301,365.262,356.169,170.881
811.586,358.372,357.966,165.899
818.884,351.577,353.614,164.370
821.421,344.937,345.160,166.063
820.037,339.789,340.739,164.858
818.077,334.866,333.266,164.734
812.501,330.894,329.403,161.417
812.826,320.642,327.829,161.606
812.721,318.974,322.050,161.256
811.329,317.937,317.079,161.048
814.755,317.513,315.202,159.636
816.474,308.833,314.907,161.721
823.955,292.573,309.884,162.170
829.920,286.156,310.517,160.643
831.781,282.847,311.715,160.106
830.216,272.114,309.032,159.659
830.413,263.444,309.082,159.655
834.638,254.771,307.748,159.655
830.547,248.073,306.168,157.521
824.013,241.089,306.485,161.377
812.078,230.062,305.868,162.952
799.092,215.384,307.243,160.553
785.942,200.046,307.303,159.655
778.523,198.228,303.506,157.965
771.202,204.467,305.877,156.883
769.711,216.661,303.155,159.255
770.465,229.891,301.648,159.618
775.468,249.967,301.305,157.680
778.679,279.514,301.863,160.092
783.457,314.217,301.991,157.599
789.462,342.357,299.589,158.529
789.634,350.955,301.427,163.146
790.200,356.121,302.515,159.032
786.852,354.821,303.501,159.437
785.846,355.740,303.752,157.599
792.234,359.165,300.618,156.882
795.608,362.835,303.433,158.237
796.844,369.126,303.155,154.429
795.929,366.629,305.851,160.290
790.625,356.800,306.266,158.230
786.861,349.975,304.097,157.778
785.797,348.139,301.839,157.061
789.444,354.341,298.902,153.373
786.273,359.861,297.957,156.052
781.560,360.610,300.043,157.576
776.644,358.012,302.476,155.808
774.862,347.669,300.390,157.802
763.405,341.605,301.517,155.987
762.622,341.874,300.478,155.450
762.708,347.767,298.574,152.316
756.917,356.853,299.904,155.079
750.156,360.137,301.338,154.554
740.473,363.073,302.551,149.547
735.512,358.238,302.256,152.831
724.449,351.622,306.313,153.157
718.431,350.565,304.469,151.801
711.056,352.469,303.732,148.854
704.983,353.673,302.256,147.297
696.749,351.656,302.661,149.217
691.843,346.657,302.256,149.000
688.800,337.488,304.519,149.074
686.163,327.109,303.393,146.363
684.778,321.431,302.367,147.599
676.411,322.438,303.020,145.585
671.837,317.819,305.015,145.986
667.519,315.147,303.929,144.567
663.771,310.204,304.290,141.862
659.005,304.553,306.745,143.176
654.148,297.655,304.290,141.022
647.874,291.860,305.225,138.098
645.462,292.649,303.059,135.287
644.230,293.434,301.471,136.553
641.827,291.843,302.215,136.078
639.796,292.859,302.215,133.235
639.462,292.794,301.276,132.160
637.415,296.121,299.375,132.301
636.793,300.074,299.025,132.368
638.573,306.130,296.260,131.406
640.085,309.787,294.027,129.625
642.150,313.260,293.412,128.539
646.206,314.561,290.355,126.326
646.731,315.566,287.769,124.700
647.661,312.695,286.667,123.616
651.243,309.713,283.646,125.061
654.638,311.139,281.383,122.586
657.434,310.732,279.136,121.170
660.406,310.198,277.243,120.028
665.005,307.401,275.348,119.050
673.202,308.171,274.187,116.783
680.993,307.105,272.216,117.841
691.205,309.713,270.803,118.005
709.840,314.631,262.903,117.125
726.808,321.219,263.733,117.293
743.865,326.687,258.497,116.218
763.754,334.109,259.339,115.262
785.764,340.506,254.783,110.775
803.565,345.132,255.488,109.927
826.916,347.396,253.765,110.435
844.534,349.992,246.013,107.254
868.691,349.642,243.547,106.003
883.673,350.534,245.749,104.540
908.914,347.564,240.549,104.698
917.055,345.276,241.738,105.463
937.232,345.264,242.941,101.971
946.822,348.661,240.465,101.796
956.510,350.393,243.636,100.210
967.784,351.333,236.120,100.210
972.751,354.906,236.662,100.766
979.477,359.535,231.248,98.620
982.818,363.145,229.410,97.454
984.555,364.826,228.932,95.888
982.438,367.976,227.233,95.521
978.290,370.284,227.854,93.562
975.451,373.753,225.923,93.647
969.917,376.614,227.094,91.420
962.522,377.007,221.390,91.500
957.164,375.708,222.411,92.671
951.298,377.171,218.897,90.895
945.712,379.940,220.460,88.749
939.964,380.333,216.828,88.804
937.401,379.677,211.108,87.892
928.720,379.456,213.747,86.153
925.037,377.441,208.345,85.565
922.424,376.867,206.613,83.234
922.516,377.251,208.004,84.042
922.518,375.343,210.912,83.359
927.830,375.318,206.662,84.206
931.584,378.329,201.797,84.258
934.036,383.378,199.504,83.040
936.662,386.768,199.920,83.472
939.119,387.899,197.593,80.434
942.675,384.665,198.312,81.093
947.549,381.501,195.678,80.304
952.221,376.702,190.353,80.360
956.519,375.776,190.175,80.725
960.546,374.951,190.559,79.400
966.794,373.711,189.653,78.919
969.210,373.461,186.048,78.929
972.221,373.621,182.209,78.124
974.612,373.946,181.253,77.714
975.656,375.734,181.541,77.701
976.656,376.009,185.257,77.389
978.947,378.521,181.153,75.241
980.282,378.296,177.782,75.225
979.306,378.386,177.649,75.275
981.275,376.186,176.491,76.896
983.034,374.538,179.500,74.830
984.116,373.422,176.640,75.670
987.433,371.419,172.785,74.349
990.475,370.892,171.244,74.039
993.297,371.363,170.112,72.647
997.991,369.397,170.298,71.458
1001.992,367.095,169.371,70.976
1005.202,362.175,164.707,72.032
1008.382,359.150,162.491,71.540
1011.180,359.046,162.081,70.451
1017.498,359.586,162.079,66.587
1021.331,359.167,162.113,67.634
1029.235,361.334,158.671,67.702
1036.532,361.553,155.910,66.848
1039.398,362.855,154.270,65.473
1046.578,359.504,152.209,65.923
1049.864,356.559,152.857,64.794
1051.044,354.624,147.105,64.072
1051.233,353.189,145.948,62.466
1053.311,352.701,144.850,62.870
1053.693,353.178,144.468,63.826
1057.363,355.046,145.795,63.172
1058.993,358.202,141.383,61.471
1060.458,360.762,138.825,62.882
1061.956,361.145,137.701,60.993
1062.694,361.165,136.592,59.851
1060.727,361.754,138.896,60.484
1060.961,364.274,135.307,59.300
1060.909,365.728,132.358,59.085
1062.096,366.582,131.046,59.148
1058.220,367.549,130.852,57.391
1055.426,366.387,134.009,57.631
1056.046,363.683,129.777,56.876
1053.304,359.769,127.516,55.240
1048.652,352.764,125.391,56.980
1046.566,348.524,125.832,57.150
1047.061,346.654,128.244,57.659
1045.446,344.680,127.688,56.444
1044.317,345.348,126.203,57.999
1043.760,346.551,125.429,57.996
1041.976,348.688,126.090,57.485
1040.710,349.796,127.939,56.975
1039.325,348.857,127.801,57.314
1036.650,348.001,127.317,57.481
1035.621,347.229,126.459,59.025
1034.635,346.971,126.526,57.984
1033.210,349.024,127.660,58.854
1032.639,347.379,131.579,58.846
1032.044,344.402,129.777,57.757
1031.490,341.340,128.801,56.936
1032.232,336.349,127.660,58.168
1030.997,331.779,129.440,58.507
1032.342,328.908,128.496,58.138
1032.375,328.206,131.200,57.984
1033.203,327.169,129.893,58.487
1034.076,325.161,129.195,59.185
1034.416,324.639,130.615,58.129
1036.348,322.452,130.940,59.185
1038.953,319.023,131.205,58.451
1040.817,318.047,131.691,58.822
1042.561,318.850,132.441,58.980
1045.738,319.121,131.577,59.679
1046.352,319.658,132.481,59.847
1049.014,319.936,131.263,60.363
1051.068,320.651,131.263,60.185
1052.054,321.893,131.074,60.728
1054.548,323.325,129.656,60.899
1055.086,324.390,130.717,60.728
1057.581,325.287,131.977,61.435
1058.377,324.943,128.039,59.956
1059.887,325.773,130.462,60.578
1062.965,326.499,122.525,61.441
1064.516,329.018,124.820,60.582
1065.473,331.977,122.035,59.712
1066.782,332.406,119.247,61.249
1069.605,334.630,116.338,60.222
1072.136,335.917,113.957,59.995
1072.319,337.434,112.927,59.279
1075.292,338.852,110.591,58.741
1076.943,340.430,109.875,57.846
1078.900,341.906,108.514,57.130
1080.841,344.312,107.154,55.468
1081.398,347.778,105.422,54.875
1083.454,351.261,105.583,54.165
1082.739,353.788,104.890,54.567
1083.951,356.516,103.981,52.748
1084.089,358.227,106.082,52.298
1084.507,358.735,112.849,51.878
1084.569,360.563,115.797,48.684
1085.701,364.426,115.040,48.485
1086.831,367.429,114.275,47.565
1089.218,370.256,120.420,48.404
1090.035,375.477,118.634,43.933
1091.668,378.071,117.393,44.095
1094.320,382.973,120.156,42.501
1096.168,386.483,116.031,41.062
1096.123,389.277,115.290,40.324
1096.546,392.504,117.995,40.288
1096.450,394.975,114.873,39.764
1097.083,398.047,117.131,38.501
1097.112,398.996,118.419,38.217
1097.027,400.816,115.078,37.279
1093.358,400.844,101.314,36.043
1092.201,401.191,118.034,34.744
1090.664,402.107,117.765,34.584
1089.741,401.982,116.794,33.425
1087.983,403.187,118.059,34.017
1085.895,407.108,117.661,31.893
1085.533,408.410,121.462,32.857
1085.387,410.537,123.526,32.147
1085.387,410.917,118.084,33.919
1085.090,410.850,118.169,33.926
1084.327,410.786,118.677,34.942
1084.425,412.253,118.998,33.170
1085.053,413.206,114.969,33.785
1085.134,414.591,113.057,33.517
1086.801,415.286,112.071,33.485
1087.581,415.539,112.232,33.842
1088.218,414.914,112.688,32.991
1088.048,413.589,113.029,33.079
1090.758,410.886,110.550,31.988
1090.432,409.974,97.034,31.789
1093.546,410.027,98.169,31.570
1094.104,409.971,98.169,31.905
1096.237,409.564,96.816,31.264
1098.322,409.054,97.510,31.729
1098.550,408.074,98.169,31.570
1102.232,408.018,98.169,30.678
1103.442,407.729,98.829,31.146
1105.325,408.421,98.617,30.873
1107.316,409.043,98.505,30.734
1108.477,408.269,97.289,30.845
1110.018,406.413,98.059,31.036
1113.277,406.232,98.394,31.287
1114.165,406.106,99.728,30.540
1117.707,407.667,101.490,30.182
1120.920,408.987,102.948,29.763
1122.530,410.097,100.949,29.763
1123.590,411.332,101.801,29.495
1126.617,411.112,104.442,29.605
1127.634,414.424,100.846,29.674
1126.895,415.676,105.392,29.361
1130.060,417.081,102.631,29.897
1133.066,418.259,97.729,30.318
1131.002,419.895,99.458,29.227
1130.270,417.004,100.166,30.471
1130.714,415.546,100.495,30.513
1127.988,415.032,98.284,29.652
1125.588,413.434,101.247,30.795
1123.881,412.472,102.195,30.367
1124.890,410.810,101.739,30.789
1119.731,408.612,101.299,31.600
1118.712,407.833,103.904,30.774
1117.634,407.095,103.564,31.228
1117.063,407.197,104.818,30.681
1117.350,406.413,106.176,31.228
1116.472,403.884,108.971,32.587
1118.949,402.722,107.006,32.401
1118.263,402.158,108.496,32.466
1117.863,403.628,107.630,32.503
1120.105,405.178,108.008,32.367
1120.875,405.474,107.770,33.434
1122.317,404.590,108.263,33.636
1123.787,404.217,108.712,33.292
1124.012,401.935,109.589,33.998
1126.350,399.079,109.202,33.949
1126.146,395.792,110.953,32.468
1130.023,389.843,108.986,33.033
1130.384,386.346,109.589,32.792
1131.272,382.092,109.135,32.656
1131.440,377.019,109.756,33.357
1129.549,372.789,112.687,33.065
1130.862,369.467,111.776,33.459
1131.720,367.690,111.776,33.827
1134.076,366.021,112.109,33.965
1133.045,366.199,113.924,33.238
1134.528,366.261,112.688,32.991
1135.334,365.424,112.052,33.567
1135.367,365.717,112.971,34.211
1135.177,365.882,113.974,33.507
1137.081,366.011,114.137,33.125
1136.679,367.314,116.047,32.980
1134.657,367.428,117.487,32.876
1135.230,368.420,117.462,32.013
1135.260,366.952,120.108,33.842
1132.819,366.712,119.484,32.528
1131.531,367.469,120.560,32.141
1131.523,368.094,122.445,32.013
1131.470,367.023,121.043,32.772
1126.817,367.777,123.164,32.272
1125.623,365.942,123.020,32.527
1125.126,363.654,122.489,32.528
1123.089,361.946,121.880,32.653
1121.254,360.301,120.994,32.653
1118.720,359.483,121.399,31.768
1117.138,358.426,119.954,32.511
1115.084,356.923,121.561,32.141
1113.585,356.168,120.415,32.521
1111.513,354.598,122.047,32.270
1110.009,355.101,120.894,31.390
1108.676,356.092,120.596,31.138
1107.935,356.401,122.446,30.642
1105.536,353.140,122.200,32.119
1103.854,350.868,122.549,32.144
1102.098,350.047,123.038,32.650
1100.593,350.617,123.506,31.639
1100.067,348.606,124.935,32.395
1098.752,349.624,122.716,32.018
1097.329,348.807,125.437,32.521
1096.016,347.651,126.783,31.376
1093.974,346.126,124.032,32.400
1092.458,346.571,126.936,31.639
1090.743,347.270,128.588,31.004
1089.604,347.710,128.588,30.881
1088.971,348.090,128.082,30.881
1087.837,347.899,128.080,30.759
1087.207,349.790,129.467,30.255
1087.025,349.975,131.088,30.637
1085.733,350.174,130.240,30.368
1085.678,350.356,129.971,30.759
1085.737,350.675,131.626,30.881
1085.469,351.900,129.985,29.583
1083.945,352.865,132.161,30.393
1083.825,352.942,129.605,30.368
1081.577,351.300,131.590,29.884
1080.321,350.672,129.706,28.126
1076.897,346.455,132.077,29.781
1074.252,342.386,133.222,30.261
1074.028,337.567,133.798,29.352
1073.876,335.418,133.222,29.382
1073.437,334.539,133.222,28.126
1072.149,334.017,132.489,28.189
1071.352,330.708,131.631,29.047
1070.919,328.607,131.630,27.790
1068.455,324.222,132.077,27.239
1066.780,320.793,130.985,27.854
1063.995,316.439,132.077,29.176
1059.780,312.218,134.278,28.027
1057.512,309.741,134.260,28.181
1054.954,305.174,133.200,27.801
1052.711,300.644,133.169,27.464
1051.017,297.185,132.077,28.086
1048.213,294.872,133.169,27.342
1046.519,293.531,134.498,26.512
1046.337,294.712,135.342,27.021
1045.730,295.995,134.498,27.360
1045.634,297.154,136.391,26.622
1045.552,297.996,137.041,26.512
1043.857,298.782,138.978,25.060
1042.684,298.152,138.003,25.016
1042.503,298.500,139.546,24.438
1042.041,298.662,140.002,23.763
1040.858,296.792,140.056,25.307
1043.455,295.218,138.689,25.586
1043.455,293.784,139.526,26.184
1043.003,294.648,138.978,26.754
1043.649,295.697,138.173,27.586
1043.047,297.999,139.872,26.319
1044.422,299.853,137.607,26.500
1044.948,301.845,137.041,26.391
1045.472,304.672,136.474,26.403
1045.713,308.831,136.474,26.403
1048.004,310.821,137.800,26.282
1048.908,312.750,138.765,26.282
1050.012,312.937,137.041,25.544
1049.768,312.549,139.426,26.320
1050.921,311.243,137.607,26.622
1053.230,310.089,135.540,26.622
1053.004,310.500,136.474,25.679
1054.374,310.179,137.529,26.320
1055.143,310.922,136.474,26.403
1057.433,311.705,137.800,26.403
1059.266,312.437,135.830,26.512
1059.185,313.276,136.474,25.800
1060.272,312.008,134.775,26.074
1060.510,310.281,134.775,26.669
1060.184,308.729,135.908,26.293
1060.424,307.588,135.908,26.293
1062.706,307.408,136.148,25.333
1064.476,307.966,136.368,26.803
1064.382,309.140,134.498,26.754
1063.918,309.671,135.908,25.333
1065.568,310.229,135.310,26.216
1065.792,311.022,135.342,26.184
1066.031,311.799,135.342,26.184
1066.270,312.815,135.342,27.021
1066.873,312.888,133.288,26.028
1066.932,313.742,133.643,25.855
1067.168,313.565,131.164,26.209
1068.445,314.561,131.078,26.803
1066.835,315.699,132.275,26.074
1066.669,316.628,130.608,26.803
1067.951,315.921,131.364,25.964
1067.612,316.846,130.052,26.689
1066.053,318.031,131.164,25.855
1067.877,318.953,129.962,26.575
1067.454,319.608,129.983,24.910
1068.117,319.175,131.280,25.549
1068.300,318.835,128.940,24.720
1069.006,319.550,127.980,25.777
1068.104,319.667,130.245,24.737
1068.898,320.288,129.113,24.978
1069.126,319.889,129.113,24.750
1069.637,320.568,128.546,25.891
1069.891,320.686,129.656,24.845
1070.391,320.448,126.717,24.522
1070.832,319.434,128.401,24.877
1069.169,318.360,127.978,24.869
1069.395,317.340,127.980,24.759
1071.543,317.171,128.206,25.099
1071.600,318.024,126.162,24.869
1071.199,317.739,127.414,23.974
1068.272,318.288,127.381,25.321
1067.634,320.341,129.113,24.864
1068.145,322.553,128.546,24.415
1068.936,323.167,127.414,24.650
1069.161,322.098,125.050,24.650
1068.769,320.590,126.281,24.431
1068.992,318.972,126.281,24.431
1067.430,317.355,128.066,24.431
1066.471,318.028,128.640,24.540
1067.309,318.705,127.414,25.663
1066.406,321.227,127.273,24.630
1066.843,323.120,126.847,24.428
1065.899,323.844,127.731,23.092
1065.858,324.158,128.902,23.883
1065.231,322.328,128.158,23.766
1065.188,320.502,129.018,23.659
1063.364,318.623,129.129,24.212
1062.936,317.394,128.640,24.540
1061.973,318.296,129.215,25.438
1061.688,319.394,127.829,24.967
1060.030,320.233,129.789,23.403
1057.375,320.547,130.345,23.659
1057.845,317.428,128.066,24.988
1056.015,315.841,130.363,25.437
1051.862,312.844,130.234,26.116
1052.948,311.386,128.062,25.051
1049.299,310.398,129.795,24.869
1049.868,311.085,129.113,24.978
1048.272,311.826,130.937,26.005
1047.719,313.006,130.052,26.455
1046.442,313.185,130.608,24.805
1047.418,312.014,129.113,24.979
1047.646,310.931,126.717,24.979
1047.241,311.775,127.980,25.777
1046.338,310.972,130.245,25.198
1047.719,311.720,129.095,26.233
1047.693,313.996,130.778,25.410
1047.908,314.799,130.811,25.307
1048.139,315.550,130.811,26.347
1047.241,316.615,130.608,25.745
1048.249,317.766,127.780,26.229
1048.655,318.926,129.405,25.417
1050.421,321.740,128.289,25.198
1050.238,326.241,126.717,24.522
1050.679,329.577,129.405,24.654
1053.539,331.729,129.224,24.307
1054.669,334.203,129.552,24.650
1056.535,334.831,129.568,25.891
1058.648,335.359,128.592,24.024
1060.027,335.880,128.401,24.431
1061.871,336.503,129.440,23.299
1062.098,336.816,129.095,23.992
1063.728,337.322,128.401,23.873
1065.293,338.931,130.490,24.210
1067.057,340.568,130.565,24.537
1068.293,343.752,128.546,24.188
1067.910,345.761,128.304,24.092
1069.145,348.213,129.405,24.431
1070.365,350.749,130.565,23.749
1070.276,352.249,130.855,24.319
1071.940,353.894,130.128,24.646
1072.958,354.521,131.726,23.506
1075.903,356.234,131.078,23.985
1073.909,356.633,131.466,24.650
1075.313,357.210,129.113,23.610
1077.517,355.306,129.902,24.212
1078.986,354.918,127.414,24.200
1079.775,354.635,129.405,23.984
1081.560,355.360,129.405,25.212
1081.652,356.167,129.679,25.088
1081.882,357.140,129.679,25.890
1083.237,358.131,129.405,24.836
1083.894,359.989,128.546,24.755
1084.403,362.644,127.980,24.759
1084.629,365.300,127.980,24.759
1084.855,367.166,127.980,25.438
1084.235,370.033,127.273,25.088
1085.756,371.108,126.616,25.096
1085.300,372.237,127.980,25.551
1084.679,375.160,127.273,24.172
1085.681,376.918,128.824,24.987
1083.549,377.715,128.660,25.210
1083.550,379.713,129.113,24.864
1084.061,379.540,126.162,23.960
1082.649,379.305,127.004,24.432
1083.234,380.030,126.281,24.877
1081.091,379.975,126.851,23.749
1078.484,380.074,128.544,23.772
1078.344,380.521,127.492,24.321
1077.387,380.745,128.066,23.538
1076.928,379.418,127.004,24.102
1073.797,380.030,127.381,22.988
1071.377,378.064,127.768,23.231
1072.010,376.156,125.195,23.883
1066.683,376.814,125.659,22.678
1063.568,377.340,126.751,24.194
1061.865,379.442,125.826,23.877
1060.286,380.045,124.692,23.552
1061.408,380.640,125.923,24.750
1058.704,381.473,124.718,23.980
1055.330,382.179,127.960,23.992
1056.675,382.292,125.715,22.989
1052.971,380.388,125.667,23.664
1054.016,378.635,124.016,23.993
1050.729,377.047,127.522,23.993
1051.855,375.827,125.715,24.321
1048.079,374.772,127.381,24.321
1048.852,375.443,126.281,23.873
1045.959,375.603,128.544,23.222
1043.513,374.177,128.946,23.993
1045.068,374.683,126.281,24.319
1043.797,373.627,127.492,24.321
1040.609,374.297,127.954,23.092
1041.335,372.321,127.267,24.428
1041.768,371.200,126.847,24.540
1041.992,373.049,126.847,24.428
1040.044,373.773,126.393,24.319
1040.605,375.604,127.825,24.210
1039.146,376.219,126.393,24.319
1039.707,375.829,127.825,24.099
1038.917,376.389,128.066,23.092
1037.954,374.412,126.939,23.338
1039.917,373.103,126.503,23.883
1037.135,371.398,128.544,24.652
1037.644,369.705,125.606,24.759
1037.247,369.647,126.847,24.092
1034.037,369.366,127.381,23.877
1035.375,368.148,128.244,24.212
1034.794,366.979,128.066,24.431
1032.042,365.859,128.080,24.540
1032.600,365.636,127.414,23.749
1033.954,366.123,128.244,24.212
1032.704,366.739,128.735,24.431
1033.590,367.361,127.414,24.650
1033.815,367.192,127.414,23.749
1033.400,365.911,126.917,24.212
1032.447,366.133,127.492,23.433
1034.404,364.265,126.098,24.540
1032.750,360.694,128.066,24.096
1033.866,360.136,126.281,23.761
1030.973,360.682,128.544,25.093
1030.917,361.708,129.113,25.777
1030.299,362.694,126.074,24.498
1030.418,363.676,128.401,25.212
1030.290,362.709,126.717,24.408
1028.947,363.423,128.066,23.092
1026.347,361.446,130.647,23.338
1030.423,358.301,128.797,24.764
1028.571,357.229,130.467,24.759
1029.476,355.466,131.166,24.408
1031.013,355.065,128.546,24.415
1030.004,354.779,129.215,24.200
1031.411,355.337,131.666,24.540
1032.916,354.034,132.192,24.979
1034.120,352.831,130.245,25.198
1034.350,352.429,132.431,24.967
1035.391,350.583,133.007,25.307
1036.155,347.618,134.159,26.109
1036.367,346.564,134.209,27.150
1037.252,346.459,134.983,27.723
1037.702,346.471,136.656,28.067
1037.300,346.486,136.592,28.410
1038.062,346.559,136.818,28.639
1040.425,347.945,139.751,28.628
1042.449,347.139,138.245,31.004
1043.155,347.044,140.109,31.980
1043.897,347.080,139.966,32.712
1046.638,348.117,141.397,32.265
1047.249,347.439,141.533,33.756
1046.375,347.135,140.786,34.504
1048.658,346.243,142.919,35.590
1048.582,343.722,142.928,38.200
1047.786,341.795,142.743,39.536
1046.279,341.386,142.444,38.999
1047.650,342.338,143.143,39.637
1047.158,342.517,146.090,41.999
1046.848,342.154,145.926,43.982
1046.747,342.306,147.252,43.196
1048.497,344.054,147.594,45.463
1045.667,344.470,149.643,45.943
1045.917,344.855,150.969,46.503
1044.924,344.238,151.276,46.055
1042.534,343.540,152.380,45.948
1043.479,342.717,152.669,47.426
1040.150,342.207,155.574,46.911
1040.093,342.737,153.977,45.680
1039.931,342.213,154.469,47.064
1036.584,341.451,154.832,47.049
1037.183,342.050,152.950,45.680
1036.067,342.434,152.166,46.086
1034.559,342.182,152.166,46.923
1033.708,342.987,148.794,47.682
1032.411,345.923,145.320,45.855
1031.623,346.603,144.443,46.457
1032.468,347.025,141.111,47.092
1033.011,347.342,139.535,47.439
1032.979,347.904,136.336,47.294
1031.077,346.261,135.791,45.425
1030.426,347.070,133.627,46.171
1028.693,346.361,132.839,46.013
1024.809,345.724,134.188,46.817
1022.703,346.543,134.104,48.519
1022.052,346.404,132.173,48.313
1019.625,347.189,130.465,47.064
1014.329,347.002,130.061,48.851
1009.304,345.575,131.813,48.831
1007.927,343.977,132.800,49.780
1005.996,339.675,134.216,49.577
1003.091,336.328,135.282,49.892
1002.595,332.966,134.135,51.514
1001.863,331.736,132.267,53.640
1000.732,329.560,132.507,54.116
1001.186,329.993,134.311,56.980
1000.408,330.994,135.693,57.429
998.659,332.968,136.712,59.679
998.744,334.377,136.904,59.579
998.925,334.829,138.353,58.311
996.245,333.009,140.110,60.330
996.898,330.222,140.646,58.909
996.375,328.271,141.508,57.699
997.953,325.973,141.432,60.122
995.017,324.284,142.505,60.177
995.373,324.307,141.236,60.318
997.322,325.406,142.521,59.230
998.259,326.118,141.567,60.382
1000.373,328.916,142.891,61.821
999.967,331.424,143.140,61.507
1001.754,333.775,142.575,61.507
1003.444,335.264,144.447,61.343
1004.568,337.458,146.349,61.670
1007.032,336.654,146.758,62.706
1007.990,337.848,146.761,63.008
1009.918,340.270,148.299,64.905
1009.950,343.036,149.218,61.732
1010.026,343.743,148.874,63.008
1010.318,344.773,149.261,63.664
1010.421,344.999,152.371,63.407
1011.315,345.758,150.189,62.480
1012.264,346.525,151.590,62.111
1011.583,347.223,151.786,62.077
1011.972,347.905,153.148,61.493
1012.069,349.267,151.786,61.104
1013.041,349.696,152.932,61.598
1013.030,350.137,154.121,61.493
1014.198,350.448,154.127,61.651
1013.417,351.229,155.688,61.261
1013.218,352.324,153.740,60.831
1014.779,353.506,154.297,60.209
1013.337,352.329,155.636,60.053
1013.909,352.154,154.490,61.177
1013.510,352.385,155.289,60.325
1013.710,351.104,152.560,59.394
1013.943,352.021,153.048,59.847
1012.487,351.864,152.127,59.586
1010.978,351.734,151.333,59.275
1010.996,350.657,151.676,59.912
1011.734,350.611,151.730,59.431
1010.230,350.482,153.217,60.260
1011.148,350.374,152.536,58.934
1011.568,349.996,151.696,59.120
1011.768,349.790,152.245,60.102
1012.593,350.910,151.744,59.586
1013.561,350.970,150.951,59.085
1013.588,350.824,148.628,58.808
1013.252,350.855,150.236,59.309
1014.056,349.876,150.708,57.863
1014.760,349.434,150.236,57.251
1015.826,348.921,149.031,56.791
1015.416,350.071,150.035,57.253
1016.382,350.673,149.031,57.719
1016.846,351.508,149.773,56.606
1018.081,351.937,148.966,57.408
1018.712,352.137,148.629,55.158
1019.119,352.841,147.996,55.930
1020.463,353.310,148.768,56.630
1021.394,355.484,148.562,55.596
1023.021,358.517,148.768,54.445
1024.109,358.547,148.574,56.548
1025.143,360.751,148.159,55.996
1026.368,360.629,147.351,56.238
1028.285,361.177,147.169,56.786
1028.816,360.825,147.755,56.026
1030.039,361.342,146.947,56.630
1032.485,362.086,145.525,56.786
1033.686,362.983,145.855,56.630
1035.051,362.710,145.855,57.723
1038.576,362.669,144.512,56.332
1038.777,365.191,145.736,56.525
1040.812,365.958,144.398,57.177
1042.359,367.050,144.944,57.177
1043.986,371.171,144.612,56.238
1044.237,372.021,145.014,56.705
1045.379,372.954,144.728,57.020
1045.088,373.968,145.309,57.177
1044.889,373.889,145.708,57.881
1044.290,373.928,144.696,58.357
1046.315,374.204,144.696,58.357
1048.340,374.480,145.433,58.357
1050.542,373.755,145.828,58.331
1053.865,372.278,148.043,57.224
1057.372,370.986,147.674,58.331
1060.121,370.935,148.874,58.992
1062.898,370.978,149.137,59.467
1063.349,371.103,151.064,58.653
1066.838,369.877,152.196,59.596
1072.987,368.798,154.763,61.372
1081.499,367.098,158.809,61.456
1088.202,364.941,158.479,62.401
1097.159,364.883,162.266,63.712
1103.570,365.995,168.582,65.560
1113.939,366.974,165.115,67.815
1125.229,367.581,153.777,69.783
1144.196,366.764,134.112,74.322
1162.627,366.507,115.658,74.637
1184.168,364.001,95.094,79.276
1201.772,361.336,76.772,81.125
1217.869,357.320,61.809,83.624
1230.909,353.461,47.544,67.138
1247.897,350.174,30.751,68.399
1253.792,348.383,25.221,68.022
194.000,413.000,182.000,96.000
189.000,413.000,182.000,97.000
180.000,413.000,187.000,98.000
177.000,409.000,190.000,102.000
175.000,408.000,189.000,102.000
74.803,401.703,267.292,102.633
2.152,395.974,353.887,104.806
0.000,389.751,356.515,109.537
0.000,384.374,354.343,112.378
0.000,387.003,361.033,106.720
0.433,387.675,360.954,104.984
2.430,380.933,362.027,107.946
1.818,384.256,357.711,106.443
1.344,378.092,359.049,107.832
0.326,360.658,357.931,123.384
0.000,365.975,354.728,112.330
0.000,372.577,350.034,107.120
48.629,359.454,298.912,121.348
93.639,374.766,251.967,110.545
4.419,379.245,335.504,109.607
1.589,379.878,331.174,109.495
0.000,376.684,326.132,112.832
2.090,381.619,314.653,108.726
0.607,382.305,302.071,106.983
0.727,381.049,283.102,106.613
0.775,378.033,257.974,106.388
0.000,374.180,229.261,106.465
0.000,373.636,194.358,104.740
0.000,372.305,153.736,106.830
1.163,370.802,107.784,105.731
0.000,371.639,61.050,106.411
968.000,301.000,262.000,96.000
919.840,301.034,260.798,96.886
885.751,299.844,261.845,98.629
852.627,293.833,262.475,98.107
832.598,293.427,258.534,97.312
812.248,294.117,263.974,98.792
802.367,297.624,262.407,98.564
792.142,303.736,261.595,98.259
783.234,304.371,263.994,99.881
773.786,303.586,262.731,99.175
761.668,300.821,264.023,98.887
746.413,299.773,263.784,98.717
733.206,303.243,265.639,98.564
723.718,306.494,263.220,101.463
711.703,307.824,263.040,101.748
699.378,307.254,263.442,100.265
688.133,304.630,268.998,99.653
675.511,300.064,273.927,103.214
662.993,299.151,283.811,106.387
655.881,302.904,289.681,108.979
649.914,313.289,293.434,110.260
642.474,317.273,299.670,114.537
637.524,321.834,306.228,116.181
632.387,324.026,312.349,117.461
627.794,324.819,317.313,120.479
624.289,329.438,328.633,122.601
622.301,333.697,340.241,127.741
622.617,342.496,350.455,132.672
625.590,355.299,364.368,136.422
632.409,371.749,373.935,140.114
636.543,381.319,386.745,145.717
643.147,391.447,398.249,147.799
648.460,393.456,409.967,151.066
647.169,393.753,422.017,154.956
643.751,395.491,431.922,159.156
642.461,400.553,440.276,164.251
639.755,407.859,447.840,166.863
634.367,408.653,452.595,170.202
627.794,406.497,454.626,167.289
623.704,399.016,451.762,170.653
616.714,397.641,457.405,166.733
613.803,402.513,457.146,168.597
610.617,411.226,458.517,166.178
608.262,410.846,454.935,165.833
605.374,407.447,452.465,165.482
597.159,395.971,455.748,162.689
596.564,383.529,450.940,161.946
595.451,365.000,452.625,167.098
602.004,359.324,453.839,162.479
607.608,358.454,452.418,165.850
615.056,363.524,456.164,167.224
622.580,371.958,451.618,165.280
625.853,372.036,451.088,166.766
627.842,372.478,453.152,164.782
625.110,366.211,452.595,161.446
627.322,362.496,458.456,167.794
623.888,362.546,454.217,163.807
617.192,355.953,456.684,167.160
613.711,344.369,455.347,164.323
611.868,328.479,453.009,161.593
602.702,316.091,454.546,160.906
594.522,299.657,454.126,164.546
583.521,287.799,456.426,162.540
584.355,284.007,455.303,166.308
581.232,288.951,453.288,166.334
578.620,297.349,453.564,164.383
571.383,305.179,454.915,163.485
570.162,301.781,454.083,163.732
568.525,293.594,451.354,162.640
562.110,287.067,453.339,165.935
559.731,288.741,453.152,163.135
558.257,288.124,455.556,163.282
546.441,287.353,457.358,161.003
542.599,274.412,459.608,165.698
541.000,262.269,454.523,167.892
531.673,256.665,459.910,163.069
531.901,252.669,456.164,164.482
531.353,253.766,455.068,168.869
529.209,256.093,456.027,164.769
530.029,255.612,453.836,164.632
527.640,252.007,452.595,164.729
524.840,248.528,452.182,164.579
524.773,248.330,458.323,166.613
522.112,253.071,455.347,167.090
518.382,258.193,454.523,166.787
519.620,259.998,450.943,163.729
517.252,264.647,449.699,164.219
514.051,264.571,450.113,169.269
508.600,269.053,456.040,168.597
505.070,272.836,455.883,169.360
511.056,270.737,451.698,166.883
501.601,271.163,454.664,164.932
499.206,270.839,453.423,164.482
503.381,267.784,451.088,166.766
498.779,265.480,452.053,167.529
495.132,266.077,454.390,165.233
493.488,265.829,452.739,167.376
495.488,266.274,449.290,165.383
486.542,263.825,454.083,169.190
481.132,261.320,453.808,166.988
477.052,249.994,453.700,163.729
470.311,243.444,451.354,167.007
472.230,243.931,453.564,164.932
470.590,248.613,451.913,165.428
481.468,257.993,447.670,169.655
485.145,269.986,445.283,169.947
488.027,289.417,444.476,167.986
491.903,309.926,447.122,165.277
493.945,327.796,449.024,166.003
503.575,333.156,451.635,171.687
519.299,332.064,451.396,167.184
521.238,324.393,448.066,170.430
530.600,317.764,461.433,165.430
543.879,316.935,457.006,172.069
551.799,324.951,449.586,167.823
560.530,340.691,454.114,164.932
569.025,355.233,455.748,164.332
573.955,363.997,451.913,167.619
580.153,367.394,453.839,170.190
580.667,368.490,453.367,166.883
587.591,365.460,458.245,165.783
586.623,361.723,455.215,166.085
594.671,358.923,457.829,167.834
591.134,355.740,456.582,166.988
598.867,344.156,451.618,164.175
596.207,335.728,456.393,169.035
602.448,327.903,454.479,165.771
600.640,325.102,453.152,164.782
604.476,326.497,455.332,168.560
606.347,323.677,457.691,160.885
614.081,322.085,456.348,162.438
613.786,318.242,456.393,163.582
619.446,319.111,454.915,168.406
625.747,322.389,452.844,169.609
630.813,328.415,457.137,167.543
641.747,336.873,457.420,165.579
646.292,341.453,458.245,166.334
650.434,338.387,456.040,165.833
658.695,332.078,453.839,158.073
660.918,327.456,456.900,160.880
666.832,323.224,457.556,162.831
669.453,318.875,458.323,158.419
672.661,313.958,459.458,163.938
678.835,310.241,453.152,164.782
677.198,306.710,456.973,164.729
675.538,303.388,454.250,164.782
679.719,304.708,451.913,168.714
680.696,310.571,450.513,166.939
677.114,316.115,452.739,165.730
676.498,316.190,453.423,161.741
675.997,316.805,453.881,167.020
673.056,318.726,454.802,160.972
674.539,322.280,456.171,163.615
676.260,326.446,454.915,165.126
674.879,327.790,455.483,162.437
677.084,324.024,457.064,166.156
681.044,312.197,449.697,163.878
684.781,300.693,455.805,161.352
685.262,296.154,458.099,157.404
688.986,293.652,453.877,160.793
689.342,292.393,456.410,161.690
689.707,288.409,455.137,161.500
689.854,281.231,454.300,160.118
690.840,273.847,451.787,159.232
686.997,269.727,454.106,161.031
687.258,265.804,450.337,162.381
685.634,265.263,450.337,159.675
681.066,265.658,454.106,158.883
677.954,263.897,454.952,158.642
675.265,263.628,449.575,159.180
670.743,267.139,453.260,161.802
670.162,272.664,453.881,162.139
669.471,276.589,452.002,164.068
673.546,285.557,453.667,160.310
674.216,289.065,455.566,156.533
677.932,291.394,455.087,155.083
677.348,288.639,454.128,156.871
675.745,280.523,455.730,157.609
678.704,278.276,453.033,160.494
674.199,281.875,456.645,163.011
674.726,290.180,456.138,160.604
675.793,293.551,453.462,154.946
669.518,285.040,458.581,156.576
665.532,274.844,452.074,159.808
657.422,265.395,459.143,160.943
658.944,263.681,455.556,160.560
655.058,262.230,455.209,161.840
655.031,267.635,454.718,162.438
657.062,274.833,452.834,161.105
657.978,278.596,455.329,163.313
658.055,282.753,455.720,158.274
660.590,287.140,453.877,162.406
654.794,287.865,454.593,160.957
655.298,286.611,453.044,161.840
649.728,282.937,453.339,162.681
643.663,270.749,457.312,161.500
639.370,261.150,460.454,158.383
632.199,247.329,458.033,160.609
628.909,245.675,459.185,160.118
631.080,253.002,461.898,161.203
630.410,268.597,457.231,158.965
628.004,281.149,460.424,159.232
626.124,283.762,465.269,157.259
623.305,285.531,465.493,156.969
620.599,282.284,468.199,159.675
616.634,284.408,466.824,165.277
618.079,298.068,464.492,157.983
618.233,303.311,466.895,160.512
617.019,305.712,463.840,165.579
611.494,308.059,466.568,162.550
611.037,306.091,464.174,162.626
607.821,304.388,465.110,162.184
605.072,307.412,465.110,159.435
604.250,309.701,461.301,158.129
602.910,311.976,461.818,154.660
600.977,310.086,460.330,156.298
601.405,304.500,457.863,161.031
597.603,296.924,460.031,156.063
598.096,293.979,457.437,152.300
597.019,290.361,458.533,150.027
597.796,290.787,455.928,150.225
601.590,294.668,457.244,148.748
603.029,294.881,453.323,149.367
601.076,290.930,446.292,153.624
599.838,285.957,438.283,151.512
598.235,281.255,431.174,149.054
596.503,279.111,433.114,149.787
594.885,281.619,424.116,147.829
592.408,284.356,414.534,151.378
589.442,288.797,414.948,146.010
586.020,284.440,416.863,150.780
579.702,276.540,419.464,155.543
575.218,262.796,418.718,155.422
565.974,252.657,402.475,151.694
555.460,246.377,409.156,151.887
551.851,243.938,401.397,150.274
556.343,242.363,392.413,147.524
560.335,243.382,388.765,146.931
568.966,242.164,398.790,148.409
609.520,242.795,382.973,152.995
618.259,247.550,376.160,161.904
627.916,253.871,375.628,161.619
637.667,268.585,362.043,150.440
642.542,273.253,356.967,150.449
638.779,265.470,358.001,157.205
638.803,246.277,356.053,157.138
630.651,231.993,362.882,152.070
627.290,223.856,348.444,159.410
621.309,216.762,352.387,162.277
621.805,212.206,348.044,162.293
623.134,211.525,350.143,159.372
622.820,216.992,345.570,158.839
628.089,225.557,342.541,151.563
634.661,236.554,334.871,143.256
641.086,245.884,330.794,137.758
649.696,254.098,322.119,137.136
656.355,262.925,322.264,135.048
664.188,273.641,305.763,131.578
669.645,278.773,302.882,135.373
678.050,285.274,294.177,130.880
686.517,291.417,290.595,129.590
708.598,295.187,273.641,127.492
715.576,296.818,274.653,121.985
731.164,294.741,271.346,121.739
745.928,290.422,266.217,116.538
755.952,288.031,263.802,111.446
771.861,282.326,256.006,112.560
783.186,280.097,255.468,112.937
795.942,280.097,253.767,111.916
810.720,277.976,249.875,112.106
817.343,276.380,252.716,111.276
832.260,271.933,248.394,113.791
837.613,270.922,253.175,111.774
848.723,268.902,245.768,112.784
851.334,269.988,249.209,109.612
860.361,272.801,243.738,108.622
862.712,275.983,245.550,108.446
868.868,283.820,243.038,107.146
873.725,294.089,241.725,103.412
878.374,300.830,238.760,99.114
883.429,303.855,231.424,99.226
886.486,304.277,228.043,97.776
890.720,303.506,229.149,97.523
900.891,300.813,229.448,97.523
905.643,295.938,232.229,98.285
912.500,290.906,235.765,97.756
926.059,287.470,233.589,99.154
932.874,284.646,234.278,99.317
939.672,283.872,240.243,99.337
948.189,283.457,237.740,99.548
960.129,283.310,240.668,99.226
968.059,281.830,238.744,97.232
980.017,282.537,243.207,96.733
990.738,279.916,239.273,98.289
1003.178,279.302,237.737,98.903
1011.164,278.073,237.737,99.825
1021.386,279.527,237.664,98.769
1029.516,279.234,237.350,98.742
1040.249,280.767,236.123,97.822
1048.511,280.406,231.156,98.849
1054.832,282.314,224.265,99.572
1061.664,283.638,216.883,97.224
1065.182,286.619,213.334,99.691
1071.643,288.260,207.424,95.824
1079.991,287.644,198.909,97.621
1081.189,286.489,198.747,97.978
1086.044,284.024,193.511,97.035
1088.599,279.536,191.401,96.947
1088.059,274.846,190.573,97.604
1088.021,274.756,191.979,96.417
1090.496,277.980,187.028,95.695
1088.555,279.709,190.375,95.992
1088.208,283.050,191.339,94.993
1083.658,280.031,195.848,93.737
1080.990,271.046,198.200,96.253
1071.371,264.951,208.309,94.057
1056.746,263.795,219.630,93.847
1037.409,264.121,220.048,95.785
1016.933,266.673,219.437,95.041
991.043,273.135,219.172,94.839
973.914,275.526,217.926,96.696
961.097,279.986,219.147,95.913
949.099,280.939,217.029,96.618
936.623,279.344,218.189,96.328
929.950,277.603,215.288,94.587
926.764,278.622,210.233,92.834
926.457,278.899,206.095,91.722
925.777,280.187,199.475,89.420
926.222,280.738,195.640,87.784
925.030,277.619,193.559,86.143
924.307,278.016,189.058,84.830
924.740,278.329,185.401,82.682
923.898,276.993,179.890,80.888
922.752,277.328,175.175,79.493
919.951,277.796,172.731,77.847
918.809,281.671,168.284,78.223
916.387,287.258,166.471,76.232
914.566,291.307,163.569,76.032
910.931,297.570,160.330,73.345
909.246,303.413,157.404,71.212
907.984,306.991,153.777,71.480
905.663,309.744,152.326,68.914
903.476,310.359,147.879,67.274
902.167,310.863,144.710,65.668
900.970,310.140,142.616,65.358
901.228,313.586,139.583,65.242
901.652,316.205,138.162,63.253
902.818,318.457,134.146,61.928
904.889,320.755,132.014,60.803
908.219,322.960,129.664,58.905
914.922,324.924,128.864,60.055
923.534,324.665,128.544,58.990
930.891,325.876,129.893,59.534
940.369,326.413,128.192,59.870
949.155,326.147,129.935,60.227
956.392,327.572,129.275,58.970
966.577,326.942,128.864,58.654
973.212,325.108,128.824,59.538
980.383,325.729,128.881,59.524
986.528,324.061,129.935,60.051
992.702,323.627,130.337,59.325
999.410,320.889,128.720,60.574
1003.029,319.478,129.275,60.033
1009.039,319.121,129.439,59.157
1012.829,319.552,128.881,59.173
1017.040,319.023,130.440,58.654
1021.505,317.010,130.966,59.880
1026.074,315.161,131.771,59.137
1028.916,311.614,131.577,59.502
1031.661,308.781,131.577,59.856
1034.228,306.033,131.948,60.025
1036.803,304.167,129.827,60.372
1037.251,303.808,128.397,58.959
1036.678,300.640,127.623,60.582
1036.570,300.644,127.312,58.990
1035.825,299.067,125.850,59.367
1035.227,298.979,125.834,59.542
1035.132,300.629,125.503,59.193
1033.854,301.576,124.090,59.025
1036.016,304.149,123.885,58.854
1034.485,305.860,123.010,59.538
1035.421,307.832,124.571,57.996
1035.966,308.596,122.971,58.169
1037.588,312.074,123.119,57.150
1038.133,312.747,126.063,59.166
1039.545,315.155,126.180,57.638
1039.163,316.258,129.683,57.827
1039.603,317.050,130.190,57.978
1040.112,319.752,130.565,57.449
1040.994,322.265,126.892,56.763
1042.019,324.964,125.863,55.618
1039.928,327.467,127.531,56.476
1039.571,328.151,125.353,54.767
1039.634,330.457,124.562,55.970
1036.252,331.374,125.814,54.302
1034.913,333.522,127.002,55.801
1035.869,335.967,127.787,55.127
1033.705,338.149,129.761,56.644
1033.898,342.106,131.092,54.564
1031.779,343.781,129.563,54.776
1027.947,343.859,133.856,56.307
1025.414,344.680,130.043,57.275
1025.182,346.143,130.853,56.945
1018.085,346.576,132.757,57.811
1016.336,346.334,132.218,55.310
1015.012,348.079,133.837,53.363
1010.874,349.154,132.107,49.519
1007.557,353.815,132.096,50.245
1003.806,357.085,129.324,51.045
1002.297,359.520,129.090,50.888
998.720,361.878,131.041,55.278
994.812,363.758,123.845,56.293
990.069,367.511,129.991,55.472
985.839,371.094,128.414,54.087
980.874,375.415,126.482,53.801
975.771,378.873,125.793,51.671
968.380,378.533,126.518,50.252
966.690,377.807,128.621,51.863
962.460,378.056,129.557,52.346
962.360,377.486,130.745,47.379
960.289,377.381,130.318,50.898
961.357,377.226,129.161,45.989
961.170,378.270,130.463,44.827
962.262,377.570,129.197,47.607
965.129,377.654,126.605,47.124
967.682,376.947,124.589,49.001
972.513,376.865,122.131,49.635
976.298,376.398,120.960,50.257
980.434,376.242,118.619,52.130
982.858,375.203,115.663,54.207
984.710,375.031,113.067,54.551
984.358,373.312,111.723,54.680
988.236,373.721,109.135,56.055
990.819,372.468,109.135,57.308
992.739,371.468,106.407,57.564
992.849,372.133,106.342,57.334
994.976,372.772,104.125,57.151
998.965,373.679,101.866,56.421
999.409,373.907,102.043,56.268
1005.568,374.059,97.785,55.204
1006.514,372.981,97.804,55.005
1009.088,371.805,96.186,54.564
1009.017,370.798,94.442,55.273
1014.167,371.741,92.556,53.677
1012.763,373.328,94.940,51.491
1016.672,374.981,97.769,50.986
1019.404,376.124,91.313,50.682
1020.540,377.975,92.047,50.530
1026.275,378.112,93.140,50.530
1030.061,378.064,89.420,50.900
1033.711,378.122,89.685,49.570
1039.151,378.998,85.883,50.355
1045.907,380.536,85.579,49.789
1052.784,382.887,83.096,50.329
1058.831,382.657,82.144,49.494
1063.789,382.431,83.882,50.329
1066.190,379.762,86.363,50.725
1073.977,377.816,80.335,51.038
1077.889,375.694,79.838,51.554
1086.567,373.958,80.995,51.426
1087.677,372.980,82.662,50.789
1095.842,372.882,83.502,51.246
1099.584,372.816,79.426,50.067
1104.618,370.765,78.722,52.144
1111.196,369.325,82.538,51.426
1115.645,365.007,73.247,52.487
1118.139,363.225,65.893,52.690
1122.397,361.590,65.995,53.009
1125.162,360.825,66.512,52.403
1128.185,359.758,66.275,50.743
1131.728,359.017,63.948,49.093
1131.061,357.675,64.045,48.174
1131.624,356.662,64.479,50.646
1135.683,357.470,63.236,49.031
1136.734,357.220,65.818,52.431
1141.076,357.337,65.715,51.256
1145.610,358.022,63.990,53.733
1149.039,358.438,64.422,51.608
1151.783,357.664,64.712,53.041
1154.161,357.146,64.775,51.961
1156.826,354.802,66.555,51.402
1161.659,354.517,64.265,51.038
1164.452,355.413,64.547,50.970
1168.766,356.276,65.123,50.280
1172.115,356.901,68.047,50.749
1180.874,359.136,74.023,50.175
1188.225,361.276,66.889,49.069
1190.949,363.259,69.725,50.970
1198.911,363.876,67.432,50.454
1201.489,366.159,68.947,50.452
1207.275,367.065,68.238,52.064
1212.341,369.663,66.834,50.813
1212.279,372.126,66.138,51.974
1215.370,375.072,63.952,49.962
387.000,369.000,151.000,77.000
392.049,368.817,160.568,76.718
385.488,368.973,164.140,76.184
385.308,368.518,138.053,76.870
386.982,366.665,130.573,78.716
382.808,364.184,131.610,79.616
375.802,365.638,135.573,76.503
377.051,367.355,163.078,79.804
369.201,370.222,168.946,79.558
368.488,373.558,156.214,77.295
365.814,375.667,148.134,77.479
363.696,377.494,135.203,74.683
370.163,377.834,150.624,74.407
362.117,377.070,159.716,75.298
355.668,376.946,166.464,77.083
350.099,376.424,158.298,79.036
349.688,374.705,123.934,80.680
340.620,373.825,131.066,80.840
337.726,374.055,131.494,80.998
327.650,374.267,138.011,81.195
313.722,376.897,142.111,81.661
314.489,379.134,136.264,81.284
300.275,382.078,155.637,79.398
290.607,384.823,137.129,75.243
279.156,388.647,136.820,74.111
268.740,389.616,112.896,65.923
257.512,390.729,124.276,62.830
245.450,391.685,128.389,65.523
237.493,390.666,123.374,75.823
223.483,390.633,134.937,76.277
211.539,389.166,141.562,75.960
200.732,389.985,134.320,74.322
189.252,392.729,139.870,68.834
173.667,393.332,140.371,67.630
158.985,395.541,124.277,65.163
150.348,397.146,129.125,61.951
135.037,396.065,125.363,64.114
117.980,395.077,125.892,61.779
105.346,394.358,124.848,64.455
94.677,392.822,123.199,64.652
79.841,392.288,124.477,68.221
69.903,392.433,126.815,67.007
60.766,391.972,124.046,67.007
46.283,389.870,127.449,69.567
35.890,387.878,126.735,74.118
28.024,384.953,125.387,73.369
15.608,383.986,133.891,75.686
3.728,382.517,135.073,69.149
0.214,381.470,130.291,77.051
1064.000,384.000,100.000,53.000
1060.391,385.375,100.790,52.294
1057.361,385.465,102.192,53.134
1054.298,385.616,101.826,53.864
1047.118,386.994,105.042,53.190
1044.745,384.422,106.946,55.492
1039.942,381.871,107.122,55.030
1033.259,377.645,111.860,56.392
1026.989,367.185,113.424,59.655
1023.116,366.637,111.101,54.972
1019.636,364.844,112.110,54.802
1014.273,365.227,114.039,54.663
1013.278,366.318,111.604,55.644
1007.271,368.531,114.765,55.012
1002.454,368.675,116.128,55.360
999.979,366.808,114.976,55.240
995.071,365.065,116.493,55.374
994.201,362.630,115.173,55.895
989.000,361.834,117.224,54.918
988.679,360.549,114.815,54.918
983.887,360.647,117.560,53.292
982.089,358.114,117.666,54.551
979.580,355.843,119.151,55.240
975.261,354.361,119.010,54.140
971.461,352.597,119.361,54.606
967.641,352.108,119.731,53.645
964.398,350.187,123.005,53.473
961.030,348.960,123.399,53.977
957.461,347.812,124.159,54.309
952.555,346.658,126.235,53.654
946.503,343.936,128.599,53.322
943.207,340.037,128.216,52.648
940.330,335.584,128.374,54.477
937.651,335.004,129.375,54.632
933.725,334.335,127.281,53.104
928.405,335.048,128.210,53.983
923.545,335.886,128.935,53.307
916.929,338.955,128.880,54.475
909.429,343.670,126.399,53.787
879.522,347.286,62.401,47.874
815.300,346.574,108.131,48.095
794.766,344.020,127.368,49.733
795.736,344.789,107.238,47.714
777.569,342.229,111.986,49.389
762.453,339.494,115.980,49.493
749.424,337.019,117.403,49.729
736.638,333.717,126.594,50.209
725.412,331.374,128.621,51.225
720.137,329.023,128.114,52.026
713.036,326.900,128.085,52.346
710.297,326.491,122.405,53.327
706.830,326.249,121.075,55.432
702.883,323.118,123.554,59.726
697.890,317.531,126.655,65.737
694.207,309.316,125.988,73.219
689.214,301.629,126.536,78.194
687.576,294.933,123.840,80.834
680.690,288.610,123.570,85.255
675.448,284.977,123.156,86.970
669.510,285.799,124.055,86.983
665.985,285.173,122.365,88.236
662.447,286.421,122.573,87.404
659.169,287.357,122.279,86.778
655.229,286.326,124.788,88.220
652.280,285.894,126.063,89.085
652.740,284.833,127.476,90.569
655.818,281.719,126.483,94.002
657.412,281.719,128.542,93.346
659.753,278.980,131.327,96.409
663.598,278.677,133.112,98.818
677.343,278.949,132.717,105.852
692.851,281.025,134.968,106.928
715.098,280.350,131.619,105.632
741.712,277.206,135.532,111.684
764.099,273.118,134.163,112.707
778.511,272.863,138.321,114.693
798.254,274.994,133.879,114.717
804.900,273.548,133.739,118.603
807.477,271.583,132.114,120.768
804.177,268.432,131.879,123.273
804.932,263.605,123.724,123.468
800.678,262.195,122.821,126.040
793.829,264.678,121.075,127.552
787.850,272.401,119.829,125.559
785.130,279.915,118.881,127.969
776.859,285.826,120.102,124.550
767.786,286.576,121.091,122.806
761.442,282.798,124.258,126.211
754.899,278.987,126.065,125.062
748.986,274.334,126.568,126.568
740.747,275.986,129.603,126.306
735.370,276.900,128.832,131.138
728.511,282.639,130.845,126.163
721.423,285.296,131.393,125.993
716.529,285.688,129.587,127.011
713.184,286.712,132.421,128.050
705.897,287.403,129.273,128.491
701.612,288.149,133.453,129.323
698.083,288.869,133.671,129.724
697.692,291.251,133.134,129.707
692.161,292.163,135.513,129.724
692.181,289.289,135.473,130.160
689.392,284.376,137.059,126.945
687.398,281.551,136.556,127.576
689.379,281.155,133.651,126.519
689.744,278.997,132.921,126.927
692.993,280.029,134.227,127.464
693.263,280.063,133.687,129.231
690.377,280.737,134.723,131.040
696.528,280.788,133.865,129.607
699.398,278.366,134.980,133.134
701.609,273.207,137.541,129.213
705.466,272.099,139.444,131.697
709.181,271.940,141.794,131.472
713.584,274.739,142.838,131.346
721.952,278.732,146.663,130.215
733.040,280.212,146.618,132.786
743.430,278.653,145.692,130.312
752.764,276.708,145.249,132.270
761.532,274.543,148.537,130.213
768.091,273.612,150.187,128.174
775.718,272.454,144.928,130.768
784.785,275.820,143.332,130.928
789.836,279.603,143.100,129.393
795.135,279.684,142.044,127.866
794.571,277.975,144.252,125.883
794.571,275.273,145.873,123.452
795.782,273.870,145.063,126.527
794.022,276.128,147.227,124.993
798.368,277.507,144.782,126.582
796.468,276.539,147.227,122.282
798.356,274.014,146.406,121.154
803.567,270.599,145.049,125.051
802.212,269.221,146.412,121.605
802.223,272.590,146.122,121.813
807.165,274.193,145.321,123.683
806.220,275.591,146.943,121.960
804.077,276.241,147.742,120.124
806.757,277.910,145.315,119.452
807.043,276.886,144.480,119.652
805.080,280.928,143.407,119.199
805.096,285.062,142.066,117.211
801.126,290.389,140.953,117.935
798.810,298.763,142.229,115.126
795.648,297.417,138.309,113.721
790.720,297.774,138.119,112.504
791.383,294.116,138.043,113.330
786.470,293.137,142.355,111.278
786.548,294.569,143.964,113.457
786.302,296.230,146.249,109.879
787.762,296.532,146.885,109.020
786.385,296.512,148.118,108.806
788.780,301.361,149.427,103.938
787.608,301.907,151.772,104.343
786.847,300.628,153.293,105.389
784.305,296.031,156.596,104.652
781.251,290.616,157.313,105.474
775.758,285.274,160.556,106.091
773.099,278.144,162.473,107.007
770.606,274.859,164.026,105.917
768.889,270.237,164.026,106.709
762.878,263.937,167.564,108.969
764.387,258.340,167.794,108.525
758.599,254.524,171.806,108.324
760.103,252.420,172.076,107.070
757.587,249.998,174.390,109.741
756.929,247.777,177.369,108.638
753.272,244.800,181.625,109.031
750.579,244.114,183.911,107.587
749.030,242.987,186.165,107.305
748.110,241.427,187.157,105.046
743.744,242.312,191.677,107.205
742.529,243.080,192.960,106.243
739.544,243.459,193.771,106.058
739.375,245.090,194.396,106.530
736.010,246.777,200.836,105.173
735.401,249.286,202.346,104.230
735.139,251.410,206.068,104.051
733.813,253.015,209.893,104.946
731.488,254.378,214.244,106.379
732.253,255.598,215.132,103.638
733.322,255.963,218.080,104.104
731.656,251.606,223.222,105.578
729.127,251.479,224.895,105.833
729.352,249.057,229.393,108.204
728.202,246.656,231.693,107.008
725.234,243.747,234.477,107.784
722.526,242.915,236.710,106.583
722.844,239.257,238.937,108.810
713.571,235.906,242.964,110.350
714.801,237.999,244.437,109.112
709.753,241.190,247.336,108.291
708.253,246.842,247.386,111.406
704.868,252.312,251.163,112.109
703.714,257.605,252.126,109.927
694.178,258.595,255.539,108.279
692.346,262.427,258.537,108.945
689.500,266.138,262.211,105.557
689.671,266.609,261.869,103.615
686.432,268.637,266.369,102.526
684.832,268.239,266.919,101.005
680.582,267.470,271.805,100.243
677.936,265.677,273.460,99.530
676.327,263.936,276.348,100.700
676.156,263.827,278.027,98.579
676.201,263.035,279.926,99.500
680.158,260.321,280.366,100.584
676.461,257.834,278.011,97.489
677.337,259.766,280.545,99.559
672.029,260.015,282.125,97.723
670.710,261.638,283.764,100.465
667.856,260.807,286.091,101.451
667.951,261.039,287.948,101.328
665.476,260.035,286.055,100.940
665.972,258.119,289.825,103.072
665.838,257.383,286.285,103.852
666.079,258.223,292.361,106.313
664.279,259.110,292.077,106.659
663.895,259.034,294.259,104.335
664.092,256.145,295.970,107.307
659.419,257.724,299.966,105.220
660.373,256.626,303.038,106.703
657.734,257.392,304.712,106.253
659.175,259.373,311.196,103.012
656.595,266.402,313.486,99.713
657.146,265.966,314.509,101.295
659.028,265.894,318.246,102.153
655.981,264.599,318.561,100.408
658.021,261.793,320.570,100.648
656.810,258.884,321.554,101.070
655.417,258.132,322.895,99.325
655.818,253.633,320.659,105.810
653.558,251.973,319.281,103.600
653.322,248.782,317.567,103.428
652.163,245.731,316.983,106.991
652.858,244.661,317.437,107.656
650.546,248.884,315.768,106.613
651.275,255.192,316.145,105.749
652.621,262.659,315.284,103.996
650.321,267.509,316.983,105.178
648.278,271.096,318.875,105.317
646.522,273.818,317.247,106.483
644.985,274.777,319.584,105.301
647.622,273.084,316.145,107.218
645.317,269.178,320.018,103.600
646.689,269.194,320.920,104.299
650.423,269.345,319.678,100.700
648.991,266.537,321.107,104.880
652.175,261.618,320.988,102.951
656.799,254.097,317.931,102.699
658.434,249.024,319.364,104.526
659.044,249.360,317.413,104.585
661.666,252.785,318.368,103.205
665.045,257.900,313.426,104.596
666.530,257.610,316.621,104.815
668.757,258.232,313.991,104.299
668.204,261.850,314.373,104.308
670.163,260.327,312.269,105.903
670.427,261.565,313.561,104.156
669.876,260.114,313.939,105.611
674.044,261.134,315.086,104.299
673.602,261.712,309.794,103.870
676.207,262.644,307.817,108.472
676.895,267.147,306.077,109.339
680.896,269.819,302.101,108.390
680.193,274.757,299.524,105.033
685.398,275.417,295.508,104.777
689.816,274.628,293.010,103.892
690.017,274.896,288.767,101.959
694.526,273.981,280.093,101.383
693.089,269.970,279.252,99.612
692.699,267.312,275.020,96.908
697.054,266.365,272.200,96.513
701.016,267.220,264.600,95.775
699.798,269.859,263.531,96.235
699.431,272.655,259.477,96.386
700.290,274.616,256.810,96.897
702.747,275.401,254.736,96.276
702.457,274.295,252.807,95.979
701.813,270.466,251.598,96.768
700.361,265.074,248.249,98.799
701.218,260.524,249.044,97.861
702.866,258.804,248.249,95.673
703.838,256.639,247.849,95.683
704.809,254.559,245.907,95.836
705.008,252.637,245.508,97.219
704.410,249.927,246.705,97.075
705.871,246.979,246.263,96.148
706.050,245.132,245.907,95.836
703.788,243.210,247.969,95.680
704.619,243.517,246.306,96.917
706.078,245.218,245.247,97.232
705.349,247.152,246.705,97.075
704.950,248.855,247.504,96.458
702.672,248.469,245.866,96.303
698.029,246.699,246.831,95.528
696.230,246.469,247.969,97.219
696.063,248.094,248.302,96.769
696.263,252.366,247.903,97.235
697.930,256.799,246.435,94.902
698.993,259.552,245.841,94.601
697.513,260.699,246.356,95.058
695.883,261.923,247.163,96.289
696.112,266.168,246.705,96.765
695.912,272.438,247.105,95.064
694.453,278.197,249.102,94.296
696.449,281.729,247.873,93.682
694.053,280.661,249.615,96.733
692.220,278.621,250.791,95.214
691.586,278.541,251.130,95.374
690.918,282.185,251.536,94.597
693.333,285.584,249.488,96.765
693.926,291.650,251.103,95.525
697.586,300.953,253.707,96.148
701.566,307.131,250.438,95.360
705.710,316.414,259.181,95.993
716.297,325.269,255.683,93.119
724.187,330.402,253.816,94.292
729.400,335.435,255.775,95.064
739.605,338.641,252.846,95.208
743.940,342.131,256.601,94.750
757.680,346.117,253.471,101.451
766.549,359.587,254.359,96.991
778.250,369.065,255.502,97.544
789.970,378.633,253.243,94.847
802.765,387.598,251.846,96.148
814.310,397.027,253.065,96.613
836.874,409.007,248.333,94.573
851.387,418.207,246.337,95.218
879.187,427.791,240.110,90.463
933.719,431.111,206.603,92.381
963.158,435.529,206.096,90.461
965.507,441.903,231.497,87.017
1032.383,445.916,201.173,89.505
1061.244,451.448,200.133,86.500
1083.539,457.262,195.088,86.471
1109.807,465.640,168.304,83.242
1126.144,472.642,151.756,85.363
1142.484,478.369,135.956,85.771
1149.519,482.571,129.233,84.498
1156.841,484.044,123.159,82.178
1169.432,487.233,108.663,81.044
1178.056,490.888,100.066,78.811
1180.539,492.183,98.127,81.031
1184.063,494.480,94.652,78.044
1189.572,495.298,89.141,79.332
1193.176,497.539,83.955,78.055
1195.768,497.180,82.986,78.447
1197.997,499.240,80.467,77.074
1199.817,500.312,78.565,76.510
1199.427,500.295,79.189,75.766
1197.616,500.495,80.950,75.988
1198.036,500.319,80.110,76.968
1193.024,502.560,85.250,74.220
1189.371,503.764,89.684,72.449
1188.647,502.825,90.000,71.742
1179.202,499.554,99.226,71.037
1168.137,494.227,110.431,70.931
1153.560,489.736,125.910,68.372
1137.612,482.051,141.245,66.621
1118.135,477.220,160.154,64.023
1102.551,471.048,138.312,63.571
1075.215,462.394,161.008,60.002
1052.834,453.763,159.847,61.495
1034.252,445.585,155.900,59.580
1018.744,437.721,152.546,61.791
1004.140,432.811,152.370,60.131
996.981,428.581,145.230,61.311
987.339,426.712,143.334,59.754
979.572,425.780,144.020,57.534
975.077,423.141,140.048,55.690
973.025,420.527,135.827,55.960
969.882,418.478,133.908,55.170
966.797,416.464,129.925,52.486
966.686,414.227,126.836,52.324
967.807,413.318,124.105,51.371
968.709,412.430,121.821,49.625
968.280,411.958,119.556,48.384
971.452,409.907,115.653,48.214
973.787,409.783,113.378,46.518
974.867,409.459,111.945,46.874
977.598,409.394,109.385,46.713
980.641,410.289,107.018,45.354
981.532,410.355,105.515,44.941
985.551,410.459,104.104,42.939
990.278,410.880,101.087,42.499
995.694,410.290,98.806,41.443
1003.348,410.265,97.329,39.828
1013.993,409.418,95.548,39.395
1043.062,407.949,93.896,38.887
1089.889,406.571,91.159,37.892
1126.614,403.321,88.662,36.952
1158.687,400.261,87.407,35.856
