0.00000000,0.00000000
0.90093698,0.00000000
0.88056746,0.00000000
0.94930407,0.00000000
0.93831224,0.00000000
0.93946720,0.00000000
0.92358378,0.00000000
0.93490231,0.00000000
0.93105845,0.00000000
0.92051068,0.00000000
0.95386483,0.00000000
0.91503509,0.00000000
0.93469798,0.00000000
0.93460928,0.00000000
0.91541823,0.00000000
0.88314498,0.00000000
0.91297785,0.00000000
0.90149556,0.00000000
0.88142309,0.00000000
0.85572849,0.00000000
0.85870109,0.00000000
0.87157237,0.00000000
0.85277138,0.00000000
0.90364399,0.00000000
0.91530443,0.00000000
0.86731160,0.00000000
0.92519228,0.00000000
0.93104307,0.00000000
0.92690916,0.00000000
0.96093054,0.00000000
0.93035163,0.00000000
0.89737131,0.00000000
0.84320875,0.00000000
0.82324866,0.00000000
0.83946333,0.00000000
0.94975883,0.00000000
0.92112598,0.00000000
0.89380393,0.00000000
0.87217093,0.00000000
0.90029017,0.00000000
0.78112494,0.00000000
0.84798618,0.00000000
0.86790574,0.00000000
0.80658262,0.00000000
0.89453239,0.00000000
0.86508274,0.00000000
0.86406665,0.00000000
0.83489748,0.00000000
0.89094273,0.00000000
0.92242853,0.00000000
0.93780887,0.00000000
0.94605125,0.00000000
0.95209490,0.00000000
0.93881883,0.00000000
0.95867826,0.00000000
0.94895956,0.00000000
0.94211339,0.00000000
0.95212161,0.00000000
0.92781891,0.00000000
0.94921877,0.00000000
0.94961317,0.00000000
0.90568364,0.00000000
0.91917910,0.00000000
0.91583619,0.00000000
0.88128669,0.00000000
0.92567694,0.00000000
0.89679715,0.00000000
0.96475775,0.00000000
0.98152595,0.00000000
0.82456129,0.00000000
0.87790075,0.00000000
0.90943525,0.00000000
0.89630525,0.00000000
0.91756655,0.00000000
0.87016163,0.00000000
0.91305612,0.00000000
0.95903864,0.00000000
0.94813123,0.00000000
0.92497419,0.00000000
0.92181267,0.00000000
0.95707203,0.00000000
0.93147735,0.00000000
0.95796152,0.00000000
0.94282464,0.00000000
0.92402256,0.00000000
0.91050760,0.00000000
0.90859150,0.00000000
0.91494708,0.00000000
0.94581805,0.00000000
0.95789715,0.00000000
0.88668308,0.00000000
0.79924389,0.00000000
0.85490422,0.00000000
0.84866020,0.00000000
0.87498458,0.00000000
0.85787136,0.00000000
0.85514715,0.00000000
0.85674716,0.00000000
0.85231748,0.00000000
0.89485894,0.00000000
0.92949316,0.00000000
0.90800129,0.00000000
0.89772666,0.00000000
0.92220586,0.00000000
0.91764070,0.00000000
0.95366520,0.00000000
0.92932372,0.00000000
0.88629609,0.00000000
0.89531324,0.00000000
0.95247242,0.00000000
0.94554079,0.00000000
0.94411005,0.00000000
0.92829155,0.00000000
0.91335069,0.00000000
0.91508855,0.00000000
0.91950113,0.00000000
0.88701997,0.00000000
0.88564525,0.00000000
0.91935334,0.00000000
0.90594851,0.00000000
0.93159880,0.00000000
0.95214117,0.00000000
0.94308117,0.00000000
0.92138766,0.00000000
0.93260422,0.00000000
0.91268526,0.00000000
0.93252809,0.00000000
0.93031181,0.00000000
0.96673057,0.00000000
0.94305493,0.00000000
0.96126761,0.00000000
0.96766905,0.00000000
0.96660181,0.00000000
0.95342860,0.00000000
0.91602728,0.00000000
0.94818741,0.00000000
0.94535100,0.00000000
0.92428529,0.00000000
0.91418488,0.00000000
0.92972270,0.00000000
0.96367152,0.00000000
0.92121960,0.00000000
0.95144247,0.00000000
0.95526306,0.00000000
0.92078865,0.00000000
0.94849277,0.00000000
0.92505531,0.00000000
0.89738827,0.00000000
0.89229710,0.00000000
0.93805751,0.00000000
0.92660338,0.00000000
0.89743284,0.00000000
0.91897074,0.00000000
0.87090699,0.00000000
0.91091419,0.00000000
0.88582572,0.00000000
0.94230308,0.00000000
0.92835095,0.00000000
0.95157589,0.00000000
0.93073717,0.00000000
0.98200488,0.00000000
0.95022041,0.00000000
0.94476400,0.00000000
0.93965825,0.00000000
0.94319803,0.00000000
0.91772768,0.00000000
0.89089510,0.00000000
0.92598675,0.00000000
0.91269933,0.00000000
0.92598219,0.00000000
0.90627217,0.00000000
0.91055609,0.00000000
0.92327299,0.00000000
0.94043326,0.00000000
0.92010473,0.00000000
0.91370512,0.00000000
0.93555011,0.00000000
0.92127719,0.00000000
0.91856657,0.00000000
0.90018574,0.00000000
0.91697100,0.00000000
0.89609092,0.00000000
0.89716362,0.00000000
0.89122915,0.00000000
0.90039781,0.00000000
0.89007225,0.00000000
0.92655598,0.00000000
0.91599637,0.00000000
0.92490866,0.00000000
0.91884753,0.00000000
0.90900819,0.00000000
0.90737611,0.00000000
0.92212794,0.00000000
0.91450699,0.00000000
0.92399537,0.00000000
0.92938751,0.00000000
0.93294426,0.00000000
0.93659911,0.00000000
0.94153675,0.00000000
0.93131859,0.00000000
0.92537727,0.00000000
0.91017307,0.00000000
0.90626269,0.00000000
0.91483089,0.00000000
0.93963322,0.00000000
0.92695813,0.00000000
0.91909924,0.00000000
0.92745703,0.00000000
0.93344704,0.00000000
0.92449572,0.00000000
0.92998829,0.00000000
0.92163999,0.00000000
0.92963327,0.00000000
0.94278254,0.00000000
0.93367960,0.00000000
0.91016859,0.00000000
0.90285552,0.00000000
0.93007193,0.00000000
0.91447602,0.00000000
0.90682108,0.00000000
0.91814980,0.00000000
0.89366786,0.00000000
0.88417254,0.00000000
0.92233564,0.00000000
0.94488700,0.00000000
0.93891409,0.00000000
0.92159712,0.00000000
0.93054400,0.00000000
0.92208678,0.00000000
0.93054425,0.00000000
0.93973450,0.00000000
0.91727044,0.00000000
0.90173861,0.00000000
0.90977855,0.00000000
0.93263621,0.00000000
0.94880500,0.00000000
0.93640727,0.00000000
0.93472435,0.00000000
0.93959802,0.00000000
0.93018802,0.00000000
0.92657954,0.00000000
0.92401259,0.00000000
0.93688740,0.00000000
0.92729908,0.00000000
0.91614571,0.00000000
0.93871636,0.00000000
0.95268402,0.00000000
0.93521284,0.00000000
0.94501862,0.00000000
0.97417143,0.00000000
0.94462707,0.00000000
0.91903629,0.00000000
0.93649124,0.00000000
0.94920230,0.00000000
0.94307587,0.00000000
0.94180021,0.00000000
0.94997530,0.00000000
0.90653617,0.00000000
0.90639366,0.00000000
0.90396974,0.00000000
0.96154857,0.00000000
0.95310638,0.00000000
0.94193719,0.00000000
0.98007419,0.00000000
0.94470635,0.00000000
0.94063195,0.00000000
0.96142465,0.00000000
0.95997857,0.00000000
0.94299263,0.00000000
0.96814626,0.00000000
0.94668243,0.00000000
0.95730586,0.00000000
0.93719519,0.00000000
0.90835249,0.00000000
0.94638720,0.00000000
0.94221785,0.00000000
0.94780270,0.00000000
0.93269222,0.00000000
0.91287518,0.00000000
0.90562439,0.00000000
0.96499733,0.00000000
0.94067453,0.00000000
0.94796940,0.00000000
0.94718152,0.00000000
0.95104469,0.00000000
0.97179368,0.00000000
0.97050543,0.00000000
0.92970435,0.00000000
0.93854347,0.00000000
0.96129046,0.00000000
0.95825021,0.00000000
0.95003399,0.00000000
0.96495370,0.00000000
0.94513845,0.00000000
0.94694829,0.00000000
0.94634002,0.00000000
0.95390545,0.00000000
0.94786549,0.00000000
0.94899321,0.00000000
0.91338809,0.00000000
0.92268592,0.00000000
0.94131474,0.00000000
0.94109845,0.00000000
0.96254731,0.00000000
0.96703486,0.00000000
0.97257695,0.00000000
0.91762773,0.00000000
0.91968814,0.00000000
0.93721649,0.00000000
0.96224302,0.00000000
0.95625241,0.00000000
0.94664461,0.00000000
0.97170671,0.00000000
0.97700469,0.00000000
0.96706432,0.00000000
0.96090657,0.00000000
0.96889613,0.00000000
0.94853848,0.00000000
0.94048178,0.00000000
0.92804580,0.00000000
0.97342437,0.00000000
0.98303699,0.00000000
0.95160015,0.00000000
0.96457318,0.00000000
0.97691145,0.00000000
0.96330710,0.00000000
0.97633643,0.00000000
0.97526978,0.00000000
0.96293873,0.00000000
0.97470316,0.00000000
0.97639584,0.00000000
0.95754477,0.00000000
0.90706848,0.00000000
0.92554669,0.00000000
0.93073488,0.00000000
0.92211389,0.00000000
0.91217505,0.00000000
0.95945753,0.00000000
0.93579109,0.00000000
0.94646288,0.00000000
0.94521034,0.00000000
0.94077755,0.00000000
0.93900065,0.00000000
0.93916833,0.00000000
0.91947637,0.00000000
0.96100251,0.00000000
0.94855161,0.00000000
0.96068997,0.00000000
0.93486873,0.00000000
0.94112432,0.00000000
0.89803287,0.00000000
0.89762141,0.00000000
0.94654737,0.00000000
0.96156632,0.00000000
0.94965196,0.00000000
0.96161292,0.00000000
0.95181652,0.00000000
0.94261639,0.00000000
0.94458981,0.00000000
0.95591768,0.00000000
0.96434918,0.00000000
0.96031750,0.00000000
0.94048778,0.00000000
0.93216795,0.00000000
0.93371812,0.00000000
0.93776651,0.00000000
0.93141593,0.00000000
0.93801318,0.00000000
0.93543869,0.00000000
0.93125131,0.00000000
0.91325988,0.00000000
0.91352262,0.00000000
0.92126990,0.00000000
0.91179101,0.00000000
0.90732212,0.00000000
0.93770095,0.00000000
0.91817609,0.00000000
0.90414749,0.00000000
0.92011660,0.00000000
0.92361383,0.00000000
0.92612271,0.00000000
0.93935484,0.00000000
0.94764111,0.00000000
0.93836539,0.00000000
0.93769294,0.00000000
0.95156816,0.00000000
0.92705977,0.00000000
0.94784243,0.00000000
0.90307864,0.00000000
0.93882898,0.00000000
0.95569334,0.00000000
0.94895461,0.00000000
0.94413770,0.00000000
0.95622755,0.00000000
0.96727019,0.00000000
0.91306358,0.00000000
0.94644325,0.00000000
0.96839561,0.00000000
0.91446022,0.00000000
0.83958748,0.00000000
0.83984262,0.00000000
0.90648487,0.00000000
0.93295757,0.00000000
0.93148118,0.00000000
0.92792416,0.00000000
0.93573444,0.00000000
0.94611503,0.00000000
0.93965046,0.00000000
0.95925851,0.00000000
0.96623285,0.00000000
0.92638702,0.00000000
0.89436930,0.00000000
0.79867331,0.00000000
0.78683783,0.00000000
0.78296676,0.00000000
0.75116858,0.00000000
0.77359537,0.00000000
0.74237795,0.00000000
0.93680462,0.00000000
0.93088009,0.00000000
0.60101006,0.00000000
0.54338833,0.00000000
0.53928750,0.00000000
0.52539949,0.00000000
0.56449770,0.00000000
0.52672976,0.00000000
0.61535390,0.00000000
0.75893806,0.00000000
0.84960638,0.00000000
0.94037212,0.00000000
0.97215156,0.00000000
0.94269565,0.00000000
0.93134011,0.00000000
0.90898695,0.00000000
0.91879402,0.00000000
0.91794579,0.00000000
0.90481632,0.00000000
0.92423027,0.00000000
0.87111085,0.00000000
0.85309982,0.00000000
0.85214122,0.00000000
0.79986214,0.00000000
0.79832931,0.00000000
0.80321679,0.00000000
0.79181436,0.00000000
0.80103822,0.00000000
0.81934351,0.00000000
0.82908595,0.00000000
0.92353352,0.00000000
0.96704930,0.00000000
0.97009960,0.00000000
0.93428584,0.00000000
0.93540111,0.00000000
0.94762885,0.00000000
0.94698979,0.00000000
0.92242964,0.00000000
0.90684949,0.00000000
0.91749334,0.00000000
0.94870606,0.00000000
0.92913488,0.00000000
0.92215042,0.00000000
0.92792208,0.00000000
0.92396764,0.00000000
0.90706562,0.00000000
0.89777620,0.00000000
0.92267281,0.00000000
0.88425464,0.00000000
0.91683882,0.00000000
0.91993325,0.00000000
0.91337528,0.00000000
0.90871810,0.00000000
0.92594369,0.00000000
0.88392649,0.00000000
0.94825206,0.00000000
0.90024363,0.00000000
0.95844681,0.00000000
0.94953767,0.00000000
0.96748679,0.00000000
0.95054623,0.00000000
0.94702756,0.00000000
0.92707711,0.00000000
0.92115981,0.00000000
0.92578968,0.00000000
0.95393612,0.00000000
0.95334758,0.00000000
0.92486860,0.00000000
0.89827613,0.00000000
0.87370303,0.00000000
0.83760040,0.00000000
0.84438849,0.00000000
0.83493957,0.00000000
0.82832035,0.00000000
0.83872033,0.00000000
0.80003816,0.00000000
0.78113373,0.00000000
0.77905125,0.00000000
0.77424000,0.00000000
0.76922129,0.00000000
0.79780343,0.00000000
0.87329813,0.00000000
0.93093335,0.00000000
0.96987865,0.00000000
0.94492270,0.00000000
0.94050296,0.00000000
0.94331779,0.00000000
0.92758483,0.00000000
0.93434690,0.00000000
0.95824669,0.00000000
0.95653148,0.00000000
0.96094112,0.00000000
0.93125352,0.00000000
0.94419327,0.00000000
0.97203939,0.00000000
0.99184325,0.00000000
0.97471227,0.00000000
0.96869255,0.00000000
0.96927383,0.00000000
0.96915406,0.00000000
0.95932796,0.00000000
0.95726612,0.00000000
0.95312495,0.00000000
0.98206975,0.00000000
0.97250596,0.00000000
0.96833606,0.00000000
0.95100614,0.00000000
0.95583109,0.00000000
0.95480507,0.00000000
0.94162794,0.00000000
0.92138408,0.00000000
0.91502371,0.00000000
0.92673721,0.00000000
0.91384068,0.00000000
0.94421270,0.00000000
0.93251831,0.00000000
0.96118362,0.00000000
0.95167666,0.00000000
0.95347008,0.00000000
0.94639840,0.00000000
0.92676000,0.00000000
0.94529880,0.00000000
0.93491921,0.00000000
0.94513788,0.00000000
0.90093583,0.00000000
0.89711065,0.00000000
0.91215643,0.00000000
0.88592693,0.00000000
0.88364089,0.00000000
0.85216734,0.00000000
0.82656265,0.00000000
0.83381758,0.00000000
0.79148833,0.00000000
0.81067287,0.00000000
0.82938433,0.00000000
0.88996516,0.00000000
0.91423694,0.00000000
0.87827222,0.00000000
0.91099539,0.00000000
0.92004786,0.00000000
0.91641600,0.00000000
0.89799960,0.00000000
0.90785207,0.00000000
0.88374548,0.00000000
0.89117344,0.00000000
0.88109345,0.00000000
0.92345819,0.00000000
0.90221395,0.00000000
0.92807303,0.00000000
0.89922079,0.00000000
0.84666365,0.00000000
0.86933080,0.00000000
0.83442058,0.00000000
0.81913955,0.00000000
0.85773527,0.00000000
0.88026268,0.00000000
0.87436379,0.00000000
0.89272717,0.00000000
0.92258456,0.00000000
0.92959923,0.00000000
0.90734365,0.00000000
0.95106982,0.00000000
0.91626477,0.00000000
0.93552414,0.00000000
0.91345918,0.00000000
0.92051295,0.00000000
0.96063946,0.00000000
0.94494928,0.00000000
0.94495419,0.00000000
0.95893428,0.00000000
0.96245611,0.00000000
0.94889020,0.00000000
0.95953365,0.00000000
0.96053404,0.00000000
0.97683496,0.00000000
0.93296780,0.00000000
0.87831053,0.00000000
0.83615182,0.00000000
0.83607807,0.00000000
0.84426542,0.00000000
0.88284420,0.00000000
0.88031325,0.00000000
0.89807465,0.00000000
0.89542930,0.00000000
0.93852130,0.00000000
0.97394652,0.00000000
0.93776338,0.00000000
0.93791694,0.00000000
0.92412898,0.00000000
0.95132185,0.00000000
0.85650275,0.00000000
0.82920721,0.00000000
0.85241515,0.00000000
0.91063215,0.00000000
0.92338143,0.00000000
0.89889293,0.00000000
0.90588454,0.00000000
0.87243547,0.00000000
0.86385769,0.00000000
0.88409524,0.00000000
0.87656632,0.00000000
0.89076968,0.00000000
0.93664876,0.00000000
0.90730451,0.00000000
0.90347711,0.00000000
0.91210375,0.00000000
0.91933170,0.00000000
0.90744102,0.00000000
0.91958680,0.00000000
0.91737163,0.00000000
0.90796945,0.00000000
0.89348538,0.00000000
0.92600754,0.00000000
0.92807374,0.00000000
0.94602624,0.00000000
0.92672395,0.00000000
0.90353053,0.00000000
0.90985772,0.00000000
0.94513456,0.00000000
0.91930366,0.00000000
0.91104211,0.00000000
0.91723500,0.00000000
0.89559888,0.00000000
0.81367057,0.00000000
0.82369851,0.00000000
0.88787469,0.00000000
0.88810561,0.00000000
0.89884198,0.00000000
0.90277870,0.00000000
0.87614523,0.00000000
0.87328400,0.00000000
0.91948910,0.00000000
0.89341380,0.00000000
0.89732179,0.00000000
0.86230551,0.00000000
0.88589381,0.00000000
0.89857343,0.00000000
0.91969221,0.00000000
0.90971591,0.00000000
0.92350723,0.00000000
0.89925118,0.00000000
0.90531054,0.00000000
0.76713708,0.00000000
0.85278075,0.00000000
0.82564486,0.00000000
0.78736449,0.00000000
0.79953795,0.00000000
0.80531452,0.00000000
0.80612602,0.00000000
0.86894764,0.00000000
0.90411263,0.00000000
0.88301992,0.00000000
0.92738499,0.00000000
0.90144931,0.00000000
0.91225395,0.00000000
0.90365193,0.00000000
0.91152905,0.00000000
0.91711690,0.00000000
0.90574524,0.00000000
0.91566833,0.00000000
0.90180678,0.00000000
0.88392995,0.00000000
0.85989003,0.00000000
0.85619187,0.00000000
0.84790443,0.00000000
0.89816677,0.00000000
0.88463376,0.00000000
0.90021177,0.00000000
0.91071932,0.00000000
0.89360494,0.00000000
0.90075281,0.00000000
0.90096827,0.00000000
0.89338056,0.00000000
0.89273297,0.00000000
0.91157406,0.00000000
0.92835441,0.00000000
0.91469131,0.00000000
0.89832082,0.00000000
0.85795563,0.00000000
0.85024876,0.00000000
0.87641923,0.00000000
0.88293780,0.00000000
0.88156574,0.00000000
0.91458343,0.00000000
0.91878913,0.00000000
0.91876292,0.00000000
0.92913622,0.00000000
0.89906745,0.00000000
0.89829672,0.00000000
0.89751470,0.00000000
0.83829894,0.00000000
0.87805683,0.00000000
0.94956654,0.00000000
0.92432052,0.00000000
0.91049128,0.00000000
0.90481440,0.00000000
0.89606696,0.00000000
0.89079727,0.00000000
0.90870740,0.00000000
0.91723818,0.00000000
0.91904934,0.00000000
0.90596501,0.00000000
0.93000722,0.00000000
0.93286894,0.00000000
0.91336173,0.00000000
0.90961309,0.00000000
0.88989397,0.00000000
0.88782980,0.00000000
0.89204703,0.00000000
0.89146403,0.00000000
0.95375893,0.00000000
0.91937440,0.00000000
0.94801232,0.00000000
0.83215015,0.00000000
0.75061669,0.00000000
0.86375521,0.00000000
0.89018707,0.00000000
0.87110574,0.00000000
0.89078984,0.00000000
0.85390148,0.00000000
0.84352902,0.00000000
0.82623906,0.00000000
0.82431856,0.00000000
0.88711430,0.00000000
0.89234766,0.00000000
0.86746821,0.00000000
0.88074502,0.00000000
0.89036289,0.00000000
0.86966997,0.00000000
0.85801048,0.00000000
0.85852356,0.00000000
0.88430438,0.00000000
0.89353777,0.00000000
0.93576748,0.00000000
0.92436603,0.00000000
0.92880782,0.00000000
0.95328149,0.00000000
0.93945228,0.00000000
0.91060200,0.00000000
0.94453656,0.00000000
0.93287685,0.00000000
0.93092836,0.00000000
0.91733383,0.00000000
0.91692422,0.00000000
0.92741128,0.00000000
0.90107574,0.00000000
0.92453044,0.00000000
0.87037186,0.00000000
0.92294405,0.00000000
0.95623436,0.00000000
0.94073593,0.00000000
0.96111403,0.00000000
0.93568214,0.00000000
0.93447917,0.00000000
0.95336757,0.00000000
0.95221522,0.00000000
0.96493982,0.00000000
0.96691939,0.00000000
0.95506720,0.00000000
0.96473034,0.00000000
0.94876150,0.00000000
0.89851253,0.00000000
0.90141957,0.00000000
0.94091604,0.00000000
0.90855769,0.00000000
0.92245268,0.00000000
0.87444979,0.00000000
0.90691635,0.00000000
0.91001925,0.00000000
0.86346296,0.00000000
0.87793001,0.00000000
0.93545861,0.00000000
0.90892118,0.00000000
0.94111389,0.00000000
0.91901912,0.00000000
0.92541594,0.00000000
0.93693440,0.00000000
0.88781947,0.00000000
0.93869993,0.00000000
0.91435276,0.00000000
0.94483658,0.00000000
0.92242699,0.00000000
0.93059610,0.00000000
0.93876011,0.00000000
0.91317557,0.00000000
0.93917133,0.00000000
0.92841371,0.00000000
0.96337881,0.00000000
0.92716459,0.00000000
0.92504184,0.00000000
0.91487086,0.00000000
0.91303061,0.00000000
0.91101492,0.00000000
0.92328120,0.00000000
0.91986833,0.00000000
0.93330713,0.00000000
0.92024708,0.00000000
0.96604958,0.00000000
0.89921153,0.00000000
0.93982799,0.00000000
0.92261618,0.00000000
0.94419549,0.00000000
0.95132677,0.00000000
0.95935408,0.00000000
0.94374013,0.00000000
0.93397721,0.00000000
0.94265312,0.00000000
0.94647635,0.00000000
0.93841606,0.00000000
0.91227418,0.00000000
0.95913610,0.00000000
0.96260901,0.00000000
0.92359215,0.00000000
0.95850561,0.00000000
0.94384459,0.00000000
0.92708407,0.00000000
0.93399864,0.00000000
0.90319378,0.00000000
0.93483376,0.00000000
0.88627144,0.00000000
0.93231040,0.00000000
0.91281132,0.00000000
0.89878290,0.00000000
0.91417468,0.00000000
0.89166250,0.00000000
0.91612684,0.00000000
0.92065670,0.00000000
0.95865827,0.00000000
0.93873646,0.00000000
0.92894513,0.00000000
0.88768065,0.00000000
0.93448730,0.00000000
0.93263149,0.00000000
0.94387191,0.00000000
0.92294281,0.00000000
0.88976798,0.00000000
0.92472721,0.00000000
0.90851172,0.00000000
0.93826504,0.00000000
0.93583231,0.00000000
0.89681400,0.00000000
0.94508708,0.00000000
0.95262205,0.00000000
0.93660863,0.00000000
0.91488049,0.00000000
0.93042906,0.00000000
0.89409486,0.00000000
0.94942368,0.00000000
0.95185780,0.00000000
0.93243537,0.00000000
0.93231430,0.00000000
0.92159863,0.00000000
0.94890347,0.00000000
0.92795451,0.00000000
0.93514647,0.00000000
0.93281282,0.00000000
0.91895671,0.00000000
0.92702900,0.00000000
0.91539948,0.00000000
0.87085381,0.00000000
0.93274273,0.00000000
0.89544937,0.00000000
0.91656077,0.00000000
0.93976447,0.00000000
0.90721450,0.00000000
0.95210718,0.00000000
0.95171914,0.00000000
0.96190894,0.00000000
0.93120074,0.00000000
0.93894946,0.00000000
0.95188757,0.00000000
0.95456244,0.00000000
0.92305172,0.00000000
0.97869343,0.00000000
0.94214415,0.00000000
0.94073776,0.00000000
0.94595893,0.00000000
0.94941490,0.00000000
0.90676579,0.00000000
0.92112073,0.00000000
0.93374521,0.00000000
0.93584577,0.00000000
0.91442988,0.00000000
0.93646031,0.00000000
0.95389022,0.00000000
0.92825392,0.00000000
0.93909341,0.00000000
0.94398507,0.00000000
0.94433549,0.00000000
0.93136142,0.00000000
0.95121234,0.00000000
0.90859058,0.00000000
0.97081504,0.00000000
0.95660318,0.00000000
0.91943261,0.00000000
0.91753113,0.00000000
0.92472037,0.00000000
0.93138244,0.00000000
0.94726752,0.00000000
0.93581355,0.00000000
0.94464101,0.00000000
0.92146268,0.00000000
0.93052299,0.00000000
0.95022807,0.00000000
0.93323291,0.00000000
0.97079054,0.00000000
0.92943502,0.00000000
0.98281719,0.00000000
0.94611120,0.00000000
0.94893987,0.00000000
0.94690586,0.00000000
0.91676231,0.00000000
0.94442247,0.00000000
0.97056951,0.00000000
0.91069783,0.00000000
0.95190364,0.00000000
0.94500078,0.00000000
0.97258292,0.00000000
0.96998594,0.00000000
0.94967935,0.00000000
0.95963286,0.00000000
0.95277392,0.00000000
0.95634619,0.00000000
0.96842663,0.00000000
0.94232507,0.00000000
0.95784897,0.00000000
0.92171311,0.00000000
0.96402509,0.00000000
0.92350058,0.00000000
0.94612441,0.00000000
0.93377443,0.00000000
0.92021264,0.00000000
0.90622602,0.00000000
0.91639051,0.00000000
0.94729802,0.00000000
0.93570094,0.00000000
0.95916668,0.00000000
0.94129210,0.00000000
0.92253801,0.00000000
0.92177808,0.00000000
0.92744368,0.00000000
0.96402219,0.00000000
0.97254735,0.00000000
0.92110634,0.00000000
0.90362770,0.00000000
0.92479461,0.00000000
0.91772363,0.00000000
0.91700080,0.00000000
0.92437774,0.00000000
0.92649248,0.00000000
0.91739882,0.00000000
0.95806743,0.00000000
0.91287185,0.00000000
0.94379971,0.00000000
0.93122132,0.00000000
0.90673875,0.00000000
0.91802368,0.00000000
0.88817353,0.00000000
0.90060768,0.00000000
0.89261854,0.00000000
0.89315104,0.00000000
0.89620383,0.00000000
0.90408673,0.00000000
0.90711328,0.00000000
0.88521007,0.00000000
0.93393907,0.00000000
0.95324237,0.00000000
0.91207753,0.00000000
0.92548222,0.00000000
0.88389355,0.00000000
0.89770701,0.00000000
0.87751038,0.00000000
0.91202695,0.00000000
0.91997463,0.00000000
0.94070601,0.00000000
0.93872059,0.00000000
0.92914673,0.00000000
0.93061287,0.00000000
0.92824881,0.00000000
0.92434037,0.00000000
0.91033243,0.00000000
0.90160300,0.00000000
0.90161866,0.00000000
0.90694207,0.00000000
0.89043799,0.00000000
0.87522677,0.00000000
0.89063870,0.00000000
0.91490924,0.00000000
0.91685053,0.00000000
0.91914909,0.00000000
0.93087129,0.00000000
0.94484150,0.00000000
0.93718604,0.00000000
0.88693431,0.00000000
0.93640236,0.00000000
0.90235765,0.00000000
0.92780861,0.00000000
0.92130944,0.00000000
0.94399038,0.00000000
0.92887841,0.00000000
0.93284048,0.00000000
0.92584347,0.00000000
0.92468626,0.00000000
0.94194036,0.00000000
0.93642383,0.00000000
0.92632290,0.00000000
0.93839704,0.00000000
0.93098275,0.00000000
0.92789497,0.00000000
0.93968666,0.00000000
0.92869940,0.00000000
0.92543424,0.00000000
0.92067634,0.00000000
0.91359021,0.00000000
0.92907743,0.00000000
0.92992455,0.00000000
0.95228703,0.00000000
0.93832522,0.00000000
0.91518487,0.00000000
0.90562994,0.00000000
0.94886124,0.00000000
0.96446965,0.00000000
0.92550692,0.00000000
0.92045281,0.00000000
0.92502763,0.00000000
0.93664261,0.00000000
0.94644504,0.00000000
0.90049177,0.00000000
0.97443133,0.00000000
0.94496541,0.00000000
0.96376511,0.00000000
0.97214543,0.00000000
0.94312823,0.00000000
0.94097941,0.00000000
0.94568082,0.00000000
0.94872727,0.00000000
0.93655339,0.00000000
0.91783956,0.00000000
0.93620999,0.00000000
0.95266475,0.00000000
0.96349194,0.00000000
0.93308977,0.00000000
0.93274074,0.00000000
0.98009487,0.00000000
0.97256656,0.00000000
0.93908005,0.00000000
0.94877809,0.00000000
0.96946323,0.00000000
0.96598315,0.00000000
0.94847609,0.00000000
0.95446926,0.00000000
0.93596117,0.00000000
0.96649090,0.00000000
0.94639929,0.00000000
0.94244853,0.00000000
0.94116276,0.00000000
0.95519724,0.00000000
0.91699908,0.00000000
0.92234150,0.00000000
0.92216695,0.00000000
0.94792148,0.00000000
0.94573976,0.00000000
0.97131085,0.00000000
0.93938462,0.00000000
0.94374420,0.00000000
0.95061712,0.00000000
0.94498979,0.00000000
0.93698557,0.00000000
0.91994103,0.00000000
0.89279429,0.00000000
0.89840514,0.00000000
0.93059152,0.00000000
0.93332869,0.00000000
0.92690953,0.00000000
0.94297355,0.00000000
0.92176493,0.00000000
0.94387487,0.00000000
0.94417633,0.00000000
0.94706556,0.00000000
0.95318258,0.00000000
0.95097287,0.00000000
0.95314923,0.00000000
0.94778231,0.00000000
0.90700604,0.00000000
0.90867648,0.00000000
0.94974486,0.00000000
0.95440329,0.00000000
0.95779540,0.00000000
0.93747847,0.00000000
0.94530788,0.00000000
0.93699586,0.00000000
0.96012608,0.00000000
0.92858739,0.00000000
0.95338916,0.00000000
0.96313102,0.00000000
0.90814055,0.00000000
0.92526939,0.00000000
0.92418671,0.00000000
0.94170166,0.00000000
0.93096564,0.00000000
0.95648556,0.00000000
0.92742429,0.00000000
0.89632954,0.00000000
0.93334614,0.00000000
0.92464434,0.00000000
0.90633287,0.00000000
0.92456222,0.00000000
0.89846602,0.00000000
0.96265518,0.00000000
0.97552750,0.00000000
0.92761106,0.00000000
0.95116449,0.00000000
0.92403835,0.00000000
0.94483480,0.00000000
0.95271143,0.00000000
0.93986748,0.00000000
0.93421075,0.00000000
0.91605167,0.00000000
0.92822525,0.00000000
0.93592365,0.00000000
0.93975276,0.00000000
0.92432856,0.00000000
0.92710213,0.00000000
0.90560686,0.00000000
0.93754378,0.00000000
0.96619379,0.00000000
0.98148018,0.00000000
0.96491436,0.00000000
0.94417867,0.00000000
0.96501931,0.00000000
0.96216497,0.00000000
0.94188515,0.00000000
0.95256479,0.00000000
0.94613487,0.00000000
0.93364211,0.00000000
0.91268595,0.00000000
0.94321341,0.00000000
0.92027084,0.00000000
0.92312645,0.00000000
0.91575284,0.00000000
0.93014837,0.00000000
0.94158055,0.00000000
0.94013597,0.00000000
0.93837579,0.00000000
0.94639929,0.00000000
0.94134072,0.00000000
0.94788975,0.00000000
0.95483095,0.00000000
0.97548129,0.00000000
0.94368599,0.00000000
0.95187136,0.00000000
0.92675048,0.00000000
0.90633754,0.00000000
0.93768505,0.00000000
0.89725374,0.00000000
0.91777123,0.00000000
0.88965047,0.00000000
0.89029422,0.00000000
0.91918817,0.00000000
0.90668373,0.00000000
0.92235544,0.00000000
0.90888672,0.00000000
0.88314683,0.00000000
0.87981978,0.00000000
0.93537898,0.00000000
0.94092337,0.00000000
0.95251640,0.00000000
0.91607489,0.00000000
0.94055441,0.00000000
0.93861617,0.00000000
0.93730664,0.00000000
0.94360492,0.00000000
0.94238732,0.00000000
0.88661612,0.00000000
0.93745871,0.00000000
0.87516300,0.00000000
0.90689402,0.00000000
0.90192208,0.00000000
0.90723611,0.00000000
0.88629632,0.00000000
0.91004991,0.00000000
0.87544370,0.00000000
0.87217184,0.00000000
0.94313644,0.00000000
0.95782740,0.00000000
0.96168491,0.00000000
0.92697796,0.00000000
0.90973196,0.00000000
0.92340640,0.00000000
0.91646048,0.00000000
0.92664128,0.00000000
0.89112932,0.00000000
0.90064638,0.00000000
0.91863999,0.00000000
0.91247819,0.00000000
0.92918246,0.00000000
0.90429464,0.00000000
0.90704997,0.00000000
0.92448264,0.00000000
0.90555654,0.00000000
0.89556976,0.00000000
0.91997370,0.00000000
0.93878754,0.00000000
0.95980949,0.00000000
0.91556240,0.00000000
0.89230883,0.00000000
0.84910538,0.00000000
0.86992058,0.00000000
0.89234017,0.00000000
0.87295320,0.00000000
0.88483872,0.00000000
0.89111525,0.00000000
0.85043042,0.00000000
0.90498193,0.00000000
0.90487548,0.00000000
0.91189945,0.00000000
0.90734120,0.00000000
0.95473977,0.00000000
0.91799238,0.00000000
0.93946708,0.00000000
0.91937484,0.00000000
0.91840330,0.00000000
0.90715845,0.00000000
0.89539581,0.00000000
0.83225207,0.00000000
0.82218497,0.00000000
0.86252383,0.00000000
0.87367556,0.00000000
0.86395752,0.00000000
0.86874453,0.00000000
0.85556514,0.00000000
0.85576122,0.00000000
0.82149085,0.00000000
0.87928701,0.00000000
0.82582526,0.00000000
0.88122157,0.00000000
0.90066910,0.00000000
0.91794571,0.00000000
0.92870142,0.00000000
0.91524428,0.00000000
0.91024327,0.00000000
0.85359981,0.00000000
0.81203914,0.00000000
0.85598107,0.00000000
0.92597224,0.00000000
0.88107238,0.00000000
0.88072865,0.00000000
0.89536007,0.00000000
0.94610149,0.00000000
0.87005329,0.00000000
0.87673167,0.00000000
0.86515916,0.00000000
0.84263222,0.00000000
0.83531473,0.00000000
0.85624751,0.00000000
0.91512112,0.00000000
0.93076966,0.00000000
0.93963700,0.00000000
0.91779819,0.00000000
0.91779819,0.00000000
0.90957045,0.00000000
0.94372020,0.00000000
0.92478282,0.00000000
0.94309264,0.00000000
0.92310381,0.00000000
0.88721257,0.00000000
0.89622824,0.00000000
0.89200910,0.00000000
0.92434403,0.00000000
0.91299551,0.00000000
0.91508771,0.00000000
0.90669063,0.00000000
0.92897415,0.00000000
0.91074775,0.00000000
0.92245745,0.00000000
0.93152322,0.00000000
0.91572237,0.00000000
0.92740497,0.00000000
0.90547207,0.00000000
0.91078222,0.00000000
0.92736565,0.00000000
0.93153495,0.00000000
0.94574707,0.00000000
0.95201953,0.00000000
0.94286787,0.00000000
0.88874792,0.00000000
0.88257080,0.00000000
0.90641577,0.00000000
0.89018608,0.00000000
0.90195476,0.00000000
0.91276550,0.00000000
0.88528776,0.00000000
0.90194478,0.00000000
0.94281787,0.00000000
0.92606236,0.00000000
0.91633536,0.00000000
0.88574519,0.00000000
0.91766524,0.00000000
0.94831519,0.00000000
0.92972728,0.00000000
0.86695050,0.00000000
0.86039521,0.00000000
0.89153836,0.00000000
0.89277912,0.00000000
0.90087584,0.00000000
0.89580383,0.00000000
0.86678745,0.00000000
0.85558032,0.00000000
0.83272707,0.00000000
0.85325597,0.00000000
0.89234131,0.00000000
0.89984484,0.00000000
0.86236550,0.00000000
0.97210054,0.00000000
0.92133762,0.00000000
0.94956328,0.00000000
0.93444150,0.00000000
0.92596437,0.00000000
0.94165901,0.00000000
0.91148422,0.00000000
0.92867609,0.00000000
0.92170260,0.00000000
0.91901221,0.00000000
0.91376214,0.00000000
0.91880858,0.00000000
0.90241838,0.00000000
0.93579826,0.00000000
0.90873555,0.00000000
0.90269033,0.00000000
0.91385941,0.00000000
0.96070609,0.00000000
0.96061390,0.00000000
0.95618788,0.00000000
0.96110086,0.00000000
0.94500461,0.00000000
0.94492775,0.00000000
0.92409041,0.00000000
0.97524790,0.00000000
0.96200903,0.00000000
0.95002262,0.00000000
0.92289002,0.00000000
0.94462647,0.00000000
0.95454762,0.00000000
0.93544122,0.00000000
0.93040312,0.00000000
0.89332870,0.00000000
0.91169051,0.00000000
0.93191187,0.00000000
0.92239801,0.00000000
0.94272354,0.00000000
0.93314482,0.00000000
0.93420666,0.00000000
0.94864370,0.00000000
0.94528134,0.00000000
0.93453378,0.00000000
0.91215159,0.00000000
0.89893870,0.00000000
0.89651636,0.00000000
0.88114088,0.00000000
0.90568810,0.00000000
0.86106771,0.00000000
0.84254277,0.00000000
0.90411241,0.00000000
0.88502187,0.00000000
0.90289889,0.00000000
0.90490007,0.00000000
0.93690527,0.00000000
0.91572431,0.00000000
0.90757260,0.00000000
0.90760739,0.00000000
0.92417824,0.00000000
0.89799111,0.00000000
0.88155160,0.00000000
0.91250322,0.00000000
0.91178666,0.00000000
0.92732574,0.00000000
0.94885844,0.00000000
0.95839098,0.00000000
0.93423154,0.00000000
0.90349417,0.00000000
0.91987221,0.00000000
0.93424467,0.00000000
0.91763710,0.00000000
0.91214933,0.00000000
0.92712391,0.00000000
0.89240832,0.00000000
0.89663916,0.00000000
0.87569904,0.00000000
0.83795953,0.00000000
0.86625530,0.00000000
0.87272406,0.00000000
0.84857230,0.00000000
0.84029326,0.00000000
0.83996549,0.00000000
0.83639463,0.00000000
0.82625359,0.00000000
0.87136317,0.00000000
0.86177212,0.00000000
0.85288950,0.00000000
0.85339763,0.00000000
0.88775489,0.00000000
0.85869656,0.00000000
0.89563438,0.00000000
0.90442078,0.00000000
0.91793155,0.00000000
0.91506615,0.00000000
0.90620247,0.00000000
0.85722804,0.00000000
0.85615121,0.00000000
0.85303525,0.00000000
0.83777599,0.00000000
0.85090386,0.00000000
0.89952843,0.00000000
0.90473711,0.00000000
0.84867343,0.00000000
0.91924994,0.00000000
0.89964006,0.00000000
0.89334676,0.00000000
0.90920604,0.00000000
0.89483443,0.00000000
0.91608723,0.00000000
0.86571186,0.00000000
0.88679328,0.00000000
0.87921467,0.00000000
0.92845231,0.00000000
0.88966022,0.00000000
0.94769044,0.00000000
0.91063517,0.00000000
0.91750630,0.00000000
0.88859816,0.00000000
0.88695357,0.00000000
0.88029454,0.00000000
0.88035453,0.00000000
0.86299661,0.00000000
0.90493812,0.00000000
0.90362747,0.00000000
0.88765925,0.00000000
0.83864521,0.00000000
0.83597613,0.00000000
0.84884785,0.00000000
0.84716304,0.00000000
0.88793920,0.00000000
0.90146570,0.00000000
0.92189648,0.00000000
0.94578125,0.00000000
0.95712194,0.00000000
0.95535238,0.00000000
0.87674921,0.00000000
0.84274475,0.00000000
0.93053697,0.00000000
0.92696659,0.00000000
0.94102429,0.00000000
0.93089029,0.00000000
0.93459911,0.00000000
0.90309064,0.00000000
0.84487882,0.00000000
0.92033346,0.00000000
0.89046848,0.00000000
0.88555217,0.00000000
0.87521454,0.00000000
0.89519322,0.00000000
0.90154616,0.00000000
0.86137512,0.00000000
0.83530290,0.00000000
0.82933316,0.00000000
0.78099914,0.00000000
0.84265698,0.00000000
0.86829601,0.00000000
0.90503365,0.00000000
0.89733616,0.00000000
0.90584422,0.00000000
0.87513787,0.00000000
0.86484915,0.00000000
0.86812224,0.00000000
0.82973652,0.00000000
0.89198639,0.00000000
0.90649124,0.00000000
0.88531855,0.00000000
0.90958472,0.00000000
0.92572081,0.00000000
0.92497600,0.00000000
0.89509532,0.00000000
0.94253841,0.00000000
0.88151808,0.00000000
0.87921061,0.00000000
0.86567959,0.00000000
0.87580398,0.00000000
0.86764598,0.00000000
0.93569662,0.00000000
0.86623166,0.00000000
0.85509535,0.00000000
0.85447620,0.00000000
0.91437795,0.00000000
0.88703220,0.00000000
0.80779842,0.00000000
0.86966719,0.00000000
0.78779753,0.00000000
0.87371285,0.00000000
0.77591519,0.00000000
0.83757643,0.00000000
0.85235092,0.00000000
0.85229332,0.00000000
0.76431082,0.00000000
0.84884193,0.00000000
0.84352543,0.00000000
0.82764873,0.00000000
0.82447996,0.00000000
0.74923304,0.00000000
0.82365366,0.00000000
0.84175220,0.00000000
0.82275157,0.00000000
0.81648951,0.00000000
0.81371974,0.00000000
0.76103658,0.00000000
0.78712538,0.00000000
0.69244933,0.00000000
0.75816593,0.00000000
0.72621468,0.00000000
0.69724138,0.00000000
0.64403498,0.00000000
0.55925645,0.00000000
0.71078383,0.00000000
0.59357461,0.00000000
0.83095651,0.00000000
0.86298602,0.00000000
0.80112064,0.00000000
0.75289886,0.00000000
0.83932004,0.00000000
0.84303787,0.00000000
0.78486127,0.00000000
0.68626439,0.00000000
0.78061282,0.00000000
0.78301244,0.00000000
0.83238911,0.00000000
0.78872526,0.00000000
0.85204829,0.00000000
0.97810186,0.00000000
0.81005771,0.00000000
0.89788794,0.00000000
0.87954936,0.00000000
0.85127381,0.00000000
0.75040680,0.00000000
0.75119029,0.00000000
0.77247128,0.00000000
0.76919298,0.00000000
0.76942308,0.00000000
0.79922191,0.00000000
0.77859636,0.00000000
0.76080625,0.00000000
0.73922006,0.00000000
0.70525134,0.00000000
0.77022453,0.00000000
0.78833444,0.00000000
0.74757995,0.00000000
0.76032735,0.00000000
0.83629872,0.00000000
0.77903286,0.00000000
0.85808181,0.00000000
0.85595638,0.00000000
0.86614115,0.00000000
0.88177276,0.00000000
0.92102484,0.00000000
0.83575088,0.00000000
0.92970563,0.00000000
0.94107859,0.00000000
0.92092052,0.00000000
0.91628511,0.00000000
0.88657486,0.00000000
0.85418591,0.00000000
0.89707376,0.00000000
0.94453434,0.00000000
0.94933003,0.00000000
0.90654869,0.00000000
0.89338985,0.00000000
0.85868364,0.00000000
0.85607464,0.00000000
0.85367573,0.00000000
0.92105474,0.00000000
0.87560260,0.00000000
0.90489679,0.00000000
0.92564054,0.00000000
0.86440794,0.00000000
0.83786578,0.00000000
0.90444415,0.00000000
0.91567344,0.00000000
0.94798297,0.00000000
0.93187114,0.00000000
0.92888308,0.00000000
0.92950203,0.00000000
0.93359459,0.00000000
0.91557535,0.00000000
0.89208353,0.00000000
0.89397985,0.00000000
0.93214548,0.00000000
0.95812253,0.00000000
0.88029241,0.00000000
0.91647243,0.00000000
0.95431439,0.00000000
0.95566249,0.00000000
0.94054757,0.00000000
0.97134705,0.00000000
0.95136812,0.00000000
0.97650156,0.00000000
0.95043484,0.00000000
0.95501121,0.00000000
0.96730957,0.00000000
0.98432887,0.00000000
0.95268995,0.00000000
0.94413648,0.00000000
0.95141407,0.00000000
0.92658652,0.00000000
0.89601196,0.00000000
0.88068686,0.00000000
0.91289452,0.00000000
0.87336239,0.00000000
0.86717791,0.00000000
0.94542552,0.00000000
0.95324074,0.00000000
0.94888719,0.00000000
0.88579436,0.00000000
0.87538187,0.00000000
0.87168487,0.00000000
0.85674619,0.00000000
0.83381145,0.00000000
0.84098267,0.00000000
0.91524463,0.00000000
0.95061376,0.00000000
0.96155589,0.00000000
0.97327894,0.00000000
0.96514785,0.00000000
0.94408323,0.00000000
0.93632039,0.00000000
0.95855942,0.00000000
0.97450353,0.00000000
0.96985047,0.00000000
0.98010808,0.00000000
0.98161933,0.00000000
0.97078532,0.00000000
0.97154596,0.00000000
0.93335946,0.00000000
0.92280850,0.00000000
0.90817954,0.00000000
0.92149991,0.00000000
0.96098808,0.00000000
0.95587854,0.00000000
0.92606015,0.00000000
0.92995474,0.00000000
0.91702615,0.00000000
0.92510874,0.00000000
0.92960986,0.00000000
0.93061929,0.00000000
0.98626728,0.00000000
0.96519027,0.00000000
0.97275568,0.00000000
0.97639404,0.00000000
0.95238966,0.00000000
0.96362265,0.00000000
0.92681194,0.00000000
0.92015770,0.00000000
0.88857434,0.00000000
0.91964554,0.00000000
0.92454741,0.00000000
0.96368568,0.00000000
0.94527929,0.00000000
0.95288478,0.00000000
0.95312792,0.00000000
0.95051805,0.00000000
0.91611685,0.00000000
0.92840637,0.00000000
0.91681982,0.00000000
0.89357280,0.00000000
0.90888090,0.00000000
0.90666739,0.00000000
0.90073721,0.00000000
0.90996197,0.00000000
0.94682227,0.00000000
0.95386877,0.00000000
0.94894046,0.00000000
0.93637872,0.00000000
0.95909574,0.00000000
0.94316896,0.00000000
0.91292503,0.00000000
0.90545799,0.00000000
0.89951703,0.00000000
0.88539206,0.00000000
0.92743703,0.00000000
0.92137023,0.00000000
0.93827651,0.00000000
0.85923130,0.00000000
0.94692972,0.00000000
0.91366602,0.00000000
0.85250004,0.00000000
0.82269576,0.00000000
0.90047927,0.00000000
0.89788083,0.00000000
0.87492647,0.00000000
0.88688986,0.00000000
0.94862097,0.00000000
0.95784619,0.00000000
0.95847929,0.00000000
0.97839405,0.00000000
0.97218651,0.00000000
0.91829987,0.00000000
0.90541759,0.00000000
0.88970850,0.00000000
0.87654416,0.00000000
0.88720551,0.00000000
0.90051207,0.00000000
0.92927100,0.00000000
0.88768752,0.00000000
0.87448561,0.00000000
0.92661724,0.00000000
0.92208072,0.00000000
0.96341038,0.00000000
0.90139024,0.00000000
0.88816737,0.00000000
0.90435948,0.00000000
0.90911557,0.00000000
0.89995505,0.00000000
0.93775752,0.00000000
0.90787423,0.00000000
0.89576260,0.00000000
0.94406882,0.00000000
0.92711874,0.00000000
0.91909638,0.00000000
0.91183835,0.00000000
0.91886623,0.00000000
0.94177799,0.00000000
0.93346081,0.00000000
0.92119676,0.00000000
0.96911814,0.00000000
0.92299031,0.00000000
0.94105071,0.00000000
0.98074369,0.00000000
0.93650373,0.00000000
0.94337361,0.00000000
0.94337687,0.00000000
0.94392458,0.00000000
0.88872610,0.00000000
0.88931320,0.00000000
0.89444895,0.00000000
0.89524694,0.00000000
0.86838568,0.00000000
0.89477831,0.00000000
0.96150037,0.00000000
0.93761639,0.00000000
0.87201876,0.00000000
0.86492239,0.00000000
0.87017630,0.00000000
0.85961461,0.00000000
0.92455120,0.00000000
0.90929823,0.00000000
0.89543660,0.00000000
0.94613457,0.00000000
0.92185969,0.00000000
0.95465566,0.00000000
0.91286748,0.00000000
0.80305153,0.00000000
0.84936168,0.00000000
0.85287307,0.00000000
0.91376582,0.00000000
0.86293386,0.00000000
0.92830520,0.00000000
0.91445119,0.00000000
0.71688609,0.00000000
0.74371753,0.00000000
0.75549217,0.00000000
0.63708200,0.00000000
0.67481834,0.00000000
0.73369561,0.00000000
0.70868527,0.00000000
0.72713173,0.00000000
0.75023990,0.00000000
0.80015797,0.00000000
0.83102982,0.00000000
0.90723918,0.00000000
0.86941880,0.00000000
0.87529368,0.00000000
0.83447050,0.00000000
0.87888618,0.00000000
0.86473997,0.00000000
0.79885265,0.00000000
0.76788532,0.00000000
0.80901006,0.00000000
0.84582130,0.00000000
0.82357091,0.00000000
0.92592400,0.00000000
0.86964038,0.00000000
0.73417205,0.00000000
0.80492076,0.00000000
0.75368603,0.00000000
0.79688771,0.00000000
0.90166316,0.00000000
0.88813794,0.00000000
0.84395220,0.00000000
0.78973464,0.00000000
0.73616494,0.00000000
0.88437239,0.00000000
0.79507743,0.00000000
0.91591891,0.00000000
0.80933234,0.00000000
0.81604437,0.00000000
0.81566282,0.00000000
0.87549939,0.00000000
0.73038641,0.00000000
0.88191317,0.00000000
0.80181544,0.00000000
0.91749783,0.00000000
0.85532694,0.00000000
0.81528158,0.00000000
0.84920633,0.00000000
0.89060607,0.00000000
0.90723451,0.00000000
0.89945116,0.00000000
0.92045513,0.00000000
0.93549306,0.00000000
0.92957998,0.00000000
0.79260376,0.00000000
0.82111655,0.00000000
0.77246812,0.00000000
0.41782667,0.00000000
0.35377312,0.00000000
0.36800103,0.00000000
0.92817603,0.00000000
0.90990162,0.00000000
0.98011745,0.00000000
0.36642396,0.00000000
0.33316209,0.00000000
0.33819796,0.00000000
0.36387828,0.00000000
0.32706621,0.00000000
0.32963167,0.00000000
0.32672955,0.00000000
0.79603167,0.00000000
0.92749979,0.00000000
0.91556071,0.00000000
0.94061505,0.00000000
0.94973823,0.00000000
0.94744446,0.00000000
0.93784641,0.00000000
0.91561069,0.00000000
0.87685848,0.00000000
0.90762936,0.00000000
0.91363713,0.00000000
0.92610958,0.00000000
0.94286023,0.00000000
0.96203410,0.00000000
0.91147190,0.00000000
0.94649505,0.00000000
0.93801025,0.00000000
0.93709855,0.00000000
0.98102614,0.00000000
0.97705032,0.00000000
0.95817516,0.00000000
0.95586224,0.00000000
0.97086063,0.00000000
0.97535459,0.00000000
0.95845160,0.00000000
0.98887131,0.00000000
0.96525267,0.00000000
0.96058195,0.00000000
0.95251534,0.00000000
0.92476245,0.00000000
0.93301202,0.00000000
0.91957402,0.00000000
0.94164076,0.00000000
0.92654192,0.00000000
0.87735810,0.00000000
0.87081814,0.00000000
0.92864432,0.00000000
0.91230602,0.00000000
0.89119889,0.00000000
0.90855072,0.00000000
0.90202164,0.00000000
0.92232134,0.00000000
0.97146974,0.00000000
0.95288319,0.00000000
0.96403367,0.00000000
0.95332082,0.00000000
0.94933951,0.00000000
0.95654927,0.00000000
0.96216098,0.00000000
0.96407436,0.00000000
0.94422252,0.00000000
0.95431446,0.00000000
0.93217055,0.00000000
0.94781579,0.00000000
0.97069192,0.00000000
0.97638321,0.00000000
0.92707092,0.00000000
0.95369134,0.00000000
0.94916928,0.00000000
0.95237687,0.00000000
0.84041096,0.00000000
0.85233885,0.00000000
0.81666173,0.00000000
0.77817455,0.00000000
0.92526108,0.00000000
0.79389462,0.00000000
0.96045747,0.00000000
0.90205694,0.00000000
0.88597088,0.00000000
0.96690274,0.00000000
0.92298388,0.00000000
0.94926390,0.00000000
0.93130979,0.00000000
0.94549020,0.00000000
0.95092494,0.00000000
0.94376422,0.00000000
0.93852503,0.00000000
0.93719051,0.00000000
0.93583534,0.00000000
0.94374666,0.00000000
0.95141023,0.00000000
0.92898122,0.00000000
0.93050068,0.00000000
0.95281193,0.00000000
0.93539134,0.00000000
0.93154702,0.00000000
0.93544325,0.00000000
0.93594681,0.00000000
0.91903792,0.00000000
0.92986436,0.00000000
0.90907267,0.00000000
0.92018953,0.00000000
0.93153993,0.00000000
0.94684407,0.00000000
0.93868267,0.00000000
0.94576002,0.00000000
0.93090579,0.00000000
0.92852446,0.00000000
0.95615525,0.00000000
0.93330257,0.00000000
0.91734184,0.00000000
0.91425723,0.00000000
0.94222530,0.00000000
0.93002525,0.00000000
0.95120730,0.00000000
0.96554737,0.00000000
0.97102480,0.00000000
0.96611617,0.00000000
0.93107725,0.00000000
0.93205106,0.00000000
0.94964676,0.00000000
0.95039787,0.00000000
0.95867120,0.00000000
0.86906902,0.00000000
0.94764196,0.00000000
0.81839106,0.00000000
0.86041067,0.00000000
0.81052860,0.00000000
0.76977787,0.00000000
0.80630637,0.00000000
0.79029949,0.00000000
0.76067262,0.00000000
0.73839662,0.00000000
0.82829985,0.00000000
0.82016864,0.00000000
0.92002551,0.00000000
0.79394496,0.00000000
0.96234283,0.00000000
0.80921912,0.00000000
0.78007987,0.00000000
0.74470916,0.00000000
0.77558916,0.00000000
0.76834304,0.00000000
0.77923893,0.00000000
0.79420001,0.00000000
0.71119670,0.00000000
0.78038608,0.00000000
0.83186015,0.00000000
0.82792545,0.00000000
0.82051930,0.00000000
0.81822783,0.00000000
0.78523596,0.00000000
0.86662713,0.00000000
0.88517117,0.00000000
0.89672590,0.00000000
0.86794188,0.00000000
0.95288087,0.00000000
0.91607652,0.00000000
0.88994159,0.00000000
0.86806657,0.00000000
0.91973818,0.00000000
0.74070146,0.00000000
0.92705171,0.00000000
0.94021109,0.00000000
0.92552448,0.00000000
0.90736893,0.00000000
0.86658023,0.00000000
0.93229510,0.00000000
0.88301714,0.00000000
0.93124895,0.00000000
0.95448078,0.00000000
0.95553214,0.00000000
0.92579279,0.00000000
0.96191652,0.00000000
0.93103375,0.00000000
0.95237780,0.00000000
0.96829766,0.00000000
0.96861365,0.00000000
0.94813300,0.00000000
0.93789033,0.00000000
0.92670961,0.00000000
0.95997799,0.00000000
0.93207703,0.00000000
0.96119691,0.00000000
0.94473206,0.00000000
0.93699885,0.00000000
0.94020749,0.00000000
0.94619456,0.00000000
0.94381199,0.00000000
0.96339723,0.00000000
0.94660171,0.00000000
0.93203560,0.00000000
0.93118706,0.00000000
0.91651979,0.00000000
0.90941446,0.00000000
0.92449026,0.00000000
0.88372696,0.00000000
0.91520223,0.00000000
0.76887438,0.00000000
0.90843428,0.00000000
0.85952909,0.00000000
0.97287496,0.00000000
0.94533441,0.00000000
0.96841986,0.00000000
0.85624187,0.00000000
0.83810630,0.00000000
0.96096095,0.00000000
0.95486784,0.00000000
0.96366807,0.00000000
0.93259017,0.00000000
0.84030812,0.00000000
0.94249035,0.00000000
0.81887038,0.00000000
0.91048149,0.00000000
0.83845520,0.00000000
0.82337053,0.00000000
0.80012651,0.00000000
0.86907012,0.00000000
0.85540147,0.00000000
0.82028680,0.00000000
0.82337919,0.00000000
0.79850938,0.00000000
0.75280065,0.00000000
0.73161899,0.00000000
0.65437432,0.00000000
0.79165216,0.00000000
0.79889659,0.00000000
0.82210279,0.00000000
0.86734444,0.00000000
0.85810074,0.00000000
0.87298597,0.00000000
0.83892791,0.00000000
0.82339031,0.00000000
0.85138303,0.00000000
0.90328628,0.00000000
0.91664162,0.00000000
0.83160885,0.00000000
0.70741257,0.00000000
0.73602757,0.00000000
0.77433695,0.00000000
0.67006141,0.00000000
0.61907872,0.00000000
0.61594034,0.00000000
0.79051920,0.00000000
0.71875696,0.00000000
0.75414163,0.00000000
0.79783023,0.00000000
0.88058462,0.00000000
0.90684031,0.00000000
0.87416230,0.00000000
0.84099340,0.00000000
0.90290913,0.00000000
0.87750995,0.00000000
0.87091427,0.00000000
0.79461397,0.00000000
0.76027906,0.00000000
0.74892419,0.00000000
0.78850838,0.00000000
0.73490011,0.00000000
0.72137755,0.00000000
0.71655721,0.00000000
0.77370776,0.00000000
0.79466952,0.00000000
0.84676154,0.00000000
0.85929774,0.00000000
0.82280791,0.00000000
0.80460419,0.00000000
0.86150173,0.00000000
0.88662542,0.00000000
0.83760333,0.00000000
0.79851995,0.00000000
0.80542286,0.00000000
0.86293541,0.00000000
0.91274902,0.00000000
0.94043307,0.00000000
0.93658626,0.00000000
0.92136128,0.00000000
0.90604223,0.00000000
0.94459660,0.00000000
0.92181924,0.00000000
0.87213776,0.00000000
0.90740846,0.00000000
0.94766206,0.00000000
0.87222277,0.00000000
0.93020177,0.00000000
0.92276871,0.00000000
0.88419659,0.00000000
0.84704890,0.00000000
0.80508734,0.00000000
0.87671927,0.00000000
0.94155293,0.00000000
0.93374309,0.00000000
0.94185724,0.00000000
0.93918898,0.00000000
0.93677305,0.00000000
0.93355692,0.00000000
0.93323882,0.00000000
0.90441591,0.00000000
0.87781482,0.00000000
0.87954011,0.00000000
0.84997311,0.00000000
0.96540717,0.00000000
0.93384969,0.00000000
0.91403615,0.00000000
0.96501511,0.00000000
0.94720197,0.00000000
0.94687516,0.00000000
0.90933202,0.00000000
0.92800832,0.00000000
0.91132284,0.00000000
0.90815020,0.00000000
0.90126962,0.00000000
0.94272461,0.00000000
0.95417383,0.00000000
0.93210402,0.00000000
0.94851176,0.00000000
0.96443008,0.00000000
0.94720813,0.00000000
0.88422227,0.00000000
0.82025939,0.00000000
0.92110856,0.00000000
0.95227793,0.00000000
0.92676411,0.00000000
0.91423787,0.00000000
0.87220908,0.00000000
0.88316305,0.00000000
0.86303462,0.00000000
0.88449073,0.00000000
0.87860811,0.00000000
0.94891969,0.00000000
0.89336275,0.00000000
0.94071599,0.00000000
0.92362165,0.00000000
0.93134240,0.00000000
0.88584196,0.00000000
0.87861036,0.00000000
0.92981352,0.00000000
0.97744591,0.00000000
0.92405763,0.00000000
0.94652380,0.00000000
0.92403845,0.00000000
0.92093410,0.00000000
0.88849647,0.00000000
0.90348329,0.00000000
0.90738267,0.00000000
0.93653442,0.00000000
0.91161758,0.00000000
0.93431998,0.00000000
0.94935542,0.00000000
0.88363533,0.00000000
0.97446548,0.00000000
0.92416979,0.00000000
0.88039375,0.00000000
