118.000,26.000,19.000,13.000
119.842,38.992,17.712,12.764
119.970,51.050,18.126,13.183
122.303,67.132,18.733,12.778
132.104,78.825,17.183,12.902
145.828,84.376,16.418,13.297
159.169,91.684,15.098,12.696
168.175,99.489,14.455,13.755
172.608,110.929,13.829,12.860
178.712,119.952,14.290,13.507
192.105,123.736,12.634,13.811
200.331,129.661,13.151,13.601
204.259,137.056,12.048,13.291
210.844,144.262,11.175,12.884
218.664,150.752,10.421,13.303
223.827,157.932,10.733,14.143
225.667,163.127,12.231,13.707
231.288,168.056,11.238,15.296
234.309,173.715,11.825,12.249
241.496,175.035,11.643,12.305
248.182,175.977,11.790,12.558
255.351,180.418,10.000,11.521
257.318,184.350,10.000,10.325
263.385,185.062,10.000,11.158
266.557,188.812,10.325,10.325
271.299,191.012,10.358,11.262
277.270,193.540,10.000,10.000
280.770,193.197,10.000,11.466
283.662,194.735,10.000,10.777
285.699,197.161,10.000,10.000
288.998,197.599,10.000,10.685
292.212,197.563,10.000,10.000
295.512,198.001,10.000,10.685
298.726,198.784,10.000,10.000
300.824,196.941,10.000,10.000
300.702,195.097,10.345,12.966
299.855,193.539,14.201,11.098
300.425,190.363,15.410,11.583
301.214,192.345,16.316,10.000
302.713,191.414,15.712,10.000
303.757,190.597,15.690,10.000
305.071,190.061,15.410,10.000
306.097,187.958,15.383,11.331
307.743,185.695,16.518,12.408
317.511,182.876,12.215,10.000
320.445,181.528,10.063,10.000
320.225,179.206,11.527,10.000
322.956,176.526,10.003,10.368
319.384,175.927,10.050,12.491
319.524,173.325,10.000,16.681
319.451,170.064,10.000,16.180
317.639,167.591,10.000,20.640
313.616,165.696,11.113,10.000
313.429,163.684,10.000,10.000
313.086,160.860,10.000,10.000
309.622,159.877,10.000,10.000
306.878,159.534,10.000,10.000
306.395,158.891,10.000,10.000
302.971,156.748,10.000,10.185
300.033,156.364,10.000,10.000
295.389,156.021,10.000,10.000
293.285,155.679,10.000,10.000
289.020,155.336,10.000,10.000
284.756,157.515,10.000,10.000
280.251,158.172,10.000,10.000
279.268,161.392,10.000,10.000
275.804,164.611,10.000,10.000
270.078,166.789,10.000,10.000
267.975,170.288,10.000,10.000
264.551,174.388,10.000,10.000
258.825,177.887,10.000,10.000
258.483,181.387,10.000,10.000
254.218,185.986,10.000,10.000
252.074,189.486,10.000,10.000
247.810,191.664,10.000,10.000
247.467,193.843,10.000,10.000
243.202,197.342,10.000,10.000
240.459,199.521,10.000,10.000
240.116,199.178,10.000,10.000
234.391,201.357,10.125,10.000
233.321,204.818,10.000,10.000
232.978,204.476,10.000,10.000
230.234,205.934,10.000,10.505
229.758,204.500,10.000,10.153
229.281,204.900,10.000,11.814
228.405,203.631,10.000,13.911
228.194,201.150,10.000,13.495
228.092,199.504,10.000,12.367
229.918,196.886,10.000,16.636
229.273,194.980,10.000,13.605
230.958,192.543,10.000,17.422
230.204,190.834,10.000,18.533
229.234,187.884,10.000,12.189
231.060,187.630,10.000,10.000
230.717,184.807,10.000,10.000
230.375,183.283,10.000,10.000
232.333,181.760,10.000,10.000
231.990,178.936,10.000,10.000
233.949,177.413,10.000,10.000
233.606,175.890,10.000,10.000
233.484,173.066,10.000,10.000
234.141,171.542,10.465,10.000
239.825,169.220,10.000,10.000
240.483,168.457,10.000,10.000
241.141,166.314,10.000,10.000
243.320,165.331,10.000,10.000
246.619,162.067,10.000,10.000
248.797,158.983,10.000,10.000
254.838,156.839,10.000,10.000
257.016,154.015,10.000,10.505
256.540,153.135,10.000,10.009
256.064,152.663,10.000,10.000
256.722,151.680,10.000,10.000
256.599,151.338,10.000,10.000
258.778,150.995,10.000,10.000
260.956,150.652,10.000,10.425
263.064,151.414,10.000,10.727
264.703,150.727,10.000,10.022
264.227,151.287,10.000,10.727
264.667,151.041,10.000,11.472
264.999,152.582,10.000,11.229
268.236,153.528,10.000,11.594
268.459,157.168,10.000,10.675
272.787,156.896,10.000,10.295
274.895,158.414,10.000,10.235
277.003,161.993,10.000,11.240
276.260,161.869,10.000,12.111
279.256,161.914,10.000,12.899
281.011,165.119,10.000,11.253
280.268,167.712,10.000,10.519
280.709,167.362,10.000,12.039
279.832,169.639,10.000,11.402
280.164,171.533,10.000,11.293
283.056,172.576,10.000,12.089
284.952,175.517,10.000,12.898
284.959,179.596,10.000,13.255
284.857,182.908,10.000,12.414
289.227,184.298,10.000,13.529
290.911,187.747,10.000,15.706
292.314,191.722,10.000,15.231
300.065,192.659,10.000,15.383
304.315,195.473,10.000,14.557
307.477,196.796,10.000,14.487
307.158,196.048,10.000,15.492
311.407,198.891,10.000,13.607
317.630,198.453,10.000,13.214
323.826,195.694,10.000,12.863
328.389,193.128,10.000,12.886
333.895,191.126,10.378,11.943
337.396,189.106,10.400,11.796
343.767,185.212,11.053,11.413
344.408,184.908,13.597,10.000
344.929,182.243,15.377,11.239
350.629,176.329,18.188,10.738
352.243,169.204,17.229,10.421
356.076,161.394,18.666,10.994
355.109,155.547,19.179,12.853
351.966,149.336,17.523,13.079
354.777,140.099,22.917,12.237
351.890,133.916,21.116,14.479
345.500,132.647,19.470,13.692
339.255,133.054,17.697,14.824
336.787,129.151,16.811,16.518
338.657,126.484,15.887,15.887
334.082,127.127,14.183,16.776
327.465,127.235,12.778,19.075
321.122,130.626,11.787,21.431
318.467,133.562,10.853,23.660
314.594,134.791,10.990,25.655
306.789,140.237,12.280,25.309
301.350,147.884,11.543,23.726
298.173,153.177,12.636,23.797
294.405,159.123,11.906,20.415
285.168,164.887,14.245,19.351
276.135,173.322,17.898,17.965
267.724,181.224,19.234,17.109
262.989,187.587,16.981,15.812
257.480,197.639,20.239,13.471
251.378,206.788,22.222,13.842
246.044,215.556,25.466,14.598
239.891,221.411,25.870,16.544
235.927,226.611,25.120,19.141
234.136,229.974,25.533,23.596
232.739,232.660,25.505,22.930
232.535,230.441,25.281,25.718
236.502,226.665,22.910,28.319
237.037,222.711,22.604,30.768
240.863,219.271,19.620,30.967
248.840,216.579,15.650,30.458
255.344,212.262,11.402,28.262
260.973,208.528,10.000,27.014
267.690,201.565,10.000,24.597
272.091,195.048,10.243,21.084
275.029,187.970,12.190,17.060
278.947,175.377,15.088,16.480
280.824,161.622,16.520,14.215
275.810,151.237,21.153,15.167
276.085,140.955,20.350,15.200
272.301,131.436,17.865,18.966
266.760,123.631,16.399,19.213
260.876,117.570,14.047,20.170
254.531,113.096,12.348,20.002
245.515,111.499,10.747,22.565
238.503,113.831,10.054,26.473
229.398,119.639,11.655,24.399
220.190,128.233,13.131,22.077
211.982,138.236,16.568,19.778
203.979,147.394,20.304,17.529
197.859,160.341,23.078,15.854
192.642,174.431,25.346,14.137
186.990,184.237,27.982,14.751
184.859,190.792,28.263,17.762
192.643,195.126,26.383,18.414
196.307,199.836,26.758,23.063
199.881,204.314,23.762,27.264
209.874,204.322,21.635,30.921
226.414,203.967,17.429,31.736
241.069,202.964,13.687,25.378
254.891,199.594,10.000,25.588
263.413,199.134,11.334,24.396
270.822,192.663,11.228,19.138
274.223,184.612,11.245,20.926
279.256,173.767,14.391,17.462
281.937,162.040,15.368,16.488
281.073,148.737,18.345,14.439
283.081,135.552,19.942,15.749
283.569,125.100,19.996,17.262
283.549,113.620,20.485,20.035
282.839,102.471,15.465,20.387
277.785,93.863,14.659,20.674
268.237,89.213,14.252,23.882
253.263,88.013,12.475,23.470
248.869,86.251,12.426,23.713
241.517,86.855,12.530,25.508
230.421,94.531,17.289,21.755
217.058,97.760,20.836,22.748
210.176,105.877,25.181,20.294
200.733,118.983,28.770,15.842
196.705,127.850,28.265,16.434
193.734,134.762,28.159,18.149
193.792,142.471,25.584,21.623
197.792,148.387,20.863,22.621
204.959,152.299,17.365,26.766
210.421,157.195,14.275,25.330
218.406,159.576,12.211,26.193
226.385,156.608,10.337,27.086
235.240,152.856,11.228,23.294
236.269,145.091,15.608,24.907
246.128,142.093,15.531,18.298
251.343,134.777,15.988,12.246
254.378,124.176,19.722,14.623
258.218,117.643,19.186,12.824
260.972,107.162,21.431,13.237
262.605,97.385,24.220,15.376
264.765,88.372,23.529,15.530
266.245,80.228,23.689,14.753
266.533,72.297,23.712,15.233
268.105,64.467,23.150,15.985
269.395,55.704,25.192,15.600
273.307,47.857,24.172,14.447
274.437,40.410,22.436,15.195
275.771,33.460,22.248,14.511
279.079,26.560,20.026,16.028
282.069,18.654,23.052,18.513
286.951,11.676,21.093,21.425
293.239,4.879,20.908,20.607
297.768,0.769,19.456,19.666
309.551,0.485,13.239,16.796
317.731,0.419,10.055,12.486
327.598,0.494,10.000,13.057
337.546,0.349,10.000,11.805
343.691,0.903,10.000,14.043
347.610,0.913,14.431,18.369
353.439,0.621,16.673,27.833
360.165,8.401,20.977,29.073
363.671,21.105,23.524,26.545
366.929,39.580,25.913,20.510
367.464,57.791,27.495,16.562
363.702,78.807,26.028,16.262
349.436,105.414,24.165,13.619
347.240,126.356,21.655,12.526
342.154,145.661,17.631,14.593
330.192,164.273,16.193,15.900
316.925,176.288,14.307,19.672
307.682,188.573,12.450,21.499
297.993,199.290,13.438,23.145
285.675,203.936,13.000,24.898
276.759,207.200,14.335,25.213
268.788,208.097,15.100,23.998
259.852,205.034,19.260,22.842
255.783,201.034,22.187,20.674
254.658,192.958,26.587,16.821
251.241,184.062,31.508,16.031
252.318,175.554,29.940,18.369
260.658,164.284,26.051,23.512
266.700,155.883,22.237,26.347
276.023,148.822,18.245,33.773
285.046,145.348,14.057,35.168
289.269,144.767,14.114,36.553
294.960,150.115,16.798,30.546
301.675,158.969,17.526,26.676
301.124,174.091,21.456,20.586
295.142,195.185,19.772,17.094
290.480,210.062,17.214,14.696
281.926,219.715,16.200,13.671
275.559,225.950,12.216,16.418
267.866,232.021,11.662,20.217
257.073,235.151,12.251,21.649
246.129,233.858,16.079,21.890
238.694,229.937,17.451,21.671
230.446,224.892,19.783,18.690
225.277,217.057,24.845,15.023
224.979,203.654,27.821,15.413
224.149,194.420,28.608,21.259
224.289,184.893,23.970,25.307
228.746,175.310,19.810,30.161
236.837,166.662,16.325,33.435
244.906,161.420,12.038,36.443
247.815,160.984,12.480,33.995
250.942,168.681,14.698,25.369
255.364,179.922,18.027,19.900
256.964,191.849,18.021,17.565
254.881,202.504,16.568,14.695
247.975,210.545,16.829,15.033
245.952,215.692,12.102,20.170
239.271,219.600,12.701,20.202
232.842,220.109,14.470,20.908
226.385,218.377,16.213,19.260
217.372,208.330,27.988,17.688
210.352,199.765,26.580,16.073
214.632,191.484,23.459,14.781
216.344,180.716,21.573,17.034
216.846,167.777,18.066,18.605
217.957,154.979,17.325,20.989
221.188,144.135,17.295,22.534
224.263,133.389,16.598,21.933
225.744,123.709,16.371,19.491
226.906,115.590,17.073,17.793
229.840,107.608,16.388,16.808
231.498,98.684,16.859,13.876
234.438,90.238,19.292,13.647
233.483,80.251,20.973,15.835
235.753,72.283,23.299,16.397
235.230,65.029,19.997,16.006
232.694,58.877,18.621,16.748
232.522,53.363,18.505,17.581
230.527,48.752,18.624,16.032
226.147,46.753,19.015,16.633
224.561,43.327,16.568,16.244
222.676,39.332,16.838,21.890
222.544,34.600,17.141,23.458
220.295,31.458,16.978,25.163
215.996,31.417,14.947,25.867
208.017,37.356,14.267,22.289
205.534,39.316,13.687,25.753
202.226,48.277,12.128,23.952
194.725,58.976,18.812,23.920
189.334,72.679,21.261,19.475
183.925,85.370,26.458,18.664
185.267,100.267,29.874,14.915
188.851,108.320,30.275,16.583
184.403,115.261,29.895,21.386
186.952,122.178,28.931,27.248
195.425,127.210,23.403,28.264
203.314,128.821,19.683,26.896
213.062,128.964,13.073,22.517
222.912,125.932,10.000,17.880
224.103,114.612,12.075,18.234
231.702,105.810,13.867,19.480
233.980,95.146,16.145,24.102
235.057,86.567,15.808,27.703
233.843,77.896,12.144,27.776
228.513,73.867,13.327,22.544
225.232,75.264,13.797,22.061
217.983,76.945,15.968,24.932
210.239,83.768,20.130,21.131
201.786,93.088,25.950,18.020
197.657,104.361,28.159,15.320
194.634,110.760,29.541,18.237
192.888,118.762,29.496,19.121
192.999,123.238,27.896,24.285
195.129,127.396,26.473,28.312
202.532,129.171,22.121,31.531
213.487,132.051,16.438,26.354
228.093,131.529,12.312,24.372
241.463,124.946,10.000,17.719
243.816,113.086,11.805,18.693
245.486,106.344,14.407,19.840
247.893,98.711,15.818,21.805
247.661,88.453,13.844,27.501
244.031,77.702,12.607,30.825
233.420,73.987,14.978,25.451
223.441,71.181,14.543,30.825
215.915,77.367,17.009,28.787
208.614,83.034,19.011,24.977
200.203,93.893,22.143,19.414
191.261,104.514,27.445,17.563
186.143,113.912,27.558,15.804
182.819,118.704,26.725,18.237
179.842,123.237,27.648,21.816
179.601,126.617,25.109,26.694
179.513,131.328,21.591,31.788
184.741,134.458,19.697,34.667
192.646,139.027,15.285,36.138
196.772,141.604,13.117,35.120
201.738,143.375,13.595,36.138
202.258,145.104,17.586,39.224
210.044,147.430,14.476,35.740
215.916,148.593,12.928,31.365
221.165,151.066,12.521,31.241
225.944,153.159,12.646,29.015
229.417,155.687,12.750,30.199
235.041,159.563,13.555,28.810
238.817,162.602,14.167,30.295
242.828,167.162,14.657,29.687
247.047,173.812,14.833,27.524
252.965,175.458,13.979,30.147
260.868,174.297,13.162,32.635
268.362,178.823,12.456,30.269
276.620,178.193,11.199,31.177
283.044,179.112,11.256,27.726
287.358,177.134,12.254,27.349
290.708,172.891,13.105,23.544
292.253,167.473,14.030,23.548
291.343,161.572,17.200,21.765
291.476,155.052,17.169,19.432
290.176,144.148,19.287,22.544
283.389,136.763,22.061,17.397
275.292,129.337,25.135,18.179
271.038,119.713,24.522,15.531
272.747,111.393,25.846,14.899
269.349,102.758,24.305,13.160
257.837,93.923,25.537,14.335
251.962,85.413,26.424,16.217
248.275,77.204,24.331,19.307
243.424,70.885,26.722,18.236
237.730,62.505,22.261,19.812
228.365,55.105,21.091,21.983
223.460,47.470,22.066,24.068
216.302,40.568,21.540,24.750
208.137,34.009,26.007,26.379
199.762,28.551,21.326,28.049
194.443,23.407,21.375,25.297
189.801,17.669,23.277,25.910
185.294,12.449,21.593,23.326
178.487,6.418,24.447,18.324
179.357,0.570,26.151,13.734
177.719,1.126,31.632,10.000
205.205,0.363,10.337,10.000
208.630,0.113,10.000,10.000
220.714,0.000,32.816,10.000
227.773,1.093,11.978,10.000
238.671,0.216,10.000,10.000
244.711,0.653,10.000,10.000
256.194,2.832,12.246,13.947
268.018,2.885,15.404,23.120
274.998,11.594,20.264,22.393
281.903,25.028,19.876,20.435
287.830,41.404,17.748,15.195
289.539,52.634,17.268,13.768
289.240,61.130,13.647,15.632
286.973,70.481,13.577,19.657
280.786,77.833,16.607,19.447
278.861,79.849,17.505,19.198
278.173,81.526,25.913,17.325
279.054,78.027,25.853,15.223
276.332,72.592,29.575,18.049
273.999,70.311,28.937,20.517
278.859,64.587,24.708,25.101
290.263,58.778,23.212,29.815
299.907,52.104,18.294,36.376
307.129,49.950,13.839,36.938
305.991,50.620,14.977,38.057
300.657,56.010,16.280,33.041
302.237,63.458,18.377,27.077
304.582,73.664,18.954,23.367
301.133,86.283,18.242,17.986
294.624,97.906,17.529,14.169
286.836,104.030,14.151,15.208
278.091,107.472,14.934,19.332
270.999,112.342,14.525,21.295
257.058,117.981,18.540,18.753
248.169,116.627,22.286,19.097
245.776,111.436,29.604,17.439
245.738,105.315,28.861,17.208
242.475,99.241,26.788,21.881
242.913,92.374,24.068,27.416
251.134,84.029,21.280,31.276
257.924,75.371,17.065,36.210
266.357,71.715,15.508,37.169
272.315,71.229,16.159,32.123
276.989,74.128,18.087,27.338
272.497,81.519,20.302,21.771
272.316,91.384,21.133,16.328
272.227,101.499,18.234,12.569
266.636,104.549,16.295,15.044
259.593,108.730,14.245,19.067
252.122,113.609,13.603,21.626
244.875,118.554,13.013,23.092
234.503,120.085,15.828,20.380
224.984,119.649,19.306,17.901
216.478,115.543,24.875,16.958
211.145,109.573,25.618,16.608
207.719,106.169,27.819,13.868
207.599,100.219,25.056,14.938
204.870,94.110,21.851,17.637
205.244,88.899,17.349,20.353
202.209,83.335,17.489,21.823
205.381,76.621,16.598,22.566
208.178,71.203,15.413,24.426
210.383,68.082,13.384,24.036
211.996,64.036,14.227,23.484
213.890,59.267,12.697,25.913
215.090,53.380,10.700,26.074
217.926,48.452,13.373,24.869
219.463,43.212,12.526,25.052
220.718,38.547,10.407,23.548
221.478,33.429,12.449,22.534
222.976,28.474,13.239,22.222
224.729,24.190,13.634,22.367
226.609,18.425,13.832,21.326
228.658,13.693,13.634,21.573
230.608,7.359,15.429,21.435
233.173,1.863,16.324,20.779
238.559,0.999,15.659,16.214
243.251,0.557,13.447,10.853
253.259,0.739,11.692,10.000
241.936,0.104,15.606,10.000
230.229,0.000,17.734,10.000
218.026,0.000,17.694,58.865
176.147,9.207,42.596,149.900
254.114,43.177,105.493,316.823
361.422,12.272,163.318,109.489
359.846,228.399,116.421,74.937
437.701,251.649,36.483,51.264
443.740,249.068,28.300,54.695
440.976,269.934,21.025,33.987
441.050,271.833,14.292,32.437
442.060,271.644,12.273,33.599
444.709,275.071,11.240,31.627
446.603,277.882,11.406,30.985
446.946,280.372,13.041,33.647
455.651,286.438,11.556,32.356
458.112,289.896,13.228,32.776
463.465,296.703,12.270,32.398
468.840,302.657,11.926,32.496
471.879,308.788,12.962,34.264
475.213,316.225,14.287,32.104
481.539,320.790,12.820,31.836
490.057,324.106,10.292,33.429
492.426,327.990,12.606,31.816
419.000,307.000,40.000,16.000
425.376,309.540,39.086,14.083
430.859,310.751,35.691,14.718
430.709,313.186,36.174,13.623
434.416,315.233,34.193,13.179
432.633,316.550,38.992,13.309
439.841,318.970,36.542,13.531
443.731,322.753,34.193,14.292
441.060,325.936,39.580,13.891
446.790,326.251,35.691,14.577
449.770,327.051,35.346,14.727
449.356,332.159,39.258,15.096
454.326,334.461,36.474,14.021
450.530,338.103,40.015,14.658
457.582,341.841,35.908,15.625
462.847,344.569,37.734,14.685
467.504,346.826,36.071,13.174
271.000,81.000,22.000,14.000
268.113,93.683,25.395,12.573
266.655,105.732,24.204,13.219
268.528,118.105,25.105,12.750
266.997,127.937,26.617,14.515
261.257,138.989,26.123,13.792
259.377,148.356,26.651,15.018
258.318,158.499,26.784,16.006
256.970,167.415,27.030,15.155
254.642,176.492,27.149,17.140
252.766,184.192,26.505,17.104
249.197,191.883,27.749,18.241
248.394,199.338,27.239,18.459
246.030,204.020,27.419,19.495
243.224,210.046,28.333,20.470
242.639,212.905,27.077,20.914
241.386,216.591,26.989,20.986
240.089,217.671,25.789,21.611
238.346,219.210,26.708,22.051
238.611,219.744,25.542,22.943
239.590,217.338,24.117,23.486
238.826,217.411,22.331,21.851
238.104,215.603,20.703,20.703
238.366,207.602,22.878,24.996
238.135,206.941,21.371,22.667
240.094,203.761,21.148,24.710
240.819,201.802,21.539,25.727
240.468,201.169,20.530,27.564
240.312,201.216,19.930,26.653
240.182,201.330,17.167,26.983
241.062,202.462,17.409,27.506
246.509,200.059,16.816,27.998
255.874,196.301,13.796,31.162
255.423,197.432,14.491,30.518
261.861,195.342,13.904,30.913
265.740,192.737,13.619,30.767
269.473,191.138,13.496,27.402
267.862,187.660,14.214,24.075
268.417,179.855,17.880,22.507
271.644,171.011,21.395,18.882
276.628,162.380,21.395,16.856
276.452,153.852,19.352,15.816
272.365,146.142,24.057,14.567
269.724,138.755,24.200,16.058
266.372,132.755,25.490,16.085
263.273,127.588,23.502,15.317
258.486,122.852,23.344,15.132
254.684,118.708,21.899,14.447
246.328,114.189,18.621,13.615
241.488,111.264,22.283,15.144
238.081,108.952,23.951,15.511
234.800,106.289,22.631,20.329
230.843,104.967,23.963,21.081
225.220,103.486,24.447,23.457
224.622,102.392,23.532,25.021
223.298,100.440,22.993,23.728
222.239,96.974,22.054,23.747
220.978,93.844,21.585,24.484
219.482,91.083,20.066,24.300
217.628,88.719,19.412,23.686
215.115,85.289,20.908,23.963
213.549,84.394,25.348,21.971
207.641,81.788,26.613,21.196
207.212,78.651,25.933,18.729
204.374,73.501,27.114,17.408
206.310,66.755,26.766,17.713
209.656,61.261,24.960,14.967
211.718,54.892,27.782,16.661
217.079,49.035,27.897,18.714
224.538,43.389,24.300,24.116
229.847,39.628,21.787,24.505
237.298,34.806,19.214,27.449
243.499,33.527,18.271,29.685
253.669,34.074,13.449,31.459
262.552,38.012,13.909,33.134
267.915,41.199,16.176,34.847
275.100,45.934,17.014,34.550
278.464,51.417,18.682,34.743
282.396,61.594,20.512,32.197
288.839,71.304,21.744,29.318
292.587,84.447,23.494,24.757
293.950,96.729,26.058,23.049
296.380,110.085,25.852,20.206
292.968,123.502,28.028,18.593
288.895,139.288,25.451,15.280
282.572,152.935,25.727,13.160
280.887,161.921,23.951,15.548
274.055,171.724,23.100,15.335
267.280,180.760,21.063,17.603
261.930,188.118,17.910,18.807
253.042,195.967,17.769,20.027
246.453,200.619,17.451,22.279
241.149,206.187,15.452,23.159
236.481,211.037,11.254,21.747
230.857,217.466,16.577,16.892
223.627,218.371,14.513,20.512
221.534,218.683,14.042,22.131
212.856,222.041,17.546,21.737
206.177,227.337,17.507,21.183
204.512,232.426,17.013,19.081
198.740,236.818,19.829,17.857
194.663,239.017,18.287,23.648
191.789,241.386,15.044,18.825
188.221,243.145,16.838,19.492
183.676,245.733,18.515,19.866
179.259,248.117,17.911,19.953
174.718,249.957,17.679,20.378
168.692,251.592,16.842,20.264
160.603,252.728,18.435,20.915
154.290,257.614,17.586,20.866
146.596,263.925,18.489,21.263
136.471,271.555,18.169,21.411
125.954,279.297,18.416,21.657
111.270,289.325,18.249,23.052
98.140,297.778,19.141,24.954
81.429,308.626,18.489,24.828
64.086,320.223,17.037,26.458
46.327,327.456,16.838,26.236
25.534,336.067,17.136,23.933
0.875,341.798,21.577,18.202
0.000,340.214,10.000,19.610
0.438,332.283,10.000,13.715
0.336,325.833,14.389,22.595
0.000,315.329,17.719,20.706
0.308,304.227,16.332,12.904
0.092,294.239,14.964,12.278
440.000,324.000,64.000,20.000
452.766,322.042,53.307,19.450
461.802,317.957,60.854,18.456
15.000,229.000,27.000,23.000
15.143,220.440,28.664,23.662
18.235,207.741,28.259,25.265
28.350,192.754,27.834,23.659
47.935,179.645,25.814,27.618
63.625,172.525,24.729,22.588
78.461,164.429,21.243,29.180
94.586,152.906,20.860,24.612
110.023,141.677,20.849,25.902
122.867,134.390,19.726,23.587
135.864,123.727,19.237,24.720
147.771,118.170,18.093,20.778
161.110,108.386,16.271,20.095
170.377,103.571,15.812,19.428
177.218,98.793,15.734,18.931
186.906,98.909,16.178,18.244
194.339,95.329,16.016,18.881
199.756,94.824,14.462,17.754
206.369,95.020,15.088,17.754
215.630,95.081,13.570,17.202
224.028,95.401,14.329,17.462
230.584,98.689,14.855,16.584
239.651,98.566,12.953,18.059
247.740,96.585,12.189,17.276
251.621,95.601,11.245,19.037
255.030,96.678,10.000,19.863
259.231,95.404,10.000,21.129
263.671,93.336,10.000,22.903
264.368,92.338,10.467,23.070
265.158,95.458,13.237,20.611
270.536,98.591,12.100,18.535
272.353,103.296,13.957,15.758
277.081,106.943,13.867,15.848
278.702,112.616,15.038,12.696
280.758,116.891,15.212,12.914
281.691,122.778,15.398,11.605
282.177,128.526,15.479,12.075
281.443,135.169,16.151,11.638
279.750,140.961,15.903,10.675
279.059,147.253,14.556,10.000
274.987,151.763,15.492,11.398
272.171,155.436,15.128,14.047
270.113,160.246,11.747,12.485
267.235,166.537,10.516,11.545
263.646,171.859,12.269,12.021
260.147,176.032,13.359,12.746
256.407,180.416,14.450,12.249
253.016,185.541,12.561,11.454
249.908,191.220,13.039,11.406
249.882,196.188,14.487,12.011
250.047,200.205,13.813,11.215
250.275,203.936,15.383,12.306
254.016,205.831,13.699,15.100
256.775,207.723,12.969,16.886
262.359,209.653,10.625,16.178
267.168,210.663,10.000,16.306
271.075,210.024,10.000,16.752
274.124,211.454,10.000,15.452
278.649,209.400,10.000,16.133
280.052,207.491,10.000,17.094
281.314,206.308,10.000,16.465
282.646,206.242,10.275,16.258
285.858,205.136,10.000,17.533
287.120,203.112,10.473,14.715
288.830,200.639,10.000,14.557
289.908,196.986,10.000,13.997
289.697,192.362,11.310,12.870
288.807,188.796,11.496,12.697
288.010,183.796,11.496,12.624
287.214,180.131,12.771,12.526
283.624,176.368,13.853,13.216
279.793,173.208,12.189,13.839
275.716,169.384,14.125,15.400
274.898,167.462,12.367,17.561
271.459,166.621,14.108,18.653
269.832,166.713,11.023,18.859
267.596,166.046,12.157,17.467
262.134,165.157,10.655,18.653
258.166,166.386,11.349,14.457
256.895,164.328,12.746,15.088
255.789,164.392,13.727,16.052
250.916,164.404,13.297,14.707
246.611,164.278,12.410,13.139
245.871,163.902,10.899,13.553
244.776,161.927,10.271,13.384
242.246,160.954,11.239,12.414
238.477,159.501,13.447,13.759
239.229,158.567,14.390,13.014
240.454,155.307,15.545,14.417
240.212,154.051,14.707,13.537
239.953,151.524,14.856,11.349
240.435,148.718,13.553,11.732
240.400,145.476,12.501,12.527
239.839,145.208,11.124,14.338
238.588,142.350,14.619,13.343
241.948,141.066,12.522,13.251
244.541,135.101,11.628,10.639
245.470,132.384,11.773,11.841
247.971,131.485,11.238,12.174
250.275,127.862,10.510,11.403
249.653,124.957,11.468,11.952
249.109,124.256,11.027,11.121
245.821,121.982,12.224,11.256
245.655,119.216,13.472,10.980
245.846,117.745,14.046,11.104
246.190,115.318,14.332,11.781
247.712,112.728,13.605,11.342
247.836,111.296,14.332,10.230
251.546,107.415,14.364,10.271
252.183,105.000,14.046,10.000
252.795,103.181,13.759,10.000
253.396,99.834,13.472,10.000
255.971,97.592,13.261,10.000
257.499,94.928,12.720,10.000
256.772,91.482,11.437,10.102
256.747,89.521,12.326,10.000
256.899,86.259,12.899,10.000
257.204,85.115,11.276,10.493
255.182,82.548,11.380,11.160
251.875,80.626,12.886,10.999
251.907,78.730,13.759,11.046
252.108,77.149,10.905,10.905
248.954,73.996,12.326,11.952
245.533,73.427,11.349,11.496
245.063,72.640,12.909,10.884
245.107,71.671,10.469,10.949
243.329,71.036,10.648,10.175
243.043,70.514,10.295,12.039
242.180,69.600,12.629,11.953
238.715,68.898,11.081,12.256
235.062,68.349,10.416,13.872
234.951,68.740,11.545,14.046
237.126,68.951,11.863,12.501
234.527,68.657,10.295,14.046
230.091,70.361,10.859,11.545
229.510,70.123,10.000,11.031
228.766,71.443,10.540,11.121
228.160,71.127,10.785,12.612
227.275,71.720,10.251,12.908
226.122,71.896,10.251,12.250
225.238,72.010,10.000,12.899
224.093,72.316,10.033,13.186
225.348,72.231,10.000,11.920
225.572,71.940,10.000,11.842
221.921,71.610,10.000,11.842
221.044,70.356,10.000,11.622
220.168,71.390,10.000,11.512
219.424,70.521,10.000,11.422
216.013,70.488,10.000,12.326
212.977,70.641,10.000,11.031
212.234,70.413,10.000,11.207
208.350,70.273,10.000,10.540
207.740,69.933,10.000,10.295
207.264,69.604,10.000,10.686
206.654,70.388,10.000,10.988
203.439,70.273,10.000,10.000
202.456,70.930,10.000,10.465
199.395,70.256,10.000,10.000
196.531,70.914,10.905,10.465
196.241,69.951,10.000,10.000
193.417,70.609,10.000,10.465
192.940,70.366,10.000,11.752
192.063,68.384,10.000,11.578
191.187,68.296,10.000,13.537
191.085,67.399,10.345,14.859
191.830,65.900,10.005,13.657
190.555,66.450,11.521,14.460
192.153,65.200,10.000,14.281
190.742,64.513,11.262,15.176
191.680,62.688,10.000,14.768
193.224,60.488,10.957,13.727
192.024,60.248,12.256,14.757
192.290,57.713,12.723,14.749
192.681,56.613,12.106,14.032
192.981,55.463,13.866,14.900
192.167,54.615,13.492,12.708
193.160,53.890,12.488,12.435
192.725,52.404,13.032,11.931
192.563,51.266,11.406,12.156
191.854,50.476,13.759,11.718
191.922,48.018,13.292,12.195
191.756,46.819,13.292,11.175
191.857,45.445,11.496,11.913
191.328,43.736,11.521,12.109
191.877,42.923,12.558,11.718
191.612,42.237,10.271,11.496
191.971,40.172,11.512,10.000
193.919,39.428,11.100,10.000
193.726,38.685,12.326,10.000
196.714,37.674,11.008,10.558
200.568,35.778,10.000,12.766
202.323,34.659,10.286,14.543
204.010,33.940,10.957,12.942
207.687,33.592,10.000,14.167
207.477,31.286,10.565,13.927
212.294,31.288,10.000,14.462
215.455,29.818,10.000,16.203
216.858,29.602,11.404,16.124
222.037,28.694,10.000,17.389
223.299,27.658,10.000,17.128
226.310,28.056,10.000,17.393
225.557,28.109,10.234,17.870
228.611,27.277,10.000,20.195
229.590,26.909,10.379,20.388
230.618,27.481,10.743,19.893
231.828,28.721,11.658,18.978
232.555,29.626,12.726,19.030
233.340,29.434,14.371,19.414
233.252,30.996,13.909,18.836
233.151,32.513,15.315,19.217
235.941,34.355,15.498,17.983
236.417,35.202,18.133,18.836
238.376,37.809,17.436,18.213
237.477,40.792,16.748,16.784
235.374,44.014,17.213,17.009
238.113,47.272,17.880,15.878
239.773,50.414,17.349,15.648
240.721,53.220,16.937,16.508
240.241,55.910,16.423,16.256
243.797,59.382,14.428,15.848
242.864,63.004,14.952,16.112
243.501,65.828,15.632,16.199
244.370,70.630,15.880,15.688
243.761,73.960,15.688,16.904
244.441,76.931,16.376,17.367
247.832,79.355,15.274,17.111
250.885,83.326,15.900,17.169
252.902,86.346,15.284,17.228
253.488,89.433,17.006,16.843
257.195,91.595,15.750,17.791
263.829,95.396,14.211,15.920
266.632,97.375,14.922,17.363
269.509,99.684,15.120,17.689
274.625,101.463,13.636,18.027
279.080,104.299,12.512,17.932
284.225,105.251,11.286,17.259
289.027,106.401,10.337,16.108
295.549,107.509,10.000,14.905
301.823,107.412,10.000,13.776
305.060,104.590,10.000,13.284
306.745,99.899,10.510,10.627
310.386,94.845,10.000,11.917
309.509,91.074,10.785,13.449
309.583,87.307,10.000,13.555
307.341,84.375,10.000,16.905
304.440,83.362,10.000,18.692
298.682,87.315,12.739,14.967
293.062,90.849,19.106,13.251
290.032,99.139,22.379,10.000
290.777,99.907,18.819,10.295
290.438,102.982,14.483,11.822
290.600,105.154,11.109,12.726
290.944,105.106,10.000,13.759
292.629,105.708,10.000,11.027
291.886,102.531,10.000,10.239
291.409,100.964,12.122,12.962
291.934,97.138,10.000,12.144
288.897,95.174,10.000,14.925
287.353,93.003,10.000,17.134
284.425,92.927,10.000,16.756
281.933,93.917,11.888,16.440
276.924,96.058,18.069,14.371
273.179,100.838,21.038,11.478
272.731,103.331,18.972,10.000
273.589,106.230,17.705,10.729
274.962,106.104,16.556,13.307
276.726,108.195,14.887,14.137
277.766,110.039,11.393,16.233
277.491,112.185,10.620,15.545
280.851,113.012,10.000,15.998
283.682,114.199,10.000,14.619
284.343,115.920,10.000,13.090
284.350,117.471,10.838,12.334
286.454,117.361,10.933,12.250
285.643,117.208,12.250,11.027
282.574,118.137,12.767,11.544
280.428,118.663,13.482,10.000
280.891,117.950,13.472,10.000
282.525,117.918,14.201,10.000
282.710,117.083,14.263,10.000
280.405,117.401,13.495,10.000
280.875,117.816,13.895,10.000
281.411,116.405,14.191,11.262
282.970,115.836,13.343,11.353
282.964,116.635,11.731,12.281
285.373,117.530,11.398,12.746
284.527,117.359,11.496,12.771
283.731,117.199,10.687,14.046
285.072,117.544,11.656,14.082
283.955,117.639,10.899,12.200
284.302,118.637,10.000,14.389
282.891,118.172,10.061,15.392
282.494,119.190,10.000,15.383
283.967,118.727,10.000,18.034
281.755,118.938,10.000,17.073
281.001,118.831,10.000,17.870
282.192,120.148,10.000,17.019
283.454,119.192,10.000,18.692
281.108,120.724,10.000,18.682
278.762,120.242,10.000,16.811
280.094,121.702,10.000,15.322
281.567,124.936,11.181,13.132
279.828,126.182,11.055,12.820
278.944,127.118,14.191,12.678
276.396,130.810,11.049,13.318
275.376,131.880,14.046,15.271
274.518,133.730,12.868,14.816
274.873,136.180,14.651,11.206
274.421,137.178,15.738,12.564
271.141,139.440,15.968,12.746
271.378,141.722,14.217,14.188
270.873,141.203,16.339,16.339
270.227,146.434,14.395,14.428
269.678,147.352,12.650,15.175
263.565,150.989,13.895,16.416
262.365,151.049,12.786,17.485
260.744,155.560,12.576,14.677
256.219,159.019,10.000,13.454
252.825,161.585,11.967,15.283
250.032,161.880,12.959,15.765
245.167,164.076,12.853,14.565
242.817,165.388,15.765,14.390
238.768,164.435,11.016,17.485
236.796,167.099,10.000,14.651
232.212,166.433,10.859,16.521
227.079,166.077,11.967,15.479
225.716,166.470,10.000,15.765
226.201,164.377,10.205,17.782
224.090,163.624,10.000,17.910
220.284,161.963,10.211,16.073
218.444,159.829,10.431,13.657
217.249,158.133,10.061,11.526
216.402,157.314,10.000,10.741
213.187,154.554,11.766,11.682
212.040,151.155,10.604,10.933
212.565,147.641,11.512,13.889
208.346,144.610,14.287,14.287
210.354,140.409,14.014,16.248
210.739,135.472,12.786,10.802
212.450,131.485,13.039,10.637
213.758,126.886,13.567,10.000
214.264,122.458,13.895,10.651
215.893,116.949,13.849,10.099
219.432,111.385,14.743,11.862
224.815,105.969,14.291,15.378
227.728,100.391,13.417,18.939
232.067,97.278,12.230,20.714
235.813,94.605,11.302,21.163
240.533,93.059,10.000,22.920
241.231,94.571,10.000,21.513
242.069,98.923,11.658,17.827
243.807,103.427,12.186,14.507
246.092,109.681,11.346,13.021
246.445,117.466,12.158,10.001
246.131,123.637,10.000,10.000
243.307,127.136,10.000,10.965
240.092,131.043,10.000,13.258
235.899,135.908,10.000,12.884
231.901,136.207,10.194,13.186
227.805,136.122,12.767,13.872
224.788,133.468,13.507,13.696
220.784,131.347,14.940,13.152
220.640,127.458,17.536,10.864
223.329,123.757,15.828,13.615
223.363,119.024,16.912,16.263
227.093,115.257,14.077,18.669
231.693,112.658,12.454,21.558
239.637,113.268,10.000,20.701
240.546,111.781,10.000,21.935
243.294,116.235,10.000,19.870
247.439,122.150,10.094,15.056
250.610,130.228,12.206,12.306
252.286,138.182,11.406,11.381
251.845,145.529,10.493,10.470
250.809,149.188,10.000,10.000
246.925,152.687,10.000,12.626
247.040,152.990,10.603,12.899
243.947,160.662,12.367,10.000
239.236,160.777,10.220,11.773
235.739,161.887,10.191,11.512
232.185,158.663,10.000,14.571
230.640,159.404,14.046,14.046
226.514,157.901,14.970,10.579
227.187,155.944,14.619,12.068
227.283,151.362,14.074,12.021
226.685,147.006,12.991,11.745
226.502,143.098,11.731,14.257
226.723,140.056,13.605,15.426
228.883,136.424,10.503,17.815
232.098,134.519,10.455,18.957
238.809,132.791,10.000,18.449
241.745,129.744,10.000,17.829
242.936,127.745,10.000,19.180
247.404,126.382,10.000,19.246
251.872,124.687,10.000,16.976
256.076,122.384,10.000,17.525
259.088,120.780,10.102,15.722
262.225,120.783,10.562,14.338
265.630,118.123,10.355,13.632
269.007,115.502,10.000,13.735
272.244,112.659,12.226,12.626
274.830,109.192,12.231,13.582
277.278,107.971,12.720,11.264
278.427,103.686,12.558,11.166
279.496,102.449,13.567,10.000
280.002,98.820,13.472,10.000
281.636,96.155,13.284,10.110
283.176,93.545,13.284,10.000
286.503,90.152,12.414,10.087
286.699,86.911,13.844,10.000
288.411,85.500,12.990,10.061
289.913,81.533,13.001,10.654
290.002,79.032,13.759,10.000
290.063,77.308,14.013,10.000
288.545,74.912,13.063,10.397
287.835,71.764,11.685,10.040
287.801,70.532,13.009,10.000
287.425,68.031,12.725,10.999
285.431,66.711,12.414,11.358
282.249,65.979,13.447,12.510
282.027,64.222,13.553,13.267
279.214,63.643,10.994,16.613
277.365,64.135,11.996,13.949
275.819,64.165,10.405,15.998
273.478,63.683,10.000,16.440
270.986,63.891,10.000,15.972
268.128,64.632,10.000,12.935
264.959,64.311,10.000,13.830
260.523,64.406,10.000,14.479
255.889,64.096,10.000,16.080
251.832,63.079,10.000,16.864
246.609,63.213,10.000,16.674
241.438,64.605,10.000,15.998
238.835,66.863,10.000,15.614
236.131,67.567,10.000,14.757
231.547,69.626,10.000,14.805
228.997,70.484,10.000,14.046
224.609,71.096,10.000,14.767
222.549,73.234,10.000,14.732
219.999,74.055,10.000,16.031
218.187,75.259,10.000,15.690
214.309,78.588,10.000,14.389
212.153,80.572,10.000,15.896
208.096,83.545,10.000,14.848
204.395,85.650,10.000,16.668
202.449,87.039,10.899,17.013
199.425,90.675,10.000,17.114
196.258,92.153,10.075,17.340
193.130,96.130,10.000,16.889
191.184,97.629,10.000,17.013
186.958,99.056,12.143,17.340
185.149,101.941,12.367,17.207
182.242,104.228,11.216,17.738
180.236,106.910,11.947,17.223
178.463,107.774,12.650,16.335
177.041,110.806,10.938,13.724
175.407,111.590,10.000,14.782
173.862,115.525,10.687,11.276
173.329,116.387,10.000,11.512
172.586,116.399,10.000,12.326
170.855,116.552,10.000,11.728
169.516,117.639,10.000,11.512
168.321,117.652,10.000,12.326
167.310,117.804,10.000,13.844
165.899,116.154,10.061,15.920
165.393,116.868,10.000,15.053
164.965,117.716,10.000,14.332
163.554,118.063,10.061,14.167
162.173,118.327,10.061,14.167
160.793,118.231,10.061,14.527
161.485,116.793,10.000,16.203
159.673,115.786,10.690,16.915
159.156,115.437,10.000,16.802
157.210,113.667,10.899,16.778
158.258,112.289,10.000,15.903
159.176,110.265,12.348,16.456
161.259,110.746,13.492,16.335
161.491,109.129,13.207,15.848
164.004,107.594,13.492,15.320
166.107,106.956,13.521,15.668
170.654,106.348,12.485,14.403
173.087,104.744,13.210,13.642
177.666,103.839,12.480,13.750
180.168,103.131,12.965,12.064
184.737,101.866,13.267,11.379
185.943,100.877,13.532,11.156
187.281,101.102,13.082,10.080
189.749,99.998,11.529,10.033
192.409,97.839,10.565,10.895
193.024,97.178,12.154,10.454
195.856,96.261,10.286,11.989
197.825,93.453,11.008,13.822
197.902,93.686,10.000,14.082
196.490,91.338,10.061,14.239
196.310,92.047,10.000,13.759
197.995,90.274,10.000,15.847
199.398,88.222,10.000,17.782
200.589,89.441,10.000,16.370
201.921,88.079,10.000,17.507
203.183,89.303,10.000,17.790
206.157,89.392,10.000,17.505
205.403,88.732,10.000,18.639
206.524,87.293,10.000,19.617
209.385,87.806,10.000,21.984
210.153,87.063,10.000,23.352
210.780,87.356,10.000,23.386
211.407,87.666,10.000,23.386
211.444,89.248,10.000,22.114
209.931,90.610,10.000,23.052
208.309,90.204,11.260,23.497
206.775,92.510,10.796,21.758
205.443,94.581,11.972,20.811
204.481,96.438,12.358,20.938
205.458,98.225,11.641,21.266
202.863,99.908,13.741,19.918
202.461,100.918,12.937,20.613
202.491,102.409,13.108,19.348
204.531,105.231,12.646,17.065
204.449,109.602,13.901,15.584
204.995,111.078,12.986,15.731
205.831,114.127,13.753,14.913
204.960,116.651,13.492,14.188
204.226,119.487,14.595,15.100
203.510,124.065,14.707,13.777
204.676,128.815,13.430,13.174
204.179,133.376,14.074,12.480
202.895,135.807,13.669,13.210
202.517,141.413,14.074,13.021
203.116,144.731,14.115,12.766
202.961,149.088,14.749,11.427
203.390,152.851,14.905,13.527
204.655,157.476,14.143,12.062
204.197,162.525,14.264,12.779
203.983,166.879,13.482,11.363
204.045,170.685,14.332,13.707
203.598,175.000,13.972,13.801
206.102,179.800,11.598,12.942
206.473,182.744,11.781,14.657
206.610,182.994,13.151,17.340
208.883,186.262,12.054,17.211
210.818,186.628,12.969,18.337
212.930,187.515,13.027,19.075
217.042,190.201,11.334,19.242
218.477,190.037,11.856,20.230
224.343,191.871,10.000,20.284
225.322,190.864,11.263,20.245
228.665,192.320,10.040,19.286
230.939,190.953,10.000,19.946
235.084,190.804,10.000,17.365
237.486,187.953,10.000,16.889
240.561,184.900,10.743,16.752
245.419,181.228,10.000,15.425
248.568,176.834,10.330,13.907
250.348,173.078,10.000,11.958
250.571,168.404,11.512,11.798
250.050,162.923,11.521,12.602
250.491,158.562,10.785,11.937
249.993,158.639,10.000,12.794
253.037,154.820,16.016,56.102
247.358,146.973,20.410,86.863
241.077,141.623,22.573,17.669
239.317,134.170,13.007,13.327
237.654,130.467,11.083,13.283
236.651,126.617,10.687,11.766
235.984,123.203,11.728,12.719
235.303,118.728,10.687,12.109
233.974,114.611,10.562,11.368
233.378,111.205,12.612,10.675
231.337,107.302,11.920,10.933
231.153,102.505,13.186,10.585
231.335,97.881,12.510,11.646
231.045,94.071,12.771,10.908
231.020,88.911,12.510,10.000
230.544,85.109,11.751,10.423
231.534,80.371,11.773,10.000
232.645,76.280,12.436,10.235
232.235,71.549,11.276,10.171
229.463,67.751,12.476,10.003
232.527,63.117,13.192,10.805
235.737,58.243,11.742,10.000
236.831,55.165,12.436,10.000
239.875,51.070,13.597,10.265
240.551,46.814,13.471,13.039
243.477,44.527,12.075,12.183
245.176,41.034,11.839,13.972
249.145,39.540,10.769,14.281
252.653,36.850,10.000,14.882
255.815,34.707,10.000,18.115
257.006,34.364,10.670,18.801
260.203,34.469,10.000,19.219
263.130,34.946,10.000,21.599
267.569,37.363,10.124,19.804
271.775,39.167,10.522,20.787
274.785,42.717,12.696,20.650
276.548,49.693,14.535,19.575
279.019,57.814,15.274,17.315
281.043,65.249,15.782,15.914
280.386,72.566,16.680,13.031
280.344,80.616,16.617,12.042
278.530,90.971,15.227,10.693
275.972,100.272,14.125,10.000
271.917,107.000,14.767,10.000
267.486,113.275,13.090,10.320
262.698,120.128,13.026,10.392
258.818,126.546,11.615,10.862
253.775,134.454,10.175,11.278
248.495,139.297,11.487,10.970
243.388,145.953,10.175,11.346
238.107,151.196,11.487,12.390
232.277,156.502,10.853,13.231
228.267,161.941,11.166,12.294
224.609,166.325,10.463,10.862
216.461,173.305,11.272,10.411
214.239,177.586,11.204,13.163
211.850,185.442,10.000,11.643
208.243,192.408,11.952,11.094
207.942,199.177,13.472,11.168
206.699,205.662,11.781,11.231
206.312,212.500,11.521,11.168
205.928,219.280,16.384,10.930
208.258,222.720,17.019,13.183
210.254,227.060,14.887,14.767
213.466,230.211,13.417,15.848
217.961,230.609,11.245,19.185
223.022,232.321,10.065,16.912
227.551,232.319,10.000,16.571
228.883,231.058,10.000,14.801
229.079,229.757,11.031,13.090
232.755,226.178,10.148,12.893
236.104,222.361,11.966,11.460
236.985,218.593,12.297,11.944
236.588,215.863,11.496,12.428
237.126,212.640,12.558,12.438
239.878,209.079,13.207,12.906
239.402,206.889,15.192,12.196
239.652,204.430,11.996,12.629
238.972,200.565,12.256,11.981
238.555,197.559,14.046,12.060
238.499,194.946,15.192,11.957
238.882,191.335,15.479,12.561
240.543,186.662,12.326,14.707
239.493,184.426,11.778,13.210
240.505,181.201,12.531,11.631
242.432,177.187,11.839,12.869
242.924,174.692,13.082,12.281
242.652,170.806,14.619,14.338
245.871,165.992,13.579,13.492
250.597,160.769,11.391,13.949
250.756,157.207,13.343,13.343
253.618,153.316,12.075,15.128
255.776,149.517,12.299,14.390
259.900,143.691,12.480,14.425
262.331,139.909,12.966,12.939
265.146,136.208,12.720,13.111
267.839,131.448,12.720,12.668
270.602,127.806,14.950,11.812
270.864,123.150,15.479,12.507
272.525,119.459,14.651,11.402
274.205,114.989,14.697,12.044
275.692,111.097,14.128,10.751
277.329,107.768,13.082,10.505
277.592,102.958,13.472,10.000
278.050,100.293,11.027,10.251
275.153,95.911,12.046,10.000
275.299,93.053,12.612,10.279
272.608,90.691,12.886,10.000
272.424,87.476,10.976,10.608
270.098,86.529,11.160,10.191
268.192,84.612,11.121,11.358
265.761,82.952,10.000,11.886
262.111,83.018,10.000,12.392
258.309,83.203,10.000,12.899
255.301,83.509,10.000,13.186
251.303,85.108,10.000,13.899
246.867,87.351,10.000,15.392
242.987,88.969,10.180,14.782
237.747,94.484,10.000,13.707
233.037,96.236,10.000,14.201
227.760,99.951,10.000,14.431
224.058,101.847,10.000,16.668
217.560,106.513,10.000,15.634
212.584,109.814,10.000,15.869
207.609,115.835,10.000,15.027
202.829,119.822,10.000,16.383
197.658,122.915,10.000,17.065
194.492,126.940,10.000,16.703
189.321,131.338,10.000,16.258
184.150,135.799,10.145,17.377
180.902,138.707,11.292,16.235
175.790,142.147,12.189,16.921
173.470,143.209,11.606,16.277
169.506,145.459,12.794,15.463
168.289,147.003,11.947,14.628
166.097,147.238,12.196,13.813
166.550,147.199,13.605,14.645
164.827,148.420,11.662,13.345
163.980,149.664,10.480,11.006
163.476,146.713,10.000,11.723
159.870,143.969,10.000,12.326
158.860,142.095,11.031,11.841
160.302,140.514,11.598,14.543
162.433,137.276,13.735,12.382
162.221,134.824,12.435,10.552
160.431,131.931,11.897,11.667
161.169,128.952,12.558,10.541
164.132,125.829,10.510,10.839
166.354,122.365,10.325,11.315
168.413,119.416,10.565,11.952
170.522,116.590,10.063,12.606
173.827,113.895,10.000,13.646
175.512,111.220,10.000,14.248
174.389,107.730,10.000,15.464
177.513,105.132,10.000,15.908
176.977,101.274,10.000,18.293
178.097,99.057,10.000,17.499
178.405,97.440,10.000,18.480
179.525,95.922,10.000,19.177
180.575,94.557,10.000,19.526
181.625,93.366,10.000,20.702
182.534,91.908,10.000,20.687
183.443,91.952,10.000,21.529
184.282,91.176,10.000,21.811
183.519,91.066,10.000,21.461
183.295,92.175,10.000,21.044
183.218,91.865,10.065,21.841
182.397,91.770,10.925,22.631
182.818,92.811,10.369,22.471
181.954,95.238,10.762,20.811
180.822,95.859,11.586,21.401
179.776,98.145,11.629,21.431
178.643,101.080,12.358,20.170
179.315,102.617,12.646,20.490
178.582,106.489,12.551,18.957
178.128,108.431,12.871,18.330
177.833,110.958,12.871,16.531
177.864,114.206,13.901,16.440
178.864,117.788,13.701,15.258
179.419,121.326,13.666,15.320
180.594,124.895,13.028,14.913
180.552,130.278,13.671,12.914
181.526,134.736,13.399,12.453
181.280,139.012,14.203,13.527
180.902,143.702,13.027,12.914
181.094,148.235,13.579,12.434
180.495,152.527,13.995,12.434
180.414,157.763,14.476,12.779
179.178,162.089,14.610,12.711
178.669,167.427,14.802,13.262
178.457,171.948,14.856,13.886
179.589,177.469,14.391,12.650
179.572,182.795,13.237,13.021
180.436,188.775,12.567,12.726
183.123,191.541,12.476,14.950
185.481,196.952,13.454,14.307
189.463,199.147,12.494,16.528
192.867,203.320,12.940,17.003
198.767,205.399,10.745,18.039
204.756,208.339,10.000,18.545
207.692,210.265,10.978,19.590
212.620,212.180,10.000,18.152
219.025,214.043,10.000,19.234
225.482,214.527,10.000,18.069
231.886,214.755,10.000,17.073
233.148,212.925,10.473,18.824
236.246,211.188,10.864,18.392
243.161,208.864,10.000,16.909
246.172,206.104,11.215,15.696
253.184,200.877,11.373,16.586
254.991,197.532,12.299,15.050
257.261,193.088,10.868,13.949
262.220,188.908,10.000,12.456
265.014,181.696,12.854,11.751
267.914,175.466,13.407,11.356
265.688,170.688,11.731,11.756
264.523,174.051,10.000,10.134
268.600,161.827,12.060,10.000
269.854,155.029,12.436,10.000
268.238,149.179,14.722,10.000
269.055,143.246,13.384,10.000
269.469,136.914,13.472,10.000
268.540,131.851,12.908,10.000
266.825,125.759,12.518,10.000
265.745,119.909,13.957,10.175
263.287,115.223,13.087,12.414
259.523,110.511,14.185,12.756
256.000,107.300,12.021,12.966
252.230,105.629,11.081,12.381
248.577,104.154,10.416,12.109
244.488,101.047,10.468,12.966
239.659,100.288,10.000,11.991
232.399,100.407,10.000,12.612
228.102,100.702,10.000,12.899
223.253,101.008,10.000,11.989
217.643,102.292,10.000,12.370
210.577,105.303,10.000,13.192
203.243,108.654,10.000,12.150
197.393,113.896,10.000,12.404
193.591,119.265,10.000,11.256
192.396,124.872,10.000,11.078
187.888,129.615,10.626,10.368
184.986,135.891,15.023,10.000
182.717,142.192,15.358,10.000
180.566,147.167,15.408,11.156
177.479,151.949,15.325,11.056
174.351,156.178,16.041,12.011
176.292,160.110,15.828,14.539
177.676,165.091,15.563,14.098
179.604,167.908,14.227,15.848
176.770,171.530,15.105,17.882
183.101,177.994,11.919,15.518
184.878,178.407,11.171,16.123
187.816,180.607,10.000,16.532
189.148,181.927,10.769,17.221
194.010,183.191,10.098,16.921
198.555,183.009,10.000,17.234
201.593,181.259,10.000,17.101
204.339,178.594,10.000,15.696
205.742,174.630,10.000,14.670
207.188,168.826,12.085,14.413
197.879,167.389,24.578,10.000
209.569,162.682,13.048,11.976
212.496,158.287,12.476,10.000
213.848,152.436,12.719,10.000
215.214,148.209,12.035,10.000
214.893,143.480,13.075,10.000
214.550,138.309,11.529,10.000
212.678,132.941,12.433,10.000
214.009,129.139,12.719,10.000
215.375,124.290,12.035,10.000
215.516,124.513,12.612,10.000
215.294,119.563,13.417,10.000
215.724,114.994,13.472,10.000
217.359,110.425,13.284,10.000
220.685,100.401,11.497,11.709
221.332,99.978,12.297,11.027
224.165,95.099,12.414,12.085
228.534,90.307,11.325,13.898
230.599,86.873,11.404,16.073
234.265,83.518,10.000,17.526
241.174,79.449,10.000,19.567
247.631,77.663,10.000,20.142
252.574,76.528,10.000,20.388
256.500,76.073,10.000,19.904
258.706,78.412,10.750,20.302
259.849,80.039,12.606,20.140
264.135,82.809,13.159,19.690
268.275,88.069,13.754,17.721
268.313,92.486,14.844,17.176
269.460,99.505,15.208,13.959
271.988,105.393,14.639,13.016
272.500,113.358,15.884,11.878
271.472,120.782,15.958,11.528
269.877,130.729,13.757,10.318
268.231,137.616,12.174,10.000
264.368,144.237,11.121,10.243
259.969,150.477,11.078,10.000
255.139,154.681,10.000,11.229
247.297,158.682,10.000,11.186
240.768,162.662,10.000,11.186
234.238,162.748,10.000,12.992
228.975,164.250,10.000,12.035
223.784,162.410,10.000,10.609
219.056,159.142,13.279,10.000
216.502,154.549,13.167,10.000
216.412,148.458,14.681,10.000
214.168,142.624,15.051,10.099
215.015,136.618,14.332,12.856
214.835,131.270,15.765,14.802
221.787,126.048,10.483,17.586
226.259,122.680,10.000,19.150
232.715,119.872,10.000,20.954
237.657,119.701,10.000,20.745
239.814,121.834,10.000,19.469
242.041,124.088,10.589,18.321
245.234,131.148,11.850,14.567
245.989,137.450,13.283,13.522
246.850,146.156,13.777,11.535
246.493,155.113,12.399,10.664
241.601,163.943,12.288,10.000
238.808,170.113,14.812,10.000
233.075,174.623,10.736,12.085
227.697,181.172,10.056,11.621
224.075,185.353,10.000,11.754
219.346,190.416,10.000,10.609
215.059,190.993,10.379,11.157
210.058,191.619,10.000,10.000
205.413,190.976,10.000,10.000
200.768,187.092,10.000,11.386
198.412,183.234,10.239,10.669
196.346,175.500,13.615,11.493
212.184,167.571,41.841,16.991
194.137,166.967,24.462,12.953
195.419,160.658,15.776,11.706
195.961,154.350,15.023,13.592
197.176,149.337,13.666,15.001
199.918,144.012,11.461,16.451
201.769,140.077,12.299,19.150
203.545,135.943,10.638,20.625
210.425,134.520,10.000,22.181
216.985,133.364,10.000,21.431
217.824,131.890,13.193,22.461
221.832,133.904,10.000,20.227
224.721,136.404,10.835,20.302
225.907,140.042,13.417,19.870
231.394,145.322,11.325,15.617
233.247,152.131,13.210,14.884
235.832,159.003,13.259,13.259
230.467,167.037,17.100,11.373
230.641,172.163,10.393,13.811
228.658,183.367,10.000,10.373
225.638,189.620,10.000,10.337
221.573,194.378,10.132,11.219
216.271,201.106,10.000,10.218
213.210,204.677,10.000,11.486
207.842,207.387,10.000,11.530
202.474,208.484,10.000,12.154
196.623,208.550,10.175,13.844
191.097,207.644,10.000,11.478
187.687,203.875,10.000,13.143
182.907,201.150,10.976,11.828
183.402,195.927,12.035,12.334
182.874,191.431,12.011,11.937
180.308,188.875,13.111,12.174
180.051,184.298,14.619,15.486
180.739,182.093,17.241,15.105
183.018,176.932,12.909,15.055
181.993,172.470,12.214,10.000
183.215,167.520,11.773,11.121
184.615,162.817,12.495,10.000
184.852,157.867,12.899,10.000
184.444,152.696,10.746,10.000
182.358,147.569,11.010,11.220
182.978,144.084,11.503,10.715
182.719,140.144,10.000,11.773
181.842,136.302,12.348,10.873
180.422,132.546,11.568,13.167
179.528,128.074,10.905,12.356
177.950,125.012,10.000,16.435
176.005,121.731,10.000,15.894
173.402,119.652,10.000,17.833
167.840,116.628,10.000,17.046
167.086,116.508,10.000,16.756
165.141,117.941,10.000,13.553
160.901,121.402,10.000,12.414
157.099,126.776,10.000,11.481
152.591,133.635,10.626,10.841
147.536,140.604,13.638,10.411
147.944,147.059,14.767,11.406
146.093,153.334,15.842,11.003
146.935,158.305,15.192,14.158
149.513,160.367,15.289,16.027
151.012,163.936,16.357,18.468
152.992,168.233,15.093,19.400
155.672,171.823,14.497,18.984
158.195,173.171,14.077,18.937
160.578,175.112,13.867,23.904
161.047,175.706,13.694,22.532
167.220,175.393,10.584,16.338
173.095,173.196,10.000,12.276
175.889,168.483,10.000,12.021
177.543,163.884,10.000,12.194
179.369,159.559,10.000,13.844
180.984,154.859,10.000,15.680
179.172,150.887,10.000,17.502
177.093,150.225,10.000,13.893
176.882,150.761,10.000,13.759
176.780,154.325,10.000,11.497
173.369,157.041,10.000,11.358
169.270,163.193,10.218,10.583
166.920,169.577,14.770,10.000
164.672,174.552,15.100,10.932
162.935,179.056,16.544,11.238
163.861,183.657,11.528,15.160
162.547,185.484,13.813,14.980
161.706,186.677,13.231,17.757
163.948,185.445,14.422,20.904
166.222,188.298,12.011,21.431
163.903,185.422,18.859,15.933
164.369,190.412,21.151,13.692
166.108,184.935,17.604,14.808
179.852,179.202,10.438,12.161
178.927,175.779,10.000,10.000
182.286,170.054,11.926,10.125
183.472,164.463,11.864,10.000
183.528,158.854,10.000,11.754
183.751,154.077,11.908,10.000
183.828,149.348,10.000,10.873
183.218,143.923,12.039,10.232
183.227,139.089,10.000,10.000
186.527,134.444,12.826,10.000
187.946,130.078,13.001,10.000
189.453,123.987,13.001,10.401
192.639,118.795,11.497,10.000
195.355,114.287,10.067,10.626
201.481,107.898,10.589,11.073
205.125,103.243,12.062,11.336
210.709,97.578,12.532,12.555
215.061,93.319,11.991,11.863
222.305,88.637,10.109,12.342
225.672,83.958,11.706,12.021
230.516,80.052,10.493,11.646
234.817,75.925,11.593,11.571
238.521,71.318,10.275,11.615
242.008,67.396,10.433,12.150
245.499,63.968,12.380,12.035
248.232,60.352,10.957,12.330
250.396,56.124,11.497,12.978
253.963,53.029,10.712,13.727
254.000,51.142,10.785,13.384
255.936,48.200,10.957,13.359
259.576,46.129,11.521,12.477
263.536,42.979,10.157,13.447
262.336,41.309,11.521,13.143
264.570,39.726,11.181,12.381
266.775,37.344,11.742,12.222
269.260,36.636,11.742,12.918
273.255,34.166,10.580,13.657
275.089,33.003,11.398,15.492
274.926,30.835,12.723,12.885
275.643,31.633,13.293,12.252
275.344,30.371,14.905,10.093
279.270,30.540,11.706,10.000
279.246,29.663,13.075,10.000
279.639,29.670,13.186,10.000
281.238,30.758,13.899,10.000
282.977,30.619,14.503,10.000
286.772,29.075,14.805,10.271
284.345,28.857,17.934,10.405
287.342,28.089,15.545,10.620
288.169,28.977,14.905,11.030
288.676,28.925,15.998,10.483
286.452,28.522,14.177,10.561
288.221,27.846,13.261,10.000
288.574,27.815,13.895,10.000
284.405,27.676,12.366,10.000
279.692,27.859,14.700,10.000
280.497,28.054,14.560,10.000
281.233,26.510,15.075,10.271
274.838,28.118,13.182,10.000
271.672,28.125,13.646,10.125
272.084,27.977,14.191,10.000
267.558,26.565,12.870,10.949
263.331,26.902,14.719,10.000
264.146,26.656,14.487,10.197
261.756,26.509,17.575,10.712
264.574,25.977,14.967,11.446
264.978,25.257,13.813,10.923
262.055,25.366,17.484,10.405
263.584,25.976,15.479,11.454
265.462,25.922,16.640,11.238
266.436,26.176,15.765,12.354
266.839,26.862,16.052,11.738
267.519,28.549,16.921,10.318
265.559,29.678,16.332,10.764
266.513,29.279,15.965,11.238
264.852,29.117,17.910,11.238
262.600,30.715,16.025,11.691
259.800,32.681,14.995,10.868
260.352,33.693,15.998,10.223
261.406,34.200,17.013,11.212
262.432,34.343,16.556,11.710
263.230,34.736,16.556,11.710
261.508,33.783,14.735,11.290
258.652,35.006,14.619,11.030
259.150,34.984,15.155,11.226
262.989,34.844,16.279,11.109
265.266,34.617,15.263,11.238
265.819,34.483,16.306,11.109
266.759,34.256,15.479,11.238
267.419,34.705,15.669,11.904
267.908,35.292,16.261,10.923
265.476,35.459,16.586,10.751
266.556,35.567,15.479,10.724
268.651,35.857,15.712,10.000
269.159,36.341,15.155,10.000
267.057,35.988,17.334,10.405
268.511,35.410,15.479,10.346
266.224,35.123,17.833,10.000
267.928,34.342,16.613,10.000
266.011,34.270,15.140,10.000
266.903,33.917,14.857,10.000
267.787,33.598,15.075,10.000
263.518,32.520,15.608,10.000
264.644,33.993,14.332,10.000
265.399,34.743,13.759,10.000
266.001,34.712,13.472,10.000
268.575,34.680,13.261,10.000
270.103,34.578,14.483,10.000
270.800,34.259,14.487,10.000
271.499,33.940,14.046,10.000
272.110,33.729,13.759,10.000
273.888,33.627,13.284,10.000
274.252,33.525,13.895,10.000
274.789,32.114,14.767,10.000
275.628,32.334,14.487,10.000
276.326,33.878,12.011,10.000
279.228,34.101,11.798,10.000
279.250,34.325,12.612,10.000
279.546,34.440,11.031,10.000
279.318,33.697,12.068,10.089
280.467,33.856,12.719,11.548
281.507,34.311,13.261,11.545
282.710,35.206,13.532,11.231
288.550,35.394,10.000,11.006
287.940,36.337,10.000,10.988
288.381,36.222,10.988,10.946
289.099,35.818,10.000,12.392
288.088,36.003,10.000,11.728
289.985,37.091,10.235,11.908
290.218,37.035,11.503,11.728
292.654,39.584,10.933,11.497
292.110,39.322,12.629,12.899
294.757,40.127,10.000,13.605
293.479,41.897,10.000,13.214
292.335,42.360,10.033,13.186
291.074,43.851,10.000,14.201
289.663,45.117,10.000,13.183
288.518,46.783,13.186,12.932
288.032,48.053,10.000,13.654
286.755,49.849,10.251,14.131
287.541,50.957,11.178,14.487
286.318,51.389,11.634,14.950
286.382,53.668,11.666,15.457
286.353,54.184,11.886,16.613
284.683,54.877,13.002,15.569
284.996,55.732,12.546,16.025
285.082,56.132,14.913,16.339
286.960,57.557,13.678,16.073
287.286,57.579,13.207,17.259
287.267,58.061,15.959,17.882
287.865,59.722,16.022,17.757
286.794,60.334,14.253,17.757
286.973,62.361,16.744,17.065
287.963,62.628,14.253,16.702
284.296,64.000,14.205,16.159
283.251,64.665,18.035,16.814
282.919,65.578,18.244,16.388
282.691,65.263,16.423,16.318
280.140,66.984,16.343,15.650
279.763,67.957,18.345,14.983
279.986,69.282,18.300,14.479
278.967,70.050,18.555,14.857
276.347,71.781,19.373,14.010
274.312,72.711,20.107,13.636
274.478,74.803,20.144,13.038
273.950,74.981,19.672,13.592
274.046,76.296,18.951,11.391
271.981,77.830,19.037,12.101
269.172,79.242,18.370,11.443
269.420,80.148,18.627,11.287
267.389,81.700,19.440,12.186
266.099,84.598,18.888,11.538
263.807,87.606,17.679,10.205
264.813,90.682,17.235,10.022
265.900,93.731,18.003,10.000
263.340,95.949,18.423,10.319
260.561,100.072,17.537,10.337
261.658,103.917,17.073,10.000
259.827,107.936,17.605,10.000
256.690,110.910,16.559,10.000
254.746,114.948,16.830,10.000
252.991,119.922,18.131,10.000
251.143,124.895,16.937,10.000
249.245,130.849,18.480,10.844
249.702,134.874,17.508,10.000
247.745,141.252,18.109,10.420
246.041,145.444,17.746,11.666
245.978,152.322,17.815,11.867
249.868,156.042,16.676,12.485
250.459,161.704,17.148,14.304
248.758,167.690,15.915,15.191
249.877,172.039,15.632,15.443
255.329,175.316,13.048,16.640
263.388,179.475,10.000,17.296
265.790,180.593,11.136,18.003
274.494,181.981,10.000,16.937
282.410,181.806,10.000,17.870
288.815,178.801,10.616,14.911
293.179,174.981,10.000,15.155
296.303,170.452,10.580,11.356
298.490,165.520,10.763,11.754
299.887,158.859,12.966,10.850
299.959,153.670,13.759,10.000
300.561,147.338,13.472,10.627
297.908,141.078,11.118,10.000
295.831,136.570,11.272,10.626
294.357,132.154,12.018,10.873
291.369,127.420,10.194,11.828
287.859,124.441,10.191,13.053
283.245,121.774,10.000,15.165
277.915,120.177,10.000,15.533
271.859,119.014,10.000,16.583
264.321,120.361,10.587,17.013
258.701,124.085,10.616,15.236
253.090,128.106,12.246,14.950
247.052,134.563,13.592,13.262
240.827,142.599,14.965,11.103
240.922,149.503,16.440,10.951
238.229,155.573,19.666,10.000
235.458,159.717,19.846,10.778
236.674,164.014,18.270,12.514
237.662,169.142,17.485,14.708
241.819,171.912,14.535,15.900
246.829,173.332,11.596,16.356
254.083,173.554,10.000,16.528
257.132,173.338,10.379,15.088
263.649,170.574,10.027,13.496
265.347,164.226,10.933,11.333
264.803,157.827,13.844,11.391
264.913,152.245,11.124,10.511
263.365,146.892,10.000,10.000
257.640,142.627,10.000,13.727
247.193,140.251,10.000,15.212
244.714,138.927,10.000,17.634
237.207,141.882,11.697,15.263
231.574,145.704,15.587,14.263
224.901,150.585,17.769,12.426
220.939,158.359,18.519,10.835
218.992,163.748,19.162,11.064
219.482,167.834,17.325,12.868
220.131,172.017,15.638,15.608
224.861,175.377,13.394,14.088
232.989,175.074,10.000,11.033
234.956,175.686,10.000,10.000
239.056,173.543,10.365,10.925
245.357,167.476,10.218,10.884
248.551,164.034,10.411,10.003
248.280,158.042,11.506,10.000
246.397,152.631,10.000,11.530
242.987,148.027,10.000,13.638
240.957,145.606,10.000,16.435
235.785,145.343,10.000,16.180
232.545,147.897,10.000,14.415
227.421,151.648,11.888,14.364
222.946,156.842,14.900,13.787
218.993,163.155,15.813,11.809
219.086,170.490,16.233,10.000
220.391,174.980,14.619,11.863
223.962,180.381,11.136,12.329
224.427,182.384,12.297,13.449
228.026,182.787,10.925,17.897
234.946,184.256,10.000,16.556
241.299,182.363,10.000,14.567
242.842,178.763,10.000,15.026
244.316,175.171,10.005,10.355
243.842,168.104,10.000,14.542
242.297,163.511,12.011,10.026
242.426,158.332,10.000,11.336
238.542,154.492,10.000,13.573
232.656,151.545,10.000,16.928
227.236,151.366,10.000,15.378
221.906,155.528,11.631,13.207
216.666,159.680,12.356,12.131
213.210,168.442,15.100,10.222
210.980,172.502,14.007,12.181
212.230,179.176,14.344,11.957
212.323,180.462,14.476,13.919
215.541,183.401,12.746,15.056
221.382,184.850,10.000,16.920
227.760,185.781,10.000,16.200
230.847,187.068,10.000,16.889
233.896,187.033,10.000,16.440
238.402,185.082,10.000,16.778
242.907,183.248,12.070,14.879
245.133,178.640,12.075,15.020
249.145,175.533,11.427,14.722
252.907,170.304,12.018,13.943
253.272,166.844,13.605,12.304
257.525,160.406,12.824,14.463
260.057,156.412,16.123,16.783
261.681,151.828,13.108,11.985
262.698,147.284,12.017,10.000
265.603,142.555,14.021,12.458
268.875,137.065,12.965,13.098
269.604,131.789,13.866,13.204
272.135,126.615,13.317,13.757
274.914,121.718,13.454,13.757
277.762,117.233,12.794,13.344
280.420,113.088,13.999,13.734
283.470,107.572,13.699,13.839
286.061,103.538,14.007,15.212
288.342,99.132,13.754,16.499
292.503,95.389,12.603,17.150
294.643,92.423,13.193,18.122
296.867,90.101,13.864,20.563
302.846,89.294,11.362,19.730
307.686,88.143,10.025,20.200
314.182,90.145,10.000,19.361
315.232,90.693,13.027,21.599
316.949,95.710,15.206,18.471
322.000,100.149,14.389,17.485
324.680,107.707,15.656,13.575
324.628,114.907,16.115,12.721
323.865,122.834,16.915,11.345
322.574,130.328,16.864,10.645
320.390,137.406,12.021,10.000
317.794,143.551,11.952,10.455
312.920,149.949,10.175,11.346
307.596,155.192,10.000,10.605
302.868,158.918,10.000,11.514
294.488,161.642,11.766,11.358
288.992,161.043,13.073,13.472
285.938,160.864,16.235,15.182
274.453,160.040,18.657,12.638
272.771,158.078,16.252,12.437
269.748,152.092,15.483,10.094
269.862,151.680,15.435,10.282
267.553,147.712,14.338,10.435
265.137,143.100,15.051,10.173
265.984,137.131,15.158,12.356
269.381,131.148,13.509,15.023
272.115,127.510,13.687,18.392
279.663,123.676,10.149,21.163
286.272,122.717,10.000,21.811
287.040,123.837,10.295,21.401
289.937,129.435,11.976,18.459
292.443,134.433,13.207,17.589
292.424,143.197,13.427,12.359
291.750,151.249,13.995,10.509
289.163,161.676,13.727,10.000
285.047,166.205,12.203,14.836
279.478,169.814,16.424,12.561
273.647,178.184,11.867,11.635
270.144,180.616,10.685,11.742
262.047,181.602,11.751,11.773
257.262,181.077,11.910,11.766
255.004,177.668,12.270,13.519
249.095,175.947,16.440,12.642
249.569,174.521,16.625,13.231
246.145,169.821,15.758,10.000
247.213,164.794,15.078,11.863
247.539,158.786,14.074,15.317
252.392,153.812,11.688,18.594
256.052,150.890,12.190,21.251
263.837,149.582,10.000,21.558
266.978,151.979,10.000,19.804
269.839,155.779,11.377,17.137
269.449,160.397,13.195,17.201
268.234,177.023,16.997,10.000
267.665,175.978,10.976,12.567
266.876,183.484,10.000,11.168
263.465,190.187,10.000,10.000
258.120,196.228,10.000,10.000
252.395,199.727,10.125,10.000
247.530,199.251,10.000,10.000
240.584,199.908,10.000,10.465
234.591,197.122,10.378,11.486
229.589,193.774,10.000,10.675
226.374,188.249,11.409,11.955
225.800,181.131,13.895,11.333
225.120,174.984,15.435,11.047
225.758,166.297,12.991,12.223
222.279,160.060,11.302,10.000
224.897,153.079,12.605,13.100
230.679,147.038,10.587,17.247
237.403,144.436,10.000,19.645
240.293,142.739,10.000,17.878
241.484,144.006,10.000,18.342
243.788,148.995,10.373,13.757
246.621,154.073,10.709,13.951
247.637,161.587,11.031,11.055
243.675,168.285,10.000,10.400
240.656,174.224,10.000,10.399
236.590,179.874,10.000,10.358
231.704,183.515,10.000,10.665
225.001,187.272,10.127,12.648
218.927,190.351,10.447,12.334
211.817,190.374,11.644,12.127
206.065,191.732,10.853,16.616
200.929,187.533,10.000,13.912
196.229,183.779,13.999,11.958
193.005,178.442,14.177,11.680
193.148,173.149,11.342,12.486
195.433,167.770,11.166,12.870
194.605,162.584,11.766,12.870
195.060,156.913,13.082,11.356
195.203,149.452,14.928,12.403
196.394,147.427,17.141,13.069
202.713,141.745,11.976,11.316
203.599,136.917,12.297,10.000
203.737,132.282,12.899,10.000
204.043,127.111,13.186,10.000
204.008,121.940,10.976,10.000
203.886,116.813,12.039,11.220
202.876,113.230,10.604,10.886
200.498,110.262,10.949,11.680
199.829,107.105,10.033,11.874
198.968,104.391,10.785,12.810
199.151,101.408,10.061,13.447
195.834,100.889,10.000,11.450
195.091,99.602,10.540,11.809
192.527,99.114,10.000,12.111
189.536,97.830,10.000,13.057
185.538,99.365,10.000,12.403
184.055,100.682,10.000,12.359
178.205,101.976,10.000,12.719
177.061,105.091,10.000,13.485
172.350,107.672,10.000,13.261
166.018,110.987,10.627,14.201
164.653,119.388,14.782,11.556
160.325,124.371,15.749,11.056
161.121,131.277,16.306,10.897
160.467,135.402,18.207,10.000
158.576,139.862,18.990,12.561
159.263,141.769,17.462,15.167
159.178,144.697,15.353,16.541
