395.000,189.000,364.000,315.000
387.883,181.785,371.456,317.229
385.279,178.874,363.605,316.178
381.079,172.005,382.187,317.697
381.099,161.398,378.660,325.662
384.174,159.059,379.540,314.175
384.515,167.507,381.623,302.809
385.511,165.835,379.630,312.956
382.860,167.098,384.934,308.361
380.790,172.962,390.452,310.430
379.505,173.477,390.235,302.432
371.709,178.870,398.262,297.149
361.431,179.343,401.596,290.003
374.994,179.476,394.972,285.637
368.089,183.793,408.780,281.037
372.369,184.574,406.325,274.049
378.521,186.028,403.372,263.794
381.748,191.930,408.016,260.478
378.810,188.339,408.669,255.255
378.260,183.471,412.354,252.712
379.553,177.331,412.354,252.712
373.090,177.008,416.878,246.895
370.205,174.561,422.647,245.367
367.448,176.662,426.228,248.257
366.276,173.131,424.664,248.806
362.534,171.924,430.196,254.473
359.725,171.331,430.515,268.244
359.314,174.147,434.057,266.013
355.232,175.848,436.098,275.538
353.332,177.623,430.879,269.213
344.446,178.589,448.651,278.191
338.882,174.092,444.926,283.649
329.442,171.511,461.670,290.944
321.200,166.643,462.021,295.547
323.591,162.743,462.419,301.867
317.724,160.363,464.430,305.133
312.625,159.993,475.381,302.104
314.460,164.678,479.296,302.593
322.343,167.311,472.676,305.715
319.004,168.753,483.920,312.722
324.182,173.230,482.911,312.335
323.870,171.588,478.094,317.952
325.678,172.145,462.771,323.862
328.472,169.800,473.456,315.379
324.677,168.171,469.446,318.635
330.956,160.996,463.858,319.822
323.139,155.167,467.927,324.543
311.438,141.963,482.752,336.133
302.022,133.427,495.938,342.721
293.288,127.324,496.073,340.895
285.399,120.846,506.091,351.383
275.985,120.158,506.353,350.228
267.013,116.572,496.481,352.341
256.645,115.316,492.108,354.854
255.956,105.385,471.740,364.678
257.649,109.185,462.541,364.552
263.716,108.997,446.298,356.709
268.104,107.712,438.321,368.062
285.485,110.865,421.245,367.383
291.385,105.583,414.957,371.650
298.461,108.295,396.876,372.513
309.817,121.327,368.775,369.545
314.659,126.554,357.613,376.823
328.120,136.393,342.448,382.866
332.626,144.436,337.786,382.727
339.551,150.076,335.455,390.164
344.296,154.651,337.553,383.912
350.992,154.271,335.688,392.596
357.472,159.404,329.996,401.956
358.476,168.690,327.989,403.062
365.980,170.787,323.171,406.148
364.359,171.485,320.610,404.752
362.470,176.345,329.433,417.378
360.154,177.913,337.036,417.955
361.866,175.002,335.865,425.279
359.614,174.343,340.370,432.648
357.025,172.588,339.405,436.158
344.917,165.715,348.985,443.742
342.133,165.400,348.249,445.948
330.079,160.384,353.425,449.670
327.264,152.232,348.682,447.621
314.954,142.729,354.321,457.929
310.674,138.642,352.398,462.069
292.976,136.193,365.173,466.969
280.529,130.844,370.233,473.535
277.113,131.318,366.171,470.073
264.221,126.364,372.026,479.980
249.750,121.883,374.744,484.714
235.832,117.744,382.111,488.727
232.277,112.142,377.976,505.985
219.915,118.262,386.944,491.121
212.726,111.688,385.617,489.437
212.520,118.181,377.335,480.798
211.949,120.753,389.559,475.654
197.401,122.548,392.812,480.678
206.771,117.566,391.471,479.334
207.447,119.693,398.789,457.741
214.483,126.282,398.396,457.386
217.162,126.844,402.435,452.846
226.134,125.135,405.853,441.739
238.390,127.369,402.526,433.881
236.404,120.986,412.354,435.774
236.414,118.283,418.273,436.939
242.696,123.626,427.964,427.108
248.688,124.054,426.252,419.405
256.133,128.075,433.369,405.437
266.443,126.936,434.560,392.614
268.726,130.573,445.706,377.899
273.905,134.705,450.955,362.242
283.405,133.823,454.604,369.669
291.658,142.269,456.148,360.980
297.132,150.529,462.259,353.397
306.622,153.313,467.547,348.638
319.030,161.204,482.319,340.935
337.727,165.231,484.708,353.179
335.846,189.484,495.921,331.165
344.442,187.918,506.317,327.808
344.009,178.955,511.261,324.532
342.786,164.278,514.522,328.609
344.121,151.657,520.080,334.925
350.194,139.505,528.820,340.015
345.495,137.180,537.369,347.210
351.392,135.306,541.999,346.637
352.620,130.801,543.881,349.576
347.840,135.366,542.094,355.285
345.692,132.929,555.174,358.403
345.572,136.220,559.877,365.215
338.641,135.122,553.831,370.126
320.959,133.456,570.159,373.459
325.307,112.406,572.546,379.543
327.958,92.260,583.104,383.449
325.157,89.011,582.081,387.108
320.755,86.870,584.235,388.540
316.341,81.864,586.388,401.414
314.356,83.519,590.359,404.901
305.225,85.379,592.965,408.030
302.422,80.682,590.695,417.425
304.541,84.631,607.332,419.467
294.095,86.304,594.893,422.182
292.648,84.758,615.843,435.303
285.467,82.668,614.655,439.484
285.989,89.206,608.412,447.209
282.209,98.786,617.017,459.370
276.385,99.381,638.254,454.983
267.636,98.222,647.123,457.301
260.281,96.101,652.038,461.543
252.493,97.380,651.143,476.553
249.122,102.610,658.999,469.439
240.253,98.023,661.156,475.275
229.724,94.417,659.772,479.120
227.717,102.215,673.913,484.902
216.875,110.131,686.443,481.654
220.529,113.837,684.890,485.754
211.983,111.943,701.983,494.159
204.684,117.412,707.154,491.472
199.513,120.050,708.054,493.278
194.032,123.075,719.016,499.053
199.806,125.587,718.261,490.432
197.756,115.363,724.737,496.623
195.142,105.545,744.372,495.848
197.631,95.655,753.987,498.604
201.582,95.853,728.905,514.161
210.752,101.785,752.219,510.872
227.082,102.894,727.003,517.339
244.396,97.627,709.561,526.646
263.907,101.544,688.894,527.377
268.233,105.920,697.127,528.273
283.994,104.058,683.824,528.354
304.678,101.147,656.894,535.380
307.862,101.741,651.714,547.250
306.262,110.054,626.231,553.330
296.581,109.868,556.058,560.770
299.691,107.511,559.897,546.486
291.806,106.205,534.707,556.848
307.989,102.881,520.906,554.759
288.672,97.263,545.551,578.909
284.805,103.328,554.409,570.153
263.868,115.014,576.032,554.656
263.463,117.494,575.712,557.615
250.791,120.723,588.581,559.095
262.655,128.177,602.739,548.779
258.990,132.064,597.408,547.912
259.975,136.928,617.194,561.086
256.511,152.513,628.833,559.355
268.219,143.727,622.037,570.992
260.814,151.348,622.535,559.328
275.628,153.456,625.978,556.294
275.628,165.857,634.246,544.483
281.088,164.070,639.792,551.585
291.819,175.884,640.922,535.093
299.333,170.334,628.238,540.332
302.108,178.131,636.681,537.564
299.572,183.419,635.900,530.502
298.974,175.464,631.282,538.275
294.972,168.121,633.455,542.461
280.889,161.330,639.332,550.178
275.291,159.826,637.469,551.999
262.827,168.730,633.908,534.192
260.685,152.832,637.026,529.885
260.651,135.268,641.745,521.999
254.804,126.318,649.963,520.202
236.529,133.922,660.914,501.504
227.124,132.369,680.877,489.632
232.445,126.425,688.724,479.565
227.184,122.392,700.396,478.431
225.174,126.416,688.196,480.811
229.705,119.340,680.286,445.466
234.976,118.458,690.672,450.534
240.879,134.929,683.334,438.807
249.347,131.835,667.493,426.363
246.820,145.388,661.871,408.865
249.835,138.493,645.433,404.957
254.394,149.669,630.175,387.721
255.812,140.683,626.350,392.829
260.165,143.464,629.560,390.248
260.482,153.084,634.877,381.918
257.636,143.988,631.701,376.458
252.386,149.708,645.128,350.380
259.061,139.360,634.634,348.240
253.625,145.046,641.742,321.812
250.730,149.526,635.709,295.573
246.767,148.114,640.166,287.988
242.845,144.286,650.588,287.909
243.227,145.279,642.893,284.190
237.900,146.229,651.836,292.556
234.344,149.182,655.453,283.156
232.621,155.358,656.310,273.391
227.542,154.689,663.924,275.575
223.125,158.952,667.624,273.041
221.147,161.328,671.580,280.252
215.642,157.294,677.379,285.715
222.406,154.879,677.939,297.589
222.471,162.538,686.797,297.552
213.843,161.092,695.004,304.969
219.483,160.614,692.017,303.161
215.214,159.980,698.722,301.679
213.532,152.758,700.247,307.852
213.248,154.252,702.675,301.147
206.332,146.420,701.772,308.522
207.918,140.469,702.325,309.247
196.157,134.622,717.451,312.544
197.497,134.478,705.293,310.935
192.030,128.702,714.351,316.864
192.027,129.975,712.452,320.032
187.849,133.211,711.248,322.165
184.231,137.185,716.568,322.839
181.585,140.757,714.161,324.356
175.433,151.669,710.086,330.474
160.132,165.666,713.541,324.777
153.670,169.080,722.611,323.730
145.206,164.452,725.020,327.179
135.271,168.144,723.441,326.621
130.175,170.911,717.091,319.140
141.156,172.497,710.449,321.713
141.342,176.409,699.551,320.588
148.899,181.236,683.489,317.571
158.686,179.637,667.646,319.836
158.597,180.461,651.174,320.037
170.697,183.279,624.233,327.197
178.917,187.694,589.703,322.889
183.788,185.806,556.379,331.033
182.825,190.703,553.151,325.534
183.337,187.832,560.620,333.824
182.219,185.887,559.393,329.920
182.438,183.161,553.795,332.793
180.021,181.969,567.224,332.599
181.067,185.684,563.394,332.124
181.335,179.426,566.320,333.384
178.287,183.440,567.198,332.315
179.482,181.893,568.283,334.540
176.428,180.687,569.155,338.699
171.834,180.401,573.068,333.118
168.055,176.445,582.375,341.031
163.117,180.166,584.225,332.696
156.964,176.203,593.001,323.856
152.674,176.775,598.072,324.467
149.205,174.085,605.011,315.735
151.607,177.964,604.582,327.227
144.913,182.188,618.859,311.656
149.351,186.838,627.563,301.476
147.164,193.954,629.325,294.207
149.127,198.922,640.043,296.332
145.661,203.218,632.154,289.483
144.003,200.654,643.178,293.755
139.366,203.122,639.402,286.209
141.332,205.773,649.173,286.903
141.944,209.267,651.405,280.778
144.962,210.996,647.938,285.024
144.737,211.620,656.987,282.057
148.470,211.374,658.133,288.579
139.032,219.563,663.924,285.287
147.877,226.341,647.976,284.796
149.391,234.589,643.227,271.738
145.444,239.899,642.753,255.260
143.269,241.028,637.372,256.246
144.055,235.682,630.945,249.951
128.056,236.654,612.866,255.957
122.881,233.804,618.459,266.413
116.897,232.151,629.615,264.844
110.462,229.701,637.579,265.658
105.455,226.585,624.525,267.771
100.174,225.433,644.088,265.983
96.652,224.222,639.536,237.755
98.801,221.358,636.018,238.019
90.455,212.630,644.142,231.330
88.686,207.725,652.316,231.866
88.699,208.456,656.961,236.630
86.423,207.573,660.723,236.818
94.483,206.406,665.985,240.736
101.306,205.763,661.156,249.236
101.234,207.707,670.235,243.722
97.420,207.424,682.715,245.907
105.075,206.571,682.165,250.073
109.604,206.743,687.992,248.074
117.046,205.916,687.992,257.170
118.380,198.110,694.585,255.102
122.807,198.455,700.894,252.726
130.389,193.401,700.894,252.726
137.971,187.504,706.791,257.781
150.450,187.376,698.067,259.746
152.546,196.204,703.252,257.433
157.642,196.356,702.426,255.428
155.270,196.033,708.016,254.377
163.563,194.958,714.366,264.171
156.453,203.584,719.022,262.569
153.201,208.728,726.396,255.761
154.831,206.306,722.274,262.331
150.836,213.728,729.392,257.074
152.287,219.160,725.623,255.745
145.978,216.806,729.617,254.417
141.666,221.549,741.691,257.005
138.466,225.953,745.468,254.316
138.226,229.367,743.335,257.074
145.044,233.662,742.822,244.108
142.240,234.672,736.496,252.318
135.113,238.295,736.080,246.798
137.248,238.019,735.223,246.496
139.383,240.294,721.581,247.059
132.632,236.240,743.532,249.252
129.676,238.543,733.939,246.369
132.449,240.896,705.417,243.365
130.168,239.825,700.855,249.654
129.718,238.202,700.919,247.038
131.185,243.447,688.822,246.543
139.857,242.157,636.832,247.474
134.954,241.173,604.536,246.263
133.674,236.089,602.461,254.115
130.949,210.385,607.129,278.104
137.623,232.655,603.650,248.368
138.791,235.956,613.711,253.388
139.362,238.716,611.781,245.502
140.328,228.014,621.486,252.164
143.621,230.482,614.107,250.397
142.212,233.237,612.216,248.026
137.144,234.808,669.925,247.225
134.942,235.445,613.249,250.023
133.497,238.169,656.901,244.574
127.347,239.294,645.131,243.930
133.147,237.411,640.675,242.139
132.608,239.433,642.541,247.556
135.318,238.660,644.308,239.520
127.973,239.675,650.347,244.568
128.198,237.409,664.268,239.520
127.400,236.611,658.679,242.713
122.973,237.107,660.330,240.120
120.831,236.835,670.988,239.070
120.329,235.283,663.172,236.561
119.691,229.872,676.341,237.869
113.417,227.568,680.057,234.447
111.302,224.082,676.292,239.820
111.775,222.301,674.541,237.741
106.046,220.160,669.971,236.413
107.341,213.332,679.328,243.698
105.768,212.206,673.515,247.580
107.388,207.662,698.884,246.040
109.096,201.216,686.340,256.444
102.019,202.610,685.375,247.776
115.566,197.812,687.152,257.373
116.480,195.158,678.588,252.576
118.610,196.356,671.844,251.838
119.403,193.823,671.080,256.904
123.408,187.667,670.549,258.415
131.150,186.861,698.403,240.857
136.390,185.795,661.654,247.915
137.179,183.251,657.644,243.272
140.238,180.025,649.125,249.725
148.080,179.166,642.305,251.442
153.103,172.161,641.109,261.431
160.642,167.674,647.334,268.766
171.215,170.975,646.226,255.485
174.659,164.505,648.285,264.357
177.377,166.623,651.962,262.607
181.934,163.723,651.962,257.637
189.596,164.558,645.663,246.123
194.065,163.147,636.723,236.976
190.588,159.585,639.013,228.552
189.609,158.364,640.207,225.640
184.056,156.291,643.705,224.460
180.251,153.628,649.031,231.308
179.879,152.199,648.999,220.210
164.541,144.231,661.512,218.738
153.437,138.631,680.674,216.232
159.744,137.708,675.738,219.615
162.278,133.424,662.961,225.099
157.336,129.192,665.112,240.523
164.129,135.797,660.330,241.721
160.736,138.272,659.917,246.369
152.602,139.614,667.309,250.947
152.960,141.433,667.411,249.767
145.807,147.792,682.536,244.405
154.389,146.566,674.362,241.136
153.268,152.482,681.449,238.991
155.481,149.985,681.871,242.371
155.389,150.712,681.240,237.661
160.156,155.175,685.398,237.594
164.343,151.979,681.871,242.371
164.252,150.265,686.938,240.103
159.797,147.567,693.409,234.117
161.361,142.859,695.120,241.921
164.959,139.862,692.848,246.273
169.041,145.577,687.992,240.632
171.800,142.917,687.360,248.394
185.542,147.212,681.377,243.113
186.414,145.717,680.448,244.472
194.359,144.676,665.373,244.922
192.573,145.143,672.176,242.371
191.766,140.296,680.255,246.411
192.658,139.770,681.749,245.823
191.838,138.951,676.013,249.920
194.920,147.058,678.902,239.467
197.892,144.949,673.764,247.719
201.885,142.851,674.775,247.826
196.359,143.184,685.008,254.525
198.645,146.731,681.273,252.447
201.506,142.658,673.061,249.804
203.926,141.140,669.042,248.736
206.169,138.148,665.373,260.434
206.322,138.352,666.733,247.525
203.145,130.424,668.209,252.814
202.325,132.571,678.902,255.926
208.844,129.531,667.534,251.160
209.111,126.463,661.264,254.017
212.399,125.488,589.055,261.711
206.715,121.170,628.714,257.773
199.517,119.500,581.862,256.277
195.205,120.112,610.580,253.507
190.263,123.245,584.246,258.265
185.423,126.440,544.950,258.870
178.952,131.064,540.599,255.638
176.251,130.937,604.024,255.148
172.550,135.126,579.203,251.486
165.766,135.593,566.800,249.789
166.650,136.180,574.073,247.108
161.182,141.375,573.700,249.533
164.015,141.175,571.064,254.479
152.786,137.199,591.996,255.565
151.439,131.098,598.581,249.863
149.688,130.660,589.702,251.513
144.665,131.533,611.312,250.538
146.365,129.893,601.645,254.602
143.231,130.285,616.529,260.869
139.970,134.664,622.249,256.929
131.735,130.262,629.115,248.124
135.470,126.199,633.507,263.368
135.069,130.367,633.492,253.397
136.668,127.158,635.106,260.618
134.159,122.275,635.238,256.538
134.272,117.240,639.860,249.642
128.642,117.277,644.719,252.768
128.649,117.628,648.747,242.371
129.906,110.202,647.026,242.932
130.506,103.138,639.478,242.779
123.643,101.460,648.471,249.291
126.723,99.736,649.556,251.934
128.349,98.548,646.304,251.071
123.295,97.478,653.993,258.049
122.149,97.384,656.284,260.704
119.954,98.582,653.224,264.105
123.977,100.102,654.324,266.053
118.007,102.882,649.566,266.339
115.650,101.199,649.285,268.038
116.344,99.962,657.080,271.348
116.860,102.905,648.439,267.999
117.326,99.225,656.686,273.689
125.814,102.867,641.409,271.496
121.541,99.936,648.284,274.852
127.147,109.779,645.521,265.306
127.654,106.572,642.849,255.152
125.727,107.724,653.997,258.519
124.384,108.610,646.808,260.040
125.171,112.210,640.310,248.736
126.565,111.949,637.522,243.664
124.246,110.714,639.793,251.657
117.158,104.785,647.542,262.712
120.669,107.377,649.600,260.831
121.671,101.847,652.538,254.589
115.866,103.491,657.622,256.195
116.934,98.520,655.486,266.959
115.572,101.362,653.187,267.137
108.634,103.692,657.032,255.791
105.704,102.783,658.789,251.046
94.072,105.406,667.404,240.103
91.987,102.041,670.772,254.044
97.634,100.143,659.478,263.626
94.441,101.787,665.865,263.676
85.933,97.720,666.102,266.776
87.323,99.456,660.791,269.211
80.794,95.577,670.471,270.215
85.482,96.932,660.243,266.653
85.515,91.671,665.217,267.095
90.681,88.503,659.103,268.367
89.358,91.347,659.224,268.573
92.110,89.162,662.986,265.363
93.711,90.893,664.820,261.899
92.790,90.682,666.663,264.828
95.640,91.072,667.691,260.685
96.353,90.332,670.439,267.174
102.120,86.718,667.376,275.250
112.368,90.506,665.753,265.100
118.127,91.031,662.645,266.572
128.027,88.007,661.357,270.938
134.990,86.193,661.838,272.871
150.401,94.215,654.828,267.034
148.906,97.172,667.024,266.977
172.515,98.931,654.427,263.460
173.178,101.038,662.240,265.062
193.245,102.776,649.775,267.456
203.557,99.659,647.508,270.351
213.279,104.198,648.162,267.137
210.024,102.833,659.670,270.698
216.716,105.373,660.666,268.158
220.190,102.979,657.931,273.787
230.621,107.362,652.358,268.418
231.882,103.397,651.512,274.673
234.113,103.532,651.284,275.250
236.039,101.333,645.737,277.955
239.240,101.251,652.901,261.160
235.952,97.952,654.519,277.675
241.470,102.801,647.751,273.097
237.838,100.433,653.331,276.150
239.641,104.991,653.977,272.136
238.993,104.263,654.427,265.993
241.424,106.177,657.915,273.853
245.901,105.497,646.412,276.063
241.084,104.879,655.203,268.844
241.956,108.274,651.778,265.415
240.706,111.124,649.285,265.541
238.798,113.441,653.100,250.106
242.595,111.496,645.506,258.849
238.803,113.249,653.091,258.617
242.140,114.261,651.350,254.125
242.867,118.348,649.897,255.724
242.268,118.113,651.095,252.932
243.665,117.843,649.925,259.158
245.814,119.282,652.200,253.816
246.965,123.215,649.897,255.724
246.367,122.979,651.095,252.932
247.764,122.709,652.362,259.158
245.603,123.914,651.746,262.509
241.139,125.186,660.675,249.202
240.827,123.052,656.424,253.471
248.191,122.427,650.677,266.965
248.941,124.907,650.011,251.160
251.194,123.488,645.506,265.321
248.380,126.088,651.134,253.495
249.398,125.944,649.099,257.037
252.705,126.129,647.388,255.849
251.451,126.191,649.897,258.167
254.175,126.549,651.009,256.632
253.334,127.271,652.691,260.913
250.140,128.060,659.079,264.292
260.550,129.045,652.461,264.828
263.166,130.848,645.567,260.390
263.528,132.239,649.765,251.046
259.390,131.650,646.723,249.797
261.795,130.258,649.152,251.778
263.419,133.927,649.952,260.628
259.654,130.767,652.538,260.356
265.032,127.309,645.081,268.097
263.763,130.668,645.955,258.881
265.106,131.619,648.180,256.162
263.848,131.681,645.803,245.438
268.787,125.302,643.097,256.601
265.986,130.854,643.822,252.814
270.587,135.343,639.464,259.984
269.668,133.158,641.304,257.827
265.571,134.288,644.614,252.311
270.568,138.526,639.464,259.984
264.753,140.420,646.199,261.091
268.757,142.670,642.303,262.349
262.165,145.704,645.629,256.280
260.031,155.755,634.423,250.837
252.295,160.616,643.510,242.713
252.155,157.802,641.416,259.414
247.117,159.333,635.982,255.536
236.698,160.417,640.681,252.561
235.683,156.222,644.322,246.453
239.682,155.054,636.324,243.207
237.375,153.037,641.726,246.454
240.675,152.104,635.127,253.891
237.481,152.837,641.514,257.249
233.889,153.835,641.383,248.749
235.620,148.707,637.921,257.407
231.029,154.964,642.237,254.624
229.195,155.200,645.905,253.344
222.516,149.047,647.924,249.451
218.883,148.208,648.751,248.715
216.071,147.157,647.945,245.190
226.469,149.269,635.926,250.540
219.280,145.117,645.511,257.246
221.580,145.721,640.910,249.515
222.676,149.618,638.719,253.727
220.480,150.761,638.275,249.024
214.873,150.003,647.096,255.328
213.872,150.775,644.218,257.037
215.919,156.318,640.124,248.394
217.419,155.166,637.123,244.310
214.493,158.047,643.764,248.027
210.816,156.477,646.319,248.769
213.818,155.686,641.921,250.349
214.621,155.687,641.921,244.732
210.288,158.250,645.825,243.573
210.085,155.394,647.026,254.047
214.715,155.839,644.256,253.159
214.290,156.307,649.149,246.563
219.305,154.648,643.123,249.881
214.290,153.612,648.340,254.361
218.988,153.979,645.448,243.872
218.596,156.036,643.850,243.726
224.155,154.208,639.867,252.934
222.733,150.200,642.711,250.480
223.731,154.202,642.321,244.082
222.387,152.629,642.633,250.397
223.346,156.590,640.715,244.082
227.937,154.382,635.491,253.247
230.142,150.935,637.504,245.688
226.389,154.127,638.671,255.152
223.371,159.709,644.707,251.258
217.926,159.696,649.155,239.205
232.467,160.175,631.904,251.657
229.858,165.445,632.332,242.713
226.777,168.359,632.220,238.455
226.490,170.201,633.572,244.100
222.806,173.355,634.639,244.880
219.046,176.671,637.427,242.191
217.698,186.099,633.833,239.850
207.631,188.185,638.359,251.286
200.437,192.741,646.332,240.570
194.425,193.827,651.251,247.870
203.920,187.449,644.326,250.169
191.065,191.220,659.593,237.003
198.763,190.221,644.987,240.584
192.497,191.466,650.425,247.556
190.725,191.520,654.772,239.414
187.682,191.575,653.727,240.888
183.281,192.065,663.322,247.058
185.107,190.792,660.480,241.501
181.998,190.833,663.502,251.012
181.267,197.070,665.780,236.903
181.095,191.518,665.329,242.444
176.925,191.351,664.827,245.190
170.826,191.952,676.216,238.332
172.309,189.804,672.447,245.037
168.134,189.650,679.984,239.660
162.343,194.757,683.487,240.755
163.898,187.666,685.249,244.384
163.399,193.573,685.427,234.208
162.899,193.599,691.239,236.561
162.093,189.660,690.422,248.487
159.989,188.737,693.801,254.477
156.226,188.996,693.759,261.526
162.988,185.929,687.908,260.842
159.293,185.770,693.602,252.681
155.006,185.585,692.959,257.241
157.602,181.552,696.216,254.322
154.420,185.720,694.997,244.302
156.281,187.434,696.226,239.225
154.757,186.143,696.823,238.537
153.960,184.658,690.258,242.325
156.175,184.695,694.829,238.975
154.596,188.395,689.835,248.699
153.856,185.092,692.143,254.477
148.001,185.503,694.614,257.855
150.610,182.310,698.712,254.077
146.572,181.992,697.510,258.930
149.204,183.043,693.097,255.128
153.090,183.477,694.585,255.944
156.906,181.485,687.796,255.708
159.161,180.069,692.521,254.344
163.574,180.413,692.934,255.336
174.114,176.741,687.849,252.576
170.087,177.032,696.738,253.663
182.729,174.285,687.441,250.743
188.267,174.189,685.505,245.120
187.268,168.765,696.528,250.225
202.200,172.742,688.384,241.436
204.527,166.178,695.154,244.772
207.907,166.403,702.426,248.449
225.389,171.856,689.209,246.743
225.796,173.067,694.997,241.021
239.796,172.305,689.124,243.365
240.815,172.640,699.383,243.513
251.882,169.684,689.637,243.644
252.949,170.086,696.528,252.686
259.366,169.601,692.934,251.976
265.411,169.290,690.045,246.743
266.028,167.949,699.548,253.555
272.733,167.445,691.196,252.876
277.705,167.509,690.458,246.891
278.319,166.166,699.972,253.709
291.780,165.664,689.075,256.400
293.860,169.334,689.965,249.902
300.659,168.816,691.322,245.120
305.221,162.846,695.382,262.828
311.396,160.735,690.734,256.778
313.694,157.629,695.410,261.306
320.882,159.414,692.982,251.761
327.155,154.892,689.632,260.806
333.250,152.863,693.571,258.922
334.727,149.969,691.466,268.102
336.550,148.697,695.578,263.751
335.365,145.957,698.804,248.654
345.160,146.790,694.235,268.682
352.555,146.280,692.410,263.652
350.601,144.659,697.174,270.315
357.697,139.049,696.016,270.239
359.400,138.771,696.951,264.720
364.763,136.982,693.963,271.738
364.840,137.219,698.156,265.178
363.316,135.425,702.066,262.736
371.437,137.019,702.154,269.861
374.811,136.005,699.763,261.431
383.177,137.476,695.013,277.321
385.261,139.022,696.120,268.077
381.497,142.531,704.512,271.432
384.453,141.678,698.599,279.265
386.364,138.112,700.966,279.326
383.555,138.761,706.583,275.373
384.554,138.708,697.524,279.010
386.319,135.176,699.290,279.009
383.272,136.786,705.386,279.326
381.475,137.852,708.979,283.414
383.267,138.659,700.010,267.440
380.837,137.294,705.735,276.233
373.941,132.211,712.457,279.326
379.241,131.682,707.214,285.743
373.768,134.161,707.361,284.384
369.167,136.273,711.175,273.874
365.194,128.326,712.054,276.517
366.932,127.177,708.579,284.142
368.327,133.658,711.176,281.956
366.232,133.894,709.987,284.174
367.939,128.553,706.574,291.260
364.400,131.634,708.204,287.822
367.963,133.703,711.017,296.332
366.915,137.593,712.194,285.796
371.764,139.630,711.526,297.071
375.911,139.052,701.391,281.661
364.602,133.124,716.892,291.738
366.935,135.266,710.395,280.130
365.847,135.138,714.357,285.743
371.194,136.915,707.282,288.520
369.582,140.159,710.506,288.361
368.795,143.011,700.302,288.999
369.572,147.040,703.252,294.447
367.747,152.155,699.614,290.595
372.817,161.182,693.985,283.370
371.044,164.426,693.981,283.095
369.466,167.610,691.816,280.274
363.679,163.191,689.286,275.891
360.021,157.102,691.366,274.102
358.001,151.237,690.177,278.859
352.792,146.685,683.914,279.185
355.468,141.995,679.438,284.192
353.085,138.984,682.445,285.818
356.641,136.043,679.751,283.745
355.489,126.738,675.026,277.745
356.825,116.584,681.883,281.591
362.776,120.577,668.227,279.743
366.295,120.248,667.249,288.189
370.692,126.507,662.844,278.307
377.920,126.351,658.706,276.898
380.691,123.737,662.569,280.416
391.828,121.562,654.102,283.042
399.288,123.531,652.965,286.856
404.324,126.597,650.691,281.591
408.321,125.999,646.981,289.642
413.831,121.793,641.161,290.255
417.532,118.411,644.120,296.157
428.292,124.831,632.218,293.811
437.376,130.297,628.712,301.851
441.323,138.225,619.075,294.714
433.682,144.520,624.952,300.079
440.998,154.116,612.055,291.290
440.318,160.349,610.879,296.568
445.880,168.065,606.571,299.026
449.112,176.928,601.813,288.972
448.613,177.808,601.975,298.900
443.139,181.243,606.981,293.728
441.613,182.781,604.120,292.343
439.920,178.338,601.616,294.497
431.559,170.581,607.386,301.587
433.789,168.074,604.638,312.596
429.715,174.657,609.305,298.559
420.976,166.815,615.681,315.953
429.500,172.925,606.581,309.912
427.278,172.521,607.554,303.777
420.620,176.502,614.850,294.956
420.319,159.462,614.599,323.070
421.681,156.878,616.335,330.020
420.136,155.745,615.813,320.548
414.958,152.361,622.611,334.431
422.996,151.501,621.151,331.585
428.331,150.138,613.207,336.128
429.694,141.054,613.207,346.121
420.064,134.332,628.777,351.267
427.860,148.205,625.413,336.688
431.964,128.265,623.634,359.117
429.386,130.740,631.631,364.585
429.204,133.422,626.233,358.259
430.437,126.749,628.507,362.126
427.638,123.501,631.240,367.666
423.050,119.261,631.736,367.468
424.496,107.204,625.949,375.184
415.436,105.649,628.550,375.384
413.815,94.084,629.847,380.046
410.405,93.107,627.853,384.939
418.310,89.762,616.963,390.645
416.324,89.569,611.109,390.049
412.173,90.173,608.664,387.865
408.227,84.746,604.887,399.692
404.649,88.777,606.139,395.565
409.801,85.662,591.914,402.776
417.399,86.665,576.718,401.748
421.531,80.390,568.454,411.407
420.203,77.977,565.303,413.329
417.447,76.633,565.011,413.116
427.263,75.289,547.313,412.902
420.234,75.270,545.196,411.989
420.620,77.343,536.837,408.792
424.672,73.621,530.607,414.361
425.327,69.646,525.543,422.311
429.725,68.633,517.691,424.337
438.133,72.573,505.565,419.272
438.435,67.508,503.118,417.422
446.867,69.791,495.428,412.856
452.825,61.627,488.039,424.657
455.442,68.991,486.450,416.307
468.925,69.926,472.098,421.645
468.343,63.762,471.476,426.828
475.104,64.363,465.138,423.832
480.992,60.265,453.362,422.249
484.308,58.536,446.728,435.341
482.650,54.714,450.045,442.103
483.543,58.780,447.366,432.186
486.361,54.008,440.850,432.930
487.303,63.232,438.093,431.098
487.995,56.947,435.837,431.488
488.063,61.783,434.835,434.835
483.519,63.333,431.736,433.477
482.038,59.258,426.039,429.503
484.376,58.190,424.788,435.065
480.803,56.313,418.169,434.517
479.944,59.361,415.619,437.808
477.688,57.952,410.739,433.795
475.206,61.084,406.408,431.755
472.159,60.650,408.310,429.271
472.700,59.102,400.525,435.718
469.713,61.165,397.299,432.428
466.815,59.243,393.972,436.272
462.131,63.261,394.210,437.365
462.309,63.413,383.883,437.062
457.472,62.208,389.457,435.372
456.815,67.196,379.230,439.412
454.457,67.970,375.778,433.778
454.104,69.149,370.020,437.884
457.786,67.274,361.044,442.441
458.331,69.322,353.556,446.344
464.098,74.555,339.635,443.832
455.116,71.806,343.606,445.444
450.769,80.015,342.124,440.768
446.918,81.176,339.719,443.889
441.865,90.116,339.719,442.334
430.943,92.483,345.270,448.463
426.415,94.669,339.367,445.665
414.733,97.996,341.713,444.460
410.115,100.297,336.133,445.317
397.749,98.384,339.956,448.370
391.914,108.468,341.468,439.923
381.866,109.629,345.270,444.584
378.013,110.722,342.779,447.888
372.914,113.468,342.779,447.888
367.816,118.567,342.779,445.535
363.168,114.441,341.905,453.005
356.844,112.454,344.310,457.766
350.147,110.817,347.370,460.246
337.339,115.227,356.178,457.029
333.763,110.401,354.450,466.679
327.859,112.592,348.352,467.996
320.144,110.536,354.889,471.300
313.447,107.210,359.281,481.224
305.794,106.422,365.431,477.807
300.315,101.091,365.515,487.632
292.965,98.190,369.231,490.900
294.417,96.581,365.476,493.265
285.922,95.036,373.117,489.557
288.563,90.030,366.978,498.714
279.356,89.310,374.259,503.580
279.665,87.371,372.773,504.851
270.654,86.214,383.848,504.560
273.176,81.259,377.923,507.422
273.703,81.680,377.745,506.581
274.357,79.343,373.812,499.875
275.195,76.574,371.271,502.816
274.870,78.017,372.786,505.985
274.334,77.135,372.987,511.228
272.931,77.559,374.919,507.757
279.589,79.014,383.439,510.960
280.831,78.457,396.017,512.075
285.028,80.286,400.244,514.728
297.100,81.466,415.164,514.185
312.289,85.119,404.209,511.504
319.663,84.264,409.480,510.485
334.092,94.298,406.241,500.482
343.186,97.267,406.103,499.056
343.524,99.935,405.428,494.622
344.537,101.619,412.366,477.807
340.158,97.088,414.015,469.098
330.209,106.743,424.214,445.380
316.132,100.640,443.667,413.219
309.166,105.015,454.172,393.330
304.469,104.580,461.874,376.436
306.776,105.054,465.605,352.958
310.762,98.967,468.992,338.356
320.392,99.097,467.276,326.933
323.224,99.826,468.652,328.604
325.860,100.767,467.309,325.153
329.299,101.022,467.454,327.764
331.925,104.308,466.118,326.674
334.622,105.220,461.506,327.974
339.497,104.083,459.545,325.576
344.697,108.122,452.242,322.920
345.178,107.426,452.046,327.370
354.093,107.896,439.604,326.431
360.032,110.335,433.035,321.553
359.956,110.534,432.440,327.131
369.888,112.231,432.151,321.478
377.865,109.624,419.927,321.471
374.572,110.784,425.778,321.356
378.676,105.619,422.751,322.802
375.635,105.098,420.701,318.668
379.317,99.538,418.467,323.194
371.322,95.452,421.939,329.893
361.964,92.352,428.705,328.624
364.429,89.107,421.522,335.114
363.020,87.380,422.083,328.788
359.996,83.952,425.893,334.151
360.067,81.181,423.486,329.881
360.769,82.227,432.560,332.278
357.733,85.207,438.632,333.148
361.211,84.163,437.034,332.941
358.347,86.506,441.998,334.361
356.225,82.884,450.090,340.068
354.231,84.596,458.774,340.558
350.157,84.725,474.046,341.091
342.490,87.851,468.453,348.523
342.134,93.860,490.196,346.211
336.611,95.488,501.243,356.971
337.537,108.075,480.768,348.726
333.737,112.001,503.117,354.804
322.214,123.602,508.400,348.520
320.318,122.639,513.034,353.817
317.546,140.050,511.756,340.318
313.609,136.442,514.617,345.863
308.302,133.733,520.164,342.835
305.458,140.294,521.626,332.251
302.911,137.236,553.389,340.867
296.169,137.260,558.177,337.341
292.148,156.560,557.535,321.321
294.656,158.752,559.300,316.089
294.954,161.976,556.179,311.326
294.016,168.546,562.219,284.857
293.209,173.220,570.241,286.722
295.847,177.364,564.155,280.864
294.229,185.510,541.094,280.508
292.594,179.925,567.760,279.201
288.794,170.506,565.001,285.290
287.694,158.094,572.825,292.438
288.133,157.639,560.476,286.793
292.345,153.394,572.112,288.062
289.184,152.004,576.808,287.592
289.750,136.796,576.493,299.255
284.507,143.419,575.340,297.647
283.060,139.815,582.375,296.572
281.413,145.011,578.182,297.826
284.841,151.093,574.647,287.324
285.846,149.155,579.146,296.893
287.438,154.856,576.791,297.110
284.232,169.208,579.890,288.288
273.821,180.770,594.983,284.806
281.295,187.228,586.625,276.834
272.207,192.588,592.706,275.790
263.415,191.266,596.531,277.626
262.793,180.228,592.074,275.270
267.177,178.903,593.001,268.224
258.689,170.102,598.001,270.657
266.939,171.734,580.695,262.561
270.516,163.146,578.229,264.891
276.827,155.364,575.009,265.570
277.194,159.055,572.710,264.448
277.697,151.858,566.253,266.380
275.521,145.895,570.603,265.867
285.698,139.318,565.837,266.551
294.976,133.441,557.388,265.867
301.724,128.476,559.300,269.635
318.616,124.141,542.617,265.867
337.479,120.966,526.183,272.216
349.121,121.504,515.018,271.141
379.276,123.205,492.101,267.739
411.049,121.244,467.052,279.650
434.800,114.227,451.378,285.728
441.956,122.664,452.881,282.512
457.218,124.328,446.695,291.354
467.469,129.145,441.363,283.888
472.811,127.293,444.846,293.967
475.180,133.123,440.108,294.612
476.093,139.862,446.933,293.390
474.127,153.182,445.790,287.046
474.391,162.839,452.422,288.491
475.637,165.306,462.952,295.132
474.793,168.597,466.118,301.127
463.393,169.936,491.168,308.199
472.195,178.383,493.037,290.526
467.264,177.472,504.414,306.738
462.780,177.299,515.743,299.997
456.088,173.756,531.491,302.359
446.610,174.887,543.226,292.074
437.538,171.810,536.649,287.064
429.405,159.049,545.848,296.878
425.904,159.202,552.849,298.184
423.502,158.719,554.402,293.459
416.497,156.887,561.146,303.584
406.348,166.622,570.706,291.547
404.326,162.176,571.486,302.071
397.410,160.232,581.991,303.467
392.225,161.351,588.995,301.229
390.014,161.082,585.830,307.666
391.405,162.779,583.048,310.223
390.891,165.485,581.524,310.770
382.127,164.300,587.990,310.588
382.710,162.195,584.257,312.231
391.003,165.279,581.351,322.308
376.693,177.406,595.240,310.183
371.618,184.590,590.772,298.396
371.176,189.235,584.092,288.264
361.764,179.764,592.237,285.030
360.992,161.086,583.090,279.620
336.451,152.149,597.411,265.156
347.476,153.239,584.923,253.414
326.188,155.063,606.687,248.225
324.214,157.204,602.089,225.298
316.301,158.510,604.642,238.170
300.442,166.726,606.744,205.792
301.067,162.104,598.421,212.206
283.547,156.924,607.780,195.460
277.697,156.696,608.443,197.296
270.605,165.208,619.852,196.217
267.197,168.409,609.920,206.563
258.891,170.821,615.168,210.265
249.016,173.733,617.640,213.079
253.490,170.592,607.966,225.899
239.952,167.809,617.237,234.431
249.348,170.056,609.866,236.789
244.603,169.754,617.074,240.438
245.556,173.569,619.021,239.745
252.109,173.184,617.479,235.120
256.459,171.734,612.594,232.679
246.043,165.622,622.088,238.857
255.475,164.714,623.280,243.758
260.422,164.852,619.630,234.117
250.799,166.791,630.489,239.388
255.865,165.213,634.349,240.990
260.866,163.655,631.390,247.236
260.994,163.893,638.253,241.223
266.748,161.198,640.880,240.330
267.534,158.842,640.095,242.686
272.812,152.384,643.738,241.402
273.601,153.962,650.838,239.824
277.126,154.449,644.580,245.969
281.453,157.101,651.066,250.226
284.633,156.182,651.978,257.721
289.841,161.160,655.508,246.123
296.839,167.656,655.984,254.033
292.349,167.235,662.513,260.594
291.671,166.921,664.701,266.213
293.146,168.688,666.802,266.047
296.965,170.216,665.908,275.635
302.381,173.417,653.361,265.803
303.000,168.723,658.794,273.525
307.917,167.878,653.208,276.063
322.598,159.723,634.894,282.175
329.041,160.985,633.026,275.413
353.818,160.765,615.236,274.181
372.124,162.241,617.255,276.162
369.193,163.964,619.810,279.328
393.408,166.196,591.371,273.197
405.944,164.438,572.734,269.475
408.423,163.915,557.553,271.306
406.201,165.685,551.878,278.663
394.085,170.016,554.134,269.218
379.774,171.688,564.980,266.646
374.038,171.386,563.244,272.688
367.788,172.815,560.840,280.812
361.431,181.351,563.228,267.712
357.743,186.160,565.162,273.641
356.075,187.549,567.711,271.651
356.223,193.702,566.629,264.060
359.984,192.538,562.205,267.164
360.991,192.667,566.398,267.681
362.830,186.997,533.103,266.551
357.052,173.169,534.853,278.365
372.680,167.916,520.588,270.335
370.919,162.669,516.602,280.077
376.442,153.477,510.887,290.847
367.300,148.481,508.343,282.327
374.240,141.760,492.188,288.942
369.714,139.030,492.935,292.138
364.068,137.020,492.078,293.880
357.328,130.161,485.761,295.416
352.977,126.952,490.671,301.077
347.494,122.074,478.557,303.138
355.008,117.355,465.052,307.240
340.955,115.918,477.275,315.410
350.558,114.463,458.845,308.226
351.106,113.484,454.737,317.714
347.167,107.229,456.528,326.418
357.478,104.268,446.728,325.385
343.430,102.833,463.373,325.964
345.639,100.903,459.732,329.825
352.600,92.791,453.605,338.255
335.612,93.382,466.416,334.722
345.787,97.819,451.601,333.758
335.414,90.675,452.149,338.723
337.439,83.773,434.783,342.342
333.927,85.792,428.674,335.988
333.979,88.892,426.293,341.186
337.958,87.724,422.150,343.522
340.141,87.949,421.597,343.072
342.321,88.174,415.714,350.996
340.738,85.572,415.060,349.323
350.048,88.697,403.300,351.458
359.587,87.383,397.030,351.827
353.185,87.546,408.339,349.257
364.605,86.055,396.080,351.483
363.230,86.281,402.565,342.815
366.032,90.430,409.598,339.721
371.416,94.485,411.527,339.081
372.262,96.501,417.314,335.795
375.591,100.286,414.404,332.722
389.516,103.849,420.005,329.314
418.636,103.255,416.104,326.035
418.750,107.738,421.038,332.553
424.078,113.007,417.872,328.756
423.806,117.883,419.899,331.616
429.112,125.354,420.490,328.624
435.536,134.941,418.800,329.535
435.306,139.883,429.669,326.340
438.816,147.184,420.399,317.735
442.771,148.807,422.729,321.801
451.822,153.174,415.702,321.929
453.146,155.215,410.857,314.185
455.715,150.451,410.754,317.238
457.387,146.539,412.468,321.451
458.081,143.270,416.910,318.514
460.856,142.796,416.467,314.356
464.819,139.166,418.681,320.168
473.355,141.684,417.734,312.934
478.093,137.453,409.706,319.947
469.111,134.333,416.071,322.564
470.337,124.740,411.419,326.348
469.237,117.040,411.419,326.348
468.138,115.207,410.685,323.415
461.964,106.972,414.279,333.320
453.381,100.310,415.825,334.742
450.675,93.660,413.768,335.346
441.401,93.624,418.900,337.654
432.517,93.054,423.117,338.041
430.635,91.777,424.609,342.866
427.525,97.448,427.774,339.927
420.032,101.758,433.601,342.758
419.160,105.638,427.625,343.489
406.595,110.860,439.711,341.486
397.711,113.344,445.073,341.946
393.789,110.178,457.602,349.058
386.619,112.729,459.143,351.156
383.059,115.468,457.420,352.913
374.470,117.369,461.727,345.089
373.653,118.150,468.155,351.516
368.218,117.725,466.034,348.308
373.830,112.857,466.101,356.430
358.844,115.652,483.834,358.183
365.738,115.559,481.715,355.869
366.210,115.277,485.744,363.893
365.070,118.843,496.438,363.494
362.413,117.748,509.405,363.132
367.446,121.963,511.393,360.730
369.463,125.182,511.658,359.451
364.330,128.071,518.491,358.823
368.863,124.435,517.196,360.914
364.521,118.932,530.204,364.137
372.827,120.715,534.699,366.726
370.698,121.471,530.979,365.215
376.163,114.569,538.560,371.086
373.379,115.753,540.548,374.088
370.068,109.308,543.570,376.179
379.417,110.977,548.401,372.840
378.512,110.978,546.591,378.270
387.921,112.662,555.982,380.361
386.092,107.705,551.356,377.389
384.231,108.331,570.598,381.616
394.010,106.742,559.446,384.794
384.981,107.875,575.648,388.098
385.229,107.054,579.882,389.741
379.261,106.872,585.158,391.056
380.766,108.032,593.637,383.949
387.119,104.134,597.174,379.325
389.486,100.443,601.965,370.513
382.244,108.897,613.612,346.043
377.258,109.418,624.506,331.163
371.763,112.028,630.035,311.376
374.752,115.248,625.829,317.347
373.702,120.506,624.362,313.073
361.109,124.833,638.044,279.642
357.179,125.159,664.502,277.299
351.675,131.456,682.387,263.845
353.948,135.116,679.540,266.719
346.984,147.502,688.356,259.837
346.668,144.532,683.910,280.166
339.124,152.349,688.487,295.191
343.143,158.259,689.473,288.784
336.952,172.281,690.248,284.850
337.747,170.941,693.094,295.519
322.819,176.465,699.396,289.905
322.754,175.383,704.033,292.972
319.369,179.163,707.167,290.866
316.127,174.783,710.020,297.809
313.998,174.573,713.357,296.388
313.538,183.778,713.357,298.229
312.107,180.604,715.295,302.731
308.346,179.210,715.366,304.589
319.342,177.317,708.326,306.505
311.708,177.645,715.202,304.916
302.063,178.720,715.802,303.702
317.382,176.549,703.834,306.177
314.435,177.288,701.368,303.771
322.329,177.644,693.895,302.136
319.190,180.245,698.341,307.014
324.457,183.584,696.150,301.263
327.027,185.750,692.843,307.014
334.721,186.968,688.529,311.961
352.519,183.425,678.904,319.975
376.628,182.942,663.339,312.544
411.163,182.443,625.259,326.301
429.104,183.787,609.264,329.942
441.167,180.935,600.393,323.082
473.406,180.291,574.699,326.133
512.956,176.136,537.189,328.378
525.910,176.346,532.303,327.959
528.590,173.878,521.089,338.749
514.994,172.546,533.985,337.209
531.406,174.663,518.998,334.673
528.064,172.613,518.173,341.277
531.207,168.132,516.098,348.555
525.240,176.020,522.089,341.268
520.134,175.135,523.007,350.643
521.131,173.929,514.157,353.054
515.508,174.754,515.167,351.406
504.893,175.914,523.627,355.045
504.375,175.673,526.388,355.528
498.264,175.920,542.940,355.898
482.874,167.322,556.122,360.775
482.140,163.042,562.073,359.476
469.792,158.290,577.768,357.280
462.194,158.677,590.236,355.597
458.384,154.001,605.193,358.531
454.199,151.435,606.103,360.865
453.061,156.842,606.507,360.348
459.771,162.083,608.990,354.542
455.517,158.011,609.127,354.317
451.333,161.266,614.707,358.037
436.620,157.186,635.682,357.747
443.301,160.436,629.955,361.747
441.061,162.635,636.348,362.126
429.618,166.878,650.584,355.563
431.517,164.675,644.863,345.531
421.318,163.565,648.251,325.071
413.699,174.473,646.948,311.527
398.457,175.703,656.766,309.066
395.825,175.101,655.718,285.016
383.569,174.813,662.921,250.976
374.587,172.124,656.392,258.802
367.044,164.590,659.930,255.723
362.288,159.221,654.639,251.658
349.209,158.314,656.424,247.784
339.119,156.251,664.493,246.258
324.727,157.085,673.841,260.789
320.207,156.608,666.102,276.843
310.346,155.802,668.636,299.082
302.794,156.782,658.681,294.438
299.831,157.681,661.080,289.994
290.314,151.931,666.970,293.607
285.368,152.554,668.887,300.335
287.044,153.828,655.669,297.787
281.444,150.597,663.332,306.017
278.486,153.882,659.326,303.957
282.920,157.133,659.418,301.934
271.523,154.514,674.174,306.281
271.203,156.684,671.178,306.486
269.941,160.115,675.518,305.072
265.212,161.848,686.792,308.874
270.248,165.084,676.719,301.481
276.858,169.384,674.348,293.784
273.691,171.943,667.318,296.685
267.200,167.129,672.286,308.094
265.378,170.869,665.908,306.081
263.152,173.936,666.747,304.463
251.981,171.032,669.248,302.154
247.323,172.717,669.563,296.084
241.764,167.517,678.010,298.467
226.891,170.877,689.745,304.352
221.486,172.672,697.805,299.845
225.261,172.460,693.001,306.678
203.500,173.510,712.526,302.731
214.932,174.303,698.028,302.076
202.795,181.983,710.356,305.095
212.213,183.552,699.906,302.889
200.032,183.877,714.132,301.318
202.425,184.125,707.490,301.751
192.660,185.156,714.996,300.613
195.676,185.133,713.604,301.588
202.447,183.659,702.847,303.608
195.179,183.851,711.836,309.695
196.729,186.423,711.557,305.490
196.114,186.162,710.920,305.080
200.223,192.383,705.498,298.229
202.312,192.788,701.321,298.337
187.705,193.653,713.141,304.847
201.693,192.988,697.300,302.443
189.192,191.662,703.923,302.338
188.391,190.460,710.142,302.895
188.789,187.783,713.989,302.679
190.346,184.665,709.015,306.123
188.651,183.870,710.539,313.309
183.132,184.687,719.688,309.787
181.997,186.495,713.454,304.281
182.522,183.846,717.067,316.106
177.018,184.658,726.168,312.576
182.548,184.576,718.922,311.787
190.496,191.716,718.185,303.192
197.483,192.009,713.551,303.539
198.439,190.087,716.297,312.972
199.390,183.608,710.605,308.876
214.391,186.176,695.602,308.427
225.704,180.952,682.245,310.533
228.651,184.178,669.902,312.375
233.121,171.921,654.552,324.987
235.515,154.437,637.767,322.113
249.662,148.615,620.356,324.689
261.555,150.137,598.367,327.934
266.440,131.497,585.939,327.098
273.690,124.140,574.067,339.182
282.440,128.528,557.452,334.825
292.172,123.818,542.313,343.378
281.686,117.538,546.005,349.029
296.877,112.021,533.975,347.827
301.686,108.274,534.707,348.422
306.404,99.331,526.135,354.212
314.612,93.284,517.495,361.124
318.057,92.970,518.394,364.347
324.973,88.108,516.742,366.243
326.417,75.269,508.626,368.406
317.335,64.524,519.860,373.433
328.558,55.450,509.762,377.471
324.447,46.649,503.937,383.659
328.272,40.492,502.446,384.534
331.352,34.772,492.766,395.093
335.809,30.125,482.086,392.909
319.926,30.619,496.433,401.501
329.593,23.197,492.289,409.199
346.633,25.645,474.381,399.810
344.913,20.645,468.230,422.889
359.979,24.616,453.237,414.057
368.997,27.915,445.604,412.660
376.333,25.647,434.365,418.914
328.798,27.600,482.469,420.986
382.427,26.134,432.937,421.211
338.997,28.993,477.904,421.479
384.783,26.800,422.271,421.373
390.724,32.292,432.344,416.300
400.608,26.513,434.649,426.160
401.713,25.958,435.022,416.932
385.660,23.023,414.279,424.508
386.302,22.904,386.133,426.425
381.954,22.454,400.516,432.200
379.814,19.497,389.805,433.949
389.449,19.914,373.829,433.115
380.650,21.429,374.512,436.528
385.790,23.582,361.804,441.126
394.714,33.772,349.556,437.545
393.342,38.032,345.255,436.854
391.057,45.786,343.606,440.002
396.284,48.617,335.486,446.795
398.201,74.418,330.102,426.188
402.565,81.773,319.873,434.006
394.680,94.407,325.947,431.860
396.966,98.590,319.873,428.750
397.508,103.899,316.565,423.323
398.957,108.892,315.133,423.597
404.400,108.594,314.487,428.580
404.382,106.098,318.933,434.307
408.914,103.514,321.040,431.281
410.032,99.417,317.316,435.006
409.501,97.478,324.328,439.628
414.443,94.308,320.492,446.724
411.852,94.243,326.430,442.309
411.586,93.367,327.724,441.781
412.405,89.503,328.371,444.939
412.906,79.448,325.840,449.751
411.820,71.343,326.479,450.633
410.732,63.223,337.101,455.355
411.423,61.858,337.289,447.888
413.599,56.325,344.605,454.287
416.436,49.859,353.186,451.381
421.957,42.125,354.134,460.454
426.026,37.915,375.100,464.024
434.068,30.306,380.722,476.738
441.050,34.973,388.934,470.815
442.821,24.586,406.803,481.313
446.998,22.631,424.127,486.108
438.186,16.631,434.480,488.109
440.609,8.068,442.541,495.093
443.566,0.000,432.879,507.659
448.851,111.182,420.434,395.096
435.509,103.937,427.536,398.979
438.414,0.000,421.726,502.713
441.948,0.000,423.872,499.230
435.617,0.000,413.511,502.879
436.957,113.583,398.962,388.919
425.937,0.000,407.600,505.142
425.335,110.852,406.987,388.819
416.190,141.203,404.570,367.140
417.915,0.000,408.063,510.677
411.852,0.000,403.748,510.193
409.324,0.000,428.790,513.098
412.451,0.000,410.330,511.949
411.188,0.000,388.085,505.523
415.531,0.000,408.650,504.512
415.342,0.000,429.027,514.944
418.137,0.000,386.739,508.711
411.719,0.000,419.110,510.971
423.011,1.635,394.673,512.334
417.859,0.000,408.577,507.988
416.957,0.000,403.085,502.046
424.903,0.000,399.800,495.946
424.227,0.000,391.345,490.446
422.589,0.000,398.130,489.012
407.099,2.580,416.748,484.735
415.795,0.000,411.049,486.900
403.726,0.000,422.651,482.535
395.391,0.000,432.993,478.103
407.035,0.000,422.451,478.501
411.272,0.000,413.077,481.337
398.269,0.000,430.159,468.242
406.705,0.000,428.560,478.500
400.717,0.000,436.910,483.086
415.052,0.000,431.227,488.878
407.359,0.000,442.938,491.639
390.666,0.000,463.248,495.189
401.840,0.000,460.070,487.214
418.693,110.013,447.208,388.464
406.992,0.000,463.102,484.480
408.185,9.038,472.091,486.311
411.199,9.572,472.777,482.367
412.417,15.585,474.165,474.165
411.307,58.128,480.181,431.783
401.658,43.421,503.124,445.702
411.487,35.914,490.103,458.819
403.162,51.805,494.416,437.477
401.802,44.319,492.481,458.966
416.834,59.720,480.495,428.164
401.039,53.169,500.283,447.621
391.709,56.335,508.525,444.131
385.404,64.431,516.380,419.380
394.893,64.542,504.854,419.160
387.609,66.906,510.212,429.167
378.632,70.784,521.613,419.538
382.846,80.149,517.867,411.110
381.363,77.925,518.062,414.634
371.430,86.765,532.364,402.519
368.938,98.099,531.790,398.379
367.609,108.390,533.526,384.249
371.500,150.043,531.182,353.517
381.198,116.015,521.328,382.538
378.148,155.313,527.429,336.124
379.714,133.718,528.512,356.556
384.158,142.554,524.836,357.132
364.119,152.165,546.719,352.638
382.586,164.123,532.637,350.697
385.966,170.810,536.258,339.918
384.950,180.991,539.144,340.917
387.706,185.869,537.921,335.450
388.783,187.762,528.114,341.020
388.669,199.429,526.643,321.932
373.339,199.635,543.288,323.994
383.768,197.848,526.630,320.009
379.140,197.580,527.667,334.518
376.402,189.927,532.303,336.368
375.772,181.951,525.093,333.688
365.157,174.508,528.727,340.195
371.447,169.727,526.333,342.965
352.273,174.527,528.114,346.974
355.823,172.344,522.726,352.198
366.379,166.349,504.192,352.161
343.520,166.998,534.729,363.515
350.564,167.855,525.053,355.624
331.122,167.491,537.988,361.542
339.649,166.376,529.765,363.772
326.066,168.182,538.483,361.038
327.045,167.801,537.407,362.683
327.183,159.203,530.065,364.861
324.561,154.980,528.264,373.307
318.454,153.177,533.367,371.579
314.290,150.086,538.131,372.415
319.051,151.729,537.569,369.131
316.836,152.656,542.890,367.276
316.521,149.459,544.414,363.836
330.354,148.734,521.203,371.524
316.983,147.736,546.183,373.519
327.929,149.186,536.948,353.445
325.230,147.162,546.704,374.060
336.146,148.677,530.302,371.935
331.058,151.522,540.478,375.135
339.876,150.686,527.349,374.102
333.312,149.281,542.256,376.913
349.243,151.317,522.158,378.270
347.936,157.227,529.220,371.788
342.611,154.876,544.310,371.161
349.428,161.466,535.173,369.674
354.333,162.872,544.062,372.206
352.475,164.280,534.264,375.696
359.492,161.975,537.272,380.306
361.167,165.708,538.447,378.270
363.872,168.732,533.940,377.643
365.652,172.370,534.875,375.761
368.342,175.376,539.367,369.749
366.265,168.052,544.414,376.352
363.063,169.602,543.572,373.253
373.428,170.529,536.363,364.186
354.166,163.352,556.314,364.390
358.434,159.951,539.669,376.597
362.046,154.223,551.398,372.712
361.878,148.199,544.472,379.316
357.640,142.324,545.673,382.880
360.564,146.198,540.740,376.047
356.589,140.195,545.081,379.932
364.952,134.306,542.019,383.512
348.538,139.008,551.124,380.494
353.745,132.217,535.212,385.829
353.061,137.784,546.582,380.152
348.966,139.894,555.686,375.932
348.662,139.379,548.974,376.962
346.371,140.306,554.467,380.570
352.364,142.102,536.965,377.898
346.805,151.663,539.969,365.088
346.702,160.960,541.063,361.597
341.861,159.357,545.433,364.802
336.871,167.634,541.126,350.928
332.617,164.249,544.400,358.571
329.755,180.797,545.701,337.857
341.339,182.137,544.019,344.631
330.891,207.159,550.185,325.779
329.724,203.953,559.300,323.716
331.646,219.280,552.900,322.028
345.480,190.299,548.875,352.124
333.057,208.852,556.122,338.777
346.962,222.701,544.822,334.540
321.178,237.028,568.194,322.119
304.669,255.921,571.238,323.730
319.095,282.620,554.439,312.518
310.452,295.531,568.390,303.364
309.644,304.296,566.684,297.468
311.070,311.661,563.831,304.107
317.786,329.430,559.517,298.409
317.002,318.325,553.724,312.441
317.502,346.353,545.233,299.670
321.562,337.643,542.775,309.001
325.659,351.119,541.141,309.926
324.019,355.219,550.160,310.746
324.398,358.348,551.885,306.143
332.071,360.004,543.945,314.352
334.144,359.876,547.251,311.296
338.522,358.601,549.232,320.454
348.563,344.125,535.869,341.008
347.038,336.700,539.775,347.304
343.999,331.866,537.189,356.970
346.156,324.547,543.392,359.340
339.253,320.252,549.239,359.084
343.633,326.450,536.922,361.800
356.331,317.733,534.456,353.658
366.781,316.123,523.132,366.453
352.269,316.174,535.504,368.981
349.477,309.326,542.866,371.997
347.478,310.938,533.374,362.478
358.982,302.990,524.444,375.734
359.113,302.507,525.070,376.700
363.564,299.519,515.278,380.007
371.368,299.931,512.075,377.412
372.222,286.250,494.526,398.613
361.837,285.657,505.525,388.250
364.481,280.220,491.367,391.142
362.727,288.019,483.469,393.970
365.140,288.481,474.276,399.161
369.738,299.068,466.822,393.663
368.076,295.144,460.708,403.227
368.028,295.695,450.450,404.715
385.627,292.990,421.233,405.853
375.324,294.855,427.773,407.915
386.083,295.684,402.912,397.061
386.638,290.113,388.995,404.202
388.219,283.419,362.811,427.117
388.409,281.094,371.098,430.190
393.980,277.017,353.556,419.148
397.422,275.505,352.066,429.875
398.205,277.027,348.942,415.148
397.443,275.846,351.989,418.273
396.825,285.332,354.763,410.818
398.398,275.186,356.202,421.175
402.037,273.317,354.352,428.789
399.723,256.716,360.540,436.238
401.367,257.307,362.811,442.995
402.232,252.528,361.081,446.937
401.894,249.296,369.795,450.989
402.875,250.821,367.834,453.662
411.049,253.682,363.747,446.305
407.450,249.429,362.882,449.167
407.112,248.607,369.212,452.426
407.689,246.623,363.969,456.393
406.095,243.102,363.079,456.093
404.393,239.857,362.411,452.810
403.145,235.965,360.853,456.540
408.904,237.574,353.397,453.323
405.287,231.829,351.815,452.791
409.431,232.935,351.516,448.183
414.394,231.418,349.535,447.246
411.097,234.241,345.840,445.556
415.050,235.397,345.793,437.742
415.034,234.622,345.827,436.957
421.479,227.513,341.493,439.507
425.517,228.607,331.091,443.522
426.183,224.137,327.459,437.124
421.774,219.272,330.975,438.522
423.350,213.631,331.636,445.231
424.519,213.894,327.758,450.090
423.088,214.425,328.314,439.033
416.272,213.577,332.068,455.168
422.736,211.536,324.588,450.687
420.473,211.092,326.818,443.157
412.459,217.820,332.942,440.367
406.494,221.883,334.909,452.933
407.160,228.562,332.020,445.032
402.366,234.111,333.913,440.088
405.103,237.753,326.906,430.502
401.861,239.756,328.883,445.269
393.980,246.411,337.754,437.319
402.825,246.566,326.989,440.858
403.705,251.189,327.508,431.612
405.698,254.825,331.046,423.588
410.105,251.548,319.983,432.389
402.613,251.875,326.779,431.736
414.124,255.714,329.322,430.073
416.809,253.024,323.198,431.685
412.380,257.966,339.535,427.784
418.891,250.623,326.513,437.894
420.176,235.694,330.756,448.829
425.105,242.578,323.982,440.461
424.475,232.870,324.486,449.289
427.727,221.320,322.569,457.101
431.493,216.282,320.416,471.020
430.004,211.578,326.503,465.656
430.934,211.070,320.740,467.454
439.427,192.183,316.154,485.080
434.454,210.530,322.180,471.903
433.223,180.368,323.082,507.254
445.649,178.718,309.575,498.399
436.867,171.553,319.276,508.796
439.159,171.777,317.113,503.508
433.736,171.562,322.360,504.737
446.353,169.598,308.428,509.472
437.921,165.687,319.739,503.807
441.127,173.356,323.771,512.570
444.008,163.819,320.455,507.184
436.400,176.953,327.603,495.439
432.470,204.525,338.689,474.971
439.628,166.615,332.401,507.434
434.871,174.581,345.203,492.325
440.740,170.643,341.721,501.851
434.212,173.723,353.118,509.782
439.187,182.281,351.662,485.021
437.339,167.777,352.878,508.244
432.430,164.283,362.697,498.285
436.786,206.651,357.389,469.711
439.200,217.671,359.121,452.590
437.207,171.233,376.017,497.859
439.906,182.897,378.413,493.582
437.097,177.128,386.625,493.876
443.280,184.470,396.120,483.564
439.875,187.121,404.683,480.014
443.780,191.650,410.984,480.658
449.147,194.497,414.481,471.406
446.656,200.115,428.312,476.099
452.903,215.792,433.897,452.880
443.554,226.583,448.159,449.047
449.432,232.905,447.179,426.526
433.562,242.541,462.313,422.112
455.106,254.597,456.372,412.150
451.554,265.387,456.533,401.853
450.887,266.533,468.156,398.704
464.407,279.925,448.035,379.705
455.659,277.456,463.057,387.119
454.993,280.345,463.541,390.662
446.520,283.993,469.411,379.107
443.099,285.241,473.721,378.301
429.969,285.416,486.421,372.019
408.387,288.369,498.936,372.924
395.371,289.193,518.059,368.685
396.294,293.299,517.088,375.348
394.665,291.356,515.054,371.297
393.938,288.786,511.256,368.559
393.230,288.851,507.458,368.428
391.657,294.786,496.759,365.213
392.833,294.121,485.031,363.986
391.481,295.316,472.597,365.800
393.038,299.247,466.153,358.771
388.776,302.675,452.580,358.463
399.757,300.466,434.651,361.269
393.345,302.586,437.162,362.582
393.575,304.575,432.716,358.604
393.913,300.181,430.463,353.989
395.044,301.363,426.639,364.128
397.729,298.037,425.214,362.892
400.369,296.253,421.507,353.091
399.489,292.832,426.357,373.063
405.083,287.748,422.353,371.256
404.690,287.162,424.724,373.219
404.281,288.094,425.544,373.745
403.880,285.747,427.942,377.643
402.942,283.806,429.818,380.719
407.276,282.218,426.820,383.085
406.194,283.551,416.844,381.230
407.162,286.659,424.482,372.619
406.898,284.341,426.601,373.276
406.893,281.640,426.612,373.086
407.027,274.172,426.345,379.240
405.290,268.201,416.135,382.329
400.185,265.354,427.942,389.619
401.630,261.533,416.879,391.539
395.710,260.739,431.955,387.465
398.771,255.476,421.738,379.155
397.534,248.156,422.611,389.795
391.927,245.638,424.076,400.516
403.512,245.443,422.355,390.184
392.090,251.244,429.763,380.206
390.994,244.783,433.573,387.465
394.474,249.822,433.997,393.797
396.345,245.659,426.118,395.504
389.954,248.618,429.038,388.764
399.303,244.369,425.053,398.895
391.711,258.324,430.343,384.176
395.267,260.772,432.999,385.792
393.385,263.095,438.399,383.599
393.401,270.190,440.008,375.156
396.226,298.341,439.240,348.138
395.070,289.996,451.728,358.564
400.254,296.117,449.415,350.350
394.587,293.347,459.956,346.357
399.275,293.165,456.172,351.516
401.366,288.607,449.586,353.418
394.768,285.789,448.419,359.055
398.846,284.551,438.657,355.104
395.424,274.898,435.232,363.352
394.964,277.497,427.397,356.562
400.032,270.588,430.546,360.221
399.285,267.003,428.098,371.334
394.710,263.568,433.259,377.406
389.562,260.442,427.366,379.611
393.580,254.292,426.587,375.784
392.900,253.854,429.551,376.658
387.132,251.422,421.769,371.865
386.314,254.988,429.750,384.555
389.573,249.486,419.162,386.606
389.619,249.372,426.323,380.386
387.604,250.178,427.129,383.610
397.757,249.917,410.065,383.322
390.952,253.543,420.500,382.417
388.434,254.464,423.932,379.772
402.886,254.062,402.254,376.561
396.049,253.073,417.485,380.098
408.632,254.138,405.876,384.346
395.002,254.246,424.442,385.713
407.986,255.155,405.762,379.845
401.034,256.463,416.523,374.085
398.394,259.460,418.644,381.519
406.941,262.243,404.749,376.753
400.551,260.620,414.402,381.563
404.798,265.958,405.908,373.276
405.111,263.204,401.386,377.225
397.840,262.546,406.580,380.098
409.915,261.380,398.168,376.135
402.238,263.595,400.358,372.480
405.331,264.342,394.172,378.714
412.164,270.407,387.467,376.639
401.674,272.860,399.269,361.789
403.479,268.861,391.853,375.114
399.886,269.944,395.203,364.507
399.919,267.547,391.338,374.621
409.357,268.626,381.659,367.098
400.103,264.082,387.427,371.690
407.009,267.676,376.652,365.262
402.319,263.971,382.321,375.640
409.193,261.438,373.881,373.122
396.452,266.266,386.651,371.693
405.369,267.705,374.128,370.333
411.429,271.867,360.518,364.988
402.964,255.475,370.190,389.063
403.408,265.355,367.782,374.621
404.553,262.491,361.778,378.864
405.411,265.965,365.249,371.176
406.766,266.599,358.855,372.855
406.031,266.273,363.254,378.633
407.262,266.285,354.853,368.216
406.742,265.936,362.404,374.701
408.642,273.985,357.129,366.721
411.186,275.530,357.111,365.803
408.178,276.868,362.404,368.191
409.464,277.391,362.757,366.414
411.296,277.402,362.013,368.582
414.580,275.194,364.220,362.757
419.941,274.005,362.227,367.319
417.733,274.343,359.340,365.913
418.841,275.108,363.657,366.561
423.069,274.941,360.317,369.087
423.681,276.288,364.932,368.582
425.493,282.128,364.246,364.980
430.259,287.261,359.823,362.743
428.607,284.175,366.021,355.171
427.543,286.348,364.540,364.540
426.617,291.261,369.312,349.605
427.836,291.259,366.874,357.522
429.332,293.879,366.780,350.833
426.079,294.856,379.747,343.854
427.878,300.410,368.915,350.107
425.302,300.659,376.225,344.573
429.595,299.939,367.639,353.222
438.124,301.259,359.238,345.532
437.878,296.982,359.730,343.507
444.596,297.699,358.261,349.814
439.424,294.684,361.516,348.756
435.359,290.637,371.777,349.741
445.836,290.095,355.877,358.765
437.782,293.500,368.409,346.233
446.131,290.762,358.144,357.429
435.368,286.804,372.506,355.314
435.889,276.543,367.824,370.009
440.377,276.217,364.016,369.923
441.731,273.915,357.637,373.793
440.510,265.404,356.419,381.302
437.204,265.684,365.983,372.624
438.310,254.585,355.637,391.127
434.760,250.866,367.962,394.831
433.361,255.273,364.657,383.729
433.713,253.928,362.455,389.415
436.746,254.652,369.171,384.960
435.755,252.503,358.329,389.259
433.308,254.309,368.455,389.382
437.800,255.614,353.405,382.982
426.728,250.494,371.866,390.275
431.977,253.512,359.844,391.864
433.704,248.693,366.164,392.479
432.378,251.418,357.432,386.270
430.334,245.939,370.448,398.715
428.598,242.949,379.307,394.694
430.075,240.504,362.413,396.486
426.874,242.957,367.298,395.376
429.720,233.904,364.657,401.276
428.237,233.114,363.794,402.854
428.501,229.917,361.733,410.781
426.549,223.949,368.722,414.234
425.484,221.385,364.594,414.667
426.416,215.440,364.286,422.665
426.348,212.360,371.491,425.683
427.445,211.901,366.909,422.622
424.050,211.923,367.392,425.733
429.682,207.947,361.668,429.728
427.493,211.387,368.414,426.003
433.298,211.892,362.354,425.785
433.604,214.818,363.314,426.225
428.531,212.048,367.159,423.099
429.086,212.963,373.147,425.214
436.245,215.854,362.019,415.445
433.251,213.175,361.797,414.591
430.382,222.747,377.614,414.057
431.629,225.595,368.790,405.986
433.268,227.248,365.511,411.974
432.678,225.806,361.253,411.751
435.771,225.588,370.505,408.328
436.545,228.927,359.616,410.211
434.128,228.741,362.913,407.509
433.122,226.936,363.386,404.190
433.063,231.175,361.969,404.148
432.652,228.892,358.965,398.764
432.636,226.054,368.843,405.955
433.528,222.270,366.285,400.358
435.038,217.825,366.331,399.286
445.992,213.110,356.668,404.887
443.998,212.399,363.701,399.462
445.045,208.441,360.080,403.564
444.282,206.534,364.657,397.461
446.045,201.842,360.370,397.702
446.613,205.161,362.266,388.792
445.162,198.188,363.666,403.489
450.611,204.377,368.104,396.479
448.797,197.628,357.965,400.034
448.281,196.940,362.027,399.896
448.847,202.736,360.133,394.395
445.600,193.234,371.908,399.066
448.854,196.191,368.483,399.319
446.500,197.736,359.370,404.675
448.317,193.197,368.713,403.829
444.984,194.291,364.566,403.958
445.160,190.344,362.677,408.012
444.036,194.180,363.386,402.650
444.215,190.248,366.092,400.557
441.030,195.099,377.827,401.585
440.430,190.780,384.486,400.084
441.944,192.244,386.952,401.080
443.841,194.897,392.620,398.139
441.511,197.701,413.900,394.115
435.850,198.316,418.753,394.501
437.808,202.790,428.665,384.741
435.095,205.753,438.157,381.253
435.792,212.350,450.668,376.238
435.237,214.977,464.144,380.054
437.034,215.909,478.199,378.189
442.843,224.501,485.313,371.222
434.919,228.335,510.504,371.199
433.097,229.190,523.733,369.489
435.234,242.249,537.949,358.339
437.011,257.057,544.942,338.392
430.167,258.664,566.364,337.756
427.957,266.462,568.159,331.791
428.764,282.900,585.662,316.292
426.124,292.881,609.893,297.194
421.821,300.910,629.573,287.951
420.358,304.235,634.205,286.415
421.025,309.268,634.577,284.025
426.391,311.043,631.494,278.775
415.409,311.844,645.059,275.494
419.780,304.436,638.005,282.714
418.361,308.106,643.393,273.676
414.169,313.076,644.219,275.494
418.308,305.754,640.157,274.955
411.658,304.646,645.898,272.974
413.566,302.463,642.081,282.381
418.357,303.003,634.205,277.039
409.120,303.101,639.257,272.649
403.771,301.582,642.436,280.700
413.066,295.745,628.945,282.175
400.291,297.668,636.783,276.642
407.072,291.523,629.940,281.373
404.261,287.227,627.134,282.379
400.235,283.520,631.816,282.211
397.419,279.213,630.685,280.680
395.357,274.743,631.441,288.779
397.319,272.085,627.517,286.401
399.706,265.963,622.743,285.071
394.794,263.429,625.819,289.294
395.231,261.631,624.947,292.039
385.396,260.603,636.066,293.240
377.538,258.541,643.138,296.500
369.633,262.591,644.092,284.030
359.579,257.387,656.497,293.583
356.467,259.153,653.931,295.324
351.884,255.551,659.580,294.612
348.993,258.137,661.831,288.558
351.807,258.052,654.453,293.979
349.807,260.182,656.698,287.964
340.427,254.449,668.494,291.596
343.196,257.048,661.189,294.353
342.687,258.539,660.440,289.605
342.868,258.894,661.831,287.144
340.512,258.514,663.924,293.139
341.371,259.398,660.440,296.668
342.907,261.552,659.142,290.589
342.249,262.317,656.953,289.060
341.817,262.895,660.434,286.159
339.719,256.346,662.021,298.388
340.746,258.781,661.747,291.738
340.070,259.543,654.303,290.215
343.548,260.698,654.327,293.139
330.654,262.655,661.711,287.472
334.158,263.230,659.067,285.450
326.933,262.746,665.705,291.626
327.294,256.865,661.456,295.450
319.974,258.575,668.131,290.261
317.329,252.097,660.199,292.638
315.691,253.226,659.955,288.620
302.408,253.420,669.052,286.487
302.135,245.916,667.846,293.607
291.232,246.456,670.151,288.094
285.085,245.396,669.254,295.492
285.982,246.301,665.679,291.902
275.552,246.649,672.420,296.500
270.274,241.140,669.566,296.790
273.960,242.282,663.980,299.862
264.844,244.877,668.817,292.886
260.823,238.938,674.203,294.133
257.392,238.916,673.041,299.526
255.197,240.435,673.837,294.691
257.636,234.366,672.527,298.802
251.074,229.406,677.574,300.645
258.294,230.659,668.554,296.332
245.994,225.582,684.246,305.594
255.806,230.075,668.284,297.524
253.495,225.336,675.582,296.292
253.703,228.420,677.854,298.184
255.148,229.020,678.562,295.184
252.177,228.781,681.817,297.455
258.648,228.769,676.990,302.887
260.848,230.648,674.401,297.317
255.606,231.392,683.094,301.207
260.301,233.091,670.070,296.901
264.053,234.206,672.389,300.030
263.142,229.601,672.414,301.148
259.879,231.601,675.338,297.149
261.380,234.951,675.922,298.517
255.942,229.590,678.707,298.451
264.646,230.159,673.010,295.512
254.882,230.661,679.151,299.862
266.505,225.199,664.940,302.656
265.836,228.365,668.074,301.711
261.158,224.687,673.837,308.168
263.388,228.299,662.992,299.122
267.724,224.531,654.321,305.766
266.255,223.397,650.991,307.139
263.305,223.035,645.257,301.597
271.606,227.266,632.186,297.551
265.696,226.757,629.252,292.494
274.543,225.268,621.006,301.484
267.249,227.069,624.338,297.015
266.537,227.325,618.005,297.366
270.116,228.444,609.130,296.843
275.155,224.550,600.753,300.377
275.332,228.466,601.251,294.247
270.340,224.886,603.657,301.408
271.587,228.714,602.873,299.728
273.497,222.008,600.753,304.631
276.694,227.018,600.356,296.324
279.635,219.806,596.162,312.436
280.524,227.428,593.521,309.288
275.469,224.305,592.483,311.247
276.927,221.794,589.569,317.989
280.590,221.364,580.510,325.779
281.860,220.612,575.358,335.988
277.399,231.097,576.361,331.737
274.934,217.501,567.284,359.805
277.291,230.984,567.091,358.163
276.722,217.048,569.131,371.604
271.343,222.440,580.810,375.548
277.518,218.546,560.980,389.882
273.474,221.613,569.069,397.786
277.028,216.676,562.913,413.375
273.667,216.751,559.015,411.296
274.780,216.963,570.228,421.431
275.407,216.766,558.184,418.883
273.784,218.091,555.623,421.073
270.880,221.479,560.463,412.361
267.327,220.834,561.797,414.614
263.261,214.658,559.304,422.135
268.672,225.393,561.125,418.169
263.236,216.344,561.332,423.665
268.673,219.315,547.529,427.483
248.019,225.801,574.311,416.448
251.268,230.395,572.709,415.092
254.586,222.248,560.217,426.507
250.932,226.104,561.653,420.750
249.593,228.260,563.359,427.141
232.747,220.883,572.501,433.058
230.013,224.161,571.990,418.529
218.243,223.815,580.838,425.099
220.258,222.548,570.842,424.650
223.828,222.992,556.804,424.747
219.918,216.331,563.649,429.308
211.318,209.475,570.021,434.161
207.634,212.523,565.443,437.023
217.726,207.160,549.239,438.794
215.283,216.304,550.195,430.331
215.716,212.323,545.433,433.424
214.050,210.113,550.710,436.871
220.477,218.510,542.765,429.893
206.599,225.555,564.718,424.506
220.441,227.110,551.734,430.215
221.362,222.845,563.543,426.070
216.684,215.157,569.956,432.617
213.403,207.816,575.524,438.353
225.658,217.848,566.098,434.377
236.763,211.725,565.723,437.691
246.721,206.471,560.747,443.219
253.642,203.531,556.884,444.110
259.318,201.599,560.465,446.978
279.030,209.658,550.099,435.870
285.562,207.095,551.734,436.096
292.364,204.195,552.861,436.986
299.181,201.290,544.148,441.812
302.326,193.509,552.579,440.689
308.043,183.768,555.959,452.272
311.063,176.088,550.922,454.586
312.113,178.044,563.845,449.674
336.994,166.000,543.314,458.642
312.948,160.556,567.432,454.545
318.140,159.114,562.129,468.610
337.317,170.557,542.263,448.805
326.025,162.899,556.946,454.247
320.664,163.559,557.603,469.030
319.024,178.019,566.002,457.510
330.083,177.610,548.977,445.089
325.534,159.707,555.107,458.136
318.407,153.560,566.332,457.306
329.631,153.049,556.106,449.162
323.542,140.511,563.282,457.229
326.934,132.513,566.653,464.087
328.996,133.591,567.662,452.692
326.736,133.702,569.139,458.557
331.137,132.915,565.449,450.927
336.983,131.015,558.810,465.843
343.778,136.252,553.388,456.392
326.719,130.049,564.368,451.695
332.025,128.533,568.915,454.727
325.332,118.700,575.175,456.068
319.766,116.107,579.132,452.030
328.753,103.527,583.687,455.685
337.824,99.166,570.705,450.991
334.772,96.173,564.622,443.777
329.509,80.587,567.133,435.870
324.526,66.688,576.104,436.804
332.461,47.141,570.273,444.773
325.277,37.687,573.554,431.426
309.423,29.413,585.353,435.033
295.058,11.598,588.833,449.452
290.915,24.244,585.794,430.337
271.256,13.288,609.032,439.186
270.442,30.017,599.275,439.882
280.321,45.483,621.646,422.308
301.949,46.408,620.435,439.945
317.329,61.458,625.222,439.119
334.257,73.410,627.017,429.895
354.762,66.007,634.841,408.335
371.575,87.772,629.748,392.319
377.005,52.097,641.773,416.904
383.094,82.440,642.021,383.142
395.438,61.616,645.123,396.999
410.046,62.579,646.298,392.034
413.816,73.216,655.885,372.776
419.183,56.758,658.014,386.892
428.019,0.000,657.513,438.065
439.935,0.000,645.496,431.692
441.498,0.000,655.047,425.039
447.990,0.000,654.737,430.061
452.501,0.000,658.459,425.313
452.372,0.000,664.011,437.171
456.502,0.000,655.752,447.236
464.586,1.389,650.425,452.046
459.945,0.000,660.791,470.462
466.684,0.000,652.894,485.228
460.795,126.578,659.040,368.386
462.965,129.348,651.742,370.733
469.039,130.709,653.371,372.933
474.626,135.384,646.148,371.486
472.177,145.620,648.104,363.762
473.530,136.991,652.203,377.131
477.070,138.968,649.093,371.194
475.429,131.996,654.339,375.312
476.232,113.317,650.749,390.846
472.509,110.877,733.910,405.821
476.904,112.851,737.131,404.057
476.358,127.048,738.223,390.952
476.732,124.717,742.851,397.764
480.399,136.456,736.606,396.048
471.419,140.974,753.485,394.580
479.219,137.419,743.343,403.872
474.774,150.749,746.749,379.406
468.819,149.722,744.807,388.919
471.799,142.775,744.234,401.735
468.486,147.719,746.481,386.375
466.539,130.199,749.301,410.664
472.651,131.282,744.847,385.189
470.934,126.622,747.209,409.518
476.997,123.254,747.261,397.432
476.570,126.763,738.299,398.049
481.146,113.119,742.169,398.211
479.031,112.024,742.046,415.633
476.572,103.088,750.300,397.937
476.635,106.311,745.799,421.015
477.177,110.452,746.960,389.182
470.835,106.500,745.616,412.193
475.271,113.986,744.511,404.987
470.553,110.958,744.057,409.945
463.376,112.509,748.459,409.054
469.898,109.924,743.169,396.504
468.798,113.685,741.023,409.627
473.263,103.501,739.812,406.841
459.950,110.371,749.968,400.788
470.713,108.908,736.120,415.781
471.232,113.101,742.833,409.610
476.103,111.448,740.819,418.436
476.480,115.588,742.295,412.386
475.489,117.991,742.061,416.440
477.151,121.501,740.963,386.057
470.804,117.551,744.022,402.521
479.093,117.231,735.113,405.353
471.907,109.046,745.117,427.186
476.390,114.891,745.183,404.205
472.179,120.353,743.718,400.970
481.146,109.880,733.434,414.265
469.517,119.567,746.766,415.850
472.535,122.229,742.962,412.756
463.782,111.331,750.491,397.971
463.769,114.482,740.670,412.456
462.470,105.030,746.586,404.815
458.275,110.439,745.073,414.907
461.276,113.090,741.296,386.231
458.133,114.490,736.872,403.780
452.169,115.536,744.434,410.421
452.752,113.915,741.056,412.558
451.478,122.121,741.391,410.531
455.629,120.929,735.299,411.811
453.157,129.657,738.039,408.675
457.292,128.473,731.967,409.945
447.160,121.812,742.363,415.592
449.305,130.639,740.296,405.718
450.845,131.641,740.508,405.908
444.811,138.224,748.187,400.423
450.801,142.332,739.495,399.875
447.178,141.978,746.741,389.699
462.141,138.192,734.087,386.475
453.941,135.280,746.223,394.432
454.540,138.094,740.681,402.922
461.823,143.810,738.144,399.145
470.163,143.459,733.417,402.021
464.187,144.545,741.023,402.021
453.399,144.528,746.209,379.114
454.982,143.533,748.366,388.554
449.344,144.662,745.616,393.849
455.576,138.778,738.573,404.534
449.605,139.740,740.670,376.352
443.816,130.346,743.796,400.424
441.142,135.082,744.775,387.676
444.621,131.021,737.819,397.949
441.532,130.440,739.658,401.281
449.300,130.420,731.756,403.502
442.151,132.063,736.267,389.341
433.104,129.571,744.717,402.898
441.408,125.965,735.784,392.564
440.391,129.726,737.819,405.478
445.911,131.068,734.441,391.848
435.247,129.462,741.814,397.209
441.075,124.883,737.763,405.281
434.527,131.599,746.481,399.510
438.318,130.233,739.993,391.311
438.890,133.099,738.848,406.043
437.850,122.391,742.025,392.385
438.409,132.817,736.587,408.255
437.926,122.923,740.846,392.922
449.776,126.057,724.707,400.695
442.190,127.953,735.564,399.059
431.467,133.350,746.165,395.858
431.522,119.208,741.705,400.216
435.952,118.656,736.118,403.502
441.950,125.200,731.756,398.049
430.894,130.897,743.068,381.254
430.557,125.466,737.349,400.640
431.472,125.586,736.606,402.576
433.520,126.306,735.781,403.317
427.525,127.397,743.411,403.317
423.286,127.382,742.025,392.385
429.245,124.847,735.507,406.095
429.399,126.591,738.482,404.797
423.382,127.685,740.670,388.387
419.052,124.347,738.593,397.209
424.111,128.908,731.729,395.675
432.398,128.571,727.001,404.967
423.386,131.223,740.681,401.836
424.616,136.664,739.315,405.149
423.978,137.658,741.686,388.919
426.083,134.311,733.176,410.664
428.119,137.602,736.791,406.278
428.579,139.253,733.682,392.027
432.564,137.735,731.078,410.091
434.216,141.108,729.968,405.538
433.281,143.493,729.660,402.946
425.941,145.319,739.999,401.466
433.714,142.026,732.092,381.866
428.392,143.572,734.272,398.877
424.045,140.482,738.634,403.974
425.930,146.724,732.676,373.993
423.540,140.976,733.267,400.154
425.935,141.590,731.729,401.095
431.898,142.674,727.392,401.095
424.797,144.310,737.270,399.985
428.185,149.722,733.755,396.771
418.128,149.381,737.667,399.615
426.230,154.697,729.071,396.588
412.000,155.000,743.542,398.134
422.208,153.683,729.660,402.946
422.464,155.509,732.404,401.466
416.496,156.594,734.574,401.466
422.885,162.746,728.319,396.771
417.963,163.141,733.858,398.134
425.655,163.112,726.050,400.355
423.965,152.877,730.510,386.296
424.600,155.743,724.988,400.763
428.852,157.581,724.036,399.245
421.789,159.213,738.162,398.134
430.636,155.377,732.404,404.721
428.572,157.261,737.622,390.057
434.527,154.759,731.078,403.650
427.211,156.568,741.364,402.206
435.001,156.551,727.969,379.287
432.004,157.971,732.913,396.425
433.745,157.641,734.826,399.245
434.752,157.799,728.476,376.163
430.262,153.136,739.552,400.154
434.287,158.364,734.768,403.850
427.785,159.721,743.411,378.246
435.386,153.522,728.210,392.766
432.297,165.773,734.387,396.098
441.083,152.233,728.689,396.191
426.839,152.429,743.197,404.402
434.217,149.482,730.634,383.967
426.404,146.420,736.721,410.232
429.382,145.733,738.469,397.299
426.790,144.919,739.317,401.095
422.563,144.899,742.321,403.317
430.167,141.783,733.682,395.312
427.241,141.080,735.223,398.874
434.950,129.129,721.972,419.524
430.222,136.206,721.516,407.574
430.579,128.313,724.057,413.592
429.052,133.620,709.591,411.738
431.102,128.491,694.670,412.258
429.280,137.549,687.605,414.491
427.946,116.128,669.971,427.414
429.839,119.912,671.539,421.988
434.228,122.062,656.368,419.820
431.497,107.160,651.326,441.221
430.957,104.578,637.384,435.653
429.072,96.736,653.807,449.229
426.275,99.019,650.725,442.493
425.130,100.088,644.422,441.429
422.811,92.351,649.061,448.364
428.877,95.227,636.929,443.691
423.876,89.370,646.932,453.278
427.549,93.780,634.165,442.289
422.383,87.018,644.498,452.633
425.725,91.722,638.895,444.308
430.545,87.770,638.854,452.210
432.688,85.862,635.643,456.028
422.938,82.205,640.058,453.644
430.190,77.141,642.809,460.536
435.772,84.155,638.180,447.597
439.349,88.699,632.095,445.996
424.950,89.628,644.956,447.326
420.617,82.158,653.623,459.041
438.201,86.886,633.805,457.261
427.532,93.544,646.523,443.946
434.543,88.245,632.501,454.543
434.248,91.252,633.092,451.749
434.986,97.667,641.251,446.413
430.016,93.814,651.190,454.119
434.491,100.988,652.038,444.126
433.090,101.181,654.840,450.202
439.980,103.541,642.147,446.569
444.802,105.986,644.294,441.679
442.419,103.711,661.871,449.432
441.525,104.660,647.287,439.893
450.098,105.660,641.888,445.370
455.382,108.988,640.951,450.485
448.894,113.745,644.247,442.046
446.335,115.821,639.752,438.962
453.355,117.894,647.984,442.241
451.600,119.349,635.421,440.401
447.518,118.317,643.586,445.641
458.420,120.299,628.213,439.535
452.863,120.297,639.328,442.693
448.757,112.661,639.019,448.379
452.164,117.186,654.708,446.830
450.425,118.680,636.534,444.924
454.508,115.356,637.955,445.184
449.259,119.308,639.920,438.345
456.510,113.754,647.678,449.453
452.017,117.073,635.064,441.736
456.840,113.215,626.478,443.093
449.503,111.201,653.807,440.792
459.418,111.317,628.604,448.082
450.863,113.394,630.846,447.115
443.124,108.400,631.441,447.536
458.788,109.785,643.739,439.445
457.040,107.021,613.171,448.168
454.163,108.712,613.679,444.786
452.573,106.318,611.631,450.620
462.141,105.765,600.900,448.574
456.080,106.663,601.592,456.129
461.193,107.198,588.222,454.011
463.570,104.541,591.744,448.981
468.555,107.255,590.027,450.772
464.284,103.534,587.217,460.279
464.466,99.557,567.083,467.193
465.783,101.400,562.388,454.237
469.825,100.930,552.282,465.293
475.093,97.196,543.776,471.746
476.374,96.922,547.294,471.281
478.614,95.716,538.749,463.528
480.988,102.480,530.000,457.000
482.995,96.552,527.956,480.676
477.703,97.874,526.439,476.014
485.412,100.411,519.037,471.942
487.402,101.635,505.153,468.504
491.739,99.330,504.266,475.062
494.102,98.845,494.642,482.888
503.772,97.748,482.149,487.039
501.380,95.861,485.962,487.902
495.867,94.241,483.346,489.193
489.301,89.625,491.611,487.717
496.969,86.526,483.135,491.955
501.371,86.555,467.498,523.130
512.372,83.791,455.398,506.877
506.431,80.514,460.549,529.776
496.501,80.486,465.581,512.040
519.132,75.517,439.870,527.844
522.058,76.135,431.124,537.217
516.019,80.749,428.749,513.536
535.088,75.545,406.574,533.335
528.683,79.398,407.269,533.085
538.365,76.457,391.636,539.898
542.727,77.632,386.593,535.708
546.545,79.487,382.601,553.861
546.182,79.979,372.270,542.740
547.930,81.515,375.071,536.072
550.591,80.316,369.749,552.828
558.999,78.005,362.886,564.690
553.816,81.317,373.253,541.760
564.952,78.612,360.880,548.070
562.064,78.544,359.538,545.536
568.976,78.288,360.782,553.140
575.048,83.098,351.321,544.414
570.368,79.542,353.677,542.771
566.558,80.831,366.560,547.209
574.134,78.329,357.683,553.109
579.339,78.846,349.945,557.419
581.943,79.113,351.809,557.767
584.991,78.767,343.054,559.346
585.514,77.820,344.637,557.733
586.732,78.538,344.833,555.419
579.582,78.575,353.003,570.236
580.983,79.043,348.404,573.789
587.830,82.240,349.030,557.552
590.172,81.123,341.698,565.083
589.530,79.606,352.655,577.792
589.685,82.107,349.636,565.561
590.964,82.775,349.748,591.813
602.866,79.142,332.316,578.139
597.924,79.534,339.569,589.639
602.946,77.065,337.584,584.727
598.296,74.133,338.878,582.586
604.078,70.131,339.768,582.586
610.120,65.796,334.807,588.584
604.277,65.125,338.497,591.704
608.671,71.586,331.501,588.638
602.053,69.784,336.782,591.357
606.050,68.838,330.575,595.036
607.956,61.791,328.539,602.026
598.686,67.343,328.390,596.263
604.298,71.341,323.369,590.924
609.368,76.324,319.352,583.583
600.578,81.290,316.199,583.154
600.542,66.910,317.989,600.741
602.923,58.428,311.478,601.957
599.147,50.778,310.362,605.987
594.628,48.259,321.135,607.554
596.970,40.888,322.639,614.340
590.792,34.445,319.849,619.207
586.783,33.109,329.650,616.534
596.386,31.835,323.078,616.374
593.623,28.384,319.675,622.384
593.623,27.938,313.424,609.882
593.721,27.526,319.352,609.831
590.844,24.121,316.272,615.759
590.844,21.912,322.456,617.526
587.770,19.037,330.390,617.919
586.546,8.724,334.647,624.976
575.355,0.000,348.789,632.468
581.496,1.344,343.089,621.320
583.031,2.477,341.866,610.739
575.645,0.000,348.408,585.842
573.481,0.000,344.596,560.639
565.392,0.000,349.336,540.781
566.073,0.000,346.234,527.891
562.013,47.396,346.651,446.794
565.941,48.607,345.098,389.220
560.282,47.408,346.149,382.084
560.853,50.662,354.470,368.299
560.141,50.354,361.681,352.277
555.248,52.904,376.466,344.320
551.012,49.895,359.709,342.409
554.576,50.428,365.223,349.068
551.325,51.252,368.152,339.557
547.819,49.022,373.747,347.556
547.139,49.673,371.501,345.532
546.376,50.273,375.179,349.354
545.501,48.809,379.103,349.384
545.678,46.508,371.466,351.071
543.467,46.389,372.274,352.756
541.010,46.504,379.365,351.076
544.449,44.563,372.486,353.497
541.838,44.805,379.888,354.465
537.174,43.586,378.199,353.965
535.859,42.604,383.028,352.268
539.854,40.044,375.038,353.712
537.868,39.786,375.365,359.330
534.355,40.756,378.714,355.918
536.321,40.143,374.782,353.471
540.893,39.886,368.552,352.528
547.714,40.859,361.402,355.631
541.772,40.646,368.979,357.494
547.453,42.765,360.524,358.344
535.646,47.132,371.909,354.644
542.792,47.827,364.159,354.709
537.838,48.219,366.874,366.154
540.744,50.765,363.998,369.869
557.510,51.374,348.824,377.465
537.983,52.704,368.992,384.973
555.008,52.824,356.066,399.820
547.218,57.847,367.869,405.638
547.860,54.172,376.639,414.535
554.274,59.761,377.257,419.175
539.949,64.007,401.929,419.438
538.723,64.139,392.874,425.750
546.925,61.772,390.381,430.483
540.295,61.246,392.156,436.458
521.116,61.734,414.785,435.483
521.733,59.936,411.848,442.481
535.411,56.463,398.163,449.429
543.935,55.048,390.432,456.492
531.300,51.786,403.873,467.242
537.614,53.268,397.332,468.625
511.657,46.543,419.007,482.074
534.075,42.031,399.356,487.502
524.496,25.314,407.919,506.809
512.796,29.391,424.039,503.205
516.812,20.295,419.706,518.623
516.522,11.559,410.011,528.625
505.312,13.057,425.909,532.153
503.847,5.629,432.651,539.385
519.040,5.533,418.704,544.412
496.211,0.000,436.653,553.872
493.027,2.263,432.192,551.316
499.070,0.456,391.772,554.930
494.261,0.000,400.457,554.227
499.295,0.000,389.447,556.233
494.685,0.000,396.805,553.830
497.885,0.000,394.157,554.702
493.731,49.911,394.042,504.487
489.952,2.292,394.461,553.317
493.644,78.868,391.751,480.573
494.122,0.439,390.795,561.009
494.631,0.790,393.527,561.244
489.193,0.211,403.462,563.342
492.497,20.493,402.578,543.767
492.445,52.640,401.745,511.312
489.253,52.535,408.129,510.615
487.677,58.332,411.281,509.074
487.227,61.897,415.845,506.525
488.497,80.952,416.980,481.273
484.529,59.826,456.292,502.908
479.643,78.248,469.900,477.572
484.235,99.000,433.224,472.091
480.944,104.283,449.761,457.001
474.424,112.272,455.542,451.004
474.424,108.188,454.634,453.727
473.593,114.176,441.752,448.115
475.420,112.951,430.975,447.894
477.204,114.399,425.649,445.876
478.148,114.122,429.864,444.687
473.471,108.982,426.094,449.718
471.037,106.097,434.465,450.232
473.108,98.341,436.523,457.774
473.897,99.017,433.155,455.528
474.461,89.433,438.250,464.029
474.290,74.176,432.274,484.616
477.925,169.931,425.005,387.450
473.515,176.802,424.076,388.330
470.266,154.055,432.200,417.577
469.507,185.955,429.465,376.738
469.331,199.661,426.598,374.280
469.057,182.826,431.946,373.553
470.388,256.253,426.068,312.718
472.202,254.014,427.556,313.541
475.647,251.752,422.131,304.140
475.092,256.046,423.959,307.747
467.322,103.427,433.717,459.740
472.315,266.251,427.307,294.108
476.561,267.075,425.203,296.719
468.087,100.526,431.489,465.610
482.018,206.861,426.051,354.295
475.678,100.079,430.951,476.846
476.087,222.348,433.763,346.647
480.238,188.376,426.237,380.430
478.181,94.108,431.964,484.348
477.199,111.079,432.096,454.067
489.365,101.432,417.515,461.837
473.993,96.795,435.954,480.780
485.767,95.240,422.487,474.725
479.174,93.251,428.502,467.049
475.831,98.436,433.397,463.842
474.450,93.431,434.365,477.443
481.997,92.439,424.738,494.009
474.297,90.948,432.805,475.902
469.945,97.243,439.692,485.115
467.919,106.836,444.666,467.778
468.404,110.660,441.871,456.478
468.198,115.960,445.879,451.273
470.242,115.313,445.383,454.362
471.423,112.879,438.519,458.329
465.423,115.887,449.622,450.519
451.482,110.503,463.990,459.485
438.627,107.407,475.841,467.525
435.834,103.289,481.426,477.650
431.752,104.038,484.790,476.150
417.432,103.666,497.086,476.894
426.251,105.313,491.141,478.473
424.348,103.869,494.948,481.361
434.414,107.141,486.540,485.563
441.248,104.730,479.682,477.736
445.427,102.188,478.989,484.737
450.552,95.720,466.809,493.815
456.204,94.694,467.997,492.022
453.925,83.297,476.398,501.371
460.341,81.661,462.589,500.730
474.852,74.776,443.202,516.426
491.552,71.598,435.653,504.591
507.608,66.753,422.311,518.974
507.946,69.511,421.636,518.144
508.283,64.781,418.154,524.797
506.430,62.813,424.673,525.920
505.923,59.009,425.688,530.691
504.685,46.524,425.310,543.293
510.514,34.386,420.386,552.177
503.699,38.490,421.479,557.471
508.801,31.080,414.184,556.772
517.931,21.172,404.573,556.408
516.080,10.736,405.426,569.685
531.207,7.946,391.526,572.379
513.789,0.000,414.046,574.587
510.867,0.000,411.102,576.334
506.903,0.000,410.259,585.386
