0.00000000,0.00000000
0.93165163,0.00000000
0.92019484,0.00000000
0.92496569,0.00000000
0.94273913,0.00000000
0.92796616,0.00000000
0.93511409,0.00000000
0.92624562,0.00000000
0.94450441,0.00000000
0.93041118,0.00000000
0.92867036,0.00000000
0.93088049,0.00000000
0.92724497,0.00000000
0.90856882,0.00000000
0.93450182,0.00000000
0.94052562,0.00000000
0.94715855,0.00000000
0.93236482,0.00000000
0.93073515,0.00000000
0.94019088,0.00000000
0.96667033,0.00000000
0.96779939,0.00000000
0.95740595,0.00000000
0.94378436,0.00000000
0.95802788,0.00000000
0.96905821,0.00000000
0.96806868,0.00000000
0.96060754,0.00000000
0.96111009,0.00000000
0.97217839,0.00000000
0.95518809,0.00000000
0.95922756,0.00000000
0.95223371,0.00000000
0.93774308,0.00000000
0.95361481,0.00000000
0.94231260,0.00000000
0.93866836,0.00000000
0.94023259,0.00000000
0.85088147,0.00000000
0.93332349,0.00000000
0.94333244,0.00000000
0.94560663,0.00000000
0.95127640,0.00000000
0.96010838,0.00000000
0.95501166,0.00000000
0.94538106,0.00000000
0.96447671,0.00000000
0.92231154,0.00000000
0.82266695,0.00000000
0.92072031,0.00000000
0.94132826,0.00000000
0.94041934,0.00000000
0.93527263,0.00000000
0.96388386,0.00000000
0.95448712,0.00000000
0.94401273,0.00000000
0.94973422,0.00000000
0.95164503,0.00000000
0.92629214,0.00000000
0.94371126,0.00000000
0.95373180,0.00000000
0.91370168,0.00000000
0.92747192,0.00000000
0.95503453,0.00000000
0.97457345,0.00000000
0.97129290,0.00000000
0.96441129,0.00000000
0.95876189,0.00000000
0.94430420,0.00000000
0.96794142,0.00000000
0.93267649,0.00000000
0.83925188,0.00000000
0.94324544,0.00000000
0.95248332,0.00000000
0.94727561,0.00000000
0.94394313,0.00000000
0.97232763,0.00000000
0.89237906,0.00000000
0.89235324,0.00000000
0.83261665,0.00000000
0.83752423,0.00000000
0.84112829,0.00000000
0.82109067,0.00000000
0.94448858,0.00000000
0.95963919,0.00000000
0.95261399,0.00000000
0.96904697,0.00000000
0.98345811,0.00000000
0.98370481,0.00000000
0.98162610,0.00000000
0.97782428,0.00000000
0.96093557,0.00000000
0.97086547,0.00000000
0.98460372,0.00000000
0.98062531,0.00000000
0.97730955,0.00000000
0.98377677,0.00000000
0.97651619,0.00000000
0.96841625,0.00000000
0.98186895,0.00000000
0.97005977,0.00000000
0.96549935,0.00000000
0.98746603,0.00000000
0.96570435,0.00000000
0.97751068,0.00000000
0.98623086,0.00000000
0.99122148,0.00000000
0.98802725,0.00000000
0.96912949,0.00000000
0.97485002,0.00000000
0.95343817,0.00000000
0.93719332,0.00000000
0.96027350,0.00000000
0.97266620,0.00000000
0.94388492,0.00000000
0.91399345,0.00000000
0.95292824,0.00000000
0.96888555,0.00000000
0.97347637,0.00000000
0.94812270,0.00000000
0.95130059,0.00000000
0.97351287,0.00000000
0.99147260,0.00000000
0.95850239,0.00000000
0.97317209,0.00000000
0.95017913,0.00000000
0.91096235,0.00000000
0.98271063,0.00000000
0.99485239,0.00000000
0.96826235,0.00000000
0.95954085,0.00000000
0.96871043,0.00000000
0.95668093,0.00000000
0.96211996,0.00000000
0.96681188,0.00000000
0.97353047,0.00000000
0.96532413,0.00000000
0.97543618,0.00000000
0.97203393,0.00000000
0.95735116,0.00000000
0.97580854,0.00000000
0.96703127,0.00000000
0.93509604,0.00000000
0.96369989,0.00000000
0.94076045,0.00000000
0.94901893,0.00000000
0.95609374,0.00000000
0.94313921,0.00000000
0.91081367,0.00000000
0.95786154,0.00000000
0.98353317,0.00000000
0.97837069,0.00000000
0.96442532,0.00000000
0.95702124,0.00000000
0.96441237,0.00000000
0.96744229,0.00000000
0.95430608,0.00000000
0.92576005,0.00000000
0.93356063,0.00000000
0.92196682,0.00000000
0.84475995,0.00000000
0.80977116,0.00000000
0.79976088,0.00000000
0.78994117,0.00000000
0.79847042,0.00000000
0.80880037,0.00000000
0.83311311,0.00000000
0.95940861,0.00000000
0.92481862,0.00000000
0.94058063,0.00000000
0.97291728,0.00000000
0.96798915,0.00000000
0.96623560,0.00000000
0.96484924,0.00000000
0.94134081,0.00000000
0.95763224,0.00000000
0.96351947,0.00000000
0.96155444,0.00000000
0.91353616,0.00000000
0.93152597,0.00000000
0.93897796,0.00000000
0.91391213,0.00000000
0.94102111,0.00000000
0.93359160,0.00000000
0.96283273,0.00000000
0.95923947,0.00000000
0.91488643,0.00000000
0.94961678,0.00000000
0.96036592,0.00000000
0.92366199,0.00000000
0.88941348,0.00000000
0.94399439,0.00000000
0.89489866,0.00000000
0.88888787,0.00000000
0.97539421,0.00000000
0.95190323,0.00000000
0.98003058,0.00000000
0.98099409,0.00000000
0.95316473,0.00000000
0.95606332,0.00000000
0.94221665,0.00000000
0.91942954,0.00000000
0.91121969,0.00000000
0.94270181,0.00000000
0.97408732,0.00000000
0.94603062,0.00000000
0.95016316,0.00000000
0.95121282,0.00000000
0.94354355,0.00000000
0.95041349,0.00000000
0.95850563,0.00000000
0.98101134,0.00000000
0.96678022,0.00000000
0.96631302,0.00000000
0.93634340,0.00000000
0.97096423,0.00000000
0.97499526,0.00000000
0.96316273,0.00000000
0.99414174,0.00000000
0.96611363,0.00000000
0.95102110,0.00000000
0.96588544,0.00000000
0.97040721,0.00000000
0.95236006,0.00000000
0.97619248,0.00000000
0.96441032,0.00000000
0.97977186,0.00000000
0.98141292,0.00000000
0.97786641,0.00000000
0.97461932,0.00000000
0.96829278,0.00000000
0.99319426,0.00000000
0.97504930,0.00000000
0.97644272,0.00000000
0.98013826,0.00000000
0.96286881,0.00000000
0.97446485,0.00000000
0.98663090,0.00000000
0.97400217,0.00000000
0.97611778,0.00000000
0.96643907,0.00000000
0.97762675,0.00000000
0.96826121,0.00000000
0.96980077,0.00000000
0.99329606,0.00000000
0.98850483,0.00000000
0.97336851,0.00000000
0.98595327,0.00000000
0.97819546,0.00000000
0.97127801,0.00000000
0.96102955,0.00000000
0.97173648,0.00000000
0.98649586,0.00000000
0.97685768,0.00000000
0.97992535,0.00000000
0.95694485,0.00000000
0.93178652,0.00000000
0.96168310,0.00000000
0.95677211,0.00000000
0.96790569,0.00000000
0.95485107,0.00000000
0.97338970,0.00000000
0.96007497,0.00000000
0.96785299,0.00000000
0.97167428,0.00000000
0.98808514,0.00000000
0.98497902,0.00000000
0.99049253,0.00000000
0.97862714,0.00000000
0.96920404,0.00000000
0.97339380,0.00000000
0.98296748,0.00000000
0.97760826,0.00000000
0.96819037,0.00000000
0.96570903,0.00000000
0.96327066,0.00000000
0.98260144,0.00000000
0.96673370,0.00000000
0.97061538,0.00000000
0.97177576,0.00000000
0.96785151,0.00000000
0.95649330,0.00000000
0.96297084,0.00000000
0.99075698,0.00000000
0.96789713,0.00000000
0.97758930,0.00000000
0.97423757,0.00000000
0.95967863,0.00000000
0.98094958,0.00000000
0.97106163,0.00000000
0.96335781,0.00000000
0.98531492,0.00000000
0.98004489,0.00000000
0.96057417,0.00000000
0.95287534,0.00000000
0.98885825,0.00000000
0.99896503,0.00000000
0.96789946,0.00000000
0.96429251,0.00000000
0.96869113,0.00000000
0.98043171,0.00000000
0.96144647,0.00000000
0.96260826,0.00000000
0.96432544,0.00000000
0.97679229,0.00000000
0.96490585,0.00000000
0.95275614,0.00000000
0.97188189,0.00000000
0.98286816,0.00000000
0.95866947,0.00000000
0.96818638,0.00000000
0.96921241,0.00000000
0.96878120,0.00000000
0.97625907,0.00000000
0.97235868,0.00000000
0.95729884,0.00000000
0.96449286,0.00000000
0.98367573,0.00000000
0.96917361,0.00000000
0.96659458,0.00000000
0.94832084,0.00000000
0.95170528,0.00000000
0.95077132,0.00000000
0.94969149,0.00000000
0.97378787,0.00000000
0.95977485,0.00000000
0.96210567,0.00000000
0.95049162,0.00000000
0.97767185,0.00000000
0.96681983,0.00000000
0.96339331,0.00000000
0.95981769,0.00000000
0.95551929,0.00000000
0.94532072,0.00000000
0.93540440,0.00000000
0.96894985,0.00000000
0.95580591,0.00000000
0.95838850,0.00000000
0.96660217,0.00000000
0.95163382,0.00000000
0.97585418,0.00000000
0.97413974,0.00000000
0.95930328,0.00000000
0.90601458,0.00000000
0.93768358,0.00000000
0.93848593,0.00000000
0.96064166,0.00000000
0.94745760,0.00000000
0.96222221,0.00000000
0.94290031,0.00000000
0.90691711,0.00000000
0.95671784,0.00000000
0.96194242,0.00000000
0.91110319,0.00000000
0.89115855,0.00000000
0.77360491,0.00000000
0.92368508,0.00000000
0.89334745,0.00000000
0.88589939,0.00000000
0.97502386,0.00000000
0.98868928,0.00000000
0.98342660,0.00000000
0.99121597,0.00000000
0.98525740,0.00000000
0.98910536,0.00000000
0.98699787,0.00000000
0.95298590,0.00000000
0.98624702,0.00000000
0.98831045,0.00000000
0.97786995,0.00000000
0.97914609,0.00000000
0.97452665,0.00000000
0.98025352,0.00000000
0.97320249,0.00000000
0.96131787,0.00000000
0.96006534,0.00000000
0.97641010,0.00000000
0.97577614,0.00000000
0.96840258,0.00000000
0.97953025,0.00000000
0.97680319,0.00000000
0.97478604,0.00000000
0.97504970,0.00000000
0.98264663,0.00000000
0.98996226,0.00000000
0.98350884,0.00000000
0.96892216,0.00000000
0.96601635,0.00000000
0.95580276,0.00000000
0.97986293,0.00000000
0.96195667,0.00000000
0.95622484,0.00000000
0.97293659,0.00000000
0.98050431,0.00000000
0.98818140,0.00000000
0.97561468,0.00000000
0.95209825,0.00000000
0.98578091,0.00000000
0.97916996,0.00000000
0.96828965,0.00000000
0.96129229,0.00000000
0.97112188,0.00000000
0.96714019,0.00000000
0.98060766,0.00000000
0.97410128,0.00000000
0.98722138,0.00000000
0.79455897,0.00000000
0.78698592,0.00000000
0.79798867,0.00000000
0.79327527,0.00000000
0.79752502,0.00000000
0.79196658,0.00000000
0.79460975,0.00000000
0.78848773,0.00000000
0.79072130,0.00000000
0.80896894,0.00000000
0.80420242,0.00000000
0.81517462,0.00000000
0.98184670,0.00000000
0.98696055,0.00000000
0.99405578,0.00000000
0.97983962,0.00000000
0.98721762,0.00000000
0.98154905,0.00000000
0.96265569,0.00000000
0.97333622,0.00000000
0.97249377,0.00000000
0.98286908,0.00000000
0.97587081,0.00000000
0.98061653,0.00000000
0.98447687,0.00000000
0.98093153,0.00000000
0.97583922,0.00000000
0.95539153,0.00000000
0.97195420,0.00000000
0.98685944,0.00000000
0.97059766,0.00000000
0.96838735,0.00000000
0.98881848,0.00000000
0.98801217,0.00000000
0.97600969,0.00000000
0.98030316,0.00000000
0.99089454,0.00000000
0.98003464,0.00000000
0.97298704,0.00000000
0.98246215,0.00000000
0.97663948,0.00000000
0.98101038,0.00000000
0.96719131,0.00000000
0.98438245,0.00000000
0.98253774,0.00000000
0.97835332,0.00000000
0.97574177,0.00000000
0.97699579,0.00000000
0.95278701,0.00000000
0.96800588,0.00000000
0.97240654,0.00000000
0.97132106,0.00000000
0.96657570,0.00000000
0.97530022,0.00000000
0.97995433,0.00000000
0.97789024,0.00000000
0.97455243,0.00000000
0.98543304,0.00000000
0.97066143,0.00000000
0.96201102,0.00000000
0.96880487,0.00000000
0.96353640,0.00000000
0.97921683,0.00000000
0.98511885,0.00000000
0.98355399,0.00000000
0.98111295,0.00000000
0.98169082,0.00000000
0.97457250,0.00000000
0.96696204,0.00000000
0.97353035,0.00000000
0.97396518,0.00000000
0.98749637,0.00000000
0.97017307,0.00000000
0.97044001,0.00000000
0.95750290,0.00000000
0.97130787,0.00000000
0.97816962,0.00000000
0.94205313,0.00000000
0.95877731,0.00000000
0.96583695,0.00000000
0.95281078,0.00000000
0.98099338,0.00000000
0.97593413,0.00000000
0.97487738,0.00000000
0.99092659,0.00000000
0.96158320,0.00000000
0.97439402,0.00000000
0.97333518,0.00000000
0.97724295,0.00000000
0.99236679,0.00000000
0.97887756,0.00000000
0.98094534,0.00000000
0.97872737,0.00000000
0.96177955,0.00000000
0.96177456,0.00000000
0.96644208,0.00000000
0.97866828,0.00000000
0.98822103,0.00000000
0.98253304,0.00000000
0.98104971,0.00000000
0.97118721,0.00000000
0.97243540,0.00000000
0.95817887,0.00000000
0.96983598,0.00000000
0.96806659,0.00000000
0.98302957,0.00000000
0.97862526,0.00000000
0.98902914,0.00000000
0.97272361,0.00000000
0.97564873,0.00000000
0.98120821,0.00000000
0.97454658,0.00000000
0.97731148,0.00000000
0.98371037,0.00000000
0.97610442,0.00000000
0.98208331,0.00000000
0.96815874,0.00000000
0.96625656,0.00000000
0.94540796,0.00000000
0.97419529,0.00000000
0.96513322,0.00000000
0.95951239,0.00000000
0.96497885,0.00000000
0.94224443,0.00000000
0.96769391,0.00000000
0.95724248,0.00000000
0.92688550,0.00000000
0.97761561,0.00000000
0.97852128,0.00000000
0.98024639,0.00000000
0.97500779,0.00000000
0.94602852,0.00000000
0.96051910,0.00000000
0.96971274,0.00000000
0.95099574,0.00000000
0.98203544,0.00000000
0.97724188,0.00000000
0.96167417,0.00000000
0.97221225,0.00000000
0.96940038,0.00000000
0.96772729,0.00000000
0.96048948,0.00000000
0.97261681,0.00000000
0.98786450,0.00000000
0.97752703,0.00000000
0.97423805,0.00000000
0.96591794,0.00000000
0.96535204,0.00000000
0.97268314,0.00000000
0.98947584,0.00000000
0.98261966,0.00000000
0.95826474,0.00000000
0.97980831,0.00000000
0.96435394,0.00000000
0.98361715,0.00000000
0.98195762,0.00000000
0.96696865,0.00000000
0.96922968,0.00000000
0.96370332,0.00000000
0.97043622,0.00000000
0.96540826,0.00000000
0.96684385,0.00000000
0.96091536,0.00000000
0.95683313,0.00000000
0.96629299,0.00000000
0.95200369,0.00000000
0.96929916,0.00000000
0.98072087,0.00000000
0.98187741,0.00000000
0.98002488,0.00000000
0.98000292,0.00000000
0.96530204,0.00000000
0.95246272,0.00000000
0.97181071,0.00000000
0.97365170,0.00000000
0.97200449,0.00000000
0.92077772,0.00000000
0.97248011,0.00000000
0.98283992,0.00000000
0.96888490,0.00000000
0.95673295,0.00000000
0.97260946,0.00000000
0.95640251,0.00000000
0.96891820,0.00000000
0.97270067,0.00000000
0.95637411,0.00000000
0.95717290,0.00000000
0.97556502,0.00000000
0.95349168,0.00000000
0.97998240,0.00000000
0.96475225,0.00000000
0.94096543,0.00000000
0.96707047,0.00000000
0.94728007,0.00000000
0.97944585,0.00000000
0.97580422,0.00000000
0.97644478,0.00000000
0.97478041,0.00000000
0.94513264,0.00000000
0.95186253,0.00000000
0.93786904,0.00000000
0.96230514,0.00000000
0.94062160,0.00000000
0.96868136,0.00000000
0.95851842,0.00000000
0.96503846,0.00000000
0.94754159,0.00000000
0.96127759,0.00000000
0.94395952,0.00000000
0.95965367,0.00000000
0.97060527,0.00000000
0.94324122,0.00000000
0.95224999,0.00000000
0.94512233,0.00000000
0.96139986,0.00000000
0.94423075,0.00000000
0.96442957,0.00000000
0.95683624,0.00000000
0.96431991,0.00000000
0.97571172,0.00000000
0.96368992,0.00000000
0.97620984,0.00000000
0.98419168,0.00000000
0.97948191,0.00000000
0.98660859,0.00000000
0.96106594,0.00000000
0.96455501,0.00000000
0.98676602,0.00000000
0.97291568,0.00000000
0.96936033,0.00000000
0.95740239,0.00000000
0.94255476,0.00000000
0.94318206,0.00000000
0.94852766,0.00000000
0.96910616,0.00000000
0.97255560,0.00000000
0.96594274,0.00000000
0.97461088,0.00000000
0.96983877,0.00000000
0.96661887,0.00000000
0.97480750,0.00000000
0.96656836,0.00000000
0.96564331,0.00000000
0.93868095,0.00000000
0.96220982,0.00000000
0.96112595,0.00000000
0.94719684,0.00000000
0.94923068,0.00000000
0.94418176,0.00000000
0.96136257,0.00000000
0.96859789,0.00000000
0.94113257,0.00000000
0.97504615,0.00000000
0.94259418,0.00000000
0.95375281,0.00000000
0.94548626,0.00000000
0.93790062,0.00000000
0.95844200,0.00000000
0.94314305,0.00000000
0.95533451,0.00000000
0.96850467,0.00000000
0.94869020,0.00000000
0.96303222,0.00000000
0.95911760,0.00000000
0.95798743,0.00000000
0.94817933,0.00000000
0.96262285,0.00000000
0.96323879,0.00000000
0.97818604,0.00000000
0.98004548,0.00000000
0.97788552,0.00000000
0.97640271,0.00000000
0.96429855,0.00000000
0.96115723,0.00000000
0.96819715,0.00000000
0.96939932,0.00000000
0.95709115,0.00000000
0.96527473,0.00000000
0.95590178,0.00000000
0.97094217,0.00000000
0.95731829,0.00000000
0.96538856,0.00000000
0.96353683,0.00000000
0.96983027,0.00000000
0.95794572,0.00000000
0.97142849,0.00000000
0.95758941,0.00000000
0.95598401,0.00000000
0.96112367,0.00000000
0.96261045,0.00000000
0.97361584,0.00000000
0.95934796,0.00000000
0.95411048,0.00000000
0.94757805,0.00000000
0.93677216,0.00000000
0.96116120,0.00000000
0.96630300,0.00000000
0.95301639,0.00000000
0.96112532,0.00000000
0.94182462,0.00000000
0.96588788,0.00000000
0.96627993,0.00000000
0.96913240,0.00000000
0.96343110,0.00000000
0.97795887,0.00000000
0.95919070,0.00000000
0.96554488,0.00000000
0.97057723,0.00000000
0.96093894,0.00000000
0.95590564,0.00000000
0.96884262,0.00000000
0.96952662,0.00000000
0.96768246,0.00000000
0.98317534,0.00000000
0.96732439,0.00000000
0.95563627,0.00000000
0.97764735,0.00000000
0.94558784,0.00000000
0.96902739,0.00000000
0.96804918,0.00000000
0.96858102,0.00000000
0.95688865,0.00000000
0.95252749,0.00000000
0.96206590,0.00000000
0.94558905,0.00000000
0.95275695,0.00000000
0.95863536,0.00000000
0.94616512,0.00000000
0.94880093,0.00000000
0.96255588,0.00000000
0.97044910,0.00000000
0.95678113,0.00000000
0.97813180,0.00000000
0.96635540,0.00000000
0.94618778,0.00000000
0.95573225,0.00000000
0.96708144,0.00000000
0.97166335,0.00000000
0.95495454,0.00000000
0.95710562,0.00000000
0.95782465,0.00000000
0.96198946,0.00000000
0.95232440,0.00000000
0.95803895,0.00000000
0.96707509,0.00000000
0.96775174,0.00000000
0.95723972,0.00000000
0.95753648,0.00000000
0.96861781,0.00000000
0.95761431,0.00000000
0.95114873,0.00000000
0.94856902,0.00000000
0.93629014,0.00000000
0.93704391,0.00000000
0.93379396,0.00000000
0.92247752,0.00000000
0.94457993,0.00000000
0.93943264,0.00000000
0.95250395,0.00000000
0.93703552,0.00000000
0.96513763,0.00000000
0.94952218,0.00000000
0.95179371,0.00000000
0.95856183,0.00000000
0.94203798,0.00000000
0.95006875,0.00000000
0.93769072,0.00000000
0.95176787,0.00000000
0.93566929,0.00000000
0.96183180,0.00000000
0.93684792,0.00000000
0.95715469,0.00000000
0.94910841,0.00000000
0.93843659,0.00000000
0.93997316,0.00000000
0.95491323,0.00000000
0.95457638,0.00000000
0.95168643,0.00000000
0.97148972,0.00000000
0.97891895,0.00000000
0.96574666,0.00000000
0.97901619,0.00000000
0.95375404,0.00000000
0.98033857,0.00000000
0.97234379,0.00000000
0.94935026,0.00000000
0.98608681,0.00000000
0.97369831,0.00000000
0.97104104,0.00000000
0.96548987,0.00000000
0.96286443,0.00000000
0.96365286,0.00000000
0.95013297,0.00000000
0.97457304,0.00000000
0.95675604,0.00000000
0.97405907,0.00000000
0.97419264,0.00000000
0.98813830,0.00000000
0.98568785,0.00000000
0.97902688,0.00000000
0.96588718,0.00000000
0.96863454,0.00000000
0.97023821,0.00000000
0.97069891,0.00000000
0.97609013,0.00000000
0.95499068,0.00000000
0.95775165,0.00000000
0.94801535,0.00000000
0.95619225,0.00000000
0.95807449,0.00000000
0.96745875,0.00000000
0.96790995,0.00000000
0.96147544,0.00000000
0.94112965,0.00000000
0.94061939,0.00000000
0.96318860,0.00000000
0.95392746,0.00000000
0.94686947,0.00000000
0.96142431,0.00000000
0.97749365,0.00000000
0.92445350,0.00000000
0.94394651,0.00000000
0.93713070,0.00000000
0.94560798,0.00000000
0.96437764,0.00000000
0.95644861,0.00000000
0.94355998,0.00000000
0.94192136,0.00000000
0.95398439,0.00000000
0.95123060,0.00000000
0.95410818,0.00000000
0.94348608,0.00000000
0.92827534,0.00000000
0.92511032,0.00000000
0.88627804,0.00000000
0.92319995,0.00000000
0.91703901,0.00000000
0.96970068,0.00000000
0.91094992,0.00000000
0.91402613,0.00000000
0.94071297,0.00000000
0.96052068,0.00000000
0.90483248,0.00000000
0.92612073,0.00000000
0.89026991,0.00000000
0.96272669,0.00000000
0.95114640,0.00000000
0.93179664,0.00000000
0.91747139,0.00000000
0.94214106,0.00000000
0.95625469,0.00000000
0.93695567,0.00000000
0.96470226,0.00000000
0.95908949,0.00000000
0.95126558,0.00000000
0.94645647,0.00000000
0.93127304,0.00000000
0.94393251,0.00000000
0.92685793,0.00000000
0.95466741,0.00000000
0.94614504,0.00000000
0.94719923,0.00000000
0.97360366,0.00000000
0.98091257,0.00000000
0.93029836,0.00000000
0.95897411,0.00000000
0.97058616,0.00000000
0.97486083,0.00000000
0.93003166,0.00000000
0.93231169,0.00000000
0.95963869,0.00000000
0.94703959,0.00000000
0.95073327,0.00000000
0.92462204,0.00000000
0.92253550,0.00000000
0.95841188,0.00000000
0.93122843,0.00000000
0.92208842,0.00000000
0.91816986,0.00000000
0.91600459,0.00000000
0.93097986,0.00000000
0.91994372,0.00000000
0.96985881,0.00000000
0.92685007,0.00000000
0.91610950,0.00000000
0.78128885,0.00000000
0.60648400,0.00000000
0.00000000,0.00000000
0.00000000,0.00000000
0.00000000,0.00000000
0.00000000,0.00000000
0.00000000,0.00000000
0.00000000,0.00000000
0.00000000,0.00000000
0.00000000,0.00000000
0.00000000,0.00000000
0.00000000,0.00000000
0.00000000,0.00000000
0.00000000,0.00000000
0.00000000,0.00000000
0.00000000,0.00000000
0.00000000,0.00000000
0.00000000,0.00000000
0.00000000,0.00000000
0.00000000,0.00000000
0.00000000,0.00000000
0.00000000,0.00000000
0.00000000,0.00000000
0.95230722,0.00000000
0.81904362,0.00000000
0.94725684,0.00000000
0.96799166,0.00000000
0.84413644,0.00000000
0.97650147,0.00000000
0.82743113,0.00000000
0.95299271,0.00000000
0.81478230,0.00000000
0.84117778,0.00000000
0.97961930,0.00000000
0.95843030,0.00000000
0.83383446,0.00000000
0.84083857,0.00000000
0.82553653,0.00000000
0.77259497,0.00000000
0.81233576,0.00000000
0.81677922,0.00000000
0.82018988,0.00000000
0.80762306,0.00000000
0.81593123,0.00000000
0.80748710,0.00000000
0.82229513,0.00000000
0.80373154,0.00000000
0.80780521,0.00000000
0.82091987,0.00000000
0.80932471,0.00000000
0.83822453,0.00000000
0.81642789,0.00000000
0.81042327,0.00000000
0.79674898,0.00000000
0.79605046,0.00000000
0.79055191,0.00000000
0.80321752,0.00000000
0.82775316,0.00000000
0.82258622,0.00000000
0.80799727,0.00000000
0.80761480,0.00000000
0.78143615,0.00000000
0.79998662,0.00000000
0.79919933,0.00000000
0.79648797,0.00000000
0.79523486,0.00000000
0.78617525,0.00000000
0.77603289,0.00000000
0.79096131,0.00000000
0.78309800,0.00000000
0.79070654,0.00000000
0.76116063,0.00000000
0.78413475,0.00000000
0.77465203,0.00000000
0.77991170,0.00000000
0.77065456,0.00000000
0.77022067,0.00000000
0.76319804,0.00000000
0.76061608,0.00000000
0.76883676,0.00000000
0.75397114,0.00000000
0.77081022,0.00000000
0.75178730,0.00000000
0.76522050,0.00000000
0.78039096,0.00000000
0.76931665,0.00000000
0.77325412,0.00000000
0.76706994,0.00000000
0.78899335,0.00000000
0.75480513,0.00000000
0.75789856,0.00000000
0.76019818,0.00000000
0.77850373,0.00000000
0.76722851,0.00000000
0.75162142,0.00000000
0.74050676,0.00000000
0.75683172,0.00000000
0.78588776,0.00000000
0.79692402,0.00000000
0.77636362,0.00000000
0.76120497,0.00000000
0.75942318,0.00000000
0.79691355,0.00000000
0.79068726,0.00000000
0.79000718,0.00000000
0.79126752,0.00000000
0.79063132,0.00000000
0.78066513,0.00000000
0.78713851,0.00000000
0.77945019,0.00000000
0.79325163,0.00000000
0.77325697,0.00000000
0.75395032,0.00000000
0.77982473,0.00000000
0.75902203,0.00000000
0.78719466,0.00000000
0.79056681,0.00000000
0.78494828,0.00000000
0.77266840,0.00000000
0.77665449,0.00000000
0.76855460,0.00000000
0.77260831,0.00000000
0.79023399,0.00000000
0.78214239,0.00000000
0.77670048,0.00000000
0.77756375,0.00000000
0.78922439,0.00000000
0.79033781,0.00000000
0.78981137,0.00000000
0.78067047,0.00000000
0.76738049,0.00000000
0.76407747,0.00000000
0.75957742,0.00000000
0.76993956,0.00000000
0.76092035,0.00000000
0.76125068,0.00000000
0.74978132,0.00000000
0.73885652,0.00000000
0.74177313,0.00000000
0.72450652,0.00000000
0.74064170,0.00000000
0.71852206,0.00000000
0.71641704,0.00000000
0.73377262,0.00000000
0.74532247,0.00000000
0.72547253,0.00000000
0.74121064,0.00000000
0.73283585,0.00000000
0.72269674,0.00000000
0.72369010,0.00000000
0.72682527,0.00000000
0.71139858,0.00000000
0.72173253,0.00000000
0.73643928,0.00000000
0.74434842,0.00000000
0.73669701,0.00000000
0.70795037,0.00000000
0.71266162,0.00000000
0.69501031,0.00000000
0.70702050,0.00000000
0.73641512,0.00000000
0.72156628,0.00000000
0.70482832,0.00000000
0.68424818,0.00000000
0.70289855,0.00000000
0.68929297,0.00000000
0.69343868,0.00000000
0.70389162,0.00000000
0.72068927,0.00000000
0.71052158,0.00000000
0.70576574,0.00000000
0.69812124,0.00000000
0.70276638,0.00000000
0.69133798,0.00000000
0.71456676,0.00000000
0.72020511,0.00000000
0.70062513,0.00000000
0.71175142,0.00000000
0.71973189,0.00000000
0.73765727,0.00000000
0.69727391,0.00000000
0.71379464,0.00000000
0.69760788,0.00000000
0.69321287,0.00000000
0.68796463,0.00000000
0.68525016,0.00000000
0.68892196,0.00000000
0.68848247,0.00000000
0.69260351,0.00000000
0.68358358,0.00000000
0.70445171,0.00000000
0.69406900,0.00000000
0.70183619,0.00000000
0.67535284,0.00000000
0.69758872,0.00000000
0.69719444,0.00000000
0.69565173,0.00000000
0.70928791,0.00000000
0.71284576,0.00000000
0.69780130,0.00000000
0.72743042,0.00000000
0.73199443,0.00000000
0.73852716,0.00000000
0.73158427,0.00000000
0.72671671,0.00000000
0.73529693,0.00000000
0.72030336,0.00000000
0.70044372,0.00000000
0.70722367,0.00000000
0.70488097,0.00000000
0.71401948,0.00000000
0.71455408,0.00000000
0.73115174,0.00000000
0.73362304,0.00000000
0.73886570,0.00000000
0.76367623,0.00000000
0.77610932,0.00000000
0.75272733,0.00000000
0.75131839,0.00000000
0.74312842,0.00000000
0.71318818,0.00000000
0.72094540,0.00000000
0.71410310,0.00000000
0.72089469,0.00000000
0.71874195,0.00000000
0.71829584,0.00000000
0.72219862,0.00000000
0.71741588,0.00000000
0.73653856,0.00000000
0.72669616,0.00000000
0.73131427,0.00000000
0.71998684,0.00000000
0.74570970,0.00000000
0.73673561,0.00000000
0.73179436,0.00000000
0.74272872,0.00000000
0.74912512,0.00000000
0.76031259,0.00000000
0.74296963,0.00000000
0.75643057,0.00000000
0.75958195,0.00000000
0.74853309,0.00000000
0.75461516,0.00000000
0.74367806,0.00000000
0.75533444,0.00000000
0.73821889,0.00000000
0.74590749,0.00000000
0.74168179,0.00000000
0.73805487,0.00000000
0.76216805,0.00000000
0.75301521,0.00000000
0.75045413,0.00000000
0.72723375,0.00000000
0.73203910,0.00000000
0.72616159,0.00000000
0.73923417,0.00000000
0.74168179,0.00000000
0.73871422,0.00000000
0.73942462,0.00000000
0.73668201,0.00000000
0.73848698,0.00000000
0.74114055,0.00000000
0.73696349,0.00000000
0.73399685,0.00000000
0.73161365,0.00000000
0.73339573,0.00000000
0.73582108,0.00000000
0.75406061,0.00000000
0.74998284,0.00000000
0.74629553,0.00000000
0.73722445,0.00000000
0.74608264,0.00000000
0.74173005,0.00000000
0.74470967,0.00000000
0.74070158,0.00000000
0.74367424,0.00000000
0.73416218,0.00000000
0.74296423,0.00000000
0.73314289,0.00000000
0.74192613,0.00000000
0.73212430,0.00000000
0.74636072,0.00000000
0.75204303,0.00000000
0.75545831,0.00000000
0.75140114,0.00000000
0.75440500,0.00000000
0.75035568,0.00000000
0.75895776,0.00000000
0.75499168,0.00000000
0.74580202,0.00000000
0.75674710,0.00000000
0.74684036,0.00000000
0.74908299,0.00000000
0.75789819,0.00000000
0.75349414,0.00000000
0.76214112,0.00000000
0.74188026,0.00000000
0.75050151,0.00000000
0.74618123,0.00000000
0.75472372,0.00000000
0.74476436,0.00000000
0.76126882,0.00000000
0.73171749,0.00000000
0.75876199,0.00000000
0.72644317,0.00000000
0.71747681,0.00000000
0.73772333,0.00000000
0.73240777,0.00000000
0.71030832,0.00000000
0.74560306,0.00000000
0.73175503,0.00000000
0.72470345,0.00000000
0.72537165,0.00000000
0.74843416,0.00000000
0.73423369,0.00000000
0.73084874,0.00000000
0.75517493,0.00000000
0.73799086,0.00000000
0.72239165,0.00000000
0.72254766,0.00000000
0.76830414,0.00000000
0.76822110,0.00000000
0.73736632,0.00000000
0.75914937,0.00000000
0.77891525,0.00000000
0.77801775,0.00000000
0.76630356,0.00000000
0.63941305,0.00000000
0.77979675,0.00000000
0.71248075,0.00000000
0.72023849,0.00000000
0.70627696,0.00000000
0.66634709,0.00000000
0.68843474,0.00000000
0.66626592,0.00000000
0.64829824,0.00000000
0.63556242,0.00000000
0.64967387,0.00000000
0.65039311,0.00000000
0.62369487,0.00000000
0.58524619,0.00000000
0.55004534,0.00000000
0.54186543,0.00000000
0.52726161,0.00000000
0.49818658,0.00000000
0.49430710,0.00000000
0.49390768,0.00000000
0.51411248,0.00000000
0.49998853,0.00000000
0.48154510,0.00000000
0.47532615,0.00000000
0.49364328,0.00000000
0.49542697,0.00000000
0.50144947,0.00000000
0.49526621,0.00000000
0.49353377,0.00000000
0.50505124,0.00000000
0.49839503,0.00000000
0.49052000,0.00000000
0.48737437,0.00000000
0.48491362,0.00000000
0.47977363,0.00000000
0.48512563,0.00000000
0.48252657,0.00000000
0.49764211,0.00000000
0.48276232,0.00000000
0.49029248,0.00000000
0.48342409,0.00000000
0.48792376,0.00000000
0.47254346,0.00000000
0.48074853,0.00000000
0.47918240,0.00000000
0.48230242,0.00000000
0.49603226,0.00000000
0.48188546,0.00000000
0.48595025,0.00000000
0.47920870,0.00000000
0.48289553,0.00000000
0.47986384,0.00000000
0.47713881,0.00000000
0.49388548,0.00000000
0.50335445,0.00000000
0.50354090,0.00000000
0.54225111,0.00000000
0.55238010,0.00000000
0.55879100,0.00000000
0.55993546,0.00000000
0.56011393,0.00000000
0.57303672,0.00000000
0.58084031,0.00000000
0.57507812,0.00000000
0.58742601,0.00000000
0.58717410,0.00000000
0.59338435,0.00000000
0.58931784,0.00000000
0.59670374,0.00000000
0.61553888,0.00000000
0.62317285,0.00000000
0.62784612,0.00000000
0.61284429,0.00000000
0.62381099,0.00000000
0.62885458,0.00000000
0.61865425,0.00000000
0.62451955,0.00000000
0.62669395,0.00000000
0.63011433,0.00000000
0.63435055,0.00000000
0.62345056,0.00000000
0.62669038,0.00000000
0.62798932,0.00000000
0.62701026,0.00000000
0.61438286,0.00000000
0.63024950,0.00000000
0.63378383,0.00000000
0.61058004,0.00000000
0.62631704,0.00000000
0.62214729,0.00000000
0.62034818,0.00000000
0.61895732,0.00000000
0.62546596,0.00000000
0.62616683,0.00000000
0.61765227,0.00000000
0.61225686,0.00000000
0.62344834,0.00000000
0.62417355,0.00000000
0.63015418,0.00000000
0.61799008,0.00000000
0.62618214,0.00000000
0.61718256,0.00000000
0.63101918,0.00000000
0.62895190,0.00000000
0.63354707,0.00000000
0.62114065,0.00000000
0.63188455,0.00000000
0.62732528,0.00000000
0.62972624,0.00000000
0.62454966,0.00000000
0.62537277,0.00000000
0.62355199,0.00000000
0.63092240,0.00000000
0.63239176,0.00000000
0.62869449,0.00000000
0.63682797,0.00000000
0.64676099,0.00000000
0.63993937,0.00000000
0.65270359,0.00000000
0.63988711,0.00000000
0.62007909,0.00000000
0.63186083,0.00000000
0.61549218,0.00000000
0.61268938,0.00000000
0.61062122,0.00000000
0.60920837,0.00000000
0.60615857,0.00000000
0.61649564,0.00000000
0.59773174,0.00000000
0.60827188,0.00000000
0.60672832,0.00000000
0.60384513,0.00000000
0.60397211,0.00000000
0.59513324,0.00000000
0.60532028,0.00000000
0.59680260,0.00000000
0.58556582,0.00000000
0.60333703,0.00000000
0.59513324,0.00000000
0.58487503,0.00000000
0.60098268,0.00000000
0.60093795,0.00000000
0.59717043,0.00000000
0.59683129,0.00000000
0.59805495,0.00000000
0.60663978,0.00000000
0.61021503,0.00000000
0.59773993,0.00000000
0.59172874,0.00000000
0.58172044,0.00000000
0.60319632,0.00000000
0.59177439,0.00000000
0.59155881,0.00000000
0.58023766,0.00000000
0.58130540,0.00000000
0.56964300,0.00000000
0.56480467,0.00000000
0.55930216,0.00000000
0.55712116,0.00000000
0.55494513,0.00000000
0.56250411,0.00000000
0.55416966,0.00000000
0.56052422,0.00000000
0.55507328,0.00000000
0.55502010,0.00000000
0.56336479,0.00000000
0.54402963,0.00000000
0.56222034,0.00000000
0.54931832,0.00000000
0.58244413,0.00000000
0.57718411,0.00000000
0.56370258,0.00000000
0.56961490,0.00000000
0.57265680,0.00000000
0.57427937,0.00000000
0.58277750,0.00000000
0.57831905,0.00000000
0.59581348,0.00000000
0.58400768,0.00000000
0.55689992,0.00000000
0.57465158,0.00000000
0.58112012,0.00000000
0.57955063,0.00000000
0.59408469,0.00000000
0.57470898,0.00000000
0.58709212,0.00000000
0.57465442,0.00000000
0.56681903,0.00000000
0.56810196,0.00000000
0.56247508,0.00000000
0.55705305,0.00000000
0.54511692,0.00000000
0.52120798,0.00000000
0.50936689,0.00000000
0.49494528,0.00000000
0.49316946,0.00000000
0.47970875,0.00000000
0.47208069,0.00000000
0.47704176,0.00000000
0.47728124,0.00000000
0.46058658,0.00000000
0.46563735,0.00000000
0.46014827,0.00000000
0.45636277,0.00000000
0.46501797,0.00000000
0.46134697,0.00000000
0.46035085,0.00000000
0.45642672,0.00000000
0.45598321,0.00000000
0.45339279,0.00000000
0.45743628,0.00000000
0.45288110,0.00000000
0.45815983,0.00000000
0.45410765,0.00000000
0.47265476,0.00000000
0.46596134,0.00000000
0.45402666,0.00000000
0.47594970,0.00000000
0.47181144,0.00000000
0.46695910,0.00000000
0.47749612,0.00000000
0.47056312,0.00000000
0.46550088,0.00000000
0.47018792,0.00000000
0.46464061,0.00000000
0.46790296,0.00000000
0.45885729,0.00000000
0.45341598,0.00000000
0.45404044,0.00000000
0.45157215,0.00000000
0.45946797,0.00000000
0.45476018,0.00000000
0.44984432,0.00000000
0.45143545,0.00000000
0.44690443,0.00000000
0.44920856,0.00000000
0.44748719,0.00000000
0.43515767,0.00000000
0.45178035,0.00000000
0.44174134,0.00000000
0.45456795,0.00000000
0.44817191,0.00000000
0.45150172,0.00000000
0.46171673,0.00000000
0.45498813,0.00000000
0.45841530,0.00000000
0.44360844,0.00000000
0.46304955,0.00000000
0.46646282,0.00000000
0.45956085,0.00000000
0.45271036,0.00000000
0.46031508,0.00000000
0.44091126,0.00000000
0.45305413,0.00000000
0.45242115,0.00000000
0.45645813,0.00000000
0.45606851,0.00000000
0.44968219,0.00000000
0.45563918,0.00000000
0.45952832,0.00000000
0.46685893,0.00000000
0.46222654,0.00000000
0.45992480,0.00000000
0.44714211,0.00000000
0.46426541,0.00000000
0.46123878,0.00000000
0.45380793,0.00000000
0.45351573,0.00000000
0.44976876,0.00000000
0.46216125,0.00000000
0.46080861,0.00000000
0.45146562,0.00000000
0.44781505,0.00000000
0.45637158,0.00000000
0.45090553,0.00000000
0.43682787,0.00000000
0.42985806,0.00000000
0.42989001,0.00000000
0.42577141,0.00000000
0.42634407,0.00000000
0.41973233,0.00000000
0.41120543,0.00000000
0.42879437,0.00000000
0.41870260,0.00000000
0.41522939,0.00000000
0.42350218,0.00000000
0.41634431,0.00000000
0.40614700,0.00000000
0.42299087,0.00000000
0.42474158,0.00000000
0.40676206,0.00000000
0.40273781,0.00000000
0.40616567,0.00000000
0.41262625,0.00000000
0.41354913,0.00000000
0.42039448,0.00000000
0.41700325,0.00000000
0.41751260,0.00000000
0.41298124,0.00000000
0.40763453,0.00000000
0.41260977,0.00000000
0.41059019,0.00000000
0.41452315,0.00000000
0.41644850,0.00000000
0.42263796,0.00000000
0.40464550,0.00000000
0.42009547,0.00000000
0.42149191,0.00000000
0.41191519,0.00000000
0.41573964,0.00000000
0.41553494,0.00000000
0.41983469,0.00000000
0.41757728,0.00000000
0.42251456,0.00000000
0.42891650,0.00000000
0.41630895,0.00000000
0.40067883,0.00000000
0.40007422,0.00000000
0.39178035,0.00000000
0.39119052,0.00000000
0.39849030,0.00000000
0.38629754,0.00000000
0.39349113,0.00000000
0.38647243,0.00000000
0.38889235,0.00000000
0.38979830,0.00000000
0.40679549,0.00000000
0.39555630,0.00000000
0.40135642,0.00000000
0.40198974,0.00000000
0.39897744,0.00000000
0.40155714,0.00000000
0.40446442,0.00000000
0.39594226,0.00000000
0.42133968,0.00000000
0.42188062,0.00000000
0.42947224,0.00000000
0.43330413,0.00000000
0.43250815,0.00000000
0.40153396,0.00000000
0.44487093,0.00000000
0.44445261,0.00000000
0.44030090,0.00000000
0.44293216,0.00000000
0.45223577,0.00000000
0.45290687,0.00000000
0.44998850,0.00000000
0.45999227,0.00000000
0.44972545,0.00000000
0.47857218,0.00000000
0.47763661,0.00000000
0.47600947,0.00000000
0.50398509,0.00000000
0.50627788,0.00000000
0.49698721,0.00000000
0.49596114,0.00000000
0.49901803,0.00000000
0.49720398,0.00000000
0.49257328,0.00000000
0.49020699,0.00000000
0.45270548,0.00000000
0.45150796,0.00000000
0.44253275,0.00000000
0.42376650,0.00000000
0.41617091,0.00000000
0.41269196,0.00000000
0.39292195,0.00000000
0.40026221,0.00000000
0.41595829,0.00000000
0.39821772,0.00000000
0.38770859,0.00000000
0.44404026,0.00000000
0.41074264,0.00000000
0.37133782,0.00000000
0.37116282,0.00000000
0.36863992,0.00000000
0.37300895,0.00000000
0.35636575,0.00000000
0.38868074,0.00000000
0.37723742,0.00000000
0.38599258,0.00000000
0.35151335,0.00000000
0.35364675,0.00000000
0.37739753,0.00000000
0.36361376,0.00000000
0.40166942,0.00000000
0.40037365,0.00000000
0.40511241,0.00000000
0.38767417,0.00000000
0.41707512,0.00000000
0.39353851,0.00000000
0.38199098,0.00000000
0.37260527,0.00000000
0.39677087,0.00000000
0.37852349,0.00000000
0.39416465,0.00000000
0.38830349,0.00000000
0.41328455,0.00000000
0.40129780,0.00000000
0.43746424,0.00000000
0.42053922,0.00000000
0.40164506,0.00000000
0.38867948,0.00000000
0.43132106,0.00000000
0.39576108,0.00000000
0.41879303,0.00000000
0.42278254,0.00000000
0.40593522,0.00000000
0.44144013,0.00000000
0.41129206,0.00000000
0.44275125,0.00000000
0.46621537,0.00000000
0.48357829,0.00000000
0.46196110,0.00000000
0.44455549,0.00000000
0.46140487,0.00000000
0.45938679,0.00000000
0.47173650,0.00000000
0.48135219,0.00000000
0.49099359,0.00000000
0.49839118,0.00000000
0.49725135,0.00000000
0.51796635,0.00000000
0.55040744,0.00000000
0.60262267,0.00000000
0.58886088,0.00000000
0.62045321,0.00000000
0.58572847,0.00000000
0.60522638,0.00000000
0.59840546,0.00000000
0.61542166,0.00000000
0.63398358,0.00000000
0.57876256,0.00000000
0.59444092,0.00000000
0.61418575,0.00000000
0.63108488,0.00000000
0.59013133,0.00000000
0.58703450,0.00000000
0.57572852,0.00000000
0.57803981,0.00000000
0.57616216,0.00000000
0.59707736,0.00000000
0.60127043,0.00000000
0.60080886,0.00000000
0.61104789,0.00000000
0.60250400,0.00000000
0.59833403,0.00000000
0.60104332,0.00000000
0.61076200,0.00000000
0.59802404,0.00000000
0.60984384,0.00000000
0.60538960,0.00000000
0.59402753,0.00000000
0.59753473,0.00000000
0.58561326,0.00000000
0.61371135,0.00000000
0.58641334,0.00000000
0.60895197,0.00000000
0.57738741,0.00000000
0.60111323,0.00000000
0.59858132,0.00000000
0.58202640,0.00000000
0.59103336,0.00000000
0.61391006,0.00000000
0.59282595,0.00000000
0.59301522,0.00000000
0.59373923,0.00000000
0.59668520,0.00000000
0.59820984,0.00000000
0.57477965,0.00000000
0.58824059,0.00000000
0.57721367,0.00000000
0.57491563,0.00000000
0.57415217,0.00000000
0.57350379,0.00000000
0.59013276,0.00000000
0.60291270,0.00000000
0.60723103,0.00000000
0.58408687,0.00000000
0.58793878,0.00000000
0.60153816,0.00000000
0.57138198,0.00000000
0.57998189,0.00000000
0.58280573,0.00000000
0.58762223,0.00000000
0.59506674,0.00000000
0.61128411,0.00000000
0.59457447,0.00000000
0.59309075,0.00000000
0.61959822,0.00000000
0.60091449,0.00000000
0.56704469,0.00000000
0.58256039,0.00000000
0.57411002,0.00000000
0.56316574,0.00000000
0.54227175,0.00000000
0.54139533,0.00000000
0.52448442,0.00000000
0.50207378,0.00000000
0.51564670,0.00000000
0.50600193,0.00000000
0.50106267,0.00000000
0.50764897,0.00000000
0.49754120,0.00000000
0.49020796,0.00000000
0.48733046,0.00000000
0.48550630,0.00000000
0.48951872,0.00000000
0.49180646,0.00000000
0.46398972,0.00000000
0.46327576,0.00000000
0.43045972,0.00000000
0.40071803,0.00000000
0.42513982,0.00000000
0.42128258,0.00000000
0.41613943,0.00000000
0.42516254,0.00000000
0.41084012,0.00000000
0.42350310,0.00000000
0.38669441,0.00000000
0.42187654,0.00000000
0.40608723,0.00000000
0.40506789,0.00000000
0.40472943,0.00000000
0.40237867,0.00000000
0.40902110,0.00000000
0.39833429,0.00000000
0.39714119,0.00000000
0.39493157,0.00000000
0.42471975,0.00000000
0.39334314,0.00000000
0.39633714,0.00000000
0.41671441,0.00000000
0.41329999,0.00000000
0.41292989,0.00000000
0.42342768,0.00000000
0.40627383,0.00000000
0.42732339,0.00000000
0.45350639,0.00000000
0.41033069,0.00000000
0.48600417,0.00000000
0.44606086,0.00000000
0.48641276,0.00000000
0.44532363,0.00000000
0.46806474,0.00000000
0.55108796,0.00000000
0.47094548,0.00000000
0.45756737,0.00000000
0.45287746,0.00000000
0.43631157,0.00000000
0.44258913,0.00000000
0.42925240,0.00000000
0.42285519,0.00000000
0.41327459,0.00000000
0.40060716,0.00000000
0.39358884,0.00000000
0.39519453,0.00000000
0.40201903,0.00000000
0.41907949,0.00000000
0.42611663,0.00000000
0.39221650,0.00000000
0.40089901,0.00000000
0.41357539,0.00000000
0.44020981,0.00000000
0.46762608,0.00000000
0.48134529,0.00000000
0.53871136,0.00000000
0.60620180,0.00000000
0.68809326,0.00000000
0.70917430,0.00000000
0.75026330,0.00000000
0.77279720,0.00000000
0.79647880,0.00000000
0.84585791,0.00000000
0.83744360,0.00000000
0.78686643,0.00000000
0.89726251,0.00000000
0.90498458,0.00000000
0.87149264,0.00000000
0.88833071,0.00000000
0.97820063,0.00000000
0.97643758,0.00000000
0.92261505,0.00000000
0.93630269,0.00000000
0.92393578,0.00000000
0.92786296,0.00000000
0.96570235,0.00000000
0.95679218,0.00000000
0.94771322,0.00000000
0.91159948,0.00000000
0.96037055,0.00000000
0.93225352,0.00000000
0.90977038,0.00000000
0.91098075,0.00000000
0.94025210,0.00000000
0.95163550,0.00000000
0.93413155,0.00000000
0.93397841,0.00000000
0.93713195,0.00000000
0.95877238,0.00000000
0.98712837,0.00000000
0.95389339,0.00000000
0.97561073,0.00000000
0.94438133,0.00000000
0.96558411,0.00000000
0.97574393,0.00000000
0.97567212,0.00000000
0.98689268,0.00000000
0.96438277,0.00000000
0.98747343,0.00000000
0.96489748,0.00000000
0.96486816,0.00000000
0.96943258,0.00000000
0.98069070,0.00000000
0.97984955,0.00000000
0.95877961,0.00000000
0.95945487,0.00000000
0.95809326,0.00000000
0.91204574,0.00000000
0.94046626,0.00000000
0.94260428,0.00000000
0.92403648,0.00000000
0.92942299,0.00000000
0.93098961,0.00000000
0.95114583,0.00000000
0.93524443,0.00000000
0.95560806,0.00000000
0.95349225,0.00000000
0.96715405,0.00000000
0.96809408,0.00000000
0.92795132,0.00000000
0.90414373,0.00000000
0.95432267,0.00000000
0.94820968,0.00000000
0.88402482,0.00000000
0.94398248,0.00000000
0.96984660,0.00000000
0.93217140,0.00000000
0.95703650,0.00000000
0.95948217,0.00000000
0.96125521,0.00000000
0.94040921,0.00000000
0.93380034,0.00000000
0.96376590,0.00000000
0.97865384,0.00000000
0.95571365,0.00000000
0.92550137,0.00000000
0.92342550,0.00000000
0.94397548,0.00000000
0.98766856,0.00000000
0.95833532,0.00000000
0.96014543,0.00000000
0.93926712,0.00000000
0.95770483,0.00000000
0.93815009,0.00000000
0.96383888,0.00000000
0.95118657,0.00000000
0.97354878,0.00000000
0.95910163,0.00000000
0.92588288,0.00000000
0.91414398,0.00000000
0.94884017,0.00000000
0.93888337,0.00000000
0.96547985,0.00000000
0.96072935,0.00000000
0.94062547,0.00000000
0.93240782,0.00000000
0.99218863,0.00000000
0.98556519,0.00000000
0.96128582,0.00000000
0.95560058,0.00000000
0.96594644,0.00000000
0.97132189,0.00000000
0.93710627,0.00000000
0.90694377,0.00000000
0.97812754,0.00000000
0.97638103,0.00000000
0.92852849,0.00000000
0.98789734,0.00000000
0.98155158,0.00000000
0.98154270,0.00000000
0.97182141,0.00000000
0.97681717,0.00000000
0.97639887,0.00000000
0.96374751,0.00000000
0.95965742,0.00000000
0.95592351,0.00000000
0.95323369,0.00000000
0.95284059,0.00000000
0.94192848,0.00000000
0.97062300,0.00000000
0.96611878,0.00000000
0.97209832,0.00000000
0.97818186,0.00000000
0.96401313,0.00000000
0.95630988,0.00000000
0.97075518,0.00000000
0.96315974,0.00000000
0.98063698,0.00000000
0.94510538,0.00000000
0.92720232,0.00000000
0.92469804,0.00000000
0.97262628,0.00000000
0.94074013,0.00000000
0.93291624,0.00000000
0.96225429,0.00000000
0.91975976,0.00000000
0.95994789,0.00000000
0.93015234,0.00000000
0.93988439,0.00000000
0.97647061,0.00000000
0.96133019,0.00000000
0.98029057,0.00000000
0.95161876,0.00000000
0.95580615,0.00000000
0.94683436,0.00000000
0.94499512,0.00000000
0.92781090,0.00000000
0.98600000,0.00000000
0.96766124,0.00000000
0.97886080,0.00000000
0.97520715,0.00000000
0.95610705,0.00000000
0.96579913,0.00000000
0.95849392,0.00000000
0.96133900,0.00000000
0.95822861,0.00000000
0.96392328,0.00000000
0.94966113,0.00000000
0.94681407,0.00000000
0.95296036,0.00000000
0.95519432,0.00000000
0.96698547,0.00000000
0.96932074,0.00000000
0.96984463,0.00000000
0.97945906,0.00000000
0.97646062,0.00000000
0.96845520,0.00000000
0.96498144,0.00000000
0.94519938,0.00000000
0.95222956,0.00000000
0.95748669,0.00000000
0.98043632,0.00000000
0.97583538,0.00000000
0.97351502,0.00000000
0.96571850,0.00000000
0.94700129,0.00000000
0.95888156,0.00000000
0.97720407,0.00000000
0.96773736,0.00000000
0.97865657,0.00000000
0.96358699,0.00000000
0.94015905,0.00000000
0.97528125,0.00000000
0.96152301,0.00000000
0.96295168,0.00000000
0.96798152,0.00000000
0.96559011,0.00000000
0.95601878,0.00000000
0.94152801,0.00000000
0.94853156,0.00000000
0.94164592,0.00000000
0.94726775,0.00000000
0.96875161,0.00000000
0.96068335,0.00000000
0.96503152,0.00000000
0.93896189,0.00000000
0.96890992,0.00000000
0.91378192,0.00000000
0.75929220,0.00000000
0.92319452,0.00000000
0.91314465,0.00000000
0.94266449,0.00000000
0.94733811,0.00000000
0.92527687,0.00000000
0.90450478,0.00000000
0.88239022,0.00000000
0.88054050,0.00000000
0.85582129,0.00000000
0.87737769,0.00000000
0.88585715,0.00000000
0.86124539,0.00000000
0.87084708,0.00000000
0.88347016,0.00000000
0.86317309,0.00000000
0.87078829,0.00000000
0.88721080,0.00000000
0.85832432,0.00000000
0.86612068,0.00000000
0.90224702,0.00000000
0.90674424,0.00000000
0.84718919,0.00000000
0.88981635,0.00000000
0.87040376,0.00000000
0.92909114,0.00000000
0.91578962,0.00000000
0.91117497,0.00000000
0.90761531,0.00000000
0.89459141,0.00000000
0.90668062,0.00000000
0.90089320,0.00000000
0.89287595,0.00000000
0.88542519,0.00000000
0.90129964,0.00000000
0.90103072,0.00000000
0.90598267,0.00000000
0.90341116,0.00000000
0.91792034,0.00000000
0.89891388,0.00000000
