0.00000000,0.00000000
0.77745374,0.00000000
0.78848758,0.00000000
0.89569044,0.00000000
0.74829235,0.00000000
0.75922932,0.00000000
0.93244776,0.00000000
0.81023281,0.00000000
0.92572411,0.00000000
0.87925941,0.00000000
0.86133732,0.00000000
0.86618567,0.00000000
0.91933136,0.00000000
0.62730342,0.00000000
0.78607494,0.00000000
0.60114025,0.00000000
0.82120594,0.00000000
0.69077225,0.00000000
0.88020338,0.00000000
0.88038391,0.00000000
0.70996043,0.00000000
0.79986463,0.00000000
0.81518127,0.00000000
0.81683277,0.00000000
0.67051596,0.00000000
0.81002364,0.00000000
0.86756520,0.00000000
0.85646141,0.00000000
0.82918229,0.00000000
0.78155047,0.00000000
0.91517555,0.00000000
0.88967961,0.00000000
0.78746730,0.00000000
0.86762448,0.00000000
0.77856665,0.00000000
0.87936436,0.00000000
0.67487076,0.00000000
0.66381754,0.00000000
0.72047496,0.00000000
0.84003072,0.00000000
0.74270012,0.00000000
0.79793744,0.00000000
0.79838466,0.00000000
0.76106376,0.00000000
0.80828912,0.00000000
0.85491665,0.00000000
0.80239294,0.00000000
0.79804933,0.00000000
0.92142281,0.00000000
0.81474389,0.00000000
0.84587766,0.00000000
0.87109021,0.00000000
0.77320537,0.00000000
0.91555129,0.00000000
0.82334837,0.00000000
0.80083753,0.00000000
0.85495767,0.00000000
0.88170411,0.00000000
0.75467396,0.00000000
0.69764796,0.00000000
0.68452761,0.00000000
0.53580320,0.00000000
0.59057783,0.00000000
0.76484637,0.00000000
0.93056140,0.00000000
0.65515729,0.00000000
0.76328450,0.00000000
0.72447423,0.00000000
0.89105530,0.00000000
0.84337327,0.00000000
0.81158031,0.00000000
0.79671609,0.00000000
0.90173668,0.00000000
0.92231398,0.00000000
0.94323549,0.00000000
0.83048671,0.00000000
0.82496476,0.00000000
0.85511686,0.00000000
0.90867536,0.00000000
0.87409436,0.00000000
0.82194895,0.00000000
0.78343300,0.00000000
0.86051159,0.00000000
0.81007137,0.00000000
0.86627034,0.00000000
0.75007407,0.00000000
0.86863244,0.00000000
0.82975808,0.00000000
0.85641059,0.00000000
0.75640903,0.00000000
0.83706508,0.00000000
0.81994675,0.00000000
0.84127957,0.00000000
0.71586591,0.00000000
0.71492811,0.00000000
0.81587596,0.00000000
0.82868829,0.00000000
0.79685458,0.00000000
0.88277680,0.00000000
0.90870163,0.00000000
0.86523643,0.00000000
0.89331400,0.00000000
0.85261994,0.00000000
0.83627042,0.00000000
0.84499355,0.00000000
0.79080826,0.00000000
0.80478979,0.00000000
0.84382867,0.00000000
0.83134993,0.00000000
0.84914714,0.00000000
0.75705317,0.00000000
0.82164104,0.00000000
0.87913460,0.00000000
0.86318287,0.00000000
0.84871985,0.00000000
0.79379432,0.00000000
0.83353590,0.00000000
0.89027147,0.00000000
0.85401854,0.00000000
0.79262270,0.00000000
0.72490697,0.00000000
0.70982080,0.00000000
0.72920708,0.00000000
0.72826746,0.00000000
0.69584467,0.00000000
0.57697568,0.00000000
0.64988117,0.00000000
0.76450702,0.00000000
0.75070840,0.00000000
0.70732515,0.00000000
0.72137468,0.00000000
0.78444208,0.00000000
0.82655924,0.00000000
0.73592559,0.00000000
0.77545992,0.00000000
0.72273058,0.00000000
0.78337643,0.00000000
0.71025904,0.00000000
0.76084797,0.00000000
0.74221518,0.00000000
0.82976536,0.00000000
0.78723309,0.00000000
0.88315431,0.00000000
0.83018281,0.00000000
0.79258400,0.00000000
0.83131651,0.00000000
0.84500259,0.00000000
0.90852601,0.00000000
0.80819890,0.00000000
0.77893697,0.00000000
0.90685480,0.00000000
0.86786961,0.00000000
0.83206967,0.00000000
0.87357335,0.00000000
0.89711698,0.00000000
0.80874593,0.00000000
0.82147268,0.00000000
0.80648105,0.00000000
0.81174536,0.00000000
0.82650150,0.00000000
0.79982490,0.00000000
0.80197662,0.00000000
0.87933957,0.00000000
0.83516583,0.00000000
0.81415964,0.00000000
0.84250400,0.00000000
0.81916092,0.00000000
0.80153127,0.00000000
0.88398243,0.00000000
0.80433624,0.00000000
0.88164042,0.00000000
0.78981444,0.00000000
0.80310954,0.00000000
0.68094469,0.00000000
0.71830087,0.00000000
0.83050246,0.00000000
0.82797625,0.00000000
0.81836650,0.00000000
0.89778830,0.00000000
0.92345504,0.00000000
0.84349294,0.00000000
0.77946104,0.00000000
0.76359488,0.00000000
0.79833042,0.00000000
0.78666915,0.00000000
0.80831810,0.00000000
0.81377026,0.00000000
0.78168394,0.00000000
0.82875006,0.00000000
0.77299234,0.00000000
0.78282498,0.00000000
0.86665132,0.00000000
0.86526057,0.00000000
0.86556465,0.00000000
0.79972831,0.00000000
0.81093092,0.00000000
0.82762339,0.00000000
0.85708123,0.00000000
0.85608747,0.00000000
0.92785470,0.00000000
0.81704244,0.00000000
0.86926051,0.00000000
0.82194569,0.00000000
0.77364535,0.00000000
0.82418946,0.00000000
0.82305311,0.00000000
0.86806885,0.00000000
0.84742457,0.00000000
0.86670643,0.00000000
0.81197348,0.00000000
0.85571215,0.00000000
0.86389904,0.00000000
0.81487725,0.00000000
0.81474500,0.00000000
0.86099778,0.00000000
0.73422298,0.00000000
0.77503980,0.00000000
0.83275950,0.00000000
0.75404350,0.00000000
0.74950861,0.00000000
0.78036471,0.00000000
0.81397506,0.00000000
0.80963811,0.00000000
0.70716543,0.00000000
0.71977249,0.00000000
0.71078288,0.00000000
0.72761690,0.00000000
0.75812800,0.00000000
0.68661415,0.00000000
0.75282861,0.00000000
0.73163130,0.00000000
0.75405879,0.00000000
0.72734189,0.00000000
0.69242731,0.00000000
0.55999287,0.00000000
0.63170514,0.00000000
0.67534279,0.00000000
0.65097472,0.00000000
0.75092277,0.00000000
0.79512184,0.00000000
0.72480334,0.00000000
0.74645791,0.00000000
0.72733069,0.00000000
0.79451366,0.00000000
0.72581286,0.00000000
0.82138388,0.00000000
0.85753314,0.00000000
0.71887464,0.00000000
0.78742586,0.00000000
0.76577423,0.00000000
0.74403395,0.00000000
0.77890860,0.00000000
0.75469961,0.00000000
0.76068453,0.00000000
0.76096208,0.00000000
0.75233422,0.00000000
0.71253696,0.00000000
0.77538976,0.00000000
0.81005326,0.00000000
0.67193704,0.00000000
0.67381847,0.00000000
0.56843836,0.00000000
0.62548399,0.00000000
0.55720466,0.00000000
0.71095301,0.00000000
0.73828964,0.00000000
0.67726438,0.00000000
0.70639456,0.00000000
0.77034071,0.00000000
0.67742474,0.00000000
0.63393863,0.00000000
0.69392390,0.00000000
0.74485264,0.00000000
0.62478462,0.00000000
0.72561138,0.00000000
0.68639429,0.00000000
0.68128602,0.00000000
0.68381103,0.00000000
0.58482119,0.00000000
0.63594844,0.00000000
0.63583490,0.00000000
0.60193397,0.00000000
0.70645892,0.00000000
0.64281789,0.00000000
0.60402739,0.00000000
0.70960501,0.00000000
0.64389038,0.00000000
0.49726259,0.00000000
0.55092836,0.00000000
0.69207424,0.00000000
0.55502594,0.00000000
0.57959003,0.00000000
0.72598501,0.00000000
0.56719327,0.00000000
0.67511375,0.00000000
0.60953129,0.00000000
0.72890119,0.00000000
0.72926488,0.00000000
0.77208769,0.00000000
0.63326473,0.00000000
0.74522071,0.00000000
0.69351286,0.00000000
0.74675643,0.00000000
0.69447335,0.00000000
0.67303550,0.00000000
0.51955754,0.00000000
0.57031556,0.00000000
0.49059664,0.00000000
0.49861914,0.00000000
0.54178207,0.00000000
0.60549265,0.00000000
0.39095406,0.00000000
0.37891543,0.00000000
0.62449040,0.00000000
0.53317959,0.00000000
0.52168276,0.00000000
0.52146914,0.00000000
0.65787831,0.00000000
0.58249547,0.00000000
0.65786508,0.00000000
0.57365711,0.00000000
0.67816645,0.00000000
0.66232593,0.00000000
0.70004903,0.00000000
0.73097296,0.00000000
0.61904138,0.00000000
0.61689940,0.00000000
0.57037662,0.00000000
0.52024036,0.00000000
0.54621246,0.00000000
0.52142582,0.00000000
0.53472264,0.00000000
0.57225924,0.00000000
0.61427454,0.00000000
0.69907574,0.00000000
0.82495242,0.00000000
0.72639164,0.00000000
0.83310521,0.00000000
0.69124424,0.00000000
0.71156996,0.00000000
0.85129237,0.00000000
0.76738038,0.00000000
0.55050868,0.00000000
0.63270593,0.00000000
0.51833459,0.00000000
0.66599507,0.00000000
0.53443524,0.00000000
0.60502494,0.00000000
0.49240138,0.00000000
0.50294778,0.00000000
0.45213185,0.00000000
0.48197604,0.00000000
0.44995485,0.00000000
0.48850441,0.00000000
0.45804710,0.00000000
0.55106866,0.00000000
0.48110702,0.00000000
0.50846621,0.00000000
0.47057721,0.00000000
0.49755422,0.00000000
0.53705228,0.00000000
0.56112290,0.00000000
0.58052426,0.00000000
0.58977594,0.00000000
0.58759089,0.00000000
0.65347019,0.00000000
0.62225179,0.00000000
0.77918385,0.00000000
0.60622366,0.00000000
0.72718242,0.00000000
0.73669792,0.00000000
0.73039842,0.00000000
0.75032317,0.00000000
0.66979670,0.00000000
0.71539403,0.00000000
0.72429901,0.00000000
0.64525116,0.00000000
0.77697069,0.00000000
0.77912402,0.00000000
0.73900328,0.00000000
0.67770019,0.00000000
0.72849282,0.00000000
0.68650926,0.00000000
0.75314812,0.00000000
0.70593231,0.00000000
0.60337836,0.00000000
0.60001371,0.00000000
0.62195453,0.00000000
0.62926103,0.00000000
0.58655794,0.00000000
0.75931764,0.00000000
0.73564107,0.00000000
0.72703402,0.00000000
0.72752909,0.00000000
0.62797247,0.00000000
0.68443951,0.00000000
0.68864771,0.00000000
0.69214443,0.00000000
0.60342563,0.00000000
0.62876922,0.00000000
0.72049826,0.00000000
0.67142991,0.00000000
0.62219648,0.00000000
0.77924519,0.00000000
0.59508714,0.00000000
0.66191909,0.00000000
0.73057987,0.00000000
0.68848555,0.00000000
0.66057718,0.00000000
0.68704784,0.00000000
0.68406488,0.00000000
0.71158776,0.00000000
0.67424612,0.00000000
0.74589528,0.00000000
0.79716832,0.00000000
0.64305158,0.00000000
0.53864400,0.00000000
0.71797421,0.00000000
0.65854604,0.00000000
0.62716402,0.00000000
0.61675990,0.00000000
0.72117317,0.00000000
0.63990538,0.00000000
0.73418421,0.00000000
0.65797629,0.00000000
0.51979089,0.00000000
0.65556075,0.00000000
0.68766033,0.00000000
0.65152816,0.00000000
0.73723199,0.00000000
0.74747083,0.00000000
0.76916111,0.00000000
0.75361294,0.00000000
0.85347483,0.00000000
0.64653057,0.00000000
0.64932693,0.00000000
0.71336434,0.00000000
0.65456883,0.00000000
0.62678478,0.00000000
0.65990934,0.00000000
0.67080418,0.00000000
0.71959889,0.00000000
0.65284596,0.00000000
0.61020278,0.00000000
0.65490650,0.00000000
0.63104594,0.00000000
0.68001260,0.00000000
0.70075225,0.00000000
0.68864405,0.00000000
0.68810475,0.00000000
0.67025411,0.00000000
0.72449533,0.00000000
0.67898223,0.00000000
0.67513187,0.00000000
0.73392592,0.00000000
0.73238558,0.00000000
0.68560231,0.00000000
0.65574848,0.00000000
0.72455065,0.00000000
0.71824425,0.00000000
0.69140742,0.00000000
0.63029225,0.00000000
0.61923760,0.00000000
0.65260621,0.00000000
0.57561494,0.00000000
0.65428080,0.00000000
0.68950232,0.00000000
0.69572460,0.00000000
0.60408171,0.00000000
0.70023351,0.00000000
0.68269023,0.00000000
0.70210673,0.00000000
0.63524792,0.00000000
0.69875857,0.00000000
0.63112880,0.00000000
0.63841495,0.00000000
0.63513816,0.00000000
0.67801152,0.00000000
0.74623262,0.00000000
0.65961231,0.00000000
0.63236310,0.00000000
0.67416441,0.00000000
0.66675011,0.00000000
0.65058980,0.00000000
0.70525139,0.00000000
0.75475435,0.00000000
0.69295453,0.00000000
0.69404393,0.00000000
0.66539458,0.00000000
0.69636830,0.00000000
0.61438038,0.00000000
0.63857359,0.00000000
0.69345795,0.00000000
0.63720986,0.00000000
0.71169896,0.00000000
0.60936946,0.00000000
0.70975149,0.00000000
0.71783471,0.00000000
0.66849650,0.00000000
0.67522580,0.00000000
0.63424153,0.00000000
0.75878625,0.00000000
0.67081265,0.00000000
0.72160603,0.00000000
0.73408090,0.00000000
0.72088127,0.00000000
0.72225835,0.00000000
0.65145692,0.00000000
0.76457235,0.00000000
0.74544530,0.00000000
0.70789086,0.00000000
0.77809866,0.00000000
0.75834100,0.00000000
0.71861098,0.00000000
0.73944564,0.00000000
0.73871290,0.00000000
0.76730247,0.00000000
0.79597057,0.00000000
0.74495804,0.00000000
0.73468303,0.00000000
0.68819809,0.00000000
0.69014886,0.00000000
0.68543474,0.00000000
0.70376892,0.00000000
0.71170582,0.00000000
0.71479775,0.00000000
0.69181817,0.00000000
0.76466945,0.00000000
0.76319062,0.00000000
0.76171427,0.00000000
0.74006257,0.00000000
0.69088497,0.00000000
0.73186867,0.00000000
0.78031733,0.00000000
0.71957503,0.00000000
0.69932333,0.00000000
0.68977702,0.00000000
0.66013344,0.00000000
0.88583561,0.00000000
0.74952638,0.00000000
0.78996550,0.00000000
0.79677030,0.00000000
0.74766121,0.00000000
0.78411939,0.00000000
0.81126741,0.00000000
0.76036090,0.00000000
0.74798089,0.00000000
0.72040289,0.00000000
0.74225245,0.00000000
0.80428328,0.00000000
0.79518224,0.00000000
0.86572956,0.00000000
0.79931769,0.00000000
0.74784980,0.00000000
0.72690956,0.00000000
0.84552885,0.00000000
0.83903453,0.00000000
0.73023808,0.00000000
0.83440889,0.00000000
0.87811790,0.00000000
0.88720932,0.00000000
0.83284696,0.00000000
0.73119150,0.00000000
0.77860429,0.00000000
0.85583425,0.00000000
0.83199417,0.00000000
0.85362561,0.00000000
0.79657110,0.00000000
0.84817704,0.00000000
0.86406854,0.00000000
0.91145364,0.00000000
0.76561848,0.00000000
0.77238604,0.00000000
0.83107041,0.00000000
0.82293549,0.00000000
0.86725090,0.00000000
0.91653139,0.00000000
0.82478963,0.00000000
0.87292751,0.00000000
0.87948022,0.00000000
0.88235415,0.00000000
0.86742289,0.00000000
0.82876252,0.00000000
0.88743177,0.00000000
0.85297860,0.00000000
0.87828413,0.00000000
0.90764228,0.00000000
0.84546630,0.00000000
0.78531628,0.00000000
0.81318595,0.00000000
0.83266971,0.00000000
0.86674936,0.00000000
0.74223966,0.00000000
0.83022135,0.00000000
0.84307466,0.00000000
0.91505462,0.00000000
0.87030515,0.00000000
0.75008444,0.00000000
0.84312112,0.00000000
0.69058682,0.00000000
0.73282561,0.00000000
0.72352800,0.00000000
0.81680402,0.00000000
0.80585515,0.00000000
0.74901878,0.00000000
0.73187754,0.00000000
0.87409239,0.00000000
0.86684177,0.00000000
0.82681426,0.00000000
0.81078730,0.00000000
0.86640549,0.00000000
0.73002638,0.00000000
0.85106121,0.00000000
0.79180467,0.00000000
0.77479825,0.00000000
0.78271744,0.00000000
0.75387319,0.00000000
0.76177598,0.00000000
0.78963510,0.00000000
0.72107316,0.00000000
0.74577702,0.00000000
0.70871006,0.00000000
0.78374262,0.00000000
0.77335197,0.00000000
0.78491967,0.00000000
0.78311916,0.00000000
0.77732196,0.00000000
0.75769422,0.00000000
0.79614946,0.00000000
0.80366695,0.00000000
0.83748103,0.00000000
0.75602022,0.00000000
0.82467392,0.00000000
0.76166369,0.00000000
0.73319573,0.00000000
0.71967416,0.00000000
0.74762257,0.00000000
0.80448775,0.00000000
0.76482974,0.00000000
0.71577813,0.00000000
0.76893868,0.00000000
0.61234904,0.00000000
0.88817371,0.00000000
0.67045399,0.00000000
0.75042445,0.00000000
0.60160824,0.00000000
0.78347763,0.00000000
0.72165046,0.00000000
0.69516001,0.00000000
0.68812491,0.00000000
0.84951015,0.00000000
0.77007359,0.00000000
0.81010233,0.00000000
0.91226434,0.00000000
0.71227942,0.00000000
0.78501736,0.00000000
0.86881717,0.00000000
0.81607924,0.00000000
0.78704328,0.00000000
0.81994114,0.00000000
0.86958467,0.00000000
0.87970604,0.00000000
0.60150074,0.00000000
0.63140012,0.00000000
0.66318958,0.00000000
0.75276903,0.00000000
0.68839974,0.00000000
0.64364615,0.00000000
0.81116512,0.00000000
0.85075473,0.00000000
0.59972816,0.00000000
0.62868753,0.00000000
0.61383282,0.00000000
0.68878438,0.00000000
0.68570199,0.00000000
0.85931100,0.00000000
0.71683396,0.00000000
0.68848799,0.00000000
0.74604815,0.00000000
0.68800945,0.00000000
0.60468954,0.00000000
0.76566334,0.00000000
0.78700568,0.00000000
0.75099265,0.00000000
0.67700737,0.00000000
0.58505588,0.00000000
0.67609953,0.00000000
0.60584998,0.00000000
0.61728900,0.00000000
0.78342946,0.00000000
0.63950158,0.00000000
0.60262263,0.00000000
0.76041928,0.00000000
0.77052146,0.00000000
0.68955452,0.00000000
0.67301512,0.00000000
0.82912086,0.00000000
0.69368616,0.00000000
0.64473666,0.00000000
0.75942541,0.00000000
0.71137708,0.00000000
0.74448990,0.00000000
0.73222172,0.00000000
0.78764012,0.00000000
0.78667592,0.00000000
0.78458743,0.00000000
0.77780578,0.00000000
0.72744109,0.00000000
0.69330624,0.00000000
0.71826572,0.00000000
0.67756059,0.00000000
0.75724509,0.00000000
0.76432292,0.00000000
0.69315791,0.00000000
0.73432324,0.00000000
0.78616002,0.00000000
0.76990261,0.00000000
0.71759944,0.00000000
0.66904856,0.00000000
0.61207803,0.00000000
0.61417366,0.00000000
0.70225640,0.00000000
0.64085389,0.00000000
0.66461293,0.00000000
0.67269333,0.00000000
0.68748795,0.00000000
0.52972067,0.00000000
0.60421356,0.00000000
0.58442279,0.00000000
0.53962662,0.00000000
0.70802354,0.00000000
0.74724522,0.00000000
0.81663538,0.00000000
0.79528685,0.00000000
0.84219646,0.00000000
0.78059532,0.00000000
0.73432826,0.00000000
0.69344294,0.00000000
0.66503379,0.00000000
0.64956908,0.00000000
0.70037825,0.00000000
0.76396068,0.00000000
0.77189408,0.00000000
0.77079067,0.00000000
0.73623183,0.00000000
0.74871099,0.00000000
0.87612006,0.00000000
0.74654078,0.00000000
0.77552238,0.00000000
0.69907547,0.00000000
0.74249974,0.00000000
0.84001634,0.00000000
0.65206617,0.00000000
0.82895501,0.00000000
0.74703464,0.00000000
0.77277824,0.00000000
0.71833548,0.00000000
0.71583350,0.00000000
0.78533753,0.00000000
0.82968586,0.00000000
0.82916878,0.00000000
0.74667137,0.00000000
0.74486027,0.00000000
0.82889316,0.00000000
0.65281833,0.00000000
0.68179487,0.00000000
0.72408971,0.00000000
0.75137429,0.00000000
0.54471599,0.00000000
0.72745005,0.00000000
0.60229507,0.00000000
0.73506032,0.00000000
0.63528941,0.00000000
0.68222987,0.00000000
0.66342508,0.00000000
0.72058709,0.00000000
0.63841042,0.00000000
0.74147907,0.00000000
0.71168188,0.00000000
0.69338256,0.00000000
0.80691274,0.00000000
0.68422849,0.00000000
0.91073622,0.00000000
0.72635999,0.00000000
0.62896484,0.00000000
0.69851445,0.00000000
0.77928699,0.00000000
0.74169565,0.00000000
0.68270538,0.00000000
0.86030450,0.00000000
0.75829362,0.00000000
0.77308067,0.00000000
0.67450134,0.00000000
0.73486463,0.00000000
0.64285479,0.00000000
0.75956149,0.00000000
0.74891336,0.00000000
0.76148191,0.00000000
0.71495766,0.00000000
0.90236050,0.00000000
0.78976863,0.00000000
0.78402730,0.00000000
0.84841066,0.00000000
0.74625779,0.00000000
0.81029826,0.00000000
0.67039297,0.00000000
0.74815309,0.00000000
0.65638712,0.00000000
0.77149529,0.00000000
0.62604322,0.00000000
0.68666429,0.00000000
0.61855063,0.00000000
0.67952716,0.00000000
0.65880976,0.00000000
0.54444960,0.00000000
0.69502552,0.00000000
0.53294461,0.00000000
0.52793024,0.00000000
0.63956674,0.00000000
0.56274191,0.00000000
0.79139766,0.00000000
0.72410331,0.00000000
0.74003067,0.00000000
0.51039042,0.00000000
0.69529367,0.00000000
0.76725716,0.00000000
0.65072626,0.00000000
0.68131213,0.00000000
0.72298229,0.00000000
0.55760689,0.00000000
0.63632619,0.00000000
0.66900342,0.00000000
0.55771811,0.00000000
0.61952519,0.00000000
0.60387405,0.00000000
0.66086493,0.00000000
0.62325704,0.00000000
0.67375020,0.00000000
0.64983140,0.00000000
0.59609495,0.00000000
0.69216773,0.00000000
0.77471828,0.00000000
0.77033508,0.00000000
0.67716758,0.00000000
0.67315313,0.00000000
0.55813173,0.00000000
0.66657448,0.00000000
0.66858454,0.00000000
0.75200139,0.00000000
0.69666790,0.00000000
0.66007889,0.00000000
0.65810132,0.00000000
0.63448208,0.00000000
0.64645145,0.00000000
0.66836013,0.00000000
0.63212633,0.00000000
0.68332405,0.00000000
0.65729892,0.00000000
0.70506991,0.00000000
0.70184233,0.00000000
0.74694009,0.00000000
0.61115341,0.00000000
0.67378549,0.00000000
0.65883099,0.00000000
0.62479986,0.00000000
0.64068424,0.00000000
0.70495650,0.00000000
0.75455303,0.00000000
0.72048663,0.00000000
0.65990298,0.00000000
0.66072602,0.00000000
0.66602786,0.00000000
0.72389401,0.00000000
0.67451331,0.00000000
0.79876494,0.00000000
0.84704773,0.00000000
0.69842703,0.00000000
0.77125611,0.00000000
0.69550927,0.00000000
0.80292433,0.00000000
0.56473085,0.00000000
0.68063882,0.00000000
0.58779076,0.00000000
0.89720301,0.00000000
0.69957905,0.00000000
0.71933012,0.00000000
0.93316701,0.00000000
0.81002124,0.00000000
0.78380459,0.00000000
0.76302659,0.00000000
0.77434598,0.00000000
0.63529362,0.00000000
0.68706513,0.00000000
0.58648539,0.00000000
0.59658793,0.00000000
0.78063838,0.00000000
0.67544899,0.00000000
0.69019167,0.00000000
0.74716245,0.00000000
0.72802893,0.00000000
0.64081803,0.00000000
0.86624948,0.00000000
0.76443818,0.00000000
0.80139419,0.00000000
0.75325823,0.00000000
0.73729910,0.00000000
0.88697084,0.00000000
0.66512785,0.00000000
0.72192944,0.00000000
0.66722647,0.00000000
0.71972880,0.00000000
0.75009335,0.00000000
0.75163274,0.00000000
0.75310279,0.00000000
0.71447643,0.00000000
0.81813615,0.00000000
0.68305447,0.00000000
0.80786548,0.00000000
0.95013962,0.00000000
0.89009184,0.00000000
0.84039593,0.00000000
0.85196516,0.00000000
0.87871458,0.00000000
0.88181502,0.00000000
0.83734113,0.00000000
0.79159405,0.00000000
0.67932387,0.00000000
0.80386267,0.00000000
0.77295631,0.00000000
0.79994085,0.00000000
0.79407336,0.00000000
0.91350919,0.00000000
0.75226738,0.00000000
0.65680144,0.00000000
0.64449118,0.00000000
0.76444645,0.00000000
0.80822544,0.00000000
0.69006266,0.00000000
0.79818620,0.00000000
0.71599271,0.00000000
0.64193771,0.00000000
0.76253027,0.00000000
0.66061289,0.00000000
0.73128473,0.00000000
0.72727342,0.00000000
0.72467978,0.00000000
0.71566906,0.00000000
0.70775538,0.00000000
0.67198442,0.00000000
0.68710861,0.00000000
0.71662271,0.00000000
0.71896797,0.00000000
0.68333653,0.00000000
0.60992079,0.00000000
0.68699508,0.00000000
0.65634620,0.00000000
0.64751515,0.00000000
0.76136171,0.00000000
0.71656532,0.00000000
0.74024641,0.00000000
0.60927665,0.00000000
0.51026125,0.00000000
0.52348569,0.00000000
0.59930076,0.00000000
0.53192089,0.00000000
0.33212024,0.00000000
0.46973323,0.00000000
0.38141795,0.00000000
0.47933255,0.00000000
0.42683257,0.00000000
0.40705692,0.00000000
0.71390095,0.00000000
0.73891983,0.00000000
0.72623711,0.00000000
0.75643565,0.00000000
0.77690682,0.00000000
0.70392895,0.00000000
0.79801825,0.00000000
0.58340944,0.00000000
0.56795027,0.00000000
0.68599596,0.00000000
0.69927652,0.00000000
0.56941992,0.00000000
0.77791479,0.00000000
0.69271709,0.00000000
0.79052706,0.00000000
0.74154026,0.00000000
0.78651356,0.00000000
0.78799625,0.00000000
0.75620463,0.00000000
0.70503669,0.00000000
0.77499969,0.00000000
0.78641923,0.00000000
0.79650617,0.00000000
0.80321108,0.00000000
0.80918773,0.00000000
0.69641744,0.00000000
0.74794901,0.00000000
0.79649108,0.00000000
0.73568219,0.00000000
0.83286655,0.00000000
0.79274883,0.00000000
0.79166782,0.00000000
0.73033857,0.00000000
0.76080030,0.00000000
0.72403794,0.00000000
0.79620249,0.00000000
0.81527236,0.00000000
0.70240259,0.00000000
0.83853182,0.00000000
0.84618136,0.00000000
0.81309725,0.00000000
0.89554595,0.00000000
0.86126953,0.00000000
0.89850531,0.00000000
0.90975742,0.00000000
0.92553146,0.00000000
0.84032189,0.00000000
0.90346715,0.00000000
0.83122546,0.00000000
0.90024229,0.00000000
0.86310693,0.00000000
0.88221300,0.00000000
0.92803501,0.00000000
0.80845596,0.00000000
0.93166287,0.00000000
0.84454463,0.00000000
0.79633058,0.00000000
0.86341121,0.00000000
0.77914038,0.00000000
0.74474392,0.00000000
0.66375135,0.00000000
0.85156510,0.00000000
0.78421586,0.00000000
0.71564863,0.00000000
0.80900138,0.00000000
0.76884940,0.00000000
0.72261818,0.00000000
0.83960103,0.00000000
0.69940329,0.00000000
0.77464652,0.00000000
0.76328299,0.00000000
0.66789101,0.00000000
0.66345526,0.00000000
0.71453398,0.00000000
0.89646675,0.00000000
0.75549180,0.00000000
0.64251060,0.00000000
0.70775025,0.00000000
0.72450277,0.00000000
0.73851264,0.00000000
0.73210795,0.00000000
0.78100712,0.00000000
0.82090995,0.00000000
0.69754345,0.00000000
0.83513915,0.00000000
0.70686331,0.00000000
0.73405627,0.00000000
0.80267830,0.00000000
0.82922935,0.00000000
0.77424918,0.00000000
0.89449972,0.00000000
0.90847035,0.00000000
0.88945594,0.00000000
0.81380749,0.00000000
0.84668833,0.00000000
0.84196484,0.00000000
0.90468355,0.00000000
0.92347589,0.00000000
0.82130023,0.00000000
0.90393693,0.00000000
0.87410725,0.00000000
0.80462742,0.00000000
0.87245034,0.00000000
0.73637934,0.00000000
0.76781591,0.00000000
0.78300251,0.00000000
0.73473305,0.00000000
0.79869052,0.00000000
0.74098091,0.00000000
0.79261050,0.00000000
0.84783434,0.00000000
0.84256457,0.00000000
0.84700684,0.00000000
0.85553359,0.00000000
0.81508182,0.00000000
0.79389969,0.00000000
0.75968418,0.00000000
0.81214932,0.00000000
0.78989895,0.00000000
0.86865575,0.00000000
0.78415383,0.00000000
0.85652311,0.00000000
0.67653191,0.00000000
0.91624608,0.00000000
0.90200667,0.00000000
0.88319320,0.00000000
0.81286384,0.00000000
0.84028492,0.00000000
0.86697650,0.00000000
0.78319395,0.00000000
0.87422369,0.00000000
0.83148213,0.00000000
0.82578606,0.00000000
0.82512566,0.00000000
0.88077711,0.00000000
0.79765892,0.00000000
0.78154560,0.00000000
0.78257655,0.00000000
0.86629760,0.00000000
0.79835295,0.00000000
0.81994830,0.00000000
0.85099132,0.00000000
0.82339233,0.00000000
0.81898901,0.00000000
0.86812756,0.00000000
0.82429343,0.00000000
0.78358591,0.00000000
0.79737224,0.00000000
0.74257768,0.00000000
0.63987053,0.00000000
0.67103841,0.00000000
0.67844124,0.00000000
0.68718266,0.00000000
0.64787222,0.00000000
0.58006177,0.00000000
0.56039436,0.00000000
0.73827746,0.00000000
0.66779632,0.00000000
0.70978754,0.00000000
0.87564421,0.00000000
0.93609263,0.00000000
0.95440570,0.00000000
0.89381106,0.00000000
0.89446649,0.00000000
0.83919481,0.00000000
0.80453708,0.00000000
0.86330449,0.00000000
0.85100902,0.00000000
0.93238711,0.00000000
0.87184114,0.00000000
0.73532140,0.00000000
0.81353570,0.00000000
0.90011053,0.00000000
0.93429618,0.00000000
0.89201864,0.00000000
0.86906478,0.00000000
0.73657586,0.00000000
0.84055401,0.00000000
0.80635353,0.00000000
0.70605397,0.00000000
0.75270068,0.00000000
0.88620204,0.00000000
0.75639121,0.00000000
0.76093010,0.00000000
0.83975413,0.00000000
0.78832688,0.00000000
0.72719786,0.00000000
0.80312694,0.00000000
0.74715013,0.00000000
0.77425010,0.00000000
0.70426484,0.00000000
0.81496140,0.00000000
0.77117239,0.00000000
0.82646022,0.00000000
0.84891928,0.00000000
0.68553100,0.00000000
0.72265935,0.00000000
0.66536443,0.00000000
0.69007412,0.00000000
0.67985289,0.00000000
0.66417057,0.00000000
0.76014596,0.00000000
0.68631419,0.00000000
0.70609745,0.00000000
0.68178620,0.00000000
0.71349165,0.00000000
0.63979357,0.00000000
0.74056451,0.00000000
0.79756749,0.00000000
0.64444558,0.00000000
0.68485306,0.00000000
0.78992587,0.00000000
0.75643258,0.00000000
0.71704707,0.00000000
0.65719395,0.00000000
0.78281014,0.00000000
0.78251968,0.00000000
0.70270144,0.00000000
0.73923970,0.00000000
0.84564510,0.00000000
0.82915036,0.00000000
0.93308627,0.00000000
0.76306062,0.00000000
0.82726342,0.00000000
0.78167108,0.00000000
0.84798327,0.00000000
0.73444267,0.00000000
0.85304413,0.00000000
0.86248187,0.00000000
0.75181820,0.00000000
0.80045045,0.00000000
0.87548202,0.00000000
0.80414773,0.00000000
0.70981734,0.00000000
0.77867934,0.00000000
0.87627997,0.00000000
0.78133416,0.00000000
0.70550871,0.00000000
0.82043887,0.00000000
0.69572843,0.00000000
0.72523752,0.00000000
0.71768779,0.00000000
0.79727615,0.00000000
0.66532869,0.00000000
0.66304474,0.00000000
0.64180389,0.00000000
0.74610731,0.00000000
0.64462903,0.00000000
0.76434310,0.00000000
0.70573318,0.00000000
0.65986080,0.00000000
0.67051462,0.00000000
0.69071562,0.00000000
0.85200151,0.00000000
0.68403258,0.00000000
0.74831504,0.00000000
0.73653398,0.00000000
0.62904356,0.00000000
0.82129104,0.00000000
0.70225817,0.00000000
0.76680177,0.00000000
0.85751857,0.00000000
0.81346929,0.00000000
0.69959063,0.00000000
0.67419581,0.00000000
0.67387020,0.00000000
0.69032574,0.00000000
0.77058061,0.00000000
0.72813356,0.00000000
0.71597303,0.00000000
0.70885285,0.00000000
0.77884139,0.00000000
0.72224551,0.00000000
0.74255151,0.00000000
0.80581940,0.00000000
0.79063131,0.00000000
0.70261828,0.00000000
0.87567833,0.00000000
0.82535295,0.00000000
0.70784817,0.00000000
0.77960204,0.00000000
0.85866045,0.00000000
0.84811297,0.00000000
0.81640101,0.00000000
0.84327830,0.00000000
0.81911372,0.00000000
0.78418015,0.00000000
0.70788753,0.00000000
0.61515234,0.00000000
0.56821994,0.00000000
0.54978837,0.00000000
0.66179754,0.00000000
0.60391413,0.00000000
0.62734976,0.00000000
0.56063889,0.00000000
0.57488874,0.00000000
0.61954672,0.00000000
0.67136317,0.00000000
0.70260226,0.00000000
0.71435040,0.00000000
0.69545108,0.00000000
0.60020983,0.00000000
0.61907889,0.00000000
0.67057627,0.00000000
0.70306842,0.00000000
0.58005006,0.00000000
0.66023986,0.00000000
0.51048087,0.00000000
0.60914632,0.00000000
0.55206580,0.00000000
0.66701791,0.00000000
0.55409504,0.00000000
0.66561962,0.00000000
0.61219670,0.00000000
0.57333314,0.00000000
0.63111680,0.00000000
0.55168402,0.00000000
0.70936594,0.00000000
0.66774295,0.00000000
0.67551067,0.00000000
0.71865086,0.00000000
0.75524687,0.00000000
0.76591331,0.00000000
0.70061700,0.00000000
0.72965813,0.00000000
0.53528563,0.00000000
0.81247068,0.00000000
0.71966680,0.00000000
0.62516503,0.00000000
0.68878675,0.00000000
0.74048722,0.00000000
0.64243990,0.00000000
0.68418265,0.00000000
0.73584391,0.00000000
0.82012094,0.00000000
0.88000840,0.00000000
0.86824560,0.00000000
0.85486277,0.00000000
0.82441052,0.00000000
0.84882155,0.00000000
0.86012925,0.00000000
0.82491057,0.00000000
0.81997212,0.00000000
0.81383793,0.00000000
0.79621042,0.00000000
0.72869259,0.00000000
0.81728660,0.00000000
0.86614915,0.00000000
0.85803373,0.00000000
0.78797798,0.00000000
0.78200255,0.00000000
0.70058628,0.00000000
0.83489962,0.00000000
0.66411866,0.00000000
0.68338046,0.00000000
0.73327234,0.00000000
0.69615882,0.00000000
0.75971660,0.00000000
0.66620244,0.00000000
0.78014946,0.00000000
0.64452081,0.00000000
0.91675004,0.00000000
0.88212725,0.00000000
0.75918492,0.00000000
0.81484557,0.00000000
0.81481482,0.00000000
0.90115998,0.00000000
0.71220599,0.00000000
0.80578744,0.00000000
0.82677723,0.00000000
0.80516745,0.00000000
0.88463992,0.00000000
0.73536075,0.00000000
0.63753531,0.00000000
0.72075441,0.00000000
0.64168447,0.00000000
0.78680518,0.00000000
0.82221957,0.00000000
0.71668165,0.00000000
0.84543929,0.00000000
0.81020599,0.00000000
0.77201714,0.00000000
0.82449135,0.00000000
0.73587302,0.00000000
0.86352314,0.00000000
0.78112369,0.00000000
0.70859092,0.00000000
0.78560828,0.00000000
0.78980827,0.00000000
0.76590243,0.00000000
0.77532815,0.00000000
0.74160773,0.00000000
0.84744545,0.00000000
0.72203570,0.00000000
0.75531665,0.00000000
0.67894145,0.00000000
0.61748180,0.00000000
0.65823873,0.00000000
0.64459658,0.00000000
0.76849408,0.00000000
0.78960580,0.00000000
0.73061560,0.00000000
0.70892491,0.00000000
0.73621844,0.00000000
0.73734053,0.00000000
0.72562789,0.00000000
0.76353234,0.00000000
0.72040139,0.00000000
0.80469518,0.00000000
0.87231855,0.00000000
0.81412917,0.00000000
0.85482872,0.00000000
0.86054314,0.00000000
0.82436817,0.00000000
0.81458314,0.00000000
0.84135251,0.00000000
0.83648713,0.00000000
0.81059156,0.00000000
0.85806996,0.00000000
0.87582761,0.00000000
0.86080259,0.00000000
0.83135600,0.00000000
0.78456735,0.00000000
0.82647723,0.00000000
0.82445247,0.00000000
0.80045517,0.00000000
0.69779215,0.00000000
0.82906012,0.00000000
0.88809189,0.00000000
0.63592602,0.00000000
0.84820926,0.00000000
0.88758378,0.00000000
0.88801326,0.00000000
0.63679939,0.00000000
0.77877878,0.00000000
0.94683577,0.00000000
0.76341075,0.00000000
0.92428994,0.00000000
0.70927595,0.00000000
0.76339425,0.00000000
0.81616583,0.00000000
0.86135770,0.00000000
0.73865739,0.00000000
0.64207424,0.00000000
0.77215877,0.00000000
0.79028607,0.00000000
0.86397421,0.00000000
0.75617198,0.00000000
0.69188408,0.00000000
0.76375489,0.00000000
0.69791060,0.00000000
0.61251385,0.00000000
0.57386019,0.00000000
0.56840600,0.00000000
0.60300795,0.00000000
0.69510709,0.00000000
0.61592529,0.00000000
0.55176492,0.00000000
0.58902170,0.00000000
0.53259455,0.00000000
0.73181623,0.00000000
0.62861082,0.00000000
0.77040555,0.00000000
0.81089070,0.00000000
0.83448614,0.00000000
0.90494307,0.00000000
0.86153097,0.00000000
0.96174094,0.00000000
0.86661567,0.00000000
0.83692650,0.00000000
0.78192899,0.00000000
0.89033600,0.00000000
0.93937906,0.00000000
0.94620616,0.00000000
0.73059535,0.00000000
0.78004464,0.00000000
0.86090192,0.00000000
0.82338482,0.00000000
0.84948869,0.00000000
0.90390259,0.00000000
0.86818011,0.00000000
0.87011487,0.00000000
0.90257670,0.00000000
0.83501756,0.00000000
0.88191528,0.00000000
0.85252725,0.00000000
0.90020075,0.00000000
0.79665484,0.00000000
0.79233377,0.00000000
0.79258670,0.00000000
0.76216593,0.00000000
0.73229715,0.00000000
0.73169347,0.00000000
0.81423833,0.00000000
0.77274768,0.00000000
0.74193028,0.00000000
0.80373595,0.00000000
0.71421309,0.00000000
0.71621075,0.00000000
0.68705108,0.00000000
0.67902375,0.00000000
0.80111585,0.00000000
0.84257788,0.00000000
0.69315633,0.00000000
0.78259439,0.00000000
0.89821526,0.00000000
0.72236338,0.00000000
0.68176335,0.00000000
0.69450039,0.00000000
0.78830441,0.00000000
0.69668550,0.00000000
0.71976704,0.00000000
0.65123040,0.00000000
0.76442015,0.00000000
0.70716476,0.00000000
0.61519059,0.00000000
0.64651906,0.00000000
0.69302902,0.00000000
0.61432428,0.00000000
0.67855585,0.00000000
0.57458780,0.00000000
0.61327840,0.00000000
0.76573399,0.00000000
0.58326776,0.00000000
0.72812854,0.00000000
0.60500069,0.00000000
0.60722344,0.00000000
0.63361896,0.00000000
0.60694330,0.00000000
0.64130111,0.00000000
0.60966474,0.00000000
0.56305553,0.00000000
0.56198255,0.00000000
0.56701710,0.00000000
0.61780586,0.00000000
0.72021380,0.00000000
0.76983738,0.00000000
0.70862623,0.00000000
0.63391952,0.00000000
0.74629411,0.00000000
0.84502024,0.00000000
0.81892846,0.00000000
0.75260215,0.00000000
0.86372099,0.00000000
0.78973966,0.00000000
0.78601882,0.00000000
0.68035057,0.00000000
0.69329109,0.00000000
0.86758431,0.00000000
0.73704656,0.00000000
0.80576824,0.00000000
0.79905626,0.00000000
0.78842062,0.00000000
0.78409623,0.00000000
0.76771446,0.00000000
0.74855522,0.00000000
0.71866909,0.00000000
0.77856830,0.00000000
0.76687186,0.00000000
0.75052727,0.00000000
0.75838197,0.00000000
0.73640887,0.00000000
0.74723060,0.00000000
0.79300142,0.00000000
0.70338885,0.00000000
0.61128864,0.00000000
0.51524250,0.00000000
0.67336166,0.00000000
0.63345559,0.00000000
0.64180404,0.00000000
0.64038908,0.00000000
0.62279319,0.00000000
0.73240073,0.00000000
0.66371868,0.00000000
0.65861571,0.00000000
0.63576438,0.00000000
0.61412075,0.00000000
0.67492445,0.00000000
0.69389372,0.00000000
0.68590222,0.00000000
0.64849492,0.00000000
0.67372319,0.00000000
0.61576248,0.00000000
0.66997864,0.00000000
0.55920493,0.00000000
0.52775387,0.00000000
0.58507287,0.00000000
0.57382928,0.00000000
0.54670785,0.00000000
0.58707399,0.00000000
0.64566962,0.00000000
0.40250545,0.00000000
0.47265419,0.00000000
0.38166554,0.00000000
0.48057048,0.00000000
0.45415989,0.00000000
0.51809029,0.00000000
0.49542091,0.00000000
0.51224524,0.00000000
0.59233051,0.00000000
0.58346648,0.00000000
0.57791203,0.00000000
0.33773221,0.00000000
0.63400059,0.00000000
0.74937086,0.00000000
0.63135307,0.00000000
0.68221955,0.00000000
0.65011941,0.00000000
0.65407419,0.00000000
0.63761467,0.00000000
0.51359756,0.00000000
0.66143006,0.00000000
0.60353528,0.00000000
0.61831921,0.00000000
0.66677917,0.00000000
0.72225055,0.00000000
0.71755094,0.00000000
0.83708176,0.00000000
0.80479353,0.00000000
0.76330664,0.00000000
0.73074457,0.00000000
0.69231723,0.00000000
0.71722272,0.00000000
0.65762818,0.00000000
0.62824778,0.00000000
0.64198904,0.00000000
0.64793984,0.00000000
0.60552012,0.00000000
0.51910186,0.00000000
0.52453844,0.00000000
0.58620972,0.00000000
0.00000000,0.00000000
0.00000000,0.00000000
0.33859660,0.00000000
0.34476301,0.00000000
0.34967938,0.00000000
0.47370127,0.00000000
0.56344743,0.00000000
0.62271340,0.00000000
0.58894942,0.00000000
0.61425733,0.00000000
0.51594245,0.00000000
0.55341219,0.00000000
0.52220556,0.00000000
0.45345751,0.00000000
0.44586182,0.00000000
0.53160181,0.00000000
0.43693481,0.00000000
0.48499315,0.00000000
0.42918123,0.00000000
0.40440384,0.00000000
0.47548485,0.00000000
0.50990204,0.00000000
0.57521927,0.00000000
0.59267812,0.00000000
0.66884532,0.00000000
0.54188583,0.00000000
0.61079853,0.00000000
0.66168470,0.00000000
0.60430287,0.00000000
0.75282626,0.00000000
0.82056838,0.00000000
0.78207855,0.00000000
0.69100199,0.00000000
0.70853514,0.00000000
0.70707056,0.00000000
0.59711913,0.00000000
0.48101093,0.00000000
0.51237863,0.00000000
0.44649724,0.00000000
0.63136094,0.00000000
0.63661371,0.00000000
0.75225837,0.00000000
0.74936773,0.00000000
0.73518945,0.00000000
0.70808368,0.00000000
0.67477301,0.00000000
0.54152540,0.00000000
0.70497255,0.00000000
0.58122332,0.00000000
0.45510264,0.00000000
0.29876924,0.00000000
0.67641713,0.00000000
0.63172934,0.00000000
0.77208420,0.00000000
0.66897173,0.00000000
0.76624958,0.00000000
0.62964005,0.00000000
0.67932642,0.00000000
0.75079745,0.00000000
0.00000000,0.00000000
0.00000000,0.00000000
0.00000000,0.00000000
0.00000000,0.00000000
0.00000000,0.00000000
0.00000000,0.00000000
0.00000000,0.00000000
0.00000000,0.00000000
0.00000000,0.00000000
0.00000000,0.00000000
0.00000000,0.00000000
0.00000000,0.00000000
0.00000000,0.00000000
0.00000000,0.00000000
0.00000000,0.00000000
0.00000000,0.00000000
0.00000000,0.00000000
0.00000000,0.00000000
0.00000000,0.00000000
0.00000000,0.00000000
0.00000000,0.00000000
0.00000000,0.00000000
0.00000000,0.00000000
0.00000000,0.00000000
0.00000000,0.00000000
0.00000000,0.00000000
0.00000000,0.00000000
0.00000000,0.00000000
0.00000000,0.00000000
0.00000000,0.00000000
0.00000000,0.00000000
0.00000000,0.00000000
0.00000000,0.00000000
0.00000000,0.00000000
0.00000000,0.00000000
0.00000000,0.00000000
0.00000000,0.00000000
0.00000000,0.00000000
0.00000000,0.00000000
0.00000000,0.00000000
0.00000000,0.00000000
0.00000000,0.00000000
0.00000000,0.00000000
0.00000000,0.00000000
0.00000000,0.00000000
0.00000000,0.00000000
0.00000000,0.00000000
0.00000000,0.00000000
0.03532351,0.00000000
0.03299709,0.00000000
0.03292461,0.00000000
0.03205359,0.00000000
0.03399576,0.00000000
0.03321163,0.00000000
0.03255560,0.00000000
0.03361427,0.00000000
0.03294653,0.00000000
0.03131515,0.00000000
0.03053873,0.00000000
0.02950433,0.00000000
0.02908777,0.00000000
0.02732334,0.00000000
0.02799571,0.00000000
0.02852236,0.00000000
0.02647425,0.00000000
0.02567747,0.00000000
0.02580097,0.00000000
0.02561541,0.00000000
0.02463382,0.00000000
0.02694800,0.00000000
0.02714200,0.00000000
0.02603811,0.00000000
0.02635223,0.00000000
0.03015541,0.00000000
0.02944551,0.00000000
0.02906651,0.00000000
0.02683953,0.00000000
0.02663652,0.00000000
0.02887277,0.00000000
0.02901971,0.00000000
0.02737345,0.00000000
0.02764472,0.00000000
0.02701245,0.00000000
0.02941452,0.00000000
0.02894584,0.00000000
0.03216739,0.00000000
0.02756196,0.00000000
0.02999753,0.00000000
0.02771230,0.00000000
0.02669991,0.00000000
0.02407084,0.00000000
0.02240624,0.00000000
0.02682922,0.00000000
0.00000000,0.00000000
0.00000000,0.00000000
0.00000000,0.00000000
0.00000000,0.00000000
0.00000000,0.00000000
0.00000000,0.00000000
0.00000000,0.00000000
0.00000000,0.00000000
0.00000000,0.00000000
0.00000000,0.00000000
0.00000000,0.00000000
0.00000000,0.00000000
0.00000000,0.00000000
0.00000000,0.00000000
0.00000000,0.00000000
0.00000000,0.00000000
0.00000000,0.00000000
0.00000000,0.00000000
0.00000000,0.00000000
0.00000000,0.00000000
0.00000000,0.00000000
0.00000000,0.00000000
0.00000000,0.00000000
0.00000000,0.00000000
0.00000000,0.00000000
0.00000000,0.00000000
0.00000000,0.00000000
0.00000000,0.00000000
0.00000000,0.00000000
0.00000000,0.00000000
0.00000000,0.00000000
0.00000000,0.00000000
0.00000000,0.00000000
0.00000000,0.00000000
0.00000000,0.00000000
0.00000000,0.00000000
0.00000000,0.00000000
0.00000000,0.00000000
0.00000000,0.00000000
0.00000000,0.00000000
0.00000000,0.00000000
0.00000000,0.00000000
0.00000000,0.00000000
0.00000000,0.00000000
0.00000000,0.00000000
0.00000000,0.00000000
0.00000000,0.00000000
0.00000000,0.00000000
0.00000000,0.00000000
0.00000000,0.00000000
0.00000000,0.00000000
0.00000000,0.00000000
0.00000000,0.00000000
0.00000000,0.00000000
0.00000000,0.00000000
0.00000000,0.00000000
0.00000000,0.00000000
0.00000000,0.00000000
0.00000000,0.00000000
0.00000000,0.00000000
0.00000000,0.00000000
0.00000000,0.00000000
0.00000000,0.00000000
0.00000000,0.00000000
0.00000000,0.00000000
0.00000000,0.00000000
0.00000000,0.00000000
0.00000000,0.00000000
0.00000000,0.00000000
0.00000000,0.00000000
0.00000000,0.00000000
0.00000000,0.00000000
0.00000000,0.00000000
0.00000000,0.00000000
0.00000000,0.00000000
0.00000000,0.00000000
0.00000000,0.00000000
0.00000000,0.00000000
0.00000000,0.00000000
0.00000000,0.00000000
0.00000000,0.00000000
0.00000000,0.00000000
0.00000000,0.00000000
0.00000000,0.00000000
0.00000000,0.00000000
0.00000000,0.00000000
0.00000000,0.00000000
0.00000000,0.00000000
0.00000000,0.00000000
0.00000000,0.00000000
0.00000000,0.00000000
0.00000000,0.00000000
0.00000000,0.00000000
0.00000000,0.00000000
0.00000000,0.00000000
0.00000000,0.00000000
0.00000000,0.00000000
0.00000000,0.00000000
0.00000000,0.00000000
0.00000000,0.00000000
0.00000000,0.00000000
0.30739316,0.00000000
0.41788985,0.00000000
0.44266444,0.00000000
0.57436350,0.00000000
0.74097113,0.00000000
0.67977299,0.00000000
0.70772556,0.00000000
0.62426509,0.00000000
0.71737012,0.00000000
0.71679095,0.00000000
0.69030035,0.00000000
0.60948632,0.00000000
0.70817327,0.00000000
0.63480674,0.00000000
0.66060280,0.00000000
0.65617561,0.00000000
0.65809232,0.00000000
0.59391861,0.00000000
0.70192129,0.00000000
0.75840036,0.00000000
0.73495639,0.00000000
0.73855855,0.00000000
0.70088043,0.00000000
0.83185483,0.00000000
0.77567028,0.00000000
0.88363250,0.00000000
0.85917203,0.00000000
0.83005341,0.00000000
0.76368233,0.00000000
0.84571909,0.00000000
0.89527501,0.00000000
0.87009345,0.00000000
0.94032227,0.00000000
0.88000568,0.00000000
0.88669677,0.00000000
0.87746123,0.00000000
0.83984895,0.00000000
0.83879286,0.00000000
0.82214928,0.00000000
0.86867116,0.00000000
0.89364774,0.00000000
0.72905309,0.00000000
0.82292241,0.00000000
0.74811013,0.00000000
0.81006682,0.00000000
0.68978904,0.00000000
0.73564651,0.00000000
0.75449639,0.00000000
0.78617149,0.00000000
0.77501780,0.00000000
0.73931254,0.00000000
0.77845995,0.00000000
0.76595340,0.00000000
0.79888891,0.00000000
0.74082421,0.00000000
0.80444421,0.00000000
0.77494891,0.00000000
0.76458796,0.00000000
0.76109216,0.00000000
0.74536461,0.00000000
0.79973693,0.00000000
0.64932078,0.00000000
0.68514303,0.00000000
0.62933344,0.00000000
0.63653295,0.00000000
0.77787084,0.00000000
0.79138623,0.00000000
0.80787560,0.00000000
0.82620221,0.00000000
0.75037917,0.00000000
0.78610734,0.00000000
0.81741465,0.00000000
0.83647460,0.00000000
0.86476149,0.00000000
0.83653483,0.00000000
0.78934574,0.00000000
0.73968140,0.00000000
0.82668778,0.00000000
0.81757665,0.00000000
0.71298402,0.00000000
0.83146057,0.00000000
0.80388206,0.00000000
0.78403315,0.00000000
0.84772254,0.00000000
0.71962522,0.00000000
0.85334219,0.00000000
0.87714606,0.00000000
0.78120144,0.00000000
0.78545410,0.00000000
0.74106208,0.00000000
0.78870165,0.00000000
0.78487995,0.00000000
0.73633761,0.00000000
0.78696007,0.00000000
0.89996083,0.00000000
0.81045929,0.00000000
0.81700355,0.00000000
0.83018802,0.00000000
0.75733034,0.00000000
0.78764395,0.00000000
0.82196882,0.00000000
0.78255763,0.00000000
0.83948626,0.00000000
0.79912331,0.00000000
0.76612116,0.00000000
0.77420305,0.00000000
0.74553962,0.00000000
0.81593567,0.00000000
0.83610909,0.00000000
0.84992108,0.00000000
0.83441544,0.00000000
0.79371412,0.00000000
0.88379454,0.00000000
0.87665117,0.00000000
0.81439603,0.00000000
0.86239448,0.00000000
0.86684725,0.00000000
0.75547004,0.00000000
0.74870656,0.00000000
0.81631891,0.00000000
0.86258034,0.00000000
0.89275815,0.00000000
0.83033813,0.00000000
0.76902685,0.00000000
0.78388079,0.00000000
0.74950802,0.00000000
0.77127001,0.00000000
0.75996455,0.00000000
0.76747334,0.00000000
0.74334872,0.00000000
0.76498625,0.00000000
0.72126536,0.00000000
0.79842785,0.00000000
0.78186896,0.00000000
0.76622559,0.00000000
0.76820598,0.00000000
0.71260602,0.00000000
0.79997837,0.00000000
0.77130409,0.00000000
0.77871244,0.00000000
0.79878560,0.00000000
0.81010301,0.00000000
0.73095358,0.00000000
0.77968890,0.00000000
0.54839390,0.00000000
0.58526995,0.00000000
0.58440720,0.00000000
0.79810950,0.00000000
0.68625693,0.00000000
0.66222289,0.00000000
0.80278518,0.00000000
0.76827285,0.00000000
0.76709879,0.00000000
0.86774272,0.00000000
0.79141741,0.00000000
0.76651423,0.00000000
0.75537563,0.00000000
0.87470648,0.00000000
0.76991930,0.00000000
0.78320627,0.00000000
0.75616568,0.00000000
0.75536966,0.00000000
0.81739409,0.00000000
0.82470186,0.00000000
0.84819740,0.00000000
0.82376744,0.00000000
0.85857176,0.00000000
0.75777646,0.00000000
0.86978858,0.00000000
0.86997443,0.00000000
0.84756720,0.00000000
0.90654984,0.00000000
0.82696756,0.00000000
0.81166979,0.00000000
0.84177269,0.00000000
0.84601286,0.00000000
0.78833909,0.00000000
0.87539414,0.00000000
0.84471554,0.00000000
0.78989371,0.00000000
0.89613376,0.00000000
0.81768403,0.00000000
0.75965287,0.00000000
0.79136646,0.00000000
0.80450874,0.00000000
0.81335647,0.00000000
0.80360678,0.00000000
0.84030323,0.00000000
0.82793164,0.00000000
0.81575951,0.00000000
0.86501882,0.00000000
0.85115982,0.00000000
0.83752204,0.00000000
0.78502976,0.00000000
0.82333607,0.00000000
0.82066061,0.00000000
0.78118589,0.00000000
0.82226268,0.00000000
0.75827269,0.00000000
0.74894195,0.00000000
0.84597273,0.00000000
0.76412684,0.00000000
0.72419507,0.00000000
0.77086543,0.00000000
0.75644552,0.00000000
0.84384954,0.00000000
0.79106770,0.00000000
0.78551087,0.00000000
0.83399730,0.00000000
0.73348072,0.00000000
0.78256146,0.00000000
0.78727171,0.00000000
0.78930233,0.00000000
0.77061099,0.00000000
0.80477174,0.00000000
0.77173065,0.00000000
0.81041645,0.00000000
0.79764402,0.00000000
0.76016782,0.00000000
0.75961158,0.00000000
0.79187644,0.00000000
0.77552604,0.00000000
0.81237101,0.00000000
0.73407962,0.00000000
0.75112552,0.00000000
0.78501600,0.00000000
0.69580743,0.00000000
0.71820789,0.00000000
0.74574308,0.00000000
0.75684774,0.00000000
0.81559377,0.00000000
0.83750157,0.00000000
0.76544558,0.00000000
0.73677149,0.00000000
0.83820292,0.00000000
0.78667034,0.00000000
0.84954111,0.00000000
0.84350747,0.00000000
0.81066794,0.00000000
0.89090045,0.00000000
0.92275968,0.00000000
0.82368158,0.00000000
0.88603867,0.00000000
0.87753310,0.00000000
0.90449085,0.00000000
0.83772457,0.00000000
0.78799671,0.00000000
0.85643304,0.00000000
0.85259386,0.00000000
0.86636496,0.00000000
0.71013081,0.00000000
0.73707070,0.00000000
0.90162548,0.00000000
0.83887607,0.00000000
0.84630546,0.00000000
0.84454940,0.00000000
0.82071157,0.00000000
0.86570232,0.00000000
0.84418009,0.00000000
0.81650788,0.00000000
0.84779498,0.00000000
0.86673946,0.00000000
0.84801790,0.00000000
0.86494100,0.00000000
0.84539528,0.00000000
0.84073072,0.00000000
0.82808119,0.00000000
0.86465472,0.00000000
0.86622510,0.00000000
0.83170879,0.00000000
0.84725262,0.00000000
0.89119654,0.00000000
0.86240205,0.00000000
0.90510120,0.00000000
0.87248465,0.00000000
0.88270095,0.00000000
0.85212418,0.00000000
0.84549454,0.00000000
0.90863292,0.00000000
0.86240205,0.00000000
0.78593480,0.00000000
0.87986127,0.00000000
0.87233754,0.00000000
0.80361237,0.00000000
0.82544888,0.00000000
0.81505679,0.00000000
0.81607058,0.00000000
0.79889593,0.00000000
0.83947665,0.00000000
0.81365763,0.00000000
0.81538903,0.00000000
0.84856340,0.00000000
0.84322392,0.00000000
0.79700178,0.00000000
0.79371193,0.00000000
0.83021687,0.00000000
0.79372309,0.00000000
0.78710838,0.00000000
0.80256156,0.00000000
0.78878121,0.00000000
0.80847265,0.00000000
0.74982414,0.00000000
0.73820679,0.00000000
0.78562238,0.00000000
0.81492399,0.00000000
0.78961573,0.00000000
0.81249916,0.00000000
0.81696948,0.00000000
0.80168339,0.00000000
0.81663943,0.00000000
0.81492414,0.00000000
0.81304922,0.00000000
0.75634462,0.00000000
0.79258467,0.00000000
0.83147149,0.00000000
0.72404374,0.00000000
0.74630226,0.00000000
0.74183827,0.00000000
0.73670938,0.00000000
0.82104508,0.00000000
0.41898364,0.00000000
0.63777323,0.00000000
0.64068988,0.00000000
0.59196576,0.00000000
0.55387003,0.00000000
0.59771332,0.00000000
0.52013729,0.00000000
0.54095104,0.00000000
0.70085469,0.00000000
0.71030736,0.00000000
0.76562007,0.00000000
0.55687789,0.00000000
0.62511593,0.00000000
0.49949014,0.00000000
0.56280388,0.00000000
0.53964409,0.00000000
0.54196177,0.00000000
0.53605872,0.00000000
0.37841688,0.00000000
0.12684925,0.00000000
0.00000000,0.00000000
0.00000000,0.00000000
0.00000000,0.00000000
0.00000000,0.00000000
0.00000000,0.00000000
0.00000000,0.00000000
0.00172044,0.00000000
0.00000000,0.00000000
0.00000000,0.00000000
0.00200224,0.00000000
0.00000000,0.00000000
0.03673228,0.00000000
0.00000000,0.00000000
0.00000000,0.00000000
0.43599125,0.00000000
0.51054602,0.00000000
0.49655571,0.00000000
0.54209497,0.00000000
0.56170815,0.00000000
0.48683266,0.00000000
0.48619481,0.00000000
0.48280588,0.00000000
0.46044945,0.00000000
0.50429875,0.00000000
0.49559011,0.00000000
0.48120501,0.00000000
0.43098038,0.00000000
0.38453858,0.00000000
0.50950840,0.00000000
0.50943409,0.00000000
0.55246178,0.00000000
0.52487241,0.00000000
0.49306664,0.00000000
0.55956610,0.00000000
0.51766205,0.00000000
0.40197021,0.00000000
0.41445789,0.00000000
0.45269368,0.00000000
0.41140223,0.00000000
0.35221019,0.00000000
0.34929594,0.00000000
0.00000000,0.00000000
0.00000000,0.00000000
0.00000000,0.00000000
0.00000000,0.00000000
0.00000000,0.00000000
0.00000000,0.00000000
0.00000000,0.00000000
0.00000000,0.00000000
0.00000000,0.00000000
0.00000000,0.00000000
0.00000000,0.00000000
0.00000000,0.00000000
0.00000000,0.00000000
0.00000000,0.00000000
0.00000000,0.00000000
0.00000000,0.00000000
0.00000000,0.00000000
0.00000000,0.00000000
0.00000000,0.00000000
0.00000000,0.00000000
0.00000000,0.00000000
0.00000000,0.00000000
0.00000000,0.00000000
0.00000000,0.00000000
0.00000000,0.00000000
0.00000000,0.00000000
0.00000000,0.00000000
0.00000000,0.00000000
0.00000000,0.00000000
0.00000000,0.00000000
0.00000000,0.00000000
0.00000000,0.00000000
0.00000000,0.00000000
0.00000000,0.00000000
0.00000000,0.00000000
0.00000000,0.00000000
0.00000000,0.00000000
0.00000000,0.00000000
0.00000000,0.00000000
0.00000000,0.00000000
0.00000000,0.00000000
0.00000000,0.00000000
0.00000000,0.00000000
0.00000000,0.00000000
0.00000000,0.00000000
0.00000000,0.00000000
0.00000000,0.00000000
0.00000000,0.00000000
0.00000000,0.00000000
0.00000000,0.00000000
0.00000000,0.00000000
0.00000000,0.00000000
0.00000000,0.00000000
0.00000000,0.00000000
0.00000000,0.00000000
0.00000000,0.00000000
0.00000000,0.00000000
0.00000000,0.00000000
0.00000000,0.00000000
0.00000000,0.00000000
0.00000000,0.00000000
0.00000000,0.00000000
0.00000000,0.00000000
0.00000000,0.00000000
0.00000000,0.00000000
0.00000000,0.00000000
0.00000000,0.00000000
0.00000000,0.00000000
0.00000000,0.00000000
0.31853282,0.00000000
0.37103175,0.00000000
0.37657658,0.00000000
0.42393509,0.00000000
0.43907563,0.00000000
0.47373932,0.00000000
0.53054438,0.00000000
0.71070264,0.00000000
0.84658454,0.00000000
0.82295389,0.00000000
0.83294082,0.00000000
0.80356890,0.00000000
0.79974245,0.00000000
0.81935598,0.00000000
0.83503996,0.00000000
0.72318039,0.00000000
0.91667234,0.00000000
0.82746526,0.00000000
0.85327116,0.00000000
0.84029561,0.00000000
0.78665046,0.00000000
0.85553440,0.00000000
0.82139507,0.00000000
0.88350032,0.00000000
0.79089211,0.00000000
0.87855746,0.00000000
0.86198240,0.00000000
0.83991058,0.00000000
0.91763244,0.00000000
0.76759287,0.00000000
0.87134097,0.00000000
0.85574691,0.00000000
0.85904925,0.00000000
0.87091877,0.00000000
0.85359200,0.00000000
0.88830505,0.00000000
0.86552357,0.00000000
0.88154202,0.00000000
0.90898760,0.00000000
0.93794949,0.00000000
0.74976119,0.00000000
0.92669149,0.00000000
0.81099676,0.00000000
0.87037095,0.00000000
0.92166619,0.00000000
0.90852667,0.00000000
0.87046951,0.00000000
0.86902004,0.00000000
0.88418665,0.00000000
0.93782868,0.00000000
0.77724909,0.00000000
0.91789903,0.00000000
0.78548035,0.00000000
0.88635454,0.00000000
0.95363457,0.00000000
0.88274373,0.00000000
0.83195366,0.00000000
0.93227343,0.00000000
0.95521836,0.00000000
0.80858632,0.00000000
0.85148536,0.00000000
0.89287080,0.00000000
0.86747863,0.00000000
0.85233476,0.00000000
0.87348586,0.00000000
0.86138309,0.00000000
0.81650236,0.00000000
0.96499745,0.00000000
0.87388474,0.00000000
0.94053998,0.00000000
0.89546528,0.00000000
0.84415164,0.00000000
0.83015594,0.00000000
0.84687204,0.00000000
0.86403948,0.00000000
0.86449070,0.00000000
0.79212315,0.00000000
0.74566222,0.00000000
0.76582745,0.00000000
0.80099716,0.00000000
0.77427254,0.00000000
0.72123028,0.00000000
0.67016177,0.00000000
0.53864744,0.00000000
0.65946431,0.00000000
0.54792090,0.00000000
0.57651756,0.00000000
0.70286640,0.00000000
0.48078651,0.00000000
0.50125837,0.00000000
0.56152144,0.00000000
0.59066648,0.00000000
0.73277969,0.00000000
0.55939146,0.00000000
0.59861590,0.00000000
0.64432140,0.00000000
0.66804003,0.00000000
0.83820211,0.00000000
0.72472569,0.00000000
0.73873485,0.00000000
0.74201301,0.00000000
0.62906388,0.00000000
0.68690545,0.00000000
0.59557029,0.00000000
0.63583727,0.00000000
0.81887796,0.00000000
0.84598287,0.00000000
0.83949239,0.00000000
0.82954114,0.00000000
0.88514863,0.00000000
0.82254420,0.00000000
0.75601307,0.00000000
0.87781303,0.00000000
0.83821420,0.00000000
0.76069061,0.00000000
0.82894797,0.00000000
0.82729455,0.00000000
0.79285651,0.00000000
0.86430565,0.00000000
0.80578296,0.00000000
0.84306158,0.00000000
0.89512764,0.00000000
0.81970787,0.00000000
0.82756997,0.00000000
0.79253579,0.00000000
0.74623920,0.00000000
0.80889114,0.00000000
0.84313861,0.00000000
0.78858632,0.00000000
0.88445301,0.00000000
0.87311119,0.00000000
0.79441214,0.00000000
0.74197542,0.00000000
0.85831543,0.00000000
0.84476092,0.00000000
0.81489422,0.00000000
0.84141066,0.00000000
0.78567950,0.00000000
0.81457050,0.00000000
0.90233566,0.00000000
0.88466127,0.00000000
0.80938093,0.00000000
0.93278572,0.00000000
0.80484356,0.00000000
0.80509044,0.00000000
0.79951920,0.00000000
0.90069958,0.00000000
0.88176077,0.00000000
0.83163415,0.00000000
0.75164532,0.00000000
0.89073721,0.00000000
0.74842830,0.00000000
0.85943023,0.00000000
0.77037693,0.00000000
0.76135781,0.00000000
0.76968985,0.00000000
0.81931000,0.00000000
0.76643303,0.00000000
0.68908124,0.00000000
0.69178352,0.00000000
0.71662828,0.00000000
0.81678676,0.00000000
0.79647410,0.00000000
0.79529784,0.00000000
0.79529784,0.00000000
0.80359968,0.00000000
0.70312200,0.00000000
0.76846062,0.00000000
0.70388959,0.00000000
0.81366403,0.00000000
0.81366419,0.00000000
0.84073000,0.00000000
0.72496754,0.00000000
0.77943815,0.00000000
0.80916295,0.00000000
0.80943802,0.00000000
0.82100114,0.00000000
0.77291081,0.00000000
0.77188872,0.00000000
0.82072232,0.00000000
0.82100114,0.00000000
0.79119788,0.00000000
0.85648956,0.00000000
0.72599148,0.00000000
0.82730096,0.00000000
0.79135981,0.00000000
0.85736144,0.00000000
0.83792255,0.00000000
0.85913615,0.00000000
0.76289981,0.00000000
0.75480014,0.00000000
0.78658896,0.00000000
0.74975832,0.00000000
0.77336282,0.00000000
0.87370554,0.00000000
0.73895482,0.00000000
0.64505865,0.00000000
0.72122838,0.00000000
0.61564851,0.00000000
0.73567461,0.00000000
0.66957551,0.00000000
0.72552068,0.00000000
0.80424082,0.00000000
0.77345200,0.00000000
0.80603558,0.00000000
0.78618630,0.00000000
0.83859697,0.00000000
0.87021400,0.00000000
0.73271704,0.00000000
0.56189391,0.00000000
0.64194311,0.00000000
0.66462181,0.00000000
0.64970748,0.00000000
0.71964345,0.00000000
0.75071639,0.00000000
0.63486850,0.00000000
0.75595918,0.00000000
0.85522995,0.00000000
0.56907012,0.00000000
0.55669400,0.00000000
0.77501151,0.00000000
0.58698955,0.00000000
0.83959585,0.00000000
0.65117859,0.00000000
0.76329778,0.00000000
0.77101165,0.00000000
0.80375408,0.00000000
0.73450117,0.00000000
0.67113197,0.00000000
0.72810688,0.00000000
0.79512660,0.00000000
0.85787831,0.00000000
0.89050226,0.00000000
0.77140208,0.00000000
0.84936202,0.00000000
0.79786720,0.00000000
0.79284408,0.00000000
0.75110015,0.00000000
0.75737345,0.00000000
0.74779941,0.00000000
0.66636581,0.00000000
0.82340187,0.00000000
0.79101646,0.00000000
0.64500210,0.00000000
0.68980095,0.00000000
0.87971340,0.00000000
0.75077261,0.00000000
0.71958954,0.00000000
0.55961883,0.00000000
0.62054774,0.00000000
0.64713342,0.00000000
0.75874083,0.00000000
0.76741053,0.00000000
0.75225372,0.00000000
0.80434881,0.00000000
0.90971163,0.00000000
0.78877398,0.00000000
0.76214509,0.00000000
0.84626149,0.00000000
0.78876160,0.00000000
0.94628600,0.00000000
0.91825208,0.00000000
0.74776419,0.00000000
0.79667569,0.00000000
0.88914314,0.00000000
0.82388353,0.00000000
0.72505597,0.00000000
0.75115112,0.00000000
0.94522634,0.00000000
0.84168352,0.00000000
0.87841099,0.00000000
0.86119729,0.00000000
0.76991128,0.00000000
0.80444872,0.00000000
0.61491038,0.00000000
0.00000000,0.00000000
0.00000000,0.00000000
0.00000000,0.00000000
0.00000000,0.00000000
0.00000000,0.00000000
0.00000000,0.00000000
0.00000000,0.00000000
0.00000000,0.00000000
0.00000000,0.00000000
0.00000000,0.00000000
0.00000000,0.00000000
0.00000000,0.00000000
0.00000000,0.00000000
0.00000000,0.00000000
0.00000000,0.00000000
0.00000000,0.00000000
0.00000000,0.00000000
0.00000000,0.00000000
0.00000000,0.00000000
0.00000000,0.00000000
0.00000000,0.00000000
0.00000000,0.00000000
0.00000000,0.00000000
0.00000000,0.00000000
0.00000000,0.00000000
0.00000000,0.00000000
0.00000000,0.00000000
0.00000000,0.00000000
0.00000000,0.00000000
0.00000000,0.00000000
0.00000000,0.00000000
0.00000000,0.00000000
0.00000000,0.00000000
0.00000000,0.00000000
0.00000000,0.00000000
0.00000000,0.00000000
0.00000000,0.00000000
0.00000000,0.00000000
0.00000000,0.00000000
0.36315989,0.00000000
0.58098338,0.00000000
0.66025567,0.00000000
0.69083461,0.00000000
0.67913471,0.00000000
0.65139181,0.00000000
0.81293823,0.00000000
0.72770860,0.00000000
0.79535525,0.00000000
0.77142370,0.00000000
0.87159964,0.00000000
0.90471644,0.00000000
0.78176399,0.00000000
0.79109091,0.00000000
0.78558109,0.00000000
0.78039002,0.00000000
0.79282495,0.00000000
0.66757293,0.00000000
0.69013497,0.00000000
0.72685789,0.00000000
0.83373982,0.00000000
0.86210441,0.00000000
0.91498371,0.00000000
0.77885474,0.00000000
0.73303876,0.00000000
0.83915003,0.00000000
0.76437392,0.00000000
0.77080846,0.00000000
0.68771463,0.00000000
0.80606391,0.00000000
0.72411080,0.00000000
0.74745073,0.00000000
0.68132580,0.00000000
0.66325904,0.00000000
0.63730851,0.00000000
0.75392347,0.00000000
0.65906758,0.00000000
0.65528953,0.00000000
0.62222272,0.00000000
0.66684189,0.00000000
0.80182504,0.00000000
0.65188690,0.00000000
0.81675884,0.00000000
0.77553546,0.00000000
0.85131832,0.00000000
0.81787926,0.00000000
0.70008889,0.00000000
0.73520376,0.00000000
0.73673486,0.00000000
0.88544810,0.00000000
0.84726739,0.00000000
0.70717235,0.00000000
0.89615757,0.00000000
0.82716912,0.00000000
0.79940958,0.00000000
0.85721714,0.00000000
0.62915667,0.00000000
0.76606951,0.00000000
0.80490814,0.00000000
0.68733951,0.00000000
0.66135823,0.00000000
0.85346138,0.00000000
0.85855839,0.00000000
0.81832200,0.00000000
0.79845960,0.00000000
0.73402724,0.00000000
0.85460644,0.00000000
0.76680841,0.00000000
0.73068349,0.00000000
0.79479500,0.00000000
0.74411563,0.00000000
0.81714335,0.00000000
0.73887098,0.00000000
0.61714500,0.00000000
0.94233884,0.00000000
0.81910010,0.00000000
0.78467268,0.00000000
0.74279648,0.00000000
0.83875356,0.00000000
0.89265089,0.00000000
0.80438000,0.00000000
0.79377868,0.00000000
0.80824482,0.00000000
0.79339806,0.00000000
0.69720585,0.00000000
0.74782353,0.00000000
0.74948187,0.00000000
0.72242450,0.00000000
0.75640289,0.00000000
0.68823197,0.00000000
0.86079203,0.00000000
0.80471764,0.00000000
0.69822684,0.00000000
0.89094946,0.00000000
0.72796446,0.00000000
0.81768835,0.00000000
0.80343535,0.00000000
0.82510243,0.00000000
0.86723474,0.00000000
0.78923975,0.00000000
0.71583301,0.00000000
0.72601090,0.00000000
0.70882852,0.00000000
0.75604357,0.00000000
0.81062240,0.00000000
0.85874594,0.00000000
0.84994264,0.00000000
0.81026788,0.00000000
0.83560377,0.00000000
0.85456786,0.00000000
0.81782067,0.00000000
0.90922163,0.00000000
0.87303501,0.00000000
0.80751230,0.00000000
0.79338501,0.00000000
0.87977648,0.00000000
0.80627905,0.00000000
0.77898291,0.00000000
0.76466834,0.00000000
0.93702171,0.00000000
0.76189651,0.00000000
0.75374951,0.00000000
0.72528905,0.00000000
0.77349609,0.00000000
0.71586499,0.00000000
0.75735511,0.00000000
0.77455412,0.00000000
0.73305084,0.00000000
0.72670974,0.00000000
0.74350727,0.00000000
0.79492715,0.00000000
0.73880276,0.00000000
0.64271566,0.00000000
0.70436428,0.00000000
0.63348541,0.00000000
0.78796660,0.00000000
0.67754882,0.00000000
0.76076511,0.00000000
0.86314137,0.00000000
0.93246843,0.00000000
0.74434580,0.00000000
0.75212752,0.00000000
0.65174288,0.00000000
0.62661723,0.00000000
0.47333186,0.00000000
0.23226425,0.00000000
0.27759953,0.00000000
0.50950730,0.00000000
0.29252435,0.00000000
0.12706055,0.00000000
0.00000000,0.00000000
0.00000000,0.00000000
0.00000000,0.00000000
0.00000000,0.00000000
0.00000000,0.00000000
0.00000000,0.00000000
0.00000000,0.00000000
0.00000000,0.00000000
0.00000000,0.00000000
0.00000000,0.00000000
0.02204478,0.00000000
0.00236427,0.00000000
0.00967550,0.00000000
0.00217891,0.00000000
0.00350818,0.00000000
0.00000000,0.00000000
0.00000000,0.00000000
0.00626130,0.00000000
0.00249634,0.00000000
0.00404511,0.00000000
0.00329138,0.00000000
0.00269511,0.00000000
0.00252428,0.00000000
0.00096510,0.00000000
0.00360279,0.00000000
0.00252059,0.00000000
0.00000000,0.00000000
0.00386659,0.00000000
0.00297288,0.00000000
0.00256345,0.00000000
0.00247223,0.00000000
0.00061508,0.00000000
0.00389845,0.00000000
0.00421568,0.00000000
0.00429465,0.00000000
0.00430443,0.00000000
0.00314792,0.00000000
0.00411841,0.00000000
0.34256055,0.00000000
0.26414660,0.00000000
0.45292259,0.00000000
0.13424415,0.00000000
0.00000000,0.00000000
0.00000000,0.00000000
0.00434458,0.00000000
0.00423096,0.00000000
0.00000000,0.00000000
0.00364959,0.00000000
0.00357742,0.00000000
0.00354189,0.00000000
0.30882353,0.00000000
0.00000000,0.00000000
0.00000000,0.00000000
0.00000000,0.00000000
0.02918787,0.00000000
0.00000000,0.00000000
0.00000000,0.00000000
0.00000000,0.00000000
0.00353112,0.00000000
0.00277775,0.00000000
0.00295410,0.00000000
0.00245578,0.00000000
0.00284440,0.00000000
0.00301830,0.00000000
0.00273305,0.00000000
0.00250936,0.00000000
0.00000000,0.00000000
0.00000000,0.00000000
0.00000000,0.00000000
0.00221839,0.00000000
0.00000000,0.00000000
0.00000000,0.00000000
0.00000000,0.00000000
0.00000000,0.00000000
0.00000000,0.00000000
0.00000000,0.00000000
0.00797186,0.00000000
0.00643111,0.00000000
0.00258286,0.00000000
0.00236620,0.00000000
0.00232346,0.00000000
0.00266370,0.00000000
0.00246506,0.00000000
0.00247222,0.00000000
0.00221444,0.00000000
0.00206526,0.00000000
0.00234191,0.00000000
0.00257012,0.00000000
0.00214813,0.00000000
0.00205769,0.00000000
0.00172210,0.00000000
0.00171510,0.00000000
0.00189288,0.00000000
0.00169571,0.00000000
0.00204634,0.00000000
0.00167596,0.00000000
0.00166063,0.00000000
0.00156506,0.00000000
0.00162457,0.00000000
0.00125908,0.00000000
0.00000000,0.00000000
0.00000000,0.00000000
0.00164068,0.00000000
0.00173995,0.00000000
0.00159021,0.00000000
0.00164503,0.00000000
0.00000000,0.00000000
0.00182666,0.00000000
0.00167141,0.00000000
0.00242940,0.00000000
0.00252443,0.00000000
0.00237787,0.00000000
0.31932773,0.00000000
0.00000000,0.00000000
0.00000000,0.00000000
0.35156250,0.00000000
0.00000000,0.00000000
0.33519553,0.00000000
0.34710744,0.00000000
0.07565507,0.00000000
0.00000000,0.00000000
0.00000000,0.00000000
0.00000000,0.00000000
0.00000000,0.00000000
0.00000000,0.00000000
0.00000000,0.00000000
0.00000000,0.00000000
0.00000000,0.00000000
0.00000000,0.00000000
0.00000000,0.00000000
0.00000000,0.00000000
0.03676294,0.00000000
0.37341868,0.00000000
0.31944437,0.00000000
0.42124960,0.00000000
0.30200571,0.00000000
0.29317874,0.00000000
0.06210850,0.00000000
0.00000000,0.00000000
0.00000000,0.00000000
0.00000000,0.00000000
0.00000000,0.00000000
0.00000000,0.00000000
0.00000000,0.00000000
0.00000000,0.00000000
0.00000000,0.00000000
0.00000000,0.00000000
0.00000000,0.00000000
0.00000000,0.00000000
0.00000000,0.00000000
0.00000000,0.00000000
0.00000000,0.00000000
0.00000000,0.00000000
0.00000000,0.00000000
0.00000000,0.00000000
0.00000000,0.00000000
0.00000000,0.00000000
0.00000000,0.00000000
0.00000000,0.00000000
0.00000000,0.00000000
0.00000000,0.00000000
0.00000000,0.00000000
0.00000000,0.00000000
0.00000000,0.00000000
0.00000000,0.00000000
0.00000000,0.00000000
0.00354734,0.00000000
0.00000000,0.00000000
0.00000000,0.00000000
0.00000000,0.00000000
0.00305107,0.00000000
0.00360042,0.00000000
0.00259056,0.00000000
0.00308235,0.00000000
0.00248615,0.00000000
0.00230999,0.00000000
0.00262258,0.00000000
0.00253959,0.00000000
0.00204139,0.00000000
0.00184720,0.00000000
0.00200336,0.00000000
0.00207492,0.00000000
0.00079514,0.00000000
0.00098296,0.00000000
0.00099411,0.00000000
0.00095799,0.00000000
0.00199692,0.00000000
0.00154209,0.00000000
0.00119347,0.00000000
0.00130540,0.00000000
0.00189756,0.00000000
0.00166572,0.00000000
0.00162980,0.00000000
0.00171845,0.00000000
0.00171821,0.00000000
0.00180912,0.00000000
0.31637717,0.00000000
0.57166055,0.00000000
0.67498519,0.00000000
0.24285714,0.00000000
0.53048708,0.00000000
0.61549823,0.00000000
0.80996342,0.00000000
0.74849546,0.00000000
0.78515262,0.00000000
0.69583348,0.00000000
0.74717065,0.00000000
0.80234918,0.00000000
0.76456597,0.00000000
0.83517015,0.00000000
0.84375106,0.00000000
0.84232954,0.00000000
0.93825960,0.00000000
0.86747834,0.00000000
0.83860833,0.00000000
0.79312079,0.00000000
0.81840784,0.00000000
0.87521638,0.00000000
0.89962024,0.00000000
0.78259390,0.00000000
0.81546774,0.00000000
0.95731456,0.00000000
0.92648048,0.00000000
0.91491589,0.00000000
0.75987205,0.00000000
0.76743270,0.00000000
0.80257748,0.00000000
0.65432901,0.00000000
0.71339748,0.00000000
0.72376363,0.00000000
0.66062865,0.00000000
0.75382624,0.00000000
0.72526843,0.00000000
0.68136598,0.00000000
0.72913481,0.00000000
0.62612382,0.00000000
0.62462763,0.00000000
0.66890786,0.00000000
0.67033579,0.00000000
0.71467198,0.00000000
0.66144339,0.00000000
0.75026798,0.00000000
0.78762410,0.00000000
0.72838274,0.00000000
0.78662270,0.00000000
0.80018109,0.00000000
0.64367667,0.00000000
0.64206930,0.00000000
0.58572225,0.00000000
0.59576013,0.00000000
0.80589098,0.00000000
0.67923241,0.00000000
0.54570668,0.00000000
0.83671681,0.00000000
0.50200144,0.00000000
0.61915599,0.00000000
0.63066181,0.00000000
0.60324732,0.00000000
0.64148126,0.00000000
0.50446239,0.00000000
0.63294115,0.00000000
0.71351620,0.00000000
0.62385024,0.00000000
0.88949843,0.00000000
0.65726628,0.00000000
0.80289353,0.00000000
0.44039225,0.00000000
0.00000000,0.00000000
0.00000000,0.00000000
0.05564557,0.00000000
0.00000000,0.00000000
0.02342104,0.00000000
0.00532441,0.00000000
0.00763404,0.00000000
0.00361624,0.00000000
0.00274306,0.00000000
0.00136728,0.00000000
0.00152632,0.00000000
0.00324744,0.00000000
0.00314143,0.00000000
0.48000000,0.00000000
0.63855843,0.00000000
0.80828471,0.00000000
0.73447104,0.00000000
0.85242308,0.00000000
0.75708166,0.00000000
0.78311957,0.00000000
0.87407296,0.00000000
0.79203087,0.00000000
0.79635789,0.00000000
0.77275635,0.00000000
0.76386396,0.00000000
0.73551727,0.00000000
0.79309364,0.00000000
0.88509193,0.00000000
0.79698621,0.00000000
0.68060543,0.00000000
0.62969006,0.00000000
0.85424101,0.00000000
0.37196919,0.00000000
0.89145639,0.00000000
0.76899891,0.00000000
0.73731429,0.00000000
0.88264353,0.00000000
0.00000000,0.00000000
0.00000000,0.00000000
0.00000000,0.00000000
0.00000000,0.00000000
0.00000000,0.00000000
0.01007464,0.00000000
0.00331589,0.00000000
0.00171199,0.00000000
0.00160358,0.00000000
0.00191936,0.00000000
0.00213850,0.00000000
0.00219995,0.00000000
0.00214690,0.00000000
0.00216835,0.00000000
0.00000000,0.00000000
0.00000000,0.00000000
0.00000000,0.00000000
0.00000000,0.00000000
0.00171326,0.00000000
0.00212074,0.00000000
0.00361538,0.00000000
0.00388501,0.00000000
0.00373523,0.00000000
0.00326878,0.00000000
0.00297746,0.00000000
0.00316721,0.00000000
0.51303155,0.00000000
0.78656886,0.00000000
0.77247805,0.00000000
0.82582496,0.00000000
0.66611992,0.00000000
0.87306208,0.00000000
0.90178300,0.00000000
0.81840679,0.00000000
0.76645733,0.00000000
0.86197883,0.00000000
0.81450911,0.00000000
0.74048066,0.00000000
0.76900741,0.00000000
0.80019796,0.00000000
0.68904118,0.00000000
0.74221050,0.00000000
0.78265919,0.00000000
0.85303992,0.00000000
0.79928116,0.00000000
0.84483974,0.00000000
0.72780127,0.00000000
0.88573506,0.00000000
0.78824609,0.00000000
0.92379434,0.00000000
0.87397699,0.00000000
0.80588791,0.00000000
0.88351829,0.00000000
0.84087634,0.00000000
0.81798134,0.00000000
0.86709435,0.00000000
0.95916149,0.00000000
0.83707242,0.00000000
0.88573575,0.00000000
0.85088237,0.00000000
0.83645672,0.00000000
0.93228324,0.00000000
0.73932287,0.00000000
0.90644680,0.00000000
0.82049819,0.00000000
0.85983663,0.00000000
0.80309675,0.00000000
0.66731055,0.00000000
0.85328663,0.00000000
0.76871176,0.00000000
0.66868331,0.00000000
0.71405957,0.00000000
0.76822326,0.00000000
0.73741921,0.00000000
0.85680846,0.00000000
0.75574043,0.00000000
0.75526981,0.00000000
0.64910676,0.00000000
0.89861583,0.00000000
0.79827202,0.00000000
0.83643363,0.00000000
0.86949672,0.00000000
0.78296726,0.00000000
0.82422466,0.00000000
0.77751111,0.00000000
0.82189317,0.00000000
0.90934097,0.00000000
0.86910959,0.00000000
0.76848977,0.00000000
0.80700891,0.00000000
0.68600457,0.00000000
0.79713191,0.00000000
0.86831079,0.00000000
0.87138633,0.00000000
0.79288483,0.00000000
0.90204399,0.00000000
0.84708377,0.00000000
0.82535544,0.00000000
0.80916414,0.00000000
0.75820084,0.00000000
0.70043089,0.00000000
0.77139126,0.00000000
0.79962002,0.00000000
0.77280446,0.00000000
0.82797374,0.00000000
0.88470504,0.00000000
0.73705180,0.00000000
0.85566755,0.00000000
0.88666018,0.00000000
0.86334927,0.00000000
0.00000000,0.00000000
0.00000000,0.00000000
0.00000000,0.00000000
0.00727897,0.00000000
0.00445685,0.00000000
0.00413638,0.00000000
0.00393127,0.00000000
0.00420726,0.00000000
0.00397185,0.00000000
0.00358566,0.00000000
0.00368414,0.00000000
0.00420137,0.00000000
0.00394265,0.00000000
0.00414085,0.00000000
0.00413970,0.00000000
0.00445253,0.00000000
0.00442384,0.00000000
0.00464345,0.00000000
0.00459483,0.00000000
0.00501901,0.00000000
0.00514492,0.00000000
0.00517358,0.00000000
0.00501967,0.00000000
0.00505867,0.00000000
0.00508354,0.00000000
0.00498698,0.00000000
0.00497729,0.00000000
0.00454140,0.00000000
0.00473096,0.00000000
0.00482172,0.00000000
0.00462811,0.00000000
0.00432417,0.00000000
0.00439748,0.00000000
0.00365802,0.00000000
0.00360897,0.00000000
0.00390903,0.00000000
0.00399647,0.00000000
0.00364894,0.00000000
0.00407957,0.00000000
0.00406087,0.00000000
0.00405724,0.00000000
0.00362336,0.00000000
0.00393191,0.00000000
0.00350548,0.00000000
0.58620690,0.00000000
0.67413386,0.00000000
0.74519254,0.00000000
0.70553956,0.00000000
0.66836022,0.00000000
0.76381403,0.00000000
0.77184260,0.00000000
0.83675082,0.00000000
0.66441902,0.00000000
0.82721616,0.00000000
0.75449946,0.00000000
0.85407596,0.00000000
0.91450737,0.00000000
0.82331301,0.00000000
0.87975262,0.00000000
0.83895579,0.00000000
0.93832875,0.00000000
0.91613587,0.00000000
0.72775136,0.00000000
0.82340425,0.00000000
0.67093208,0.00000000
0.42909299,0.00000000
0.31439413,0.00000000
0.29754391,0.00000000
0.30853784,0.00000000
0.31482967,0.00000000
0.28679127,0.00000000
0.25289924,0.00000000
0.31287673,0.00000000
0.55817085,0.00000000
0.74406895,0.00000000
0.07060880,0.00000000
0.61959920,0.00000000
0.78050177,0.00000000
0.82247515,0.00000000
0.85845677,0.00000000
0.80936691,0.00000000
0.79164778,0.00000000
0.84075698,0.00000000
0.95129391,0.00000000
0.77563165,0.00000000
0.85291099,0.00000000
0.84563906,0.00000000
0.84622165,0.00000000
0.69928410,0.00000000
0.78424968,0.00000000
0.86903998,0.00000000
0.14593024,0.00000000
0.19993995,0.00000000
0.00000000,0.00000000
0.00000000,0.00000000
0.00000000,0.00000000
0.00000000,0.00000000
0.00000000,0.00000000
0.00000000,0.00000000
0.00000000,0.00000000
0.00000000,0.00000000
0.00000000,0.00000000
0.00000000,0.00000000
0.00000000,0.00000000
0.00000000,0.00000000
0.00000000,0.00000000
0.00000000,0.00000000
0.00000000,0.00000000
0.00000000,0.00000000
0.00000000,0.00000000
0.00000000,0.00000000
0.00000000,0.00000000
0.00000000,0.00000000
0.00000000,0.00000000
0.00000000,0.00000000
0.00000000,0.00000000
0.00000000,0.00000000
0.00000000,0.00000000
0.00000000,0.00000000
0.00000000,0.00000000
0.00000000,0.00000000
0.00000000,0.00000000
0.00000000,0.00000000
0.00000000,0.00000000
0.00000000,0.00000000
0.00000000,0.00000000
0.00000000,0.00000000
0.00000000,0.00000000
0.00000000,0.00000000
0.00000000,0.00000000
0.00000000,0.00000000
0.00000000,0.00000000
0.00000000,0.00000000
0.00000000,0.00000000
0.00000000,0.00000000
0.00000000,0.00000000
0.00000000,0.00000000
0.00000000,0.00000000
0.00000000,0.00000000
0.00000000,0.00000000
0.00000000,0.00000000
0.00000000,0.00000000
0.00000000,0.00000000
0.00000000,0.00000000
0.00000000,0.00000000
0.00000000,0.00000000
0.00000000,0.00000000
0.00000000,0.00000000
0.00000000,0.00000000
0.00000000,0.00000000
0.00000000,0.00000000
0.00000000,0.00000000
0.00000000,0.00000000
0.00000000,0.00000000
0.00000000,0.00000000
0.00000000,0.00000000
0.00000000,0.00000000
0.00000000,0.00000000
0.00000000,0.00000000
0.00000000,0.00000000
0.00000000,0.00000000
0.00000000,0.00000000
0.00000000,0.00000000
0.00000000,0.00000000
0.00000000,0.00000000
0.00000000,0.00000000
0.00000000,0.00000000
0.00000000,0.00000000
0.00000000,0.00000000
0.00000000,0.00000000
0.00000000,0.00000000
0.00000000,0.00000000
0.00000000,0.00000000
0.00000000,0.00000000
0.00000000,0.00000000
0.00000000,0.00000000
0.00000000,0.00000000
0.00000000,0.00000000
0.00000000,0.00000000
0.00000000,0.00000000
0.00000000,0.00000000
0.00000000,0.00000000
0.00000000,0.00000000
0.00000000,0.00000000
0.00000000,0.00000000
0.00000000,0.00000000
0.00000000,0.00000000
0.00000000,0.00000000
0.00000000,0.00000000
0.00000000,0.00000000
0.00000000,0.00000000
0.00000000,0.00000000
0.00000000,0.00000000
0.00000000,0.00000000
0.00000000,0.00000000
0.00000000,0.00000000
0.00000000,0.00000000
0.00000000,0.00000000
0.00000000,0.00000000
0.00000000,0.00000000
0.00000000,0.00000000
0.00000000,0.00000000
0.00000000,0.00000000
0.00000000,0.00000000
0.00000000,0.00000000
0.00000000,0.00000000
0.00000000,0.00000000
0.00000000,0.00000000
0.00000000,0.00000000
0.00000000,0.00000000
0.00000000,0.00000000
0.00000000,0.00000000
0.00000000,0.00000000
0.00000000,0.00000000
0.00000000,0.00000000
0.00000000,0.00000000
0.00000000,0.00000000
0.00000000,0.00000000
0.00000000,0.00000000
0.00000000,0.00000000
0.00000000,0.00000000
0.00000000,0.00000000
0.00000000,0.00000000
0.00000000,0.00000000
0.00000000,0.00000000
0.00000000,0.00000000
0.00000000,0.00000000
0.00000000,0.00000000
0.00000000,0.00000000
0.00000000,0.00000000
0.00000000,0.00000000
0.00000000,0.00000000
0.00000000,0.00000000
0.00000000,0.00000000
0.00000000,0.00000000
0.00000000,0.00000000
0.00000000,0.00000000
0.00000000,0.00000000
0.00000000,0.00000000
0.00000000,0.00000000
0.00000000,0.00000000
0.00000000,0.00000000
0.00000000,0.00000000
0.00000000,0.00000000
0.00000000,0.00000000
0.00000000,0.00000000
0.00000000,0.00000000
0.00000000,0.00000000
0.00000000,0.00000000
0.00000000,0.00000000
0.00000000,0.00000000
0.00000000,0.00000000
0.00000000,0.00000000
0.00000000,0.00000000
0.00000000,0.00000000
0.00000000,0.00000000
0.00000000,0.00000000
0.00000000,0.00000000
0.00000000,0.00000000
0.00000000,0.00000000
0.00000000,0.00000000
0.00244218,0.00000000
0.00230432,0.00000000
0.00218637,0.00000000
0.00294069,0.00000000
0.00288448,0.00000000
0.00300751,0.00000000
0.00288378,0.00000000
0.00225496,0.00000000
0.00194814,0.00000000
0.00238164,0.00000000
0.00249704,0.00000000
0.00233716,0.00000000
0.00226386,0.00000000
0.00241537,0.00000000
0.00321411,0.00000000
0.00312009,0.00000000
0.00283688,0.00000000
0.00297769,0.00000000
0.00274931,0.00000000
0.00218695,0.00000000
0.00192318,0.00000000
0.00342557,0.00000000
0.00307316,0.00000000
0.00293745,0.00000000
0.00288554,0.00000000
0.00257275,0.00000000
0.00298454,0.00000000
0.00334292,0.00000000
0.00154458,0.00000000
0.00215836,0.00000000
0.00230460,0.00000000
0.00198100,0.00000000
0.00000000,0.00000000
0.00000000,0.00000000
0.00000000,0.00000000
0.00000000,0.00000000
0.00000000,0.00000000
0.00000000,0.00000000
0.00000000,0.00000000
0.00168424,0.00000000
0.00218628,0.00000000
0.00119457,0.00000000
0.00379950,0.00000000
0.00300663,0.00000000
0.00000000,0.00000000
0.00000000,0.00000000
0.00000000,0.00000000
0.00000000,0.00000000
0.00371728,0.00000000
0.00322710,0.00000000
0.00328298,0.00000000
0.00000000,0.00000000
0.00288542,0.00000000
0.00254857,0.00000000
0.00296407,0.00000000
0.00374067,0.00000000
0.00000000,0.00000000
0.00000000,0.00000000
0.00000000,0.00000000
0.00383448,0.00000000
0.00327445,0.00000000
0.00343780,0.00000000
0.00382045,0.00000000
0.00364472,0.00000000
0.00430835,0.00000000
0.00417708,0.00000000
0.00764400,0.00000000
0.00571544,0.00000000
0.00525092,0.00000000
0.00300992,0.00000000
0.00329653,0.00000000
0.00331450,0.00000000
0.00399166,0.00000000
0.00363255,0.00000000
0.00618190,0.00000000
0.00507929,0.00000000
0.00734372,0.00000000
0.00457118,0.00000000
0.00480459,0.00000000
0.00375464,0.00000000
0.00506607,0.00000000
0.00655008,0.00000000
0.00452306,0.00000000
0.00452453,0.00000000
0.00457531,0.00000000
0.00430035,0.00000000
0.00559045,0.00000000
0.00495333,0.00000000
0.00498719,0.00000000
0.00472542,0.00000000
0.00368503,0.00000000
0.00333688,0.00000000
0.00286722,0.00000000
0.00000000,0.00000000
0.00309584,0.00000000
0.00435507,0.00000000
0.00656265,0.00000000
0.00510836,0.00000000
0.00707337,0.00000000
0.00704539,0.00000000
0.00706999,0.00000000
0.00534837,0.00000000
0.00498407,0.00000000
0.00413445,0.00000000
0.00000000,0.00000000
0.00000000,0.00000000
0.00000000,0.00000000
0.00000000,0.00000000
0.00000000,0.00000000
0.00000000,0.00000000
0.00000000,0.00000000
0.00000000,0.00000000
0.00348775,0.00000000
0.00336345,0.00000000
0.00000000,0.00000000
0.00000000,0.00000000
0.00000000,0.00000000
0.00000000,0.00000000
0.00000000,0.00000000
0.00000000,0.00000000
0.37037037,0.00000000
0.22786255,0.00000000
0.00000000,0.00000000
0.02324558,0.00000000
0.00000000,0.00000000
0.00000000,0.00000000
0.00000000,0.00000000
0.00000000,0.00000000
0.45098039,0.00000000
0.55977886,0.00000000
0.60898325,0.00000000
0.53503472,0.00000000
0.00000000,0.00000000
0.00000000,0.00000000
0.00000000,0.00000000
0.00000000,0.00000000
0.00000000,0.00000000
0.00000000,0.00000000
0.03590739,0.00000000
0.01281819,0.00000000
0.00000000,0.00000000
0.00000000,0.00000000
0.00000000,0.00000000
0.00000000,0.00000000
0.00000000,0.00000000
0.00000000,0.00000000
0.00000000,0.00000000
0.00000000,0.00000000
0.00000000,0.00000000
0.00000000,0.00000000
0.00000000,0.00000000
0.00000000,0.00000000
0.00000000,0.00000000
0.00000000,0.00000000
0.00000000,0.00000000
0.00000000,0.00000000
0.00000000,0.00000000
0.00000000,0.00000000
0.00000000,0.00000000
0.00000000,0.00000000
0.00000000,0.00000000
0.00000000,0.00000000
0.00000000,0.00000000
0.00000000,0.00000000
0.00000000,0.00000000
0.00000000,0.00000000
0.00000000,0.00000000
0.00000000,0.00000000
0.00000000,0.00000000
0.00000000,0.00000000
0.00000000,0.00000000
0.00000000,0.00000000
0.00000000,0.00000000
0.00000000,0.00000000
0.00000000,0.00000000
0.00000000,0.00000000
0.00000000,0.00000000
0.00000000,0.00000000
0.00000000,0.00000000
0.00000000,0.00000000
0.00000000,0.00000000
0.00000000,0.00000000
0.00000000,0.00000000
0.00000000,0.00000000
0.00000000,0.00000000
0.00000000,0.00000000
0.00000000,0.00000000
0.00000000,0.00000000
0.00000000,0.00000000
0.00000000,0.00000000
0.00000000,0.00000000
0.00000000,0.00000000
0.00000000,0.00000000
0.00000000,0.00000000
0.00000000,0.00000000
0.00000000,0.00000000
0.00000000,0.00000000
0.00000000,0.00000000
0.00000000,0.00000000
0.00000000,0.00000000
0.00000000,0.00000000
0.00000000,0.00000000
0.00000000,0.00000000
0.00000000,0.00000000
0.00000000,0.00000000
0.00000000,0.00000000
0.00000000,0.00000000
0.00000000,0.00000000
0.00000000,0.00000000
0.00000000,0.00000000
0.00000000,0.00000000
0.00000000,0.00000000
0.00000000,0.00000000
0.00000000,0.00000000
0.00000000,0.00000000
0.00000000,0.00000000
0.00000000,0.00000000
0.00000000,0.00000000
0.00367728,0.00000000
0.00375355,0.00000000
0.00377028,0.00000000
0.00413500,0.00000000
0.00412303,0.00000000
0.00440194,0.00000000
0.00415225,0.00000000
0.00329872,0.00000000
0.00343535,0.00000000
0.00512425,0.00000000
0.00000000,0.00000000
0.00000000,0.00000000
0.00000000,0.00000000
0.00000000,0.00000000
0.31952157,0.00000000
0.08680189,0.00000000
0.00000000,0.00000000
0.00000000,0.00000000
0.00000000,0.00000000
0.00000000,0.00000000
0.00000000,0.00000000
0.00000000,0.00000000
0.00000000,0.00000000
0.00461187,0.00000000
0.00374730,0.00000000
0.00291802,0.00000000
0.00333790,0.00000000
0.00251874,0.00000000
0.00409897,0.00000000
0.00327778,0.00000000
0.00321807,0.00000000
0.00436315,0.00000000
0.00326340,0.00000000
0.00416443,0.00000000
0.00529438,0.00000000
0.00403270,0.00000000
0.00583368,0.00000000
0.00650812,0.00000000
0.00554852,0.00000000
0.00574269,0.00000000
0.00439206,0.00000000
0.00299108,0.00000000
0.00339288,0.00000000
0.00473886,0.00000000
0.00381852,0.00000000
0.00255802,0.00000000
0.00269903,0.00000000
0.00361974,0.00000000
0.00296037,0.00000000
0.00362607,0.00000000
0.00261549,0.00000000
0.00297305,0.00000000
0.00262868,0.00000000
0.00282876,0.00000000
0.00376538,0.00000000
0.00236302,0.00000000
0.00000000,0.00000000
0.00808800,0.00000000
0.00935091,0.00000000
0.00502979,0.00000000
0.00242161,0.00000000
0.00264053,0.00000000
0.00410902,0.00000000
0.00376854,0.00000000
0.00339555,0.00000000
0.00425756,0.00000000
0.00456763,0.00000000
0.00292136,0.00000000
0.00270866,0.00000000
0.00327046,0.00000000
0.00000000,0.00000000
0.00000000,0.00000000
0.00339409,0.00000000
0.00272316,0.00000000
0.00377345,0.00000000
0.00314144,0.00000000
0.00338171,0.00000000
0.00423740,0.00000000
0.00000000,0.00000000
0.00000000,0.00000000
0.00000000,0.00000000
0.00414965,0.00000000
0.00435187,0.00000000
0.00368713,0.00000000
0.00377754,0.00000000
0.00288676,0.00000000
0.00277517,0.00000000
0.00179084,0.00000000
0.00224378,0.00000000
0.00298860,0.00000000
0.00230238,0.00000000
0.00220076,0.00000000
0.00209043,0.00000000
0.00207399,0.00000000
0.00208133,0.00000000
0.00285677,0.00000000
0.00254011,0.00000000
0.00295057,0.00000000
0.00308707,0.00000000
0.00404879,0.00000000
0.00408537,0.00000000
0.00397915,0.00000000
0.00369018,0.00000000
0.00343554,0.00000000
0.00337735,0.00000000
0.00355190,0.00000000
0.00310254,0.00000000
0.00287660,0.00000000
0.00198611,0.00000000
0.00254508,0.00000000
0.00168252,0.00000000
0.00241619,0.00000000
0.00286071,0.00000000
0.00285311,0.00000000
0.00276644,0.00000000
0.00287667,0.00000000
0.00261047,0.00000000
0.00264076,0.00000000
0.00229453,0.00000000
0.00255122,0.00000000
0.00246962,0.00000000
0.00260643,0.00000000
0.00262509,0.00000000
0.00304744,0.00000000
0.00287803,0.00000000
0.00344218,0.00000000
0.00287924,0.00000000
0.00297868,0.00000000
0.00000000,0.00000000
0.00244081,0.00000000
0.00266121,0.00000000
0.00264277,0.00000000
0.00217634,0.00000000
0.00185343,0.00000000
0.00192120,0.00000000
0.00153192,0.00000000
0.00163300,0.00000000
0.00155135,0.00000000
0.00202215,0.00000000
0.00210725,0.00000000
0.00256383,0.00000000
0.00259231,0.00000000
0.00272702,0.00000000
0.00279468,0.00000000
0.00289270,0.00000000
0.00000000,0.00000000
0.00305867,0.00000000
0.00286949,0.00000000
0.00294464,0.00000000
0.00397481,0.00000000
0.00299986,0.00000000
0.00330407,0.00000000
0.00489101,0.00000000
0.00419769,0.00000000
0.00470948,0.00000000
0.00405497,0.00000000
0.00402325,0.00000000
0.00410305,0.00000000
0.00000000,0.00000000
0.00000000,0.00000000
0.00337767,0.00000000
0.00338128,0.00000000
0.00223517,0.00000000
0.00239211,0.00000000
0.00350975,0.00000000
0.00351247,0.00000000
0.00267715,0.00000000
0.00435297,0.00000000
0.00310158,0.00000000
0.00297418,0.00000000
0.00260016,0.00000000
0.00286197,0.00000000
0.00224775,0.00000000
0.00229770,0.00000000
0.00191204,0.00000000
0.00263159,0.00000000
0.00240363,0.00000000
0.00256057,0.00000000
0.00283284,0.00000000
0.00267566,0.00000000
0.00320225,0.00000000
0.00369088,0.00000000
0.00343002,0.00000000
0.00299610,0.00000000
0.00299827,0.00000000
0.00274620,0.00000000
0.00250089,0.00000000
0.00257115,0.00000000
0.00251268,0.00000000
0.00242027,0.00000000
0.00229726,0.00000000
0.00230144,0.00000000
0.00274171,0.00000000
0.00200864,0.00000000
0.00208725,0.00000000
0.00201191,0.00000000
0.00235826,0.00000000
0.00257048,0.00000000
0.00265002,0.00000000
0.00245221,0.00000000
0.00257213,0.00000000
0.00208505,0.00000000
0.00216583,0.00000000
0.00225644,0.00000000
0.00149507,0.00000000
0.00105880,0.00000000
0.00103552,0.00000000
0.00000000,0.00000000
0.00000000,0.00000000
0.00000000,0.00000000
0.00203956,0.00000000
0.00200593,0.00000000
0.00280610,0.00000000
0.00274259,0.00000000
0.00285886,0.00000000
0.00257981,0.00000000
0.00281729,0.00000000
0.00238564,0.00000000
0.00241370,0.00000000
0.00263190,0.00000000
0.00270026,0.00000000
0.00236261,0.00000000
0.00277179,0.00000000
0.00000000,0.00000000
0.00000000,0.00000000
0.00000000,0.00000000
0.00000000,0.00000000
0.00000000,0.00000000
0.00000000,0.00000000
0.00000000,0.00000000
0.00000000,0.00000000
0.00250663,0.00000000
0.00252318,0.00000000
0.00200380,0.00000000
0.00235536,0.00000000
0.00218689,0.00000000
0.00236793,0.00000000
0.00237178,0.00000000
0.00216257,0.00000000
0.00237779,0.00000000
0.00284594,0.00000000
0.00322048,0.00000000
0.00310111,0.00000000
0.00322273,0.00000000
0.00312146,0.00000000
0.00314815,0.00000000
0.00308424,0.00000000
0.00291136,0.00000000
0.00270985,0.00000000
0.00273678,0.00000000
0.00237720,0.00000000
0.00229828,0.00000000
0.00242492,0.00000000
0.00245142,0.00000000
0.00329847,0.00000000
0.00347564,0.00000000
0.00365666,0.00000000
0.00392083,0.00000000
0.00347496,0.00000000
0.00332025,0.00000000
0.00319043,0.00000000
0.00326371,0.00000000
0.00337453,0.00000000
0.00322739,0.00000000
0.00319896,0.00000000
0.00315541,0.00000000
0.00314281,0.00000000
0.00324398,0.00000000
0.00337964,0.00000000
0.00400420,0.00000000
0.00280608,0.00000000
0.00328828,0.00000000
0.00286644,0.00000000
0.00329499,0.00000000
0.00289279,0.00000000
0.00298344,0.00000000
0.00275679,0.00000000
0.00275600,0.00000000
0.00258264,0.00000000
0.00255594,0.00000000
0.00254042,0.00000000
0.00268759,0.00000000
0.00306197,0.00000000
0.00307472,0.00000000
0.00307472,0.00000000
0.00329370,0.00000000
0.00277376,0.00000000
0.00299483,0.00000000
0.00287243,0.00000000
0.00242323,0.00000000
0.00232996,0.00000000
0.00230358,0.00000000
0.00229180,0.00000000
0.00244552,0.00000000
0.00215580,0.00000000
0.00188808,0.00000000
0.00231773,0.00000000
0.00231353,0.00000000
0.00237324,0.00000000
0.00237191,0.00000000
0.00241373,0.00000000
0.00273232,0.00000000
0.00232026,0.00000000
0.00240052,0.00000000
0.00249116,0.00000000
0.00244353,0.00000000
0.00242824,0.00000000
0.00283398,0.00000000
0.00309682,0.00000000
0.00305051,0.00000000
0.00306276,0.00000000
0.00301365,0.00000000
0.00306896,0.00000000
0.00301887,0.00000000
0.00294233,0.00000000
0.00309466,0.00000000
0.00304869,0.00000000
0.00302400,0.00000000
0.00300149,0.00000000
0.00287136,0.00000000
0.00330872,0.00000000
0.00458821,0.00000000
0.00305606,0.00000000
0.00300549,0.00000000
0.00314352,0.00000000
0.00314638,0.00000000
0.00334889,0.00000000
0.00328874,0.00000000
0.00265330,0.00000000
0.00344747,0.00000000
0.00350903,0.00000000
0.00319894,0.00000000
0.00314690,0.00000000
0.00300098,0.00000000
0.00255037,0.00000000
0.00311803,0.00000000
0.00304187,0.00000000
0.00309745,0.00000000
0.00334827,0.00000000
0.00349349,0.00000000
0.00205286,0.00000000
0.00299290,0.00000000
0.00326678,0.00000000
0.00315891,0.00000000
0.00302753,0.00000000
0.00271608,0.00000000
0.00271249,0.00000000
0.00254580,0.00000000
0.00242431,0.00000000
0.00258327,0.00000000
0.00267057,0.00000000
0.00242637,0.00000000
0.00262401,0.00000000
0.00310650,0.00000000
0.00300740,0.00000000
