216.000,107.000,30.000,39.000
217.567,104.158,34.541,42.628
220.663,104.363,35.669,42.525
230.771,103.307,32.932,40.190
234.675,105.654,36.153,36.299
235.126,103.058,42.869,35.108
234.397,103.053,46.043,30.981
237.116,105.465,46.079,28.134
244.416,107.056,43.812,30.900
250.478,108.069,41.609,34.353
260.561,110.342,36.498,36.118
268.512,112.772,28.849,38.928
271.456,113.056,26.946,49.232
276.456,123.430,24.102,42.507
274.504,129.971,26.781,43.430
268.431,133.387,29.607,46.603
258.935,133.508,37.120,42.114
253.314,134.282,39.929,36.032
243.396,139.675,44.938,31.936
235.982,138.154,49.197,29.655
223.536,139.817,48.678,30.692
225.699,137.950,45.903,32.566
221.124,123.760,35.590,42.879
222.112,113.234,32.358,46.574
223.932,98.750,29.811,45.887
225.733,85.860,27.764,47.088
223.294,77.850,32.496,44.537
228.750,68.968,40.412,43.397
230.047,63.269,46.055,39.248
246.659,63.217,40.975,34.388
250.981,58.808,46.682,32.783
266.547,56.114,42.725,32.594
277.330,55.153,48.024,32.116
293.517,53.032,42.997,33.829
298.636,55.863,39.035,36.738
305.227,53.930,36.346,42.809
304.194,47.276,37.307,43.709
306.963,45.628,28.850,42.060
308.992,43.827,26.263,45.173
307.350,38.247,26.647,47.427
301.574,40.214,26.540,44.567
287.851,45.722,31.963,40.799
277.647,51.904,36.993,38.807
260.254,65.681,48.056,33.000
249.464,70.896,55.148,31.136
240.168,70.270,50.904,32.635
238.875,65.668,49.635,33.063
231.810,58.878,45.907,39.466
233.976,47.217,37.724,46.108
230.533,39.611,36.675,51.879
223.833,29.920,42.371,48.587
213.335,20.800,36.418,53.717
198.959,9.761,33.824,48.965
193.611,4.318,37.427,46.071
192.024,3.461,46.032,43.024
190.594,2.139,55.607,40.564
195.301,2.080,55.318,37.354
210.122,5.098,48.072,33.687
216.923,8.571,45.264,35.840
223.671,15.065,44.086,34.037
236.719,22.468,43.499,40.940
240.377,31.018,40.834,49.542
248.097,43.093,30.525,44.032
250.344,54.740,27.870,45.152
248.367,70.283,23.300,42.479
243.188,77.341,26.410,49.984
232.583,84.585,34.911,50.249
217.178,96.935,41.601,42.021
205.118,103.995,49.501,30.927
192.798,103.279,50.344,39.427
185.107,105.532,50.593,36.624
178.642,107.919,46.647,33.060
172.879,101.528,47.187,46.317
173.740,97.932,44.154,49.860
172.964,93.614,46.741,53.137
173.323,92.768,37.119,39.920
173.162,90.695,35.900,41.601
177.930,86.218,45.205,46.911
187.484,78.393,41.553,52.474
201.338,77.875,35.735,45.277
203.500,77.479,40.512,34.954
207.364,75.694,45.625,36.107
217.130,75.401,51.860,35.633
235.402,74.804,45.947,33.213
241.333,77.902,47.438,35.421
243.147,81.994,46.189,37.903
245.819,86.490,43.870,40.340
248.732,90.090,41.764,50.303
259.857,94.531,30.835,56.332
263.495,96.715,28.321,63.158
264.049,105.588,30.445,52.301
256.540,112.289,35.538,52.506
248.000,120.714,40.156,45.781
241.921,122.696,45.861,42.763
230.035,126.625,52.447,37.844
221.247,126.385,59.995,36.892
212.763,123.085,51.150,35.739
201.512,117.981,52.830,32.954
197.184,110.565,51.963,40.768
190.311,100.779,42.479,48.494
187.242,86.878,38.876,56.175
188.345,83.908,34.425,49.580
189.364,76.063,32.635,49.078
186.111,69.110,44.378,51.948
183.680,70.465,54.357,43.736
183.012,70.566,63.634,39.318
207.288,70.618,52.286,34.489
221.440,74.936,51.111,35.803
234.863,77.005,53.089,32.868
243.170,78.984,55.636,39.332
254.342,83.038,50.973,41.851
265.391,90.915,42.941,41.553
264.289,96.136,44.047,44.976
268.762,96.864,34.206,50.324
271.166,104.256,31.141,49.244
269.929,107.907,32.358,53.407
265.808,110.718,34.670,52.965
260.169,116.292,41.215,47.410
251.911,125.299,49.142,38.517
242.077,127.398,52.964,34.492
231.348,125.397,61.078,36.185
223.406,123.257,52.568,35.361
215.679,122.417,55.993,38.339
215.390,116.743,37.963,47.826
213.584,109.261,37.724,54.405
217.333,103.050,35.417,60.363
215.236,99.267,33.502,49.882
213.528,98.694,41.349,41.759
220.000,94.929,42.523,45.864
221.339,93.600,50.736,44.538
237.057,94.657,46.627,36.499
245.091,95.136,48.828,34.213
256.378,96.244,46.599,33.391
258.574,99.819,53.036,35.173
266.312,101.481,54.522,43.531
282.258,104.225,42.824,49.067
286.733,113.479,37.463,53.295
287.914,118.367,35.281,50.324
285.010,122.985,29.336,54.276
278.308,128.753,33.537,52.346
271.208,134.503,40.508,47.232
262.923,138.422,45.873,45.610
252.262,141.636,45.041,42.843
242.470,145.801,50.978,39.004
236.171,144.708,53.906,38.325
227.525,144.387,52.533,37.511
218.797,141.504,57.612,37.577
220.849,129.796,42.844,40.225
215.036,122.674,39.682,49.707
211.103,115.383,36.953,51.023
209.994,108.949,32.467,57.710
211.779,105.859,29.421,44.827
208.741,101.468,39.367,50.103
212.041,97.491,42.741,46.659
207.980,97.987,55.786,40.564
222.401,101.166,52.074,36.022
229.811,104.205,51.095,34.904
232.785,106.102,55.291,34.916
239.036,104.718,49.833,39.003
247.660,106.954,43.564,41.970
254.815,108.579,40.956,51.970
259.930,114.759,38.222,52.011
263.640,120.170,32.057,54.533
267.818,123.568,28.490,55.216
262.735,128.427,31.418,54.485
256.272,133.498,38.614,48.662
247.203,143.380,42.303,48.135
240.829,148.071,45.454,42.375
231.244,153.058,52.474,36.362
223.251,156.707,58.654,36.243
218.521,154.006,56.916,34.520
210.738,153.813,53.872,35.084
212.780,150.203,47.003,41.085
216.031,146.621,38.915,48.688
214.216,141.376,36.331,51.826
217.932,135.344,29.421,56.230
221.145,129.293,28.784,56.915
221.598,125.902,35.739,47.895
224.188,122.778,38.448,45.590
224.503,121.873,47.400,38.155
225.363,120.163,56.971,35.500
236.200,118.644,54.387,36.018
244.070,116.173,55.297,38.111
253.678,114.518,50.073,38.935
261.448,115.037,45.512,43.652
265.041,116.716,43.250,51.309
270.404,119.395,41.695,53.136
273.855,124.217,36.117,54.648
274.461,126.075,33.392,56.454
274.097,135.675,34.295,52.313
265.391,147.714,38.779,40.310
250.181,152.279,40.327,47.406
236.115,156.285,49.287,41.933
224.977,162.138,50.348,38.239
215.726,164.001,56.788,34.689
209.126,159.708,56.989,39.269
202.738,157.481,51.231,31.746
205.176,153.661,49.435,37.765
202.978,147.792,35.915,48.897
202.951,142.406,33.029,52.442
203.174,135.795,31.829,57.560
204.806,130.932,29.083,48.442
204.617,128.338,35.050,46.002
200.638,126.855,46.311,39.465
201.852,124.646,54.035,38.977
203.741,126.094,59.462,34.517
220.635,123.869,51.532,35.144
221.935,123.134,52.096,36.441
228.286,124.284,51.213,37.119
234.895,126.735,45.698,39.657
238.497,126.889,42.258,49.444
246.718,129.365,35.520,56.941
251.782,135.955,30.525,54.297
253.509,139.946,27.561,57.160
246.052,146.812,34.918,49.394
238.866,159.729,39.014,45.530
228.361,165.924,44.554,43.877
223.100,173.165,50.028,38.517
215.802,177.279,55.996,36.978
207.822,175.171,59.230,38.724
206.126,173.979,55.036,34.769
208.606,172.629,48.587,36.418
208.720,166.659,45.653,47.766
204.792,162.946,39.290,48.457
207.366,158.635,36.593,54.452
211.694,155.595,31.699,57.846
213.260,150.703,31.320,53.003
214.895,147.279,34.166,48.598
212.163,148.258,40.526,46.071
212.521,148.186,47.512,40.243
212.903,148.172,54.890,35.805
220.580,149.691,52.981,32.946
223.203,149.692,56.392,34.457
235.107,147.972,48.611,39.225
239.715,148.850,45.610,43.159
248.273,151.374,36.864,45.413
251.610,155.211,35.934,52.752
254.519,156.549,35.105,53.314
259.799,158.486,28.463,56.491
256.795,173.765,32.216,50.257
253.331,178.356,40.029,46.230
239.507,178.364,50.974,47.253
232.867,181.689,51.640,45.333
229.184,185.431,48.718,38.140
221.782,185.981,51.580,38.339
220.146,179.683,50.043,39.714
213.379,170.348,54.533,43.519
212.747,164.209,48.579,44.970
210.282,156.198,50.515,46.867
203.739,151.342,36.873,43.117
204.167,141.445,34.977,51.786
208.311,130.725,34.559,56.202
213.106,126.330,34.444,50.028
216.459,119.849,39.599,44.862
218.167,119.707,47.513,36.100
224.152,118.657,52.067,34.545
238.195,123.939,49.835,34.867
242.812,127.003,51.545,36.842
243.722,129.316,50.775,39.657
245.068,128.885,42.231,44.482
246.598,129.974,36.819,48.918
255.994,136.235,31.891,53.322
268.885,140.857,26.083,52.826
271.417,147.369,26.312,53.071
261.761,163.324,32.191,41.571
255.502,166.240,41.034,41.328
245.643,170.808,48.782,44.820
233.262,175.913,48.528,41.193
228.334,177.347,51.936,36.892
219.701,178.536,52.034,36.890
211.117,175.587,52.034,38.827
207.779,170.959,49.975,41.871
204.937,166.811,46.322,38.998
197.730,160.818,39.264,50.812
195.603,153.361,35.012,48.891
194.424,148.493,32.967,54.890
198.847,147.025,30.197,48.503
203.082,143.003,32.356,47.841
206.140,141.157,43.709,35.647
206.891,136.691,50.585,33.987
210.011,133.506,53.230,33.466
218.534,129.695,52.247,35.677
232.455,126.503,50.714,38.166
245.398,126.745,46.487,39.003
250.336,132.046,42.173,41.488
253.437,130.351,41.433,51.686
267.268,142.051,30.519,52.943
271.171,142.267,31.813,56.781
275.016,148.844,28.999,51.582
268.813,153.932,36.056,44.430
262.034,154.643,40.753,46.150
251.859,154.477,44.479,46.655
244.255,162.608,49.252,38.449
243.843,170.977,50.950,35.280
239.128,171.949,53.067,33.507
229.477,169.257,52.923,36.184
227.237,165.955,47.368,36.538
227.028,156.989,47.201,44.110
224.446,145.447,35.703,51.723
227.498,137.494,31.836,56.960
228.703,130.132,27.716,57.570
224.552,124.660,33.857,49.145
223.923,122.487,39.626,41.431
221.965,118.414,45.907,39.955
224.010,114.127,50.077,39.666
228.453,113.365,52.831,38.325
234.609,110.646,53.847,37.369
235.779,112.762,53.487,35.838
239.015,116.066,50.625,39.180
240.419,118.105,51.488,42.534
248.859,119.998,45.143,48.152
256.463,119.097,33.490,54.818
261.075,125.598,29.169,59.198
259.369,131.471,28.738,58.229
251.833,140.649,35.032,53.081
244.771,152.823,38.425,47.166
230.536,158.100,44.140,48.075
216.421,163.999,56.823,41.646
210.203,165.800,52.091,38.337
196.669,163.209,57.309,37.161
181.642,163.650,62.006,36.463
183.598,158.664,52.647,38.506
184.026,153.741,48.894,48.532
176.672,142.207,43.995,56.481
171.956,131.327,37.119,58.029
167.905,126.752,36.753,54.339
172.313,121.059,36.087,55.607
171.086,115.816,39.890,51.236
170.930,119.431,47.989,48.804
167.654,120.250,71.913,42.798
199.501,119.883,61.192,38.203
220.587,121.613,54.153,37.946
230.911,122.832,57.268,40.879
245.861,119.689,52.891,44.157
258.623,114.011,45.031,53.862
260.048,114.630,40.602,57.750
272.100,119.922,32.220,57.356
269.539,113.494,34.675,56.960
263.102,110.364,37.043,54.228
246.415,112.085,46.463,50.515
234.030,111.431,50.368,48.136
220.682,109.186,58.440,43.263
212.816,107.576,68.007,38.197
213.551,101.876,59.190,39.902
203.443,93.928,64.480,43.507
201.110,85.350,50.269,53.981
189.128,75.225,48.617,65.241
189.243,63.414,41.040,67.269
201.846,55.777,34.094,62.171
212.044,49.196,36.648,55.990
211.704,43.778,48.072,56.539
207.197,45.386,64.927,50.603
220.561,44.225,65.583,46.253
233.011,40.486,66.001,45.880
242.353,45.074,66.444,38.142
252.333,46.765,68.209,37.389
264.812,52.929,62.449,48.908
271.050,58.948,54.861,54.306
279.637,62.656,46.670,63.432
287.595,72.997,40.350,66.414
293.099,80.920,35.274,68.674
291.519,83.130,36.168,75.981
287.121,94.332,43.282,73.537
278.576,100.915,52.571,63.651
267.027,110.109,70.215,52.110
254.558,116.068,71.547,44.066
242.157,118.741,70.460,41.646
241.998,117.202,68.823,43.856
240.532,115.578,66.583,54.257
244.528,108.226,56.904,62.089
241.191,100.457,59.054,69.055
241.263,93.236,51.482,70.307
246.268,87.640,44.607,64.620
244.372,84.887,48.184,65.070
246.501,80.892,53.227,66.673
256.256,77.883,49.020,66.714
264.613,73.894,57.393,61.632
276.522,75.779,62.863,52.505
289.545,73.267,64.892,40.730
294.476,71.579,70.075,42.457
305.741,74.622,69.020,41.412
321.837,74.345,62.626,48.174
326.407,73.670,64.052,64.382
340.305,76.934,49.883,68.139
345.113,82.558,43.312,82.292
349.911,89.510,39.096,75.801
346.121,96.221,42.095,76.229
341.618,101.177,42.470,72.676
335.745,106.949,52.654,66.153
329.587,114.653,55.960,57.264
317.255,117.735,64.614,54.394
298.604,119.453,68.697,52.743
288.707,125.089,75.832,48.345
278.850,123.247,71.842,45.464
269.750,118.141,67.703,59.112
258.494,109.070,63.913,63.786
255.361,94.732,60.446,71.588
249.398,87.472,52.694,64.184
243.809,81.566,49.188,73.898
235.232,79.049,53.993,65.131
233.297,77.564,59.173,67.269
233.774,76.520,74.672,66.825
254.687,79.636,65.689,60.592
262.726,82.848,73.786,52.144
276.699,80.271,71.125,46.213
289.826,76.914,73.637,49.245
298.915,79.353,71.131,57.869
303.239,86.174,71.867,61.711
310.590,94.056,62.509,69.455
319.129,95.107,52.958,84.786
324.077,100.629,44.676,87.872
323.312,117.694,40.808,75.463
312.176,124.997,45.422,76.295
298.997,130.796,53.481,73.433
284.804,137.001,62.530,74.208
271.548,147.474,71.562,61.319
253.242,159.442,82.191,49.050
239.065,159.189,82.210,46.632
224.838,158.313,86.843,42.553
224.928,151.516,74.335,50.777
225.670,131.741,60.792,71.253
220.804,129.596,56.392,78.051
223.052,121.915,54.158,86.094
220.799,106.297,46.466,83.201
222.607,102.183,46.088,84.080
228.088,92.654,46.088,73.865
225.730,86.626,61.456,66.138
228.028,81.532,74.533,60.190
236.604,82.937,80.574,55.236
250.712,81.971,77.869,52.492
269.157,78.763,77.479,49.945
283.606,79.445,74.613,57.797
283.285,82.557,77.887,66.309
290.245,89.202,70.739,69.155
291.577,93.805,64.012,74.657
304.045,97.461,51.271,87.299
306.621,106.923,46.119,84.999
308.084,115.018,46.458,82.997
301.044,118.650,54.932,81.215
290.167,125.070,63.280,77.491
275.981,136.264,70.004,69.161
259.761,140.976,78.857,65.319
242.857,145.397,85.435,53.018
232.763,135.843,90.495,56.053
227.398,127.514,90.390,54.177
222.868,114.543,79.700,67.794
222.283,109.038,66.851,83.084
219.362,101.818,57.437,92.138
215.326,90.677,54.299,100.300
221.597,79.524,50.197,89.289
223.636,76.575,53.761,81.647
223.105,68.563,70.392,82.634
221.103,63.345,79.906,65.670
230.011,59.186,81.531,65.718
235.159,60.678,92.341,60.388
257.397,61.556,81.817,55.044
271.931,61.088,88.276,62.170
284.274,71.818,87.213,61.807
294.054,78.307,81.332,75.596
298.591,90.030,72.099,88.749
312.070,95.505,54.267,94.607
315.370,103.470,52.260,103.228
308.850,112.433,51.035,96.333
291.634,116.882,60.305,98.118
274.947,128.501,69.797,84.896
259.616,133.508,78.887,78.887
242.942,143.865,95.164,69.239
230.856,146.619,103.402,64.057
212.758,139.018,110.080,56.589
205.673,136.330,102.277,54.379
211.341,125.378,82.416,63.868
210.915,109.855,68.710,84.432
206.364,97.907,57.979,95.208
209.712,90.204,51.282,105.098
210.939,82.894,53.535,91.039
206.190,88.353,67.094,75.638
211.793,89.816,73.994,76.133
212.201,95.660,90.797,69.566
218.943,99.422,96.720,70.472
225.079,111.311,106.304,64.412
242.300,115.037,100.012,69.545
251.705,121.071,90.058,75.355
269.330,131.344,71.811,87.659
274.215,145.903,62.518,100.061
269.794,152.483,71.995,114.019
280.187,159.736,61.559,107.683
271.338,183.571,61.482,102.578
256.582,196.204,72.858,94.016
228.073,202.854,97.823,82.543
199.906,213.150,103.912,76.718
181.838,216.586,105.484,63.577
164.352,214.574,102.715,81.221
144.121,202.820,107.841,88.616
138.428,178.298,96.088,97.853
139.306,166.860,88.314,93.749
142.493,158.379,77.025,93.959
137.506,142.754,72.840,96.381
140.982,130.266,75.638,103.372
140.904,119.793,85.534,105.899
169.566,118.233,75.476,88.627
184.169,115.619,101.239,85.487
191.872,115.446,105.425,62.322
209.792,119.618,109.905,61.781
227.601,120.133,110.605,68.179
235.204,125.324,110.371,73.117
255.272,126.585,95.448,88.604
277.038,134.805,77.319,94.807
287.215,145.490,62.457,96.431
276.904,155.900,57.719,99.881
265.159,168.886,59.614,104.628
254.656,172.037,62.599,109.075
231.976,182.364,74.678,95.210
207.261,198.858,95.533,81.161
179.447,201.648,116.019,69.399
153.588,195.940,119.427,69.142
141.740,184.078,105.431,72.108
137.540,170.898,91.484,78.739
134.637,141.043,87.594,101.371
132.606,112.707,87.885,106.933
129.383,89.894,71.428,105.007
138.017,71.747,56.936,92.348
131.111,58.673,80.211,88.072
152.166,40.838,73.503,95.250
165.288,31.820,92.841,85.468
189.564,25.621,101.617,71.257
211.032,22.867,105.251,70.111
235.091,24.366,108.070,70.039
259.447,27.261,109.990,76.469
288.555,29.512,100.058,90.327
305.802,37.319,89.199,103.684
323.245,51.605,68.372,115.365
324.662,71.176,63.400,120.566
326.247,74.381,56.203,124.837
321.404,93.938,61.855,117.659
303.401,109.141,76.304,100.769
272.898,120.018,103.421,88.496
246.630,120.199,115.915,87.942
230.416,124.559,114.187,79.628
212.791,123.478,118.479,73.763
211.039,117.328,108.514,89.244
208.925,94.345,95.396,104.265
195.945,73.225,95.009,103.592
197.772,66.434,75.269,88.774
188.949,61.092,76.883,87.189
187.519,45.453,84.010,100.910
187.991,44.407,93.035,103.003
212.349,43.550,95.304,91.186
208.874,46.226,111.396,77.623
241.497,56.752,121.147,74.437
259.299,67.167,119.570,70.335
286.588,71.858,108.319,77.109
301.566,87.709,105.095,88.616
318.491,99.880,96.798,89.442
330.505,116.239,86.579,93.297
333.274,117.865,78.699,102.471
328.862,117.595,72.576,119.760
338.841,125.415,61.016,127.443
334.914,139.339,71.871,111.251
319.630,139.267,83.277,95.634
295.726,136.722,98.760,90.188
275.708,133.597,109.864,85.660
262.337,138.286,117.731,76.671
251.254,139.265,117.026,84.624
244.697,133.074,115.768,93.014
239.317,122.560,110.919,98.225
237.482,115.842,95.352,77.578
237.870,108.550,86.811,97.166
230.834,102.826,76.398,85.787
231.754,96.447,71.964,100.490
234.302,91.081,81.028,106.104
248.647,93.281,81.104,90.198
250.592,94.626,92.828,89.911
261.303,92.893,101.616,75.983
273.020,93.201,110.935,72.548
284.847,94.276,117.811,70.758
291.755,93.952,121.390,77.631
314.503,94.627,103.915,103.137
337.188,93.256,80.550,110.860
348.721,105.194,66.183,109.297
345.308,113.102,61.922,122.651
333.844,124.496,60.582,112.783
316.778,126.908,68.055,104.979
284.498,138.188,87.506,104.464
260.234,155.167,105.952,83.919
230.954,160.064,122.344,77.151
208.839,167.114,121.818,72.779
196.008,161.070,113.722,82.416
183.964,157.636,102.289,89.091
184.086,135.107,86.566,114.275
184.762,123.953,82.029,93.179
186.382,107.336,65.483,100.325
187.257,93.604,62.106,105.190
186.543,85.094,68.884,109.081
191.128,71.762,73.948,95.646
187.136,70.696,95.419,79.066
204.032,71.059,102.711,76.424
214.542,71.267,112.591,69.792
222.178,71.534,115.965,72.634
229.720,81.894,116.714,71.612
252.374,86.208,103.996,85.687
268.066,83.101,92.278,101.922
284.314,92.526,71.428,115.100
297.511,104.678,58.472,120.395
295.820,112.601,57.821,117.323
292.374,117.445,63.062,117.704
281.966,137.465,78.872,108.557
260.899,155.553,97.251,93.353
226.398,161.335,131.665,92.299
205.530,185.203,117.806,72.801
183.700,195.435,120.079,72.196
163.878,191.602,125.951,87.326
152.266,190.303,119.550,82.571
151.514,180.818,102.735,81.034
152.852,169.844,89.105,97.869
154.373,161.902,77.831,104.398
154.642,147.824,65.554,112.147
157.906,130.459,63.487,112.732
160.481,126.622,79.366,96.494
169.963,123.071,84.282,96.398
173.457,121.788,99.144,89.753
171.218,126.009,112.889,64.292
176.999,124.721,116.680,62.775
193.643,123.850,111.702,68.634
209.987,125.157,110.445,76.381
239.253,118.613,90.021,90.389
256.091,119.924,74.223,99.505
268.938,130.097,61.091,104.800
263.353,133.681,58.772,102.129
262.499,140.393,56.913,108.399
252.664,148.107,65.395,107.469
230.566,160.997,88.076,87.740
205.402,167.184,104.068,78.007
170.030,167.541,119.731,72.236
161.600,161.788,114.261,71.646
159.695,145.819,103.765,87.648
156.924,131.550,87.522,100.707
160.433,110.992,70.347,118.687
169.790,95.818,59.871,108.573
174.519,86.603,59.462,108.582
172.678,83.711,74.902,94.071
177.185,83.347,101.523,74.293
181.465,86.372,122.035,75.032
191.327,92.849,125.304,71.657
216.720,91.419,110.825,74.897
222.103,88.880,109.007,85.270
238.952,93.669,90.369,98.865
255.318,102.528,69.392,96.693
259.823,109.034,64.976,98.941
259.392,114.505,67.283,106.144
261.830,119.076,70.038,102.599
241.402,133.977,91.846,86.743
221.420,137.054,106.916,81.307
206.398,134.791,115.874,72.771
198.983,131.781,116.714,75.846
195.858,127.270,112.968,79.775
200.256,124.386,100.370,86.303
202.860,112.493,84.527,99.081
205.835,102.182,75.640,109.971
212.249,93.444,67.559,118.502
216.300,82.312,65.189,111.394
212.389,76.428,72.669,103.716
209.554,79.716,92.440,78.339
210.228,80.504,111.563,77.446
216.322,82.752,119.100,71.088
225.294,83.593,122.016,71.253
243.385,80.781,112.516,75.384
254.787,76.016,104.479,92.112
279.306,74.299,77.853,102.624
292.981,76.540,63.577,115.871
295.171,74.590,61.607,125.107
301.146,92.241,55.116,117.627
294.125,96.440,66.571,110.844
285.594,110.045,78.643,96.712
271.841,129.420,100.039,85.373
256.153,141.381,115.498,73.112
241.553,144.064,121.869,70.323
229.550,148.417,120.264,67.556
223.405,138.312,119.731,77.473
228.045,133.602,102.920,87.666
228.750,126.679,83.452,99.039
231.509,118.476,75.022,107.798
233.902,108.803,70.775,115.618
238.142,95.806,69.539,124.409
238.578,92.143,66.427,111.956
229.853,98.761,84.567,100.445
232.634,96.190,95.988,89.343
233.302,93.536,105.973,77.021
236.670,93.293,111.009,77.507
238.952,95.572,120.216,73.321
245.265,97.623,122.449,71.852
254.952,96.683,112.292,83.326
259.407,93.818,100.864,88.861
269.266,92.177,83.990,94.229
270.301,101.180,69.455,103.114
271.790,101.183,64.781,117.183
275.199,102.859,63.550,117.672
268.029,110.635,64.734,102.294
253.755,120.196,78.931,93.609
237.121,123.118,99.810,90.173
229.237,125.434,104.742,80.410
214.046,124.218,117.083,75.662
205.637,123.199,117.683,76.192
206.841,112.948,116.032,83.611
200.603,106.859,103.280,93.031
196.802,99.506,89.256,103.018
199.361,92.618,77.799,110.839
198.436,80.858,76.670,119.100
199.219,75.648,66.101,117.065
189.480,67.795,77.655,103.716
184.667,68.291,89.256,96.978
183.953,65.653,100.574,93.856
180.920,62.959,116.175,84.455
196.507,62.687,113.996,79.440
202.616,67.337,119.503,75.476
210.282,65.535,118.239,77.179
216.904,63.123,111.126,81.620
220.244,64.670,105.209,87.674
226.047,70.951,95.913,85.128
229.999,78.021,92.718,95.978
235.892,80.060,83.769,101.922
241.498,86.043,75.518,104.022
244.449,92.769,75.475,114.012
255.948,98.786,72.204,115.750
239.686,112.170,88.616,100.883
222.186,119.952,105.225,101.054
207.446,132.464,111.566,89.253
197.996,139.472,114.657,83.442
183.357,142.758,120.404,83.342
178.163,129.464,111.333,94.683
169.887,118.826,116.166,81.213
167.451,107.475,99.050,93.212
167.863,95.532,84.935,99.380
165.597,89.257,78.975,102.723
161.201,85.720,70.791,103.478
159.877,76.546,70.693,110.673
160.515,71.318,75.263,114.753
167.254,68.028,85.975,103.282
164.414,69.314,103.538,90.337
174.753,69.956,113.641,88.087
178.013,71.070,123.369,77.432
195.688,67.928,118.141,75.501
206.540,70.129,124.613,75.638
235.376,70.001,108.780,86.012
242.722,69.448,102.026,97.573
271.123,75.413,73.637,104.452
278.794,77.421,63.914,120.278
278.443,90.678,60.402,125.018
276.612,108.795,61.975,111.764
263.122,117.701,75.462,100.117
239.748,125.456,98.011,107.238
226.251,138.982,106.091,92.316
193.123,140.568,125.397,89.937
172.692,148.968,131.816,81.641
162.410,143.077,123.732,90.723
163.613,139.654,102.659,97.357
157.714,123.100,89.245,114.657
153.105,103.035,84.080,109.810
153.929,95.154,79.350,100.920
155.279,78.097,76.292,94.738
141.567,62.862,91.945,96.381
144.163,65.223,107.310,93.731
144.928,63.222,133.129,88.685
172.976,60.996,122.731,82.039
192.915,64.208,119.253,77.625
205.740,59.687,113.824,69.142
213.993,63.713,113.479,72.989
221.981,66.610,107.729,84.540
227.116,65.884,102.045,94.401
244.324,67.867,83.947,104.984
246.045,67.316,80.504,110.975
267.528,72.182,65.600,116.601
262.859,83.734,67.584,114.507
246.289,92.739,78.535,100.370
227.500,99.649,88.688,97.771
211.015,103.192,95.536,95.536
191.533,111.491,115.149,83.344
179.885,119.435,123.738,78.635
177.336,120.023,117.571,81.015
183.897,104.590,106.796,97.408
178.922,97.370,110.215,102.663
179.688,86.900,99.521,83.964
184.957,82.194,86.419,97.771
177.725,76.772,79.896,88.548
179.742,66.088,79.572,100.308
184.426,65.022,88.112,101.186
197.092,62.290,89.631,87.173
207.376,62.844,103.066,82.523
222.913,61.650,107.433,69.960
229.067,62.780,118.386,63.533
248.335,64.690,117.171,67.004
263.766,67.647,104.955,71.213
268.818,69.328,107.660,87.236
284.799,68.304,92.002,93.943
304.561,64.286,73.693,111.098
318.952,75.830,60.846,101.773
318.647,83.540,57.831,96.596
311.216,95.491,64.168,110.386
300.311,100.952,76.369,101.656
287.991,108.869,88.294,92.179
275.975,116.312,102.034,83.433
266.651,121.750,107.354,75.518
249.717,126.281,116.481,74.584
239.478,124.761,123.711,81.541
238.791,120.284,116.638,79.837
237.058,113.280,107.748,74.728
235.079,104.849,93.925,85.844
232.697,98.426,85.003,98.869
232.972,90.029,76.374,107.768
239.926,79.812,69.731,117.852
243.558,74.274,65.010,110.589
246.808,64.595,68.204,96.608
250.995,61.687,82.429,92.509
251.939,61.193,101.201,74.762
254.840,59.404,115.072,71.550
260.440,63.945,122.211,69.731
274.347,66.975,111.611,68.484
283.404,64.799,109.780,81.066
311.632,64.865,81.500,96.438
314.378,67.799,76.008,102.646
317.849,73.965,72.429,108.909
324.501,78.199,67.674,115.224
325.754,80.736,65.523,114.222
329.700,91.499,63.186,113.526
316.014,107.053,78.857,105.482
290.622,113.233,96.226,100.608
274.481,124.906,103.280,88.694
255.805,131.700,111.317,78.554
238.114,134.397,113.494,87.794
223.826,135.472,113.857,92.246
222.095,123.756,102.551,101.731
214.854,110.172,101.892,102.506
215.468,101.067,90.843,100.869
206.094,91.915,87.751,108.252
205.097,88.487,83.502,98.914
207.880,85.867,85.401,98.329
207.069,79.219,94.733,101.159
226.786,79.794,90.989,91.578
236.578,78.894,106.559,75.983
251.318,76.366,108.234,67.354
261.809,73.430,114.285,67.237
278.566,72.809,108.338,76.205
284.116,75.222,114.171,78.481
300.629,73.889,101.812,93.470
317.892,78.766,86.259,106.796
333.936,85.485,65.121,119.484
341.597,93.133,56.508,120.433
339.476,106.136,63.062,120.675
331.725,109.559,69.311,117.672
316.762,124.390,85.475,104.489
289.918,141.749,112.998,85.886
273.898,151.891,133.379,71.926
249.794,151.772,141.191,80.988
239.671,150.301,126.109,73.867
227.030,140.190,114.029,85.376
225.555,127.156,83.189,99.787
225.153,109.308,66.463,116.858
225.893,95.866,62.865,107.542
222.105,82.652,64.681,101.876
214.938,70.021,71.698,87.631
219.766,61.977,86.380,91.312
233.394,60.083,102.223,82.811
248.325,59.032,109.832,74.206
257.063,53.217,107.568,69.720
271.790,50.929,110.748,73.948
278.813,56.755,115.898,81.672
295.011,53.694,103.402,98.329
312.355,57.386,85.893,107.316
326.027,58.273,65.098,107.276
334.946,88.282,52.454,111.946
326.618,92.346,59.127,120.251
317.293,107.325,70.339,110.581
298.779,124.826,88.647,87.058
273.900,135.955,113.929,77.127
242.321,137.750,131.503,78.602
225.206,137.145,117.275,76.351
206.678,136.264,109.775,74.321
200.358,114.389,93.624,105.033
185.405,104.346,89.767,114.790
185.700,95.367,79.608,101.394
184.083,86.274,63.932,97.969
167.841,79.280,82.144,89.597
175.184,67.979,83.462,95.508
173.396,61.289,105.842,92.768
198.315,61.996,104.860,82.617
222.383,60.388,96.469,62.322
232.812,59.500,109.371,65.032
246.410,60.904,110.919,66.957
255.789,60.556,112.871,73.349
270.344,61.541,100.332,84.672
286.545,62.344,85.282,101.157
302.947,78.681,66.063,99.001
301.293,91.714,62.563,108.594
309.298,100.778,55.963,104.662
301.957,107.804,63.888,102.589
287.546,127.331,81.041,94.493
256.426,140.162,116.239,88.496
223.353,147.040,116.580,89.162
206.738,157.740,115.318,74.293
184.963,155.169,119.151,71.639
172.167,151.379,109.020,91.251
158.214,136.326,110.778,88.822
162.960,124.732,84.802,80.830
157.861,106.520,80.384,100.812
157.421,98.053,74.223,101.311
160.682,86.044,70.650,111.096
166.528,72.155,73.344,101.226
171.444,69.093,84.567,90.263
176.259,67.476,105.228,82.816
186.777,69.969,110.385,72.405
202.211,73.219,119.453,65.009
227.326,73.232,113.193,67.457
244.528,72.643,107.154,73.362
254.951,71.320,100.515,92.701
277.911,76.241,76.471,102.606
286.667,78.884,64.642,110.460
293.211,95.110,59.355,109.721
291.865,105.698,58.815,111.652
283.879,116.977,70.235,96.411
258.412,132.991,91.786,96.078
230.760,142.283,98.749,91.038
205.427,152.824,103.032,82.121
176.863,160.011,114.321,73.269
155.446,160.662,112.725,82.616
151.600,157.443,101.638,88.861
144.478,141.836,95.679,103.874
141.420,123.713,90.419,107.185
144.450,111.869,78.839,99.338
137.827,97.609,76.502,101.472
135.463,90.777,78.405,95.358
137.625,77.010,92.947,95.717
149.305,70.031,103.813,85.093
174.690,62.356,99.314,83.890
183.152,63.106,115.897,68.293
206.195,62.347,114.155,66.783
215.473,62.822,118.534,81.766
238.474,68.425,107.222,84.161
254.826,69.825,100.940,93.717
274.861,74.932,78.624,104.767
288.499,86.346,64.642,99.058
289.346,104.401,59.094,93.618
282.668,117.668,57.245,107.483
266.366,128.370,71.942,106.499
237.896,138.952,99.207,99.383
216.819,155.592,115.080,86.608
196.120,159.677,117.859,78.839
176.459,163.567,119.913,73.763
162.675,158.015,121.643,74.872
155.658,149.014,103.383,94.210
156.962,136.049,84.375,106.703
155.427,120.777,79.080,106.263
155.678,109.101,75.640,103.729
155.494,97.921,58.604,98.207
141.607,87.563,81.817,91.702
140.334,76.824,98.250,90.959
143.387,73.958,119.445,85.886
169.395,71.203,116.580,82.053
196.309,67.127,107.266,65.497
213.972,68.275,110.767,67.234
227.296,70.044,111.987,71.485
248.188,73.730,97.425,85.068
255.817,77.189,100.060,100.243
283.179,78.564,72.216,110.531
289.558,92.639,61.786,106.558
290.536,106.411,57.879,105.190
284.715,107.962,61.692,105.534
269.349,117.586,72.065,105.674
248.303,131.029,85.093,93.322
220.664,150.544,105.546,80.008
201.457,151.152,111.376,75.846
177.065,155.202,119.476,68.114
165.831,156.031,112.327,66.818
168.009,147.258,102.416,88.876
172.781,137.043,84.273,102.427
175.093,126.474,79.276,116.866
179.201,120.799,71.446,111.803
185.195,110.975,56.413,97.067
172.830,101.315,81.885,89.881
169.890,95.490,101.359,93.443
178.234,92.461,123.692,84.672
224.697,88.650,99.065,67.479
246.991,87.275,102.715,67.602
262.593,85.320,110.108,71.512
284.971,86.446,105.133,84.177
306.231,88.176,99.201,101.275
327.546,95.885,82.246,104.713
336.661,114.001,68.854,91.558
332.432,117.305,66.018,115.174
335.412,128.277,56.043,118.719
326.627,142.815,69.195,126.449
307.573,169.271,83.667,97.361
278.238,184.631,105.395,86.923
241.460,190.732,121.855,81.237
206.023,198.300,122.844,75.260
191.755,198.181,108.817,73.572
173.274,187.150,108.349,93.306
148.623,174.330,108.864,110.679
149.569,162.756,86.283,94.427
148.705,150.934,66.641,85.837
138.675,138.225,73.363,102.314
133.175,125.675,85.058,106.582
148.830,121.025,85.196,86.911
157.773,117.192,89.400,83.877
164.805,114.866,104.846,78.635
184.998,113.213,113.261,68.102
203.946,109.581,119.036,67.970
233.568,105.027,108.054,77.079
253.907,107.680,99.602,85.138
271.958,116.284,83.251,95.619
283.937,123.911,73.757,102.332
296.270,132.774,61.801,114.897
303.329,149.135,57.320,109.398
289.648,172.911,73.739,96.416
271.397,182.229,86.571,99.760
254.016,186.889,92.674,100.304
231.804,199.194,109.872,83.225
211.826,209.001,112.850,80.470
193.150,206.240,115.995,86.757
172.517,200.751,121.666,81.647
162.492,195.667,106.586,75.449
167.835,184.184,89.077,85.485
169.827,175.275,70.560,100.500
169.030,159.272,63.051,114.975
167.291,154.154,60.558,104.739
162.144,149.873,78.354,80.269
170.141,143.079,80.176,78.426
174.913,132.818,99.584,77.949
176.320,127.646,114.253,72.401
194.479,128.156,113.261,71.744
207.226,130.800,113.772,71.875
220.107,127.984,114.087,83.483
243.507,131.388,95.452,92.909
259.927,135.409,83.924,98.258
273.483,143.567,70.105,111.440
268.690,156.255,72.783,99.524
281.029,160.470,57.828,108.663
275.901,171.214,63.632,107.856
262.210,177.642,78.391,105.297
242.044,186.042,90.681,95.052
219.088,193.744,102.909,82.439
197.998,200.999,112.048,77.529
178.078,199.832,122.032,79.489
169.913,191.682,108.207,72.532
154.224,189.944,100.338,68.549
150.250,176.719,92.176,88.522
150.160,163.574,82.034,98.875
147.293,154.139,70.791,109.257
152.402,139.565,60.574,104.068
148.646,131.626,70.472,83.517
151.017,123.319,82.471,91.378
152.212,121.308,99.056,84.606
160.432,121.385,112.358,73.804
180.823,119.212,108.642,75.228
193.493,123.506,111.733,72.074
205.719,126.498,108.293,74.171
214.070,125.151,102.546,93.387
221.221,124.193,93.147,100.402
247.854,127.350,64.274,104.349
252.753,141.785,57.757,105.505
248.124,149.756,61.535,114.459
242.922,155.888,64.880,93.791
224.317,160.977,82.673,102.402
193.478,167.322,108.725,94.511
168.022,172.739,106.831,84.896
154.539,172.303,115.310,78.335
144.914,167.634,110.926,86.340
144.293,146.876,98.049,99.030
128.900,123.081,99.787,93.859
129.299,98.777,78.415,102.289
111.217,84.013,86.024,96.799
107.541,71.626,73.969,97.039
108.234,64.860,86.488,102.599
142.237,61.090,73.175,92.411
142.287,62.200,93.812,86.899
150.440,65.448,101.773,69.177
165.356,64.066,110.767,64.712
175.461,66.067,120.744,63.933
201.496,63.520,104.596,83.642
222.654,62.194,91.733,95.485
239.256,75.420,75.600,95.110
247.801,81.644,62.931,105.793
251.131,90.864,56.272,116.470
252.361,96.261,61.591,109.243
243.163,110.889,70.606,95.787
224.812,126.524,86.241,78.177
207.531,123.644,109.118,82.785
192.142,119.865,117.026,80.622
174.567,122.035,117.731,74.336
167.587,124.686,112.181,82.166
160.892,116.657,103.617,90.328
159.654,98.708,94.475,110.931
159.719,91.823,87.784,91.271
162.305,76.757,66.628,98.774
156.111,69.403,71.698,91.208
155.492,60.224,81.689,100.004
155.592,51.190,89.459,97.789
173.870,48.684,87.044,88.544
179.709,50.167,103.364,77.655
190.085,48.586,110.807,66.987
201.479,48.253,120.810,65.928
214.201,49.250,114.476,80.008
238.485,46.144,101.929,90.433
257.478,44.560,85.513,103.809
265.533,50.637,72.043,101.652
272.042,54.448,63.487,101.750
269.314,59.254,62.177,107.119
263.597,67.992,64.942,108.128
250.013,86.086,77.319,101.019
233.597,102.063,95.628,83.940
217.657,110.989,113.860,81.354
196.200,119.695,127.306,72.801
183.966,120.566,134.974,73.763
177.216,118.428,113.857,74.837
173.805,110.869,99.950,91.991
174.795,94.241,82.025,108.918
173.149,81.773,82.853,117.928
172.182,76.157,76.466,94.691
173.910,67.892,65.846,94.675
171.740,63.695,71.294,82.833
165.169,57.194,91.984,87.054
167.642,55.053,114.976,78.978
185.956,57.088,119.052,77.967
207.635,55.907,112.575,71.060
214.852,54.544,113.543,70.203
228.105,58.843,105.842,71.815
238.601,62.626,100.911,88.516
252.086,66.311,89.678,101.812
269.910,70.659,70.890,105.569
280.879,86.296,61.623,107.277
283.641,98.349,62.623,98.338
270.028,109.348,74.141,94.718
247.429,125.779,90.933,91.438
228.076,127.129,100.973,89.652
208.614,140.316,110.736,80.050
206.649,147.903,109.951,75.626
190.231,139.885,120.510,79.792
181.480,134.564,114.027,65.664
176.871,125.214,91.480,73.254
175.683,116.883,76.298,89.097
176.689,107.614,66.693,98.224
183.130,94.811,61.267,107.136
185.799,88.712,62.756,99.988
178.643,82.410,81.193,87.694
191.171,77.899,95.533,87.079
194.568,82.364,107.911,73.037
203.111,83.976,114.333,72.660
208.421,87.623,115.398,68.837
225.938,85.252,106.975,86.616
249.302,87.237,91.142,90.369
269.198,91.451,71.926,99.786
275.992,96.065,65.460,109.552
279.554,104.375,62.746,114.979
281.672,108.287,62.931,112.766
275.207,123.704,71.311,104.859
259.456,134.074,88.101,84.985
243.098,139.419,103.284,80.197
227.729,138.435,113.389,77.236
211.074,140.284,119.685,73.912
197.176,140.465,116.928,74.118
189.400,140.951,105.798,88.632
197.657,127.426,92.584,106.365
199.264,115.865,84.008,118.167
198.554,109.879,70.858,118.762
202.405,97.108,63.156,101.526
202.509,90.866,63.269,89.443
185.056,92.523,87.334,83.569
187.149,90.681,103.165,82.805
188.201,89.512,126.048,75.703
223.646,82.376,110.708,76.283
242.918,75.783,109.535,76.398
256.489,76.265,102.531,79.645
272.261,77.334,96.159,87.467
281.052,83.248,93.632,94.366
289.309,84.724,86.335,108.154
305.179,95.242,71.631,110.931
310.277,107.310,61.435,102.689
314.588,119.998,57.905,89.403
302.335,123.495,69.731,87.164
286.319,125.404,81.785,102.075
271.552,137.260,91.912,90.264
257.983,143.318,101.338,84.357
240.723,159.398,110.315,77.739
229.996,160.035,115.810,77.949
220.239,152.314,114.738,77.191
218.956,145.081,101.841,72.420
213.776,127.773,95.508,83.118
213.847,120.398,80.901,96.974
213.452,109.925,65.885,96.608
207.495,97.079,70.595,107.574
206.478,92.903,73.676,109.641
220.985,96.218,75.638,85.003
227.491,94.720,93.458,87.195
235.466,92.139,100.143,75.153
243.235,89.676,112.634,72.420
258.807,88.581,110.827,75.696
272.912,87.140,109.788,75.640
299.322,85.886,92.026,88.192
314.273,84.653,79.640,98.783
327.100,97.462,64.997,92.701
329.106,102.273,63.476,101.748
329.433,107.078,61.372,110.340
329.743,110.907,68.179,113.907
329.222,119.476,72.048,102.774
319.165,141.178,82.669,80.770
296.539,147.865,96.350,79.337
269.777,148.139,109.605,82.641
254.630,156.678,117.026,73.189
240.205,159.123,118.779,70.896
234.242,155.175,104.748,86.155
238.142,143.886,92.006,96.758
230.064,130.620,91.522,108.918
224.800,122.848,83.042,91.846
228.852,110.642,76.513,102.601
230.525,101.030,67.129,106.020
232.978,87.928,74.059,91.306
229.520,85.852,104.181,88.545
249.639,83.324,108.817,77.616
273.488,82.736,101.803,71.060
277.650,79.884,112.757,63.628
287.562,81.343,110.739,75.974
303.643,87.752,103.179,78.210
319.934,88.318,92.206,101.211
338.740,91.879,68.727,120.417
341.784,107.840,58.451,107.616
348.579,119.173,52.019,104.038
335.187,127.658,63.014,109.205
321.187,135.923,78.391,113.435
304.221,149.149,93.602,94.358
281.992,165.104,101.383,78.999
256.033,169.502,117.662,70.561
243.105,164.430,120.875,69.567
231.392,165.433,117.499,67.929
220.117,159.640,114.259,79.695
230.810,147.127,87.331,100.134
234.331,138.102,83.104,109.555
243.014,126.187,80.069,115.231
241.833,115.816,79.350,102.461
242.862,103.298,74.403,99.505
231.049,89.712,88.537,94.232
247.487,92.336,91.546,83.307
246.512,91.444,116.783,80.015
267.152,86.924,114.997,80.536
290.561,87.132,104.387,71.453
293.598,88.934,111.468,77.889
323.022,91.306,101.693,91.804
332.439,90.164,102.606,108.801
353.906,105.629,75.120,107.284
360.490,115.509,63.212,115.618
362.669,126.441,56.800,118.220
355.956,138.623,67.602,114.693
350.025,155.355,74.697,97.653
326.638,162.607,94.610,84.003
308.400,166.391,100.903,79.115
288.470,170.847,115.871,70.561
272.701,168.823,112.457,73.161
257.928,166.543,124.753,71.365
250.907,158.734,105.137,80.932
250.682,152.129,89.343,98.572
252.091,138.968,75.614,109.095
254.391,123.956,69.377,120.362
257.587,112.182,62.983,101.250
261.545,105.018,64.192,75.398
248.141,100.288,86.812,77.880
246.452,99.234,111.587,75.214
276.359,97.553,100.058,81.331
287.741,94.335,108.535,79.640
300.696,94.331,109.237,71.646
317.418,103.237,106.430,76.325
331.445,102.753,102.034,87.225
339.915,109.303,89.253,93.035
340.172,111.451,68.837,107.911
332.652,119.326,67.654,114.942
341.580,128.412,55.272,104.717
334.886,135.760,64.540,120.535
320.007,150.998,75.403,97.300
294.737,166.189,93.686,88.881
274.385,174.744,106.376,82.391
260.977,182.360,112.931,70.723
240.793,179.396,117.662,66.980
227.141,174.775,113.265,63.222
221.536,165.177,104.125,72.752
225.762,153.716,84.849,87.817
228.376,146.044,67.504,98.140
234.078,140.971,60.340,102.415
240.296,130.566,60.038,112.511
247.109,126.420,69.125,102.206
250.652,132.510,80.920,87.832
254.928,130.098,90.798,73.383
265.321,129.165,104.529,63.797
275.872,126.057,114.507,64.288
289.243,124.644,113.405,63.156
312.877,125.018,108.534,74.278
328.064,123.618,97.249,91.846
349.956,128.968,77.734,101.054
363.783,132.079,60.203,116.143
365.060,141.551,53.794,106.918
362.150,144.521,54.139,120.900
349.834,147.432,71.478,105.515
332.650,155.797,87.392,92.963
317.474,161.646,100.228,81.988
286.961,172.496,103.325,69.004
265.072,174.027,115.316,72.875
250.945,174.664,118.417,82.433
242.206,177.053,110.341,89.145
244.350,164.031,95.129,104.265
241.017,152.891,93.612,97.604
243.756,143.448,77.021,91.200
249.995,129.378,65.553,92.950
239.869,118.389,86.588,88.467
243.655,105.380,91.481,92.008
239.092,102.365,106.850,95.651
263.950,103.593,99.072,82.864
278.076,106.164,103.144,77.358
281.831,103.653,110.140,76.650
286.460,104.055,116.714,67.378
299.532,107.198,109.217,75.653
305.522,109.517,106.159,101.061
329.329,109.600,80.550,103.179
343.859,122.115,61.898,108.277
347.571,129.325,55.460,119.944
338.495,134.007,58.726,112.217
321.685,136.138,72.186,102.101
301.678,141.242,83.634,105.833
286.162,146.821,97.692,87.319
269.300,156.424,111.426,85.698
253.229,165.630,120.097,77.261
254.576,157.338,112.575,86.700
246.283,150.173,113.511,92.512
246.840,137.770,96.808,77.119
247.819,128.903,81.697,84.120
248.309,110.011,65.105,104.632
243.605,103.545,65.736,114.087
247.658,106.603,68.567,90.786
259.652,105.363,70.977,80.146
261.149,96.185,101.221,87.624
263.668,94.169,109.008,72.420
280.061,99.747,117.361,65.893
295.952,98.357,119.212,71.668
313.912,100.134,101.431,85.698
330.294,106.410,80.422,91.804
333.678,108.430,70.899,106.693
339.185,114.077,64.412,113.679
334.672,123.902,58.168,128.175
330.004,140.564,68.023,114.410
306.447,158.036,90.413,94.122
286.124,174.455,105.033,80.298
266.660,178.706,117.451,81.369
248.319,184.289,115.894,73.929
238.154,181.536,109.500,76.464
233.052,175.155,106.483,89.960
233.936,158.365,91.186,103.736
229.779,144.290,88.379,115.498
239.121,134.775,77.799,99.680
235.110,124.928,67.810,90.060
219.066,117.034,85.805,96.609
220.885,113.848,95.130,85.453
222.400,110.524,108.896,89.212
248.987,109.682,104.332,80.818
271.698,107.750,102.907,74.005
278.504,107.284,112.406,72.136
285.226,110.123,116.842,79.099
309.557,109.997,98.609,88.594
318.824,114.257,87.747,100.469
330.345,116.527,72.604,113.421
339.045,122.029,58.835,123.663
333.904,138.181,57.485,111.890
305.640,144.185,77.079,108.552
284.492,156.350,88.983,105.827
269.825,165.480,97.688,96.131
239.672,177.831,113.741,87.926
217.706,189.297,118.555,82.046
199.723,182.303,116.386,72.716
185.935,171.718,101.435,76.398
179.085,154.998,92.532,99.772
181.054,140.942,70.105,106.891
181.042,126.168,58.325,106.929
174.637,113.398,60.860,99.748
174.632,108.801,68.987,98.017
173.411,104.155,81.633,88.545
158.616,104.929,121.627,74.034
160.310,99.174,141.621,71.096
177.427,100.133,143.184,66.765
221.369,99.787,114.913,67.262
233.923,93.798,108.294,83.290
253.093,92.671,87.824,95.808
265.427,102.755,73.620,101.710
265.090,111.429,69.435,104.673
271.407,115.519,60.222,119.589
268.351,126.669,62.421,124.332
256.651,145.924,77.875,111.251
238.864,159.566,93.670,99.454
209.616,171.542,109.382,95.056
197.769,181.515,113.277,81.233
178.914,191.012,116.602,78.759
166.716,189.283,119.292,82.217
155.859,174.386,109.825,95.328
154.574,163.391,99.680,87.579
150.905,154.420,85.689,104.959
141.663,144.929,80.410,99.610
140.678,141.365,76.650,97.783
139.946,136.271,78.808,107.450
147.600,129.819,86.389,99.311
143.469,123.240,111.912,95.951
167.869,126.788,107.331,88.439
181.345,129.257,108.084,72.967
192.111,129.054,112.196,65.181
202.396,130.072,112.217,74.125
218.882,133.538,101.521,89.835
237.920,137.561,88.286,102.809
250.342,136.606,75.483,114.275
265.008,150.942,65.691,102.165
265.857,155.753,62.515,111.904
252.370,163.776,73.067,106.248
238.399,169.751,87.941,104.187
219.909,180.843,103.079,89.667
208.662,193.706,110.358,79.735
194.810,193.321,116.806,80.128
193.005,186.341,112.286,88.087
192.205,179.614,110.500,80.237
193.518,165.795,89.017,80.530
189.525,153.319,77.670,102.938
184.304,145.330,72.710,107.633
188.074,136.280,70.127,112.274
208.931,134.523,66.773,107.441
213.149,130.924,81.062,87.675
217.496,131.645,97.055,72.199
223.289,127.022,111.946,67.536
239.222,129.628,117.509,65.631
250.961,130.924,118.155,71.844
268.505,127.343,112.970,91.004
296.353,133.037,83.272,99.926
312.244,143.926,64.820,112.841
315.141,151.273,60.227,114.105
309.712,154.182,62.115,118.417
302.051,166.239,68.318,112.372
285.992,179.757,87.443,96.749
262.151,188.736,109.719,86.155
261.356,191.727,108.002,73.558
249.814,190.287,118.405,68.757
242.740,189.270,119.731,71.153
234.677,179.869,122.716,86.253
237.089,170.439,102.639,90.891
243.882,164.195,80.536,100.864
253.088,152.684,66.818,107.812
258.264,139.747,61.911,114.297
258.199,128.113,66.759,120.369
256.559,124.543,73.093,99.313
256.600,122.342,86.998,81.199
255.088,121.975,107.894,74.346
259.827,120.716,118.709,67.167
267.962,120.630,125.184,69.129
287.637,120.115,115.128,74.637
292.122,117.717,109.871,91.497
300.804,117.213,95.925,97.333
316.630,119.996,73.567,95.056
324.589,121.607,62.006,112.951
319.729,123.450,59.492,112.951
314.361,136.116,63.336,100.910
300.246,142.709,77.479,94.927
282.885,148.356,92.926,97.401
270.074,159.700,105.209,81.003
260.117,164.108,112.351,75.333
256.278,165.692,109.535,67.194
243.760,165.560,115.126,63.328
240.587,157.874,108.468,68.776
238.395,152.453,100.390,83.774
243.978,141.832,86.655,97.854
247.803,141.474,76.052,96.173
249.109,133.623,70.693,103.809
249.109,125.644,69.321,107.756
255.037,125.000,71.485,105.756
244.298,120.081,90.699,97.663
252.684,118.558,92.788,90.337
246.570,121.500,106.850,85.370
237.535,120.118,121.089,68.017
246.002,120.621,117.631,69.559
255.198,122.080,119.701,74.790
266.702,122.315,114.326,77.734
275.646,118.636,104.191,93.413
289.012,119.894,91.883,98.602
297.597,122.880,81.003,102.731
312.353,122.025,67.559,106.268
316.964,127.336,62.746,106.838
311.419,127.264,61.367,104.028
303.203,128.853,68.674,97.809
290.940,130.174,81.713,93.363
279.796,135.359,96.473,85.968
271.247,137.260,103.164,77.236
269.818,137.553,101.902,76.292
255.961,137.910,117.078,75.227
250.925,133.954,114.173,73.357
250.914,119.410,103.729,78.394
247.879,117.071,100.769,94.990
245.906,114.562,88.832,86.479
247.654,108.285,72.869,98.505
245.932,100.218,71.734,104.634
246.040,91.606,75.510,112.311
247.800,97.183,82.882,97.465
245.479,99.993,98.869,94.367
255.033,105.747,101.058,79.762
259.639,107.088,106.253,74.197
263.969,106.076,110.771,73.373
264.455,105.560,113.230,75.487
278.499,108.506,105.318,80.700
286.302,106.400,99.495,93.773
298.104,106.243,87.119,101.058
301.412,106.551,80.504,105.897
310.938,107.303,70.335,110.685
316.792,114.260,64.278,102.774
312.727,117.539,64.254,104.861
297.784,124.874,75.379,93.812
283.043,128.791,85.809,90.024
268.543,136.120,100.898,82.409
253.077,143.728,112.476,75.410
249.138,147.468,111.494,73.099
238.425,145.264,112.457,74.609
234.803,140.342,106.483,65.175
237.251,125.812,100.250,92.063
240.575,122.732,84.935,89.943
236.294,112.550,72.836,99.625
239.448,106.752,62.605,106.104
243.596,99.770,59.544,101.584
239.967,93.281,71.952,88.184
248.496,94.765,78.992,85.535
250.138,92.437,92.989,82.785
249.750,94.849,105.704,76.205
253.257,95.853,110.395,69.335
259.080,98.304,112.406,72.311
264.357,108.816,111.424,76.029
275.213,110.835,104.479,90.635
285.702,112.255,94.232,103.597
312.810,115.916,68.938,106.775
318.713,129.724,62.639,99.466
311.620,141.043,69.713,99.590
300.695,145.057,70.676,97.243
281.890,149.334,89.353,86.529
257.716,156.325,112.344,79.944
239.181,159.038,122.991,74.897
230.177,155.379,116.794,75.494
227.256,147.419,109.095,70.911
219.292,140.085,107.238,77.655
228.419,132.224,80.743,93.194
226.610,126.050,69.955,96.861
226.260,116.207,68.014,106.148
231.012,105.159,65.653,114.467
235.023,105.803,65.963,86.446
235.567,101.886,79.123,85.640
237.985,98.153,93.107,83.367
241.627,102.047,108.778,70.635
249.135,105.056,116.941,67.075
262.320,106.805,116.143,66.951
269.888,105.669,114.076,72.401
282.677,102.902,101.789,89.771
292.570,101.230,88.326,101.929
299.475,106.002,74.897,99.230
303.269,108.328,63.339,107.349
307.535,108.185,58.109,108.624
305.569,117.001,56.473,108.333
295.757,118.244,69.051,101.150
284.365,124.074,84.295,91.501
279.496,135.487,96.144,88.572
267.228,141.644,107.354,77.369
253.894,146.731,113.572,69.750
240.852,146.603,117.869,70.364
247.565,131.755,111.198,86.183
249.433,124.842,92.558,91.578
259.532,116.176,75.314,98.941
263.437,102.124,72.350,110.775
268.723,92.680,64.293,96.978
264.511,83.154,63.548,101.171
257.264,81.390,82.217,91.049
271.988,79.352,88.876,94.258
271.813,77.461,102.628,87.940
269.379,94.558,110.164,70.520
269.542,100.504,111.957,66.750
269.094,91.819,112.333,69.754
271.274,96.151,106.553,80.093
284.941,100.104,94.397,87.734
290.143,101.975,83.809,105.538
302.627,111.368,66.762,109.008
302.476,120.191,54.918,110.521
296.534,122.698,56.656,113.157
290.498,126.927,64.232,101.808
279.339,134.555,77.961,93.197
258.956,139.701,101.498,87.340
258.030,147.915,103.161,72.797
241.738,147.167,119.254,71.518
236.398,146.647,116.608,69.410
221.405,142.813,114.537,67.354
216.163,128.242,99.842,87.516
223.052,120.736,83.070,95.231
226.476,108.157,69.989,108.100
236.924,96.576,59.016,117.161
238.779,87.191,63.302,110.278
234.064,76.804,65.190,103.902
231.331,74.939,76.103,95.748
236.021,81.239,88.622,80.752
231.831,79.049,107.517,74.109
223.087,85.300,122.497,68.770
248.438,85.812,110.271,70.323
255.188,88.482,114.253,69.929
277.213,90.494,97.425,85.963
300.039,91.249,80.230,91.612
306.695,91.242,72.752,98.147
306.780,99.106,63.425,111.248
300.673,106.658,55.300,113.121
297.400,109.618,60.419,102.442
289.318,116.875,77.214,94.232
277.112,125.497,93.071,91.189
258.117,134.911,105.033,83.067
241.970,142.019,111.508,71.470
219.820,144.802,123.393,68.412
209.537,146.055,121.501,69.403
210.273,138.415,106.773,81.369
218.318,126.481,85.273,96.469
219.188,115.516,77.721,105.323
226.901,109.142,67.004,114.811
231.255,100.351,63.914,100.963
222.137,91.716,68.781,91.011
220.847,98.687,75.959,85.474
227.157,100.221,94.202,75.458
236.214,101.766,106.354,74.904
241.574,104.295,117.125,68.233
261.274,105.460,111.215,68.412
274.457,97.241,112.958,85.548
294.670,103.749,98.549,89.286
301.623,111.525,90.097,96.868
306.634,112.999,72.218,102.340
309.014,120.287,64.532,114.953
314.356,125.298,59.025,119.257
314.958,130.131,62.191,113.289
294.956,145.931,82.361,101.355
271.872,152.117,95.757,93.743
253.202,164.103,107.121,87.782
243.487,172.280,112.770,80.162
224.968,177.292,126.174,78.716
217.198,177.528,121.556,83.632
218.154,170.234,102.667,92.360
213.690,158.275,92.086,91.696
209.291,153.681,84.682,87.628
211.938,145.029,69.380,103.552
205.297,141.357,70.585,101.201
204.298,143.456,75.126,100.733
207.740,141.945,85.651,90.699
225.667,140.146,90.943,82.114
246.733,144.162,95.890,76.677
255.213,143.036,108.785,75.841
260.988,141.989,110.347,68.102
266.863,142.017,116.477,68.393
292.149,139.321,99.932,82.381
297.988,141.651,97.877,97.514
314.458,142.878,80.782,102.102
319.159,139.666,71.744,113.079
319.635,142.389,66.457,111.966
310.804,147.831,66.465,103.333
293.547,153.991,77.063,103.304
277.787,165.460,87.509,97.867
261.038,176.161,103.004,88.157
244.701,188.518,111.600,79.114
226.580,196.851,116.994,68.466
221.501,191.326,113.543,75.218
210.343,183.958,117.719,76.258
204.172,176.015,113.188,78.682
206.685,171.864,87.929,96.249
211.253,166.234,76.582,100.514
215.129,159.249,64.616,104.475
219.129,152.073,65.997,109.776
234.899,151.350,69.769,103.204
238.488,149.375,81.641,87.254
246.168,147.857,94.856,82.851
241.207,146.128,131.416,71.568
253.927,143.869,142.273,71.428
287.877,137.546,115.400,76.798
288.244,133.512,89.771,90.337
284.912,130.462,79.279,97.519
294.264,126.748,65.153,97.201
304.340,118.697,63.034,107.557
307.463,122.290,56.788,107.634
305.794,125.063,61.066,126.985
298.537,138.051,72.754,99.772
283.056,146.485,93.993,93.992
256.507,162.258,116.618,78.999
236.441,169.869,116.410,72.612
222.298,178.194,111.376,67.010
204.424,174.658,121.853,81.004
208.408,169.367,96.364,88.002
214.134,157.252,79.006,103.002
212.101,148.797,77.293,113.050
210.709,138.904,69.973,94.856
209.003,132.189,64.743,86.433
200.254,126.481,82.992,78.639
202.364,120.094,99.842,80.392
226.963,109.646,99.493,84.048
247.414,110.474,103.264,73.969
266.655,109.990,115.733,68.809
281.124,109.391,110.190,70.364
278.651,112.081,109.838,69.929
280.192,114.738,105.353,84.282
278.930,119.914,94.297,93.543
280.372,118.722,85.583,95.740
284.303,122.465,70.094,102.054
295.438,124.991,53.080,116.166
288.256,141.000,55.940,105.735
269.387,156.427,73.341,97.069
244.004,176.893,97.900,86.909
225.208,186.383,107.248,80.851
202.889,195.834,115.501,73.704
180.124,196.408,117.164,68.114
168.682,195.364,105.484,85.068
159.616,171.729,95.745,106.742
150.355,157.026,100.490,108.189
147.278,152.153,79.460,85.106
143.065,141.052,68.466,95.458
128.025,135.942,81.365,98.059
130.383,129.275,91.336,103.872
151.858,133.802,90.330,99.890
162.046,132.992,108.544,84.782
175.210,132.161,107.958,71.652
184.286,127.487,113.049,70.787
200.515,124.556,112.647,71.636
210.916,125.256,110.755,83.562
222.959,127.362,104.195,88.594
233.841,128.325,93.024,102.654
252.774,126.058,69.437,111.491
260.727,133.556,61.631,105.301
256.964,141.933,66.571,108.905
243.510,147.598,80.516,104.057
226.671,160.338,88.675,98.589
209.852,175.115,101.301,86.856
199.184,181.865,113.797,79.752
188.244,190.019,119.244,72.616
189.835,187.516,110.090,75.757
185.192,173.762,106.376,87.884
181.269,168.337,98.154,75.309
181.129,158.840,86.043,85.527
174.934,145.503,76.750,99.810
168.535,142.030,79.541,97.978
165.273,137.184,90.669,94.388
168.849,132.041,110.984,99.478
198.226,128.075,99.406,81.504
212.714,122.777,105.104,77.112
217.048,117.449,106.548,74.764
240.593,118.118,84.530,82.202
250.277,123.463,73.851,85.213
257.932,127.413,65.700,102.129
262.560,132.207,60.710,98.613
267.172,140.108,64.047,101.421
254.923,147.676,78.528,92.909
233.451,155.636,97.006,86.227
214.760,159.568,103.447,78.363
202.373,165.521,110.160,74.584
190.810,167.403,112.949,76.994
180.866,165.862,103.463,82.882
179.518,154.224,95.580,97.807
180.264,148.533,88.474,103.768
183.393,142.020,88.556,107.190
182.798,132.013,72.381,99.890
175.490,142.723,86.828,86.828
176.600,136.348,86.521,92.788
174.066,139.102,103.803,85.844
171.697,142.693,117.428,83.769
184.733,145.652,113.003,81.029
188.737,143.057,114.383,78.746
204.298,142.890,96.568,83.072
206.787,143.120,90.154,91.411
207.615,144.578,82.851,99.968
218.731,153.479,72.124,102.069
223.129,154.608,65.737,100.842
227.947,158.388,60.340,103.394
212.907,171.672,76.510,88.840
190.577,178.948,98.389,83.202
184.720,183.244,103.765,73.161
175.322,183.860,112.958,72.978
172.439,184.659,113.261,69.559
178.136,181.327,102.401,71.236
176.129,175.371,103.849,78.186
178.572,170.581,102.936,82.169
188.620,159.751,94.623,91.310
196.107,151.439,87.278,101.235
207.394,140.737,78.811,109.095
214.878,133.668,71.639,113.397
217.469,126.257,68.985,119.370
218.549,133.281,79.537,94.246
216.135,131.452,88.876,93.042
216.326,128.080,99.968,85.947
218.983,128.368,111.912,77.207
229.719,127.147,113.145,76.670
233.299,126.671,115.501,75.757
240.962,130.032,109.367,74.662
249.467,126.618,101.592,86.742
252.299,124.282,95.740,93.483
248.410,124.952,92.333,109.207
262.400,124.454,78.228,110.404
275.275,129.969,63.086,114.447
268.549,135.487,67.524,94.907
265.377,140.065,77.721,92.334
255.736,140.953,90.389,84.114
247.856,143.728,97.420,79.263
239.161,143.740,104.772,74.485
222.306,143.085,116.878,75.440
219.426,144.127,113.609,73.921
217.665,145.103,109.604,76.925
222.026,141.225,101.619,83.394
220.042,138.065,92.296,90.635
217.488,129.371,89.532,99.236
227.460,121.504,75.260,104.191
227.086,114.640,75.653,108.507
231.500,109.695,72.273,104.052
225.455,108.950,81.933,95.820
225.576,111.575,93.412,89.327
227.790,111.747,100.517,85.321
221.629,114.691,115.068,79.434
226.665,122.603,117.448,72.806
235.970,124.949,118.459,65.893
238.708,123.363,116.524,75.086
254.762,120.761,101.488,87.794
273.360,112.846,80.365,97.005
273.697,111.410,77.742,94.919
286.411,112.923,65.565,114.781
285.247,123.832,61.801,109.153
280.927,124.755,64.681,110.928
275.110,130.191,74.448,97.342
256.723,137.410,94.675,91.945
247.184,141.287,103.089,79.141
232.269,140.112,115.174,76.601
223.082,139.665,117.371,75.990
222.959,137.194,114.780,75.638
219.520,133.589,112.702,78.369
222.076,127.067,101.571,85.959
221.598,116.537,91.302,96.353
225.492,109.226,81.633,103.264
230.410,99.739,81.369,112.480
231.817,92.370,79.895,117.065
232.078,87.790,78.020,96.218
228.906,88.336,81.933,94.258
227.083,80.701,94.911,89.629
226.545,83.982,109.832,78.083
228.196,83.307,122.491,72.938
243.370,85.838,116.790,74.132
251.945,82.973,114.755,73.331
253.510,85.858,107.034,72.702
254.757,85.832,99.772,73.814
262.827,80.922,89.829,89.829
270.642,82.074,85.543,99.230
270.958,84.618,81.590,105.402
272.036,84.982,76.464,107.273
276.855,88.863,71.910,103.507
278.885,91.806,66.119,104.025
276.403,94.824,68.426,106.791
269.042,99.289,78.186,99.572
257.631,107.223,90.943,91.120
250.881,110.787,97.321,85.635
243.882,112.409,100.883,83.124
238.512,117.987,107.034,81.515
233.843,124.319,110.385,78.392
232.311,129.182,110.836,80.981
237.108,123.601,103.519,88.351
240.010,115.280,100.396,100.013
241.462,108.717,94.683,101.303
244.682,99.755,93.931,104.520
242.792,87.271,90.959,109.031
239.769,76.717,88.024,114.570
238.533,63.014,87.881,108.393
244.332,61.270,86.454,100.733
244.527,61.682,90.553,96.353
242.095,58.595,99.721,88.308
241.922,60.428,109.471,85.395
246.323,66.729,120.030,77.826
253.486,72.344,126.225,74.341
271.956,76.130,114.517,74.533
278.499,77.118,109.205,81.996
282.480,76.026,98.779,90.247
281.381,80.683,93.791,96.438
284.439,86.019,84.624,91.295
283.962,88.877,77.655,109.527
281.256,96.569,78.083,103.925
285.083,100.314,67.541,105.826
282.562,107.948,65.460,104.295
271.081,113.401,76.996,97.694
256.809,123.191,99.465,92.522
249.297,128.343,108.918,82.217
236.450,130.395,115.463,79.251
229.422,130.552,118.215,77.405
236.032,128.253,113.042,81.620
239.781,124.766,101.691,87.246
242.535,118.034,91.280,98.258
242.104,113.697,83.611,101.623
249.944,108.392,76.237,107.617
262.458,99.915,67.189,112.949
266.024,95.110,67.042,119.592
268.655,88.997,76.505,107.036
255.478,96.336,100.867,96.702
263.518,96.550,104.992,87.362
261.844,99.122,112.952,79.144
260.683,98.120,115.653,78.113
259.234,102.107,115.691,75.476
262.449,105.420,110.011,89.805
266.684,105.525,104.328,100.346
274.956,104.217,94.552,112.191
286.782,105.283,79.144,112.532
294.964,102.741,66.561,111.566
286.307,109.855,69.552,103.724
272.438,111.542,82.321,109.365
259.232,115.469,95.048,99.039
253.436,117.701,102.942,95.547
240.164,122.975,115.188,87.979
242.519,123.822,111.284,85.882
244.430,110.679,110.403,99.814
246.055,100.496,106.103,109.465
246.592,94.286,105.893,115.834
245.565,89.567,101.061,90.399
249.538,80.737,87.176,99.821
249.346,71.713,80.824,109.263
263.237,72.550,73.169,104.392
267.605,69.593,93.147,95.248
270.802,66.862,109.008,84.113
274.016,71.460,118.139,78.183
273.188,66.255,113.439,80.120
275.254,68.860,107.969,85.993
274.013,74.203,102.920,94.810
274.958,82.780,89.739,105.983
292.248,82.178,69.046,124.009
292.622,86.463,61.802,119.707
286.590,90.054,71.106,113.907
270.637,96.222,87.164,105.893
255.670,100.827,99.380,97.454
239.923,102.841,107.616,95.987
227.356,110.929,118.293,90.196
223.543,115.434,119.499,88.019
223.668,117.090,114.932,88.204
219.847,109.783,111.687,97.575
218.396,102.740,108.944,104.970
215.701,93.991,102.985,114.119
217.259,89.825,90.317,98.567
214.198,83.326,85.660,103.813
208.809,80.017,86.416,107.973
200.521,77.861,89.829,103.962
201.876,78.151,97.379,100.864
208.065,75.557,111.613,92.349
235.164,78.160,110.963,90.196
245.510,81.533,122.767,84.252
251.107,85.382,123.790,84.902
263.041,89.180,112.876,90.876
261.391,95.013,104.597,95.052
259.000,105.014,100.399,101.197
260.089,106.502,92.360,108.932
266.853,109.688,79.234,121.264
273.834,112.323,71.562,123.267
277.263,120.914,67.338,113.797
264.050,126.892,79.541,95.520
241.842,132.228,96.547,98.118
226.514,136.414,108.279,93.257
215.095,141.616,116.638,87.479
207.366,143.619,121.358,84.687
212.395,139.250,112.315,86.927
214.273,132.198,104.794,92.908
218.654,125.894,98.207,101.566
224.936,119.448,92.246,108.054
216.232,117.047,97.649,115.658
217.107,110.091,93.554,122.110
219.778,106.058,89.925,110.479
219.831,98.423,87.225,109.780
230.891,92.327,77.459,110.795
226.934,98.171,92.611,95.580
219.301,95.607,101.841,92.411
220.599,94.525,109.169,91.850
218.214,97.522,120.360,87.662
214.451,103.522,133.642,83.680
235.881,108.880,121.749,81.873
239.527,108.196,116.458,84.042
247.241,106.239,105.587,89.343
250.412,107.126,94.185,93.212
251.919,108.146,85.730,102.989
254.532,105.094,83.326,107.026
252.704,105.282,80.932,109.297
260.732,108.255,67.517,112.591
257.128,113.047,71.930,112.260
243.749,117.671,87.884,101.751
233.466,127.974,102.381,93.470
220.729,132.744,113.737,83.538
207.167,134.323,119.985,81.941
197.452,138.751,123.926,80.830
198.432,136.237,120.360,87.662
202.277,132.780,107.736,93.138
207.399,125.789,91.273,104.513
205.505,120.930,88.997,111.686
207.289,114.698,82.235,107.784
215.969,107.108,69.780,109.385
208.313,92.991,77.214,113.282
201.334,97.293,85.355,107.866
200.790,96.287,96.816,106.613
199.723,88.717,106.077,111.167
194.877,91.421,122.296,102.711
193.359,109.984,135.217,80.411
225.001,111.714,120.444,77.369
230.242,110.517,120.611,78.213
240.925,107.785,111.115,86.401
246.477,105.884,104.520,93.539
254.165,104.515,93.503,98.455
259.808,107.063,85.099,119.484
265.171,107.185,80.032,124.090
274.847,108.552,69.860,119.760
274.075,108.744,69.758,113.883
269.307,113.002,77.865,102.510
260.422,118.589,86.142,95.634
248.138,121.611,100.332,93.777
235.028,121.334,107.724,88.702
216.922,121.563,121.777,90.401
208.056,121.802,117.869,89.925
193.824,123.895,124.074,93.983
200.753,118.372,108.486,98.329
199.699,106.441,102.723,109.765
190.256,100.518,102.901,113.319
189.192,91.481,92.710,98.545
194.546,88.256,84.877,109.210
190.062,84.160,85.156,107.748
189.418,91.354,90.669,98.353
191.261,93.068,104.569,95.493
190.119,94.791,125.463,95.648
216.395,99.572,121.444,83.891
221.742,99.885,123.080,77.809
227.197,102.707,119.424,80.988
236.649,101.022,110.572,90.862
238.375,100.315,107.522,97.091
256.944,108.758,83.273,105.370
261.812,115.858,79.727,118.184
269.373,120.074,73.558,122.596
273.456,123.583,63.112,119.380
262.708,132.788,76.772,104.104
255.427,135.769,86.679,99.037
230.468,140.189,110.799,95.024
218.841,140.412,111.026,91.288
195.528,139.687,130.033,86.285
182.701,138.712,126.415,86.115
171.677,125.938,125.881,94.724
157.011,106.843,120.891,89.193
152.736,95.876,101.971,83.450
153.143,81.485,90.081,107.617
152.851,73.996,76.868,109.981
155.387,63.634,75.294,119.844
160.338,61.585,76.228,125.463
170.802,63.329,80.400,110.795
179.613,66.915,92.467,99.086
186.377,72.391,106.144,92.732
186.423,70.498,129.884,77.652
207.324,71.517,125.286,77.625
221.951,71.798,133.774,77.656
243.527,70.826,122.665,83.070
255.749,69.111,110.751,108.528
280.160,73.963,85.209,110.683
284.818,82.017,76.477,121.040
287.619,89.766,64.135,109.780
283.716,97.256,62.863,128.920
274.515,104.830,76.390,119.731
257.913,118.138,95.798,113.233
237.807,136.372,112.646,96.584
217.389,141.588,128.390,87.824
195.053,146.381,135.218,84.617
178.946,149.294,131.462,79.220
169.588,142.868,132.173,91.662
168.609,128.251,114.276,101.481
164.084,117.328,104.354,98.748
158.031,100.328,93.250,98.951
153.425,89.906,82.046,107.469
148.741,77.995,79.376,112.292
147.963,72.497,77.907,109.675
150.638,59.405,93.287,110.315
174.331,57.288,88.552,111.909
173.697,57.554,103.991,98.004
176.582,57.445,112.974,89.127
188.425,53.141,115.834,86.272
191.515,54.657,129.465,77.439
202.687,60.076,123.369,79.237
216.233,62.452,114.501,86.371
227.691,60.840,108.708,98.355
235.447,59.692,102.309,111.629
256.412,60.909,79.220,126.109
267.808,70.537,67.834,123.062
273.163,79.703,60.054,116.080
258.579,85.780,71.345,118.796
249.395,92.385,81.405,112.417
235.301,105.485,95.415,102.121
226.495,108.528,98.799,97.021
203.927,116.643,120.404,85.303
192.028,121.923,123.892,80.428
180.537,122.918,132.666,75.038
173.434,126.019,132.666,74.037
166.881,120.538,126.309,79.440
164.640,111.512,102.707,93.480
170.891,104.521,83.930,103.540
181.882,80.347,67.920,123.338
193.076,71.884,64.808,112.175
192.118,67.920,69.974,103.507
193.671,59.116,79.322,97.063
203.131,58.132,86.038,92.886
211.227,48.878,114.617,78.083
233.651,50.759,119.255,84.180
254.161,49.920,128.384,75.025
270.580,45.361,123.857,78.639
275.995,45.951,119.547,83.979
280.804,48.623,114.342,90.270
283.614,47.948,100.986,105.669
283.781,50.456,91.333,106.865
296.563,53.374,72.108,109.153
299.940,55.029,67.839,109.572
306.936,53.552,59.025,104.415
291.696,54.388,69.965,106.208
270.415,60.204,83.877,107.349
242.589,73.198,102.461,93.717
221.852,83.190,113.933,86.675
200.572,93.477,120.853,83.622
174.714,95.774,136.081,82.253
159.820,95.328,128.324,73.177
152.749,88.244,109.665,79.774
146.426,80.295,108.804,94.735
151.353,70.247,89.788,104.651
154.710,61.432,82.685,115.294
168.474,51.989,66.308,126.943
171.151,48.082,62.054,114.010
171.159,50.129,66.759,101.994
174.071,53.769,85.772,91.898
173.682,52.168,95.990,85.305
181.474,53.170,114.087,77.507
198.159,53.073,116.551,78.832
207.450,50.420,123.326,81.257
220.367,49.323,124.773,84.252
236.493,58.142,115.138,90.465
244.343,74.525,112.327,100.051
265.214,87.982,94.397,105.240
284.269,101.681,79.042,108.383
292.982,110.773,70.525,122.491
302.005,119.540,63.086,123.008
301.056,133.895,67.457,114.076
284.917,144.051,77.961,107.986
251.918,153.310,99.410,104.196
235.085,171.527,110.215,88.784
217.490,179.469,123.020,86.767
202.993,184.746,128.611,86.776
189.639,186.659,131.407,88.663
178.625,170.048,130.097,95.520
170.939,160.915,110.440,80.097
164.677,147.025,104.670,91.280
160.289,134.377,77.066,99.755
158.436,121.921,66.548,111.323
163.061,103.715,65.238,124.952
165.619,99.731,76.058,98.875
173.791,90.496,83.322,95.473
177.234,87.156,95.724,79.651
190.954,79.008,114.682,79.315
213.133,77.771,120.199,73.763
227.404,77.688,124.472,67.140
242.952,71.893,119.742,78.180
255.657,75.269,112.188,85.014
269.894,85.307,101.320,95.647
281.922,94.499,88.891,104.462
296.245,99.808,77.818,109.293
312.264,109.598,62.392,121.093
313.517,123.663,59.886,116.812
304.916,139.336,69.715,117.309
291.422,148.371,82.034,114.811
274.644,153.819,96.326,111.893
248.930,173.972,115.082,88.652
224.012,183.451,133.919,74.962
197.291,184.022,136.208,76.629
184.986,182.234,123.784,76.726
170.595,170.847,119.790,88.379
163.301,156.092,111.296,111.296
164.733,139.005,89.914,128.512
154.837,127.328,91.851,110.350
157.620,111.338,77.818,111.082
164.521,96.722,65.319,112.772
141.080,85.823,92.926,101.359
140.256,78.512,112.477,99.245
170.256,71.636,108.131,98.397
190.025,74.348,112.599,87.393
203.824,72.367,116.578,77.454
211.224,73.737,124.649,69.948
223.595,74.286,133.211,77.270
255.673,75.550,116.580,88.958
280.082,84.924,102.255,97.969
286.075,87.771,96.288,110.932
302.739,95.603,75.386,119.706
310.777,104.700,62.351,124.322
315.111,127.129,57.215,130.499
301.658,143.568,74.254,115.795
285.706,156.366,92.425,111.912
257.197,168.752,107.298,100.376
229.477,183.146,122.573,88.652
208.782,192.844,124.120,78.852
184.669,184.132,131.538,90.531
164.524,173.652,141.440,94.876
147.737,157.491,124.646,97.953
142.842,147.431,100.163,86.675
143.103,124.528,84.527,113.635
131.499,109.194,85.324,122.088
141.015,98.013,65.882,127.263
140.175,86.922,70.132,107.585
136.594,79.958,81.647,104.974
141.041,80.665,96.508,91.126
149.043,80.521,116.242,88.780
151.377,85.006,130.102,76.351
175.311,78.271,125.947,79.241
195.463,76.271,120.260,81.241
210.030,84.007,122.227,83.202
225.671,85.996,113.985,99.434
237.059,90.108,104.848,114.651
256.102,92.531,84.989,119.907
275.759,100.949,66.087,133.185
285.479,114.498,60.566,118.499
284.559,125.247,67.495,107.517
262.695,135.506,87.340,113.951
241.133,146.458,104.852,110.655
214.431,165.995,121.818,93.789
199.332,177.348,128.892,81.361
175.994,177.828,140.085,84.092
166.174,175.047,135.353,94.660
159.975,161.871,125.770,94.045
150.448,149.132,109.927,82.445
154.522,135.844,83.671,102.921
151.138,119.009,82.067,123.380
149.028,109.533,77.818,125.396
153.864,99.529,68.146,127.972
153.512,87.368,77.270,103.837
153.715,80.740,88.538,108.652
159.450,78.839,111.864,97.906
161.933,79.583,131.632,79.231
152.456,75.413,164.091,78.976
207.128,72.016,126.375,76.646
222.420,69.737,128.311,77.263
235.678,65.654,122.754,90.818
249.444,63.451,110.247,104.533
245.627,67.319,113.792,123.257
284.739,82.709,77.064,125.436
289.370,91.422,72.926,128.705
290.120,98.516,71.816,117.041
290.227,106.732,75.089,117.315
270.591,123.069,89.533,120.004
247.679,142.380,103.387,96.536
225.935,157.432,119.260,87.044
198.209,161.153,132.870,86.539
180.733,158.497,143.787,84.341
156.661,153.457,128.836,74.787
135.559,145.633,124.447,78.836
127.280,126.464,113.003,104.066
125.813,110.976,95.311,113.548
128.827,91.192,75.723,128.083
128.255,69.496,63.072,122.398
129.504,59.027,67.970,106.533
125.619,42.866,81.199,99.963
135.518,32.891,100.589,95.713
158.092,26.880,109.702,85.324
175.191,23.659,126.806,70.082
195.102,21.638,127.639,72.234
217.706,20.006,126.921,75.883
239.095,19.611,127.396,88.273
261.334,22.076,117.996,100.988
284.043,27.537,106.900,109.742
294.940,42.460,97.699,109.206
308.168,52.742,72.693,110.386
313.625,58.728,63.036,123.378
302.232,72.032,66.574,121.316
286.174,83.345,82.841,122.101
272.356,95.407,98.381,108.663
240.569,120.536,121.984,84.912
218.492,127.887,133.483,83.070
189.180,130.579,132.363,83.598
161.853,127.308,135.209,86.769
144.568,122.495,125.272,103.344
136.260,109.838,104.932,122.269
123.772,96.934,101.293,106.062
123.971,84.570,81.173,111.691
106.616,80.377,84.815,103.684
106.703,76.732,82.573,107.966
105.443,69.070,98.518,114.402
131.953,68.017,91.208,97.799
135.011,65.104,113.079,91.900
157.669,65.131,112.868,71.436
168.181,60.869,126.063,73.477
177.478,62.170,133.277,71.261
202.365,56.049,122.326,83.112
220.279,52.133,110.953,99.838
254.063,63.300,82.557,103.618
269.244,67.910,73.297,121.976
275.557,88.325,73.752,124.943
285.348,104.117,68.194,126.783
285.203,120.055,71.088,114.447
269.098,138.633,87.406,107.090
241.751,148.618,99.702,103.187
212.190,162.841,109.675,94.036
184.161,169.953,126.030,86.531
156.216,178.507,132.363,83.851
139.433,169.134,130.041,73.254
119.368,158.231,120.097,71.980
111.121,141.742,102.909,87.092
108.351,119.309,89.489,114.136
103.863,110.329,79.420,120.548
105.138,93.537,67.654,115.894
106.289,79.027,67.839,99.450
113.875,68.351,70.606,109.118
106.388,65.505,99.666,96.672
128.501,66.068,101.052,72.348
148.656,60.546,109.300,64.688
162.340,63.894,118.852,71.817
182.156,63.524,121.976,74.037
190.921,63.377,123.315,77.572
208.457,69.611,114.717,90.597
226.016,81.028,104.296,96.744
238.949,89.985,95.121,109.399
252.545,92.511,77.749,118.260
271.634,100.351,67.234,128.896
273.157,122.816,66.800,106.918
255.003,129.808,80.722,116.505
226.460,150.212,102.289,107.724
203.858,162.893,115.348,97.699
178.402,170.284,128.627,83.554
153.861,167.634,133.282,77.644
121.959,164.107,137.024,72.482
109.234,149.450,123.552,85.229
98.021,139.636,108.353,99.512
92.679,124.672,90.525,116.122
90.653,101.931,76.279,121.511
87.470,86.800,72.218,114.120
84.612,74.301,75.022,96.508
76.576,61.997,96.040,94.334
56.553,54.654,137.610,89.961
108.625,45.418,107.763,87.237
120.970,41.871,119.952,83.268
134.923,36.081,123.462,75.638
144.963,40.601,130.678,77.632
170.788,45.952,117.533,83.261
190.728,45.189,107.766,106.379
207.698,46.229,94.642,121.468
232.915,54.813,68.030,121.468
236.703,71.299,66.281,107.616
226.727,87.063,72.199,116.330
210.319,94.006,84.085,115.112
191.064,115.296,97.958,104.856
165.505,134.009,114.752,93.833
141.512,149.294,125.903,87.612
121.696,144.661,136.262,87.612
92.542,145.740,134.971,77.784
79.833,139.099,120.805,83.682
82.577,124.089,100.397,113.098
84.715,105.235,87.792,129.659
89.307,91.671,73.481,121.542
93.437,80.017,70.150,93.849
92.419,63.372,77.389,96.411
83.688,48.055,95.717,107.487
85.848,40.055,124.298,94.239
117.456,31.940,118.918,70.831
155.008,29.064,118.923,79.344
180.026,32.151,134.467,77.839
209.520,33.332,129.420,78.349
253.465,39.041,121.364,89.712
284.663,47.931,104.761,94.306
303.994,62.034,94.373,116.075
321.626,71.862,83.004,127.649
342.723,79.215,64.510,122.219
346.484,91.706,61.619,138.731
324.727,121.462,82.181,116.793
306.204,132.207,90.990,115.894
271.308,156.024,117.194,100.334
259.128,172.105,125.923,89.232
219.188,178.664,147.974,69.522
194.874,169.961,138.515,73.523
185.110,163.473,122.271,74.373
183.948,147.344,103.192,106.631
173.353,138.048,98.329,116.188
165.351,128.271,89.711,126.323
168.437,120.681,68.407,112.946
155.626,107.951,75.190,101.955
158.805,96.595,77.785,111.147
150.244,91.502,97.513,102.165
174.188,82.955,96.848,74.037
193.444,78.765,99.207,74.787
204.215,74.220,129.785,74.040
230.575,72.903,122.088,77.263
259.315,71.058,134.856,79.007
276.539,71.720,116.937,90.079
294.709,79.956,101.157,97.661
311.042,89.764,88.599,110.699
327.339,96.854,70.503,125.118
336.070,107.875,61.507,122.825
332.876,130.118,59.886,116.638
315.225,137.492,76.418,120.158
290.811,148.586,91.246,111.032
270.712,164.789,105.639,95.559
252.141,179.186,121.063,86.071
219.578,175.163,145.063,90.434
201.871,167.569,146.954,95.520
188.325,157.709,127.807,80.146
189.220,148.550,106.366,86.916
189.631,133.459,90.905,107.469
186.946,122.613,82.211,119.058
189.422,109.439,66.561,99.248
186.009,94.972,68.983,109.591
175.238,93.015,89.481,93.659
180.690,85.134,93.632,93.632
173.104,81.862,130.190,83.667
212.270,78.947,122.117,74.232
235.972,76.801,114.357,73.379
246.334,79.710,131.635,72.702
259.794,80.959,120.600,89.813
279.208,85.188,104.719,102.425
300.012,91.973,88.232,105.878
314.701,104.644,70.469,117.513
318.530,106.615,58.612,115.033
317.552,122.821,58.591,109.283
302.849,125.113,75.794,104.377
282.689,134.026,93.319,100.086
258.298,146.124,107.059,91.959
242.119,153.178,115.188,88.178
225.542,157.857,128.536,90.743
210.499,166.058,128.800,86.659
199.779,160.719,126.117,90.567
184.260,151.405,124.396,76.864
182.530,142.185,108.834,76.674
184.583,128.891,91.546,105.827
182.461,119.324,74.306,96.184
181.458,111.114,67.325,103.616
182.441,108.290,84.295,105.913
197.926,107.165,77.529,97.384
192.299,101.716,100.622,94.007
204.371,98.970,106.133,93.257
209.056,99.805,122.645,82.825
211.769,97.968,127.122,75.586
219.103,98.800,129.558,75.887
238.204,100.202,117.174,79.043
253.457,98.507,110.358,93.024
266.797,98.306,98.301,105.613
282.067,101.516,84.294,115.522
299.711,116.990,61.256,114.410
297.660,129.450,59.492,105.913
290.818,138.819,68.086,105.152
279.582,146.116,78.857,104.295
265.078,154.136,92.793,94.790
244.701,166.922,112.104,82.385
225.448,178.840,127.114,73.379
217.181,179.908,125.838,68.920
201.917,174.437,128.376,69.786
184.958,172.359,129.304,72.236
194.242,150.785,103.187,98.734
190.459,141.543,92.966,108.528
190.690,124.819,78.429,122.068
187.939,110.943,75.694,114.521
185.855,99.724,71.465,108.038
178.798,84.893,83.114,106.181
174.648,87.762,101.383,85.207
174.350,82.912,127.846,84.300
217.671,77.198,105.509,83.450
228.104,73.216,146.901,82.949
238.759,69.142,136.646,73.188
258.337,71.232,120.962,74.222
268.062,75.647,115.198,85.733
283.054,75.906,101.541,106.916
302.116,81.386,84.902,127.040
318.762,97.042,67.009,120.284
326.874,104.057,58.889,125.883
317.487,130.065,70.933,123.054
303.000,146.128,82.134,121.050
281.991,173.520,94.012,104.989
258.317,195.751,113.288,85.812
222.682,204.670,131.403,84.177
202.667,208.007,130.365,80.451
175.758,210.494,127.369,78.349
158.002,206.847,130.865,78.639
148.897,191.939,118.002,99.926
145.661,179.666,105.323,108.369
137.088,156.558,101.059,122.683
136.302,147.619,84.559,98.169
133.664,139.188,81.071,103.894
127.256,126.150,86.339,114.505
125.628,128.850,95.369,103.930
124.810,127.522,112.774,92.814
152.277,126.755,111.781,80.605
161.974,124.286,124.702,86.303
177.615,120.727,127.054,82.419
200.941,115.788,124.907,84.297
217.135,113.732,122.950,84.914
238.508,114.041,117.646,99.232
255.092,117.303,111.770,110.470
279.589,121.337,91.271,117.094
296.023,135.564,73.108,118.877
306.267,143.876,63.255,126.510
304.942,158.061,63.756,126.795
296.840,160.588,75.638,133.627
279.420,172.163,95.156,117.332
258.015,182.159,113.844,101.148
235.992,190.787,133.582,91.206
221.635,186.640,137.310,82.474
197.589,182.273,134.896,82.259
187.561,174.848,125.819,84.864
182.955,161.983,114.942,99.203
188.398,139.217,94.421,117.759
187.055,120.620,87.820,131.308
189.019,108.620,78.944,125.623
194.160,92.989,68.662,110.379
191.129,84.105,77.342,98.642
178.149,69.169,112.581,94.372
181.756,61.192,132.639,93.591
211.039,61.580,123.381,90.583
237.603,59.895,117.018,84.008
255.201,56.221,121.940,73.680
267.696,55.803,133.067,84.212
276.113,58.881,131.930,83.994
294.579,59.502,123.497,98.164
313.308,58.946,106.996,105.672
336.758,63.834,82.685,119.127
345.134,77.719,69.907,117.174
346.674,87.821,62.467,123.482
347.621,96.031,63.040,126.959
335.622,109.008,78.978,125.184
318.169,126.802,96.364,109.107
294.184,141.057,112.876,95.605
265.924,144.326,115.706,96.144
240.812,151.232,127.719,80.431
224.853,154.077,139.937,88.958
207.389,147.126,131.707,95.706
199.856,131.497,115.258,108.054
187.942,111.285,111.135,102.191
189.039,99.366,91.210,108.299
181.485,75.269,78.047,122.645
178.543,64.624,71.184,115.698
178.627,48.362,64.642,101.061
164.918,29.521,86.065,104.056
160.551,0.403,108.638,118.686
187.784,0.000,106.296,80.686
219.960,0.070,92.796,57.905
255.328,0.343,86.626,38.239
273.565,0.395,116.482,20.685
327.371,0.587,96.677,20.400
329.674,0.191,94.387,28.227
328.923,0.221,83.049,30.651
331.341,0.000,89.531,31.715
324.292,0.014,94.528,32.973
345.559,0.700,75.862,37.987
319.281,0.441,78.622,46.571
321.637,0.995,68.196,58.714
318.886,0.619,62.007,67.344
315.296,0.215,53.899,84.217
306.183,15.850,55.108,95.898
286.280,22.457,69.147,92.002
262.104,34.201,88.524,91.886
235.755,54.680,106.368,78.918
207.424,66.233,110.889,79.128
182.579,77.283,120.435,71.473
163.149,81.012,126.915,78.159
156.547,83.365,107.185,82.435
151.642,74.361,95.740,87.464
143.700,58.242,78.761,87.023
142.722,47.610,73.243,87.028
138.523,45.982,68.354,85.803
142.753,42.196,68.035,89.535
154.693,19.948,72.652,101.932
149.080,28.976,93.024,81.461
163.468,29.551,92.880,65.994
194.044,37.101,94.247,61.418
219.654,42.482,101.921,64.082
247.761,38.055,108.270,68.560
282.394,40.580,101.653,79.907
301.256,47.305,89.031,83.613
311.847,52.071,76.677,92.947
309.098,57.457,71.354,91.137
310.196,71.356,58.654,94.202
310.454,82.231,54.710,93.917
301.198,98.465,59.582,85.138
284.511,108.956,67.721,81.693
259.785,113.577,84.227,82.140
247.593,121.997,89.955,74.962
222.129,136.272,103.029,65.010
203.416,139.407,111.904,67.930
191.105,136.010,112.609,61.978
181.884,131.136,110.605,67.034
191.278,125.821,85.430,75.420
199.522,111.019,71.359,89.400
200.944,102.572,64.032,100.530
198.596,99.525,61.984,85.108
198.436,90.400,59.976,88.654
189.422,81.118,72.452,76.981
184.665,70.847,89.296,74.488
177.785,64.415,104.365,74.103
190.347,69.066,107.766,65.153
208.260,65.672,101.019,66.057
215.093,70.565,93.732,62.815
233.701,80.318,99.211,67.113
251.245,97.026,93.078,66.741
262.216,118.541,86.627,75.720
270.844,133.547,78.285,85.579
279.796,155.990,62.679,86.635
279.555,174.811,53.569,92.824
275.618,186.821,48.417,97.401
251.953,242.675,57.779,76.901
228.351,271.108,69.188,78.671
208.601,278.756,88.252,79.664
193.058,279.928,106.565,69.923
171.048,267.464,118.045,65.427
139.033,262.494,100.194,63.920
136.781,242.105,93.137,72.422
138.253,213.964,81.797,81.468
125.824,182.068,76.393,98.803
124.851,163.054,67.024,90.177
125.069,127.709,64.098,82.612
121.623,117.159,71.576,80.778
150.087,105.977,77.509,81.781
161.393,104.260,91.918,83.141
194.396,97.856,75.988,64.082
201.995,94.179,100.290,50.285
241.447,94.800,91.673,52.751
263.557,93.959,103.003,61.829
285.603,88.056,100.690,65.473
296.441,94.454,92.021,70.073
319.739,106.778,78.768,74.580
337.469,113.967,71.260,79.706
340.769,117.109,66.926,95.178
339.975,128.679,50.425,93.647
335.748,135.333,49.937,94.510
321.647,157.275,59.980,86.531
298.579,161.940,74.599,83.129
284.508,165.213,82.571,80.680
259.052,175.454,99.131,71.649
242.506,180.167,107.876,74.059
232.867,182.095,104.588,57.488
215.773,180.501,98.325,57.097
206.257,174.532,93.047,62.431
209.143,165.010,73.847,82.391
210.053,158.606,62.944,89.719
212.615,142.181,58.724,102.391
220.041,136.280,50.874,83.856
226.998,130.107,57.276,78.115
217.561,127.470,81.379,65.157
218.226,118.855,107.218,62.811
259.656,110.267,94.306,60.566
279.979,101.899,104.739,62.904
302.434,96.770,92.834,62.594
309.944,96.636,109.245,63.777
321.960,97.781,96.574,66.165
334.229,99.488,89.645,80.680
347.664,101.447,67.893,88.875
354.851,108.079,53.519,94.591
358.799,116.310,44.055,91.103
352.618,111.925,48.538,94.154
340.691,122.806,57.887,98.964
320.221,137.426,75.485,79.729
300.866,151.464,87.901,64.409
271.938,149.789,118.954,63.693
260.184,149.512,108.593,66.692
251.876,149.423,105.933,65.164
239.375,143.691,94.120,77.461
234.425,140.848,79.384,85.029
227.046,129.709,77.683,94.799
234.224,123.590,68.490,77.783
228.445,118.952,65.149,65.149
224.592,110.920,72.855,75.728
227.478,106.745,79.457,76.177
229.279,106.907,102.387,68.830
256.773,102.662,91.606,65.553
261.170,102.252,101.421,57.999
276.558,105.758,105.968,55.902
285.784,103.510,120.642,57.779
303.499,99.651,98.579,75.188
313.956,98.413,86.811,85.258
325.606,111.357,74.385,80.770
327.015,113.937,64.720,87.435
322.786,116.396,59.026,93.658
319.949,122.379,59.034,88.401
318.528,119.449,61.588,93.249
305.828,140.829,76.038,79.992
286.566,142.898,88.184,77.571
265.915,141.447,99.846,78.155
250.847,147.940,97.930,70.127
234.542,150.451,100.812,69.589
219.227,144.401,99.002,76.814
204.654,138.289,98.642,83.453
188.784,128.080,95.880,63.738
189.124,120.022,69.677,74.844
185.362,110.313,61.732,86.021
184.969,101.760,56.384,95.386
187.864,95.477,50.593,83.097
181.555,85.909,66.593,67.374
182.273,82.862,84.462,70.787
171.468,80.572,116.308,75.988
217.740,73.869,95.806,64.311
232.029,75.237,97.075,64.088
249.740,81.040,103.542,65.445
265.688,78.435,111.761,72.141
290.954,73.985,87.524,76.178
302.653,75.268,77.701,85.226
318.510,81.188,63.276,86.922
329.199,84.980,52.447,83.647
331.030,88.889,50.640,96.906
318.818,99.810,60.024,79.141
303.819,100.169,70.691,91.540
289.068,106.796,86.983,84.084
269.588,117.267,94.887,70.865
239.349,118.795,95.787,68.795
216.519,116.612,102.914,68.772
194.642,114.921,103.511,69.457
179.554,110.530,97.289,77.049
162.756,92.465,83.495,74.642
159.293,80.623,68.764,72.558
157.575,70.750,68.520,89.473
145.497,63.337,68.486,81.367
146.086,59.895,63.270,85.856
156.913,54.714,58.439,73.492
150.084,48.570,78.545,75.387
163.779,46.974,87.054,69.797
173.437,42.697,103.324,62.275
193.786,42.360,96.830,58.933
208.096,42.118,101.556,59.721
216.109,36.861,97.081,66.021
225.628,38.398,89.764,76.276
238.056,41.101,78.486,79.977
254.939,45.409,66.445,88.646
264.204,59.784,59.127,91.993
272.889,65.208,50.197,95.804
278.379,70.833,50.621,90.673
259.494,77.397,64.395,82.019
240.013,87.254,80.502,83.559
226.610,93.813,86.241,77.025
199.718,100.427,100.930,66.578
177.002,108.775,97.629,66.617
160.053,102.820,106.805,63.178
135.773,97.378,100.889,61.554
124.092,89.741,93.425,78.565
114.868,80.637,80.131,82.361
111.686,73.856,66.171,92.346
117.840,63.504,56.055,81.577
126.753,54.540,50.160,80.798
116.880,49.654,70.543,83.044
122.051,56.621,82.164,73.563
129.372,54.352,98.014,63.942
139.844,55.242,109.103,56.454
182.772,49.854,105.243,58.747
213.174,53.070,85.880,59.880
221.227,56.593,94.183,62.884
241.047,62.458,86.899,71.184
257.393,75.831,75.323,73.117
242.310,87.726,86.767,76.367
262.699,94.109,57.894,87.086
261.136,109.708,51.753,85.543
254.556,126.300,46.348,80.140
243.065,136.710,58.833,90.569
230.704,153.510,70.699,87.498
208.223,178.507,97.856,67.286
173.096,185.161,100.963,70.723
156.931,199.494,100.225,66.647
140.466,207.953,98.967,74.920
153.016,199.333,85.085,82.669
157.739,183.855,83.034,91.438
156.831,176.500,82.405,74.898
167.149,170.772,62.086,71.383
156.652,154.239,64.513,76.133
161.357,137.061,75.205,80.406
194.277,101.723,67.738,83.658
191.435,81.913,71.308,71.459
199.046,95.895,76.543,61.664
217.921,81.880,94.097,62.044
224.098,56.722,90.315,70.262
235.106,65.363,93.833,71.013
242.272,73.715,88.171,71.158
247.822,80.116,78.814,69.458
255.541,85.970,77.295,82.181
282.380,86.368,54.736,92.237
286.081,97.842,44.910,80.125
272.038,120.976,57.989,80.200
261.974,120.378,70.333,81.122
235.449,126.835,72.605,78.971
222.337,141.158,84.125,74.121
202.591,154.191,100.854,67.184
167.835,149.814,109.780,64.382
154.111,141.039,101.993,67.939
150.802,130.531,79.627,71.131
135.171,104.457,76.746,87.624
133.550,87.868,68.302,97.104
130.192,88.310,54.469,65.070
125.505,78.401,51.052,67.790
117.502,75.580,68.474,71.662
121.657,65.585,79.000,79.422
124.050,66.762,88.329,55.027
130.111,73.061,107.748,55.828
142.446,67.681,126.640,61.142
180.938,69.726,105.829,56.700
191.516,72.333,113.672,61.256
230.474,79.235,90.392,63.993
264.227,88.040,73.084,61.946
281.725,90.108,71.316,81.176
292.055,102.622,55.538,84.985
302.765,111.685,51.176,86.668
309.520,119.357,51.957,75.198
299.588,126.445,56.001,88.647
284.703,133.102,67.150,81.116
265.711,139.603,81.885,71.668
239.848,152.093,97.214,55.902
222.637,151.120,106.991,60.210
213.150,148.042,94.876,62.016
204.226,141.731,86.771,63.734
204.976,130.963,76.773,75.879
187.183,114.560,78.987,90.315
185.590,110.683,70.170,78.117
184.571,101.307,58.687,71.019
167.919,84.083,62.191,75.018
168.174,67.998,69.083,82.652
181.343,64.610,72.756,76.849
168.797,60.113,97.399,60.030
178.462,57.369,109.756,57.251
210.910,49.406,101.811,60.291
235.740,45.937,92.833,60.632
260.926,55.022,88.237,63.242
282.309,68.096,76.582,62.821
282.495,72.388,80.938,77.184
317.097,84.656,57.089,77.545
331.884,89.369,51.023,85.750
314.178,100.030,40.698,78.347
304.341,110.374,49.632,75.522
299.375,110.018,60.913,87.631
290.696,122.467,68.157,78.710
254.126,141.155,81.202,64.053
214.200,152.797,90.936,57.106
187.960,157.351,102.646,66.792
