236.000,145.000,33.000,43.000
231.803,142.555,36.862,40.111
232.515,138.651,36.978,40.291
231.232,136.930,36.366,41.251
228.169,134.682,37.684,40.630
223.842,132.849,36.678,39.662
217.229,128.877,38.116,41.331
210.357,127.112,40.724,42.633
202.984,127.125,44.277,42.523
194.222,130.282,49.354,40.214
186.036,130.241,52.026,39.310
178.818,131.063,52.607,38.210
173.156,132.519,54.837,38.269
170.568,134.349,52.190,37.831
172.264,133.497,48.351,40.693
180.056,133.363,41.139,42.741
178.186,133.303,40.424,44.038
176.840,133.764,43.117,45.061
176.882,133.715,45.335,45.158
177.547,134.292,47.174,46.359
175.365,135.840,47.306,44.296
173.797,136.818,48.232,41.145
176.154,138.944,50.056,38.952
179.665,140.003,51.179,37.366
189.146,139.951,47.624,37.294
194.866,138.054,47.513,36.269
198.322,135.888,45.781,36.842
198.596,133.261,43.664,36.401
200.018,131.371,44.102,37.059
202.376,127.695,44.410,37.279
206.235,125.868,44.114,37.916
209.422,124.644,43.974,37.575
209.067,123.617,47.212,37.101
203.847,124.183,52.190,35.802
199.565,123.563,54.436,35.656
194.287,124.745,57.200,35.595
192.826,125.882,58.673,34.588
188.932,128.146,61.118,32.958
188.606,129.137,59.880,32.236
187.642,130.992,59.254,31.696
190.199,131.259,57.884,32.815
188.413,131.559,58.917,33.442
190.179,132.341,56.365,33.570
199.734,133.545,47.787,37.342
204.605,134.124,45.737,40.834
215.271,136.020,38.598,42.147
223.144,138.454,31.444,47.814
224.506,141.525,27.782,49.321
224.683,144.197,30.784,52.102
227.510,149.710,32.458,53.076
233.380,154.945,32.832,54.636
237.805,161.597,35.718,53.577
249.098,166.062,33.529,56.203
253.590,173.012,35.688,56.317
258.737,175.778,34.937,58.979
262.367,180.959,34.688,57.541
262.160,184.477,39.668,56.413
261.654,187.306,40.680,53.512
260.479,186.466,40.038,52.760
257.026,184.220,38.199,53.387
250.230,181.395,37.214,54.237
241.463,174.567,38.629,56.818
233.880,172.317,38.653,56.334
226.453,169.988,38.448,58.186
218.493,165.529,42.391,59.500
217.065,159.784,41.326,61.034
216.210,158.427,42.834,61.637
217.429,158.845,42.045,59.152
218.842,158.906,41.021,63.032
221.799,159.399,37.759,63.986
226.783,161.433,34.985,65.929
226.511,167.171,38.426,64.591
223.213,169.051,39.720,66.933
219.256,170.313,36.761,66.894
218.224,169.615,33.449,65.603
213.788,168.466,30.941,65.363
208.998,166.750,29.625,62.851
205.291,164.164,30.723,62.917
198.201,161.990,33.457,59.694
189.319,158.078,34.922,57.846
177.426,151.613,38.719,54.657
168.651,142.571,41.183,57.564
162.027,133.017,39.410,57.651
157.367,126.776,37.837,60.768
157.460,122.487,30.831,66.753
155.031,119.537,31.411,69.104
153.524,119.757,34.612,71.657
155.622,122.969,35.018,69.135
161.995,127.577,33.704,69.477
165.163,133.686,38.722,67.837
167.005,137.205,39.572,69.457
171.979,145.565,38.869,68.494
179.712,154.649,35.415,71.244
183.242,157.491,32.880,74.307
181.457,164.534,35.262,74.188
182.064,171.375,33.432,56.301
186.507,180.898,27.854,35.079
186.945,188.857,22.817,22.061
186.333,193.044,15.263,31.876
182.567,189.214,13.713,16.607
183.778,178.537,10.000,22.398
177.162,176.409,10.715,73.177
168.048,160.257,14.584,41.605
164.049,131.435,13.867,55.171
156.767,115.709,14.326,105.836
143.952,101.435,23.802,57.437
149.560,72.405,30.281,52.492
139.808,33.818,19.210,54.827
143.885,1.272,12.811,189.635
116.416,15.661,34.073,68.047
100.433,0.445,58.219,74.439
95.733,0.000,48.600,72.134
83.162,0.618,67.816,66.393
0.803,0.000,131.338,74.184
0.000,0.000,27.545,96.372
0.000,0.759,10.000,152.325
0.000,70.246,10.655,92.833
0.000,120.570,10.000,122.092
0.000,115.994,10.000,205.623
0.000,122.752,10.000,191.469
0.000,135.989,10.000,174.767
0.000,144.625,10.000,215.375
77.000,129.000,34.000,48.000
76.009,113.776,34.037,44.491
70.864,84.750,27.782,61.027
59.663,47.167,30.458,50.433
53.922,19.527,29.138,56.941
44.110,0.866,71.674,32.698
1.144,1.008,104.133,21.254
45.174,0.384,96.533,21.840
56.898,1.455,92.782,14.635
96.996,0.851,58.119,10.000
104.511,0.659,55.512,10.000
113.400,0.574,113.629,10.000
106.935,0.036,70.843,10.000
100.606,0.000,148.483,19.007
91.736,0.446,133.511,36.867
208.253,0.044,230.535,299.134
0.000,0.819,478.095,162.461
313.790,1.172,165.103,354.747
0.000,0.645,239.770,176.931
0.000,0.000,343.713,57.783
141.667,0.000,103.828,64.159
202.088,0.181,66.741,104.692
192.557,105.316,101.221,56.476
215.000,142.000,50.000,44.000
257.000,201.000,19.000,22.000
234.000,210.000,45.000,40.000
233.794,229.830,50.090,40.395
225.702,246.696,58.259,43.402
226.133,262.940,58.609,43.149
226.538,270.266,57.094,45.372
217.632,285.400,63.374,47.046
213.604,300.706,63.542,46.342
209.823,310.354,58.671,47.112
206.331,313.222,58.898,45.493
198.842,318.696,60.142,40.476
193.949,319.520,59.430,39.026
192.189,314.413,58.412,42.578
182.275,316.092,57.729,38.219
174.179,308.304,51.256,38.653
167.840,284.471,50.056,43.608
172.568,261.185,46.399,40.506
167.391,229.473,50.485,49.354
165.920,200.523,56.328,46.223
164.755,185.998,55.378,40.815
161.295,169.047,57.806,44.239
162.373,162.123,56.158,47.932
165.167,160.804,56.084,47.344
165.561,156.103,55.504,48.876
166.652,152.625,55.831,47.362
167.053,153.120,56.266,48.022
169.901,155.696,56.084,47.136
175.169,159.169,55.957,46.270
175.186,162.404,56.434,45.923
175.441,166.588,56.434,46.229
174.738,168.577,55.070,47.174
174.311,172.264,56.434,45.923
177.730,174.203,55.924,46.943
182.105,176.549,54.865,46.763
182.627,175.254,55.142,47.526
182.099,172.866,55.685,47.891
183.536,174.652,55.193,45.873
182.636,169.396,56.083,48.201
184.144,166.963,54.939,48.592
186.140,162.886,54.261,47.634
185.309,158.741,53.985,49.597
183.928,158.376,54.779,47.116
183.356,156.421,55.414,47.148
182.143,153.845,54.557,47.891
184.194,150.409,55.583,47.686
186.635,147.974,53.999,46.682
186.084,144.469,54.599,48.666
185.010,148.506,53.950,46.184
183.771,146.085,55.128,47.224
182.415,147.751,54.250,46.661
179.427,146.526,54.466,47.090
178.835,145.394,55.142,47.323
180.256,145.981,54.660,45.943
181.945,146.329,53.694,46.253
183.280,145.143,53.427,46.023
182.716,143.964,54.454,45.295
180.576,144.213,54.255,45.892
179.489,144.148,55.128,46.223
182.498,144.523,54.466,46.180
185.297,143.179,55.102,47.460
186.697,144.963,54.762,46.046
185.723,145.362,55.403,46.354
185.600,143.862,55.142,47.526
184.252,145.679,54.557,46.661
183.842,144.454,55.881,47.999
186.498,146.187,54.315,46.823
187.888,146.357,53.961,46.685
190.133,147.076,54.498,46.856
189.557,145.827,55.142,47.526
189.952,146.516,55.173,46.866
189.577,145.150,55.414,46.433
191.388,143.690,54.228,47.323
201.035,146.432,47.526,44.479
205.100,148.974,46.943,41.053
208.762,149.690,45.871,40.236
210.789,151.395,44.914,38.117
213.067,152.683,44.759,38.863
213.225,151.814,45.530,41.019
214.960,152.851,44.310,39.291
214.225,153.282,40.601,38.346
216.742,152.299,37.307,42.207
218.373,149.939,35.236,39.213
217.879,147.557,36.523,35.852
216.846,146.116,35.905,39.605
220.069,145.221,33.992,39.355
220.519,144.161,34.709,38.974
219.883,142.770,33.835,37.833
217.062,141.372,35.010,38.611
216.576,139.800,34.945,39.684
218.098,139.218,34.362,39.356
219.435,137.055,35.242,38.795
219.065,135.574,33.687,37.833
218.525,132.243,32.549,38.629
219.598,130.602,32.747,38.998
220.663,128.999,31.690,37.485
216.764,127.376,32.101,37.900
213.625,126.576,33.057,38.589
214.058,126.270,32.477,38.844
214.988,125.519,31.690,38.343
213.814,124.940,31.866,38.589
211.761,124.908,32.940,38.301
208.058,124.458,32.978,37.771
205.083,125.229,32.676,37.933
204.281,124.305,32.235,37.807
204.290,124.019,32.146,38.729
201.468,124.417,32.960,38.785
198.210,124.576,32.632,38.611
196.412,123.850,33.316,39.141
197.547,123.545,33.439,39.387
200.025,122.642,33.889,39.148
200.171,121.620,33.524,38.709
199.306,121.100,33.149,38.299
196.280,120.076,33.765,38.343
196.594,119.510,33.065,38.035
197.925,118.495,34.310,38.075
199.050,119.036,32.641,38.009
200.276,118.150,32.517,38.865
199.151,117.981,32.692,38.844
198.114,117.230,32.692,38.343
198.477,116.938,32.250,38.572
197.340,116.192,32.463,38.075
199.747,114.774,32.799,38.371
200.945,113.928,33.245,38.075
200.184,113.365,32.692,38.844
199.146,112.614,33.765,38.343
199.461,112.047,33.065,39.116
201.874,111.867,33.497,38.035
203.314,111.785,32.978,39.059
202.298,111.576,32.920,38.035
204.835,110.562,33.032,39.141
207.304,110.394,32.416,39.116
207.059,110.351,32.835,38.844
207.667,110.172,32.191,38.844
207.779,109.562,33.529,39.141
210.327,110.636,32.134,38.009
212.667,109.890,32.566,38.589
212.611,109.721,32.605,39.283
211.409,109.048,32.920,38.611
211.416,108.181,32.835,38.343
211.496,107.321,32.605,39.141
211.703,107.290,32.477,38.844
211.488,107.111,32.835,38.844
211.810,106.360,33.765,38.343
212.484,105.218,34.001,38.611
212.802,105.156,33.294,39.605
211.701,104.946,33.378,39.659
214.148,104.764,32.866,39.659
215.058,104.138,33.439,38.879
215.457,103.703,32.931,39.387
215.239,102.941,32.206,38.879
215.004,102.917,32.605,40.490
215.677,103.150,32.355,39.659
214.350,103.242,32.920,39.116
214.602,103.062,32.704,39.116
215.538,102.882,33.209,39.116
216.620,103.943,32.134,38.009
216.579,105.088,32.146,38.589
216.429,106.396,32.376,38.865
216.278,106.862,32.605,38.785
217.272,108.872,32.978,38.558
218.453,109.909,33.479,39.416
219.562,109.605,32.355,38.563
218.478,109.423,32.463,39.283
217.327,109.464,32.549,38.844
216.218,109.786,32.692,38.343
215.302,108.925,32.463,39.141
216.225,108.895,32.978,38.844
215.209,110.236,32.776,38.179
215.259,109.861,32.605,38.572
216.360,109.684,31.469,38.572
215.076,109.220,32.006,38.589
213.093,109.188,31.952,38.301
215.342,109.149,31.516,38.029
214.203,108.555,31.777,38.314
213.073,108.522,32.006,38.729
211.936,109.054,32.235,39.711
213.935,109.676,31.984,38.611
212.786,111.277,33.293,38.583
215.314,112.199,31.912,38.467
215.399,113.799,32.023,38.512
214.271,113.728,32.235,39.006
214.405,115.117,33.529,37.933
212.570,114.483,34.981,37.771
213.627,115.621,36.080,39.367
213.312,115.135,37.542,44.039
214.633,116.688,37.590,45.418
219.643,119.716,34.877,45.092
224.992,121.025,32.293,46.372
227.802,124.826,29.775,49.392
226.203,128.953,30.276,52.694
225.653,134.890,28.494,56.028
226.614,143.454,28.174,55.068
229.556,150.833,26.794,56.671
229.999,159.269,28.406,58.139
229.199,167.545,29.029,58.465
231.167,175.730,27.899,57.779
229.330,183.115,28.672,54.365
226.752,188.008,29.561,50.743
224.939,191.514,29.930,51.873
222.990,195.794,29.561,52.245
218.563,197.888,29.087,51.534
212.404,197.912,28.767,54.742
207.459,194.899,31.180,56.076
200.610,188.732,32.944,55.552
186.537,174.863,39.494,46.119
169.072,150.275,38.409,45.081
151.936,122.941,40.685,47.368
141.023,104.012,37.595,43.846
136.500,82.229,39.466,49.006
137.391,65.616,37.507,52.122
132.592,48.821,39.402,52.064
130.169,35.248,37.784,55.902
123.840,25.737,38.935,54.583
120.819,24.246,38.407,54.602
117.655,29.180,33.873,55.504
110.742,37.347,33.425,57.188
114.148,57.274,33.354,52.351
120.403,77.147,31.768,51.938
130.253,100.099,30.170,51.615
142.414,124.326,28.454,59.280
156.476,142.327,28.147,65.785
167.347,158.257,32.540,68.542
180.119,176.834,35.550,67.412
194.266,192.499,36.866,69.713
212.496,202.678,36.761,71.390
223.288,209.454,36.201,71.273
233.837,217.843,37.759,70.619
239.876,216.599,39.143,72.590
244.352,210.822,36.291,77.828
239.696,205.623,36.122,77.784
239.429,198.164,35.376,80.021
243.905,193.529,35.802,79.063
243.478,185.750,36.654,78.849
235.548,172.877,37.495,82.337
223.729,158.714,36.367,83.667
210.294,150.908,34.051,85.349
192.094,143.121,36.738,80.608
180.582,134.460,37.733,76.665
173.192,124.276,34.037,74.557
161.310,112.646,35.469,77.102
150.995,100.352,33.512,81.941
126.675,94.154,40.865,78.264
110.089,91.156,44.401,75.742
101.302,93.746,45.495,71.956
94.837,98.335,47.541,68.391
87.219,100.225,51.093,64.152
76.982,99.855,52.006,63.397
70.079,97.611,51.316,62.476
66.780,96.827,50.079,63.592
69.660,96.741,48.049,60.711
78.378,98.112,48.741,59.162
90.595,100.697,46.786,58.832
100.961,102.064,48.639,59.145
110.116,101.306,49.797,60.230
119.497,102.037,49.415,61.961
128.546,106.031,49.864,64.190
142.008,110.531,48.148,71.541
154.209,117.735,47.729,70.888
172.362,123.457,41.262,73.898
179.284,130.114,37.368,75.399
184.755,137.765,35.802,79.276
187.562,147.214,36.291,79.648
190.472,154.189,38.359,79.528
195.942,158.907,37.368,77.831
199.391,158.815,41.925,78.447
201.253,159.839,47.519,80.195
207.591,159.656,43.864,83.281
212.453,158.562,42.734,84.258
218.871,156.445,45.572,84.633
220.232,154.791,46.088,85.699
220.081,151.376,45.761,84.588
214.935,144.717,43.597,78.225
208.288,131.270,40.619,71.289
199.747,114.616,42.357,69.587
194.425,100.771,37.842,66.087
184.589,86.858,39.215,64.955
180.955,76.086,40.622,68.916
177.404,62.927,40.830,71.904
168.075,53.937,41.034,74.143
161.727,44.686,38.363,72.966
150.577,38.005,37.225,72.646
139.288,33.239,40.775,72.037
133.297,33.869,42.553,73.166
132.610,38.852,42.805,73.397
131.952,44.710,42.996,71.923
129.577,52.225,43.061,70.057
129.537,64.362,46.773,65.483
129.158,78.668,56.638,63.746
154.583,98.606,49.550,67.393
170.770,123.598,53.503,68.358
180.452,148.092,58.109,67.310
200.215,169.065,57.884,65.042
216.482,182.881,60.300,72.114
212.955,190.676,67.354,73.033
210.084,193.033,68.739,69.301
209.118,192.903,69.562,69.423
210.105,190.483,69.257,68.144
209.653,187.824,69.472,67.684
205.595,181.083,68.234,67.821
199.424,176.482,67.328,67.465
194.459,167.398,67.264,67.939
189.318,160.155,67.784,66.428
184.724,153.671,69.302,66.342
186.311,148.471,67.762,66.401
183.320,142.647,71.186,66.745
182.049,140.812,71.382,64.754
179.369,140.125,71.164,67.082
176.982,142.488,71.363,65.820
174.970,144.445,70.848,65.345
170.106,146.390,69.513,65.553
165.548,150.019,71.309,64.801
162.832,153.165,71.164,63.952
161.405,154.751,70.775,64.832
158.562,156.664,70.224,65.073
156.529,160.053,69.140,66.835
161.980,166.802,60.278,75.654
175.309,174.126,47.855,82.967
183.543,184.855,40.753,87.076
187.061,199.339,39.096,85.963
190.245,207.736,37.951,91.454
197.297,220.170,37.189,93.975
199.174,227.085,37.109,96.152
199.556,234.749,37.303,101.865
196.954,241.076,39.663,103.421
198.659,244.318,41.141,105.680
200.607,246.708,41.337,103.804
199.436,246.905,42.890,100.779
200.883,242.169,46.048,99.069
200.589,232.189,42.433,94.084
200.037,217.974,43.538,92.518
198.426,200.701,41.296,88.690
195.370,182.321,41.817,86.794
196.265,163.389,40.749,83.910
193.696,140.493,39.449,81.356
182.306,113.491,41.562,79.490
170.181,89.494,41.191,78.124
160.456,65.305,42.130,77.446
153.684,42.740,42.157,83.970
144.402,23.291,45.243,85.009
135.260,7.624,44.718,82.834
131.498,0.339,47.116,84.832
134.046,0.736,46.069,83.658
134.161,1.211,46.088,88.564
135.947,5.152,41.749,89.901
132.701,15.399,42.456,67.807
125.212,22.307,47.216,51.626
109.894,24.051,63.392,43.681
90.502,11.481,77.898,55.310
77.746,0.324,68.151,48.285
66.834,0.879,59.370,40.615
64.392,0.000,48.782,28.283
42.420,0.426,195.362,10.000
143.289,0.645,173.812,10.000
197.029,1.301,61.988,10.000
189.004,0.948,52.076,10.000
214.121,1.024,12.932,10.000
214.696,0.570,11.897,10.000
211.907,0.000,10.000,10.000
201.299,0.438,14.187,10.000
189.663,0.347,66.729,10.000
174.487,0.925,25.441,48.592
156.737,0.393,38.371,10.000
149.839,0.690,17.073,83.505
138.910,1.534,39.312,19.466
153.846,0.000,115.720,10.000
143.034,0.751,63.805,11.925
123.129,1.272,33.872,31.706
110.747,1.079,24.630,10.000
109.447,0.000,76.615,10.000
92.116,0.280,166.639,10.000
196.274,1.260,31.176,30.601
200.758,0.681,15.694,45.221
146.000,0.000,35.000,35.000
156.637,3.773,33.967,40.830
163.110,13.679,34.287,45.766
169.039,23.358,33.407,43.985
165.173,26.630,40.137,43.527
159.104,31.921,47.484,39.920
158.859,32.184,49.900,37.031
152.231,35.900,60.316,36.138
145.626,40.779,66.605,40.880
146.413,45.327,74.755,39.834
145.117,48.592,76.798,41.740
141.841,50.612,78.468,44.855
137.380,53.275,82.270,45.243
138.560,58.616,82.606,43.509
139.283,63.442,82.361,42.381
138.612,69.931,48.016,38.176
139.044,73.187,47.066,37.687
142.033,76.898,45.568,36.607
143.897,81.582,43.810,36.508
143.871,82.708,44.262,37.459
143.008,85.455,45.255,36.693
143.293,86.352,44.277,38.161
145.374,87.108,47.049,37.226
149.989,87.064,44.122,36.474
152.478,86.777,43.733,36.968
154.774,88.025,45.908,37.693
157.427,90.581,45.029,37.510
160.957,91.672,45.975,36.566
163.887,93.777,43.087,37.144
165.859,93.825,44.217,36.968
168.275,96.425,43.681,36.468
169.705,97.530,44.102,37.459
168.762,98.810,45.744,36.123
168.639,98.769,47.946,35.389
168.263,98.139,51.341,34.667
166.372,99.917,54.783,33.479
159.949,100.825,57.821,31.234
150.930,100.794,55.958,32.486
143.067,101.297,59.709,39.606
137.121,103.151,58.139,34.727
130.803,103.947,58.259,34.397
120.763,104.577,58.439,37.189
115.651,104.836,58.093,36.857
110.549,105.028,57.782,37.963
102.668,102.849,63.012,36.208
100.461,105.393,63.296,35.922
101.629,106.920,59.908,34.206
103.268,108.363,56.357,33.687
104.833,109.098,54.890,34.667
108.291,110.324,53.664,34.667
112.103,111.387,53.138,34.617
114.063,111.832,53.777,40.010
118.341,113.600,52.571,44.104
123.966,116.728,47.598,47.502
127.317,120.605,48.729,48.538
132.660,122.438,45.263,48.677
135.165,122.794,46.365,47.870
135.373,123.754,44.626,46.423
135.441,123.622,46.871,42.935
131.503,123.208,52.496,39.710
127.358,122.740,55.843,38.449
122.620,125.309,61.318,37.405
121.967,125.186,62.239,36.690
117.837,120.768,61.951,38.419
112.828,119.583,58.437,38.631
110.898,115.681,55.513,38.506
113.945,110.224,53.954,37.759
116.113,103.570,53.965,40.293
115.499,100.236,55.286,40.225
121.869,96.239,49.259,41.695
125.558,93.870,46.251,45.796
125.084,92.243,44.792,44.145
123.082,92.410,49.242,40.782
127.443,92.812,49.345,37.819
132.211,95.451,50.022,37.127
134.201,97.052,52.013,37.387
138.071,99.453,50.736,37.631
143.304,101.110,49.812,39.395
146.573,101.752,50.399,41.317
148.428,102.362,51.357,41.653
148.612,103.835,52.478,40.940
151.124,104.951,53.781,41.592
156.629,105.312,51.421,40.585
158.995,106.014,48.885,42.843
162.267,106.725,46.851,44.090
165.572,107.193,45.523,44.339
170.684,108.652,44.302,44.932
172.240,109.090,43.429,46.116
174.685,110.267,42.231,46.913
180.399,110.890,40.295,45.668
183.682,110.750,40.010,46.463
188.802,112.259,38.944,45.781
190.182,110.210,38.974,47.682
192.706,108.521,35.483,47.512
195.260,107.927,35.823,46.553
199.061,108.068,35.032,45.205
198.167,105.298,35.538,45.703
197.702,104.242,35.415,46.031
201.957,102.054,32.011,47.733
203.511,98.982,30.002,48.851
202.026,96.213,31.740,49.998
202.288,94.639,31.456,48.824
201.208,91.326,30.316,50.972
200.875,88.911,31.142,51.297
198.436,87.987,29.935,48.824
197.025,86.988,29.544,49.597
196.697,84.592,28.350,48.611
194.921,84.598,29.815,47.853
191.351,83.736,29.807,47.296
187.899,83.892,31.348,46.833
185.854,83.042,30.969,46.608
186.436,82.242,31.024,46.155
184.839,81.671,31.252,46.839
185.365,81.132,31.586,48.303
185.764,81.408,32.201,48.694
184.843,83.325,32.770,49.394
182.704,83.538,32.377,48.324
183.303,83.520,31.339,49.315
184.429,83.121,31.300,50.585
182.950,83.041,32.976,50.665
180.979,82.531,31.586,50.947
179.537,80.782,33.183,51.868
181.845,81.472,30.725,51.486
183.921,82.322,30.415,47.144
182.856,82.246,29.351,47.676
181.474,82.747,28.964,47.574
181.421,83.353,29.293,48.077
181.262,84.428,30.819,49.251
182.313,85.329,34.181,50.491
184.032,87.016,36.591,50.543
186.403,90.219,35.742,48.551
186.397,92.189,37.009,49.290
186.595,93.395,39.435,50.470
187.150,95.796,40.743,45.668
189.001,95.696,40.589,44.570
190.049,94.542,40.376,43.541
189.814,93.874,43.030,43.870
189.916,93.612,45.698,44.305
188.723,93.884,46.283,43.582
189.984,94.965,46.913,43.582
192.615,96.654,43.914,44.458
192.436,97.367,41.085,45.335
190.910,95.629,36.954,48.464
188.722,94.774,35.293,51.026
189.785,96.305,33.422,50.855
190.400,96.062,31.448,50.103
190.535,95.183,31.339,49.474
189.289,95.339,31.616,48.767
188.183,93.956,31.063,49.163
186.907,94.661,32.358,48.694
183.758,94.828,33.009,48.519
180.691,95.328,32.458,48.405
179.023,95.351,31.577,49.315
180.269,95.980,31.300,48.135
181.559,95.777,30.903,48.930
180.311,94.802,31.216,49.321
181.467,95.036,31.102,48.459
180.318,95.542,32.152,48.384
182.799,95.153,30.351,45.843
176.514,94.738,36.318,46.298
169.580,92.216,42.756,39.867
161.811,91.971,50.240,37.950
152.701,93.787,57.779,35.893
145.613,95.347,59.230,35.794
141.819,95.105,56.916,34.057
144.157,93.185,52.330,36.480
146.335,93.216,50.950,36.943
149.614,93.583,50.311,36.558
151.193,93.965,49.905,36.310
152.023,95.354,50.214,35.842
152.808,96.607,50.345,36.398
153.028,96.909,51.282,36.310
154.263,98.794,52.359,36.089
156.593,100.474,54.141,34.991
160.289,101.862,54.890,35.630
160.817,103.030,54.897,35.595
159.400,104.536,55.075,35.241
162.676,105.510,55.075,35.595
162.520,107.991,56.454,35.707
157.701,109.277,60.600,35.658
150.131,111.102,63.830,35.730
144.299,111.294,66.177,34.865
135.389,109.899,66.522,30.895
125.222,110.234,66.554,31.411
119.317,111.109,66.279,32.956
118.125,110.000,64.454,34.332
115.653,110.242,65.143,33.186
114.076,110.831,64.109,33.311
111.796,110.458,62.839,33.594
109.435,110.318,63.420,34.057
105.601,111.901,63.086,32.752
101.545,110.433,63.641,34.779
96.397,110.426,65.899,36.117
94.932,110.443,64.418,38.827
90.239,109.143,63.950,40.622
91.191,109.555,63.272,38.881
93.957,110.678,61.024,38.028
98.015,110.865,59.184,39.295
103.856,111.686,56.481,39.295
107.987,112.897,57.012,39.521
113.396,114.123,57.314,40.300
115.599,115.446,57.639,40.936
122.470,122.160,55.895,34.435
135.274,113.845,54.323,44.198
137.433,111.333,54.025,45.593
135.974,109.939,51.268,46.390
129.645,113.917,54.417,41.083
127.293,111.361,53.702,44.292
123.651,101.543,55.398,39.024
114.969,106.912,59.364,29.868
109.227,97.160,59.011,35.254
106.234,96.935,58.040,35.977
102.755,96.066,59.596,36.984
99.543,97.253,59.250,41.193
100.443,102.794,58.043,34.667
101.461,105.180,57.089,35.568
100.487,107.390,57.406,38.029
98.694,110.876,58.186,39.383
96.475,114.047,57.149,41.013
95.547,118.444,56.482,40.760
93.917,124.321,58.301,38.996
93.352,129.391,58.857,38.792
87.531,131.594,62.047,39.188
86.265,136.232,61.609,37.936
89.313,138.507,60.267,35.908
93.815,140.371,55.847,33.490
99.670,141.192,55.561,33.060
103.875,142.320,56.874,33.643
109.025,144.084,57.166,32.391
116.578,144.010,54.522,33.406
123.053,144.630,53.892,33.020
129.455,143.048,58.165,33.817
136.900,143.572,56.098,32.946
138.791,143.181,55.326,32.868
139.851,141.309,54.149,34.217
143.212,140.071,54.868,34.444
148.450,139.362,53.532,34.121
151.777,138.287,55.346,34.046
157.254,138.337,54.663,33.164
161.147,138.152,55.346,32.677
165.382,136.698,54.234,33.704
167.890,136.685,55.584,33.901
168.612,136.575,58.406,33.251
163.460,135.846,62.955,32.584
155.970,134.293,64.278,30.682
153.114,130.579,62.420,30.186
150.116,130.700,59.973,31.162
143.062,130.357,62.657,30.809
143.487,126.921,61.543,34.601
144.089,126.823,60.063,33.964
140.890,127.144,63.563,34.588
135.711,127.134,66.679,34.139
131.500,125.476,65.832,32.868
125.220,127.317,66.886,33.116
120.182,128.558,66.467,29.310
116.316,129.843,65.700,29.220
115.533,131.158,61.455,32.136
116.163,133.246,61.085,36.686
115.720,134.576,59.120,37.354
113.022,135.572,60.096,39.218
108.830,136.061,61.358,39.995
104.567,136.646,61.721,39.123
97.782,136.892,62.776,40.208
93.877,140.707,64.453,39.315
95.384,143.590,62.651,38.197
96.216,144.256,59.516,37.847
98.790,145.690,57.219,37.639
104.789,144.784,54.153,36.381
110.228,144.453,56.098,35.084
116.639,143.652,53.694,34.905
118.592,142.999,54.402,35.340
119.027,143.413,56.612,34.689
123.559,143.305,58.235,35.084
130.674,143.824,52.697,34.950
136.114,143.402,54.207,34.933
141.944,143.710,55.153,34.492
147.197,142.222,54.277,35.018
150.961,140.296,56.028,35.718
156.142,138.993,56.234,35.191
159.860,137.533,56.454,34.994
162.621,136.687,55.653,35.974
163.226,136.227,57.577,35.102
166.261,136.129,55.918,33.767
167.759,135.952,55.621,34.295
170.532,133.665,53.314,35.105
171.250,133.287,52.574,35.166
172.929,132.456,51.798,35.450
177.920,132.284,50.851,33.901
180.455,131.858,52.965,33.918
179.214,132.149,52.896,33.507
178.101,132.332,52.585,34.662
179.929,131.357,50.812,35.244
181.013,132.310,51.196,34.697
180.910,133.089,51.740,33.310
180.798,133.369,50.710,34.085
178.918,132.534,51.963,34.419
178.452,131.544,51.621,35.038
176.375,131.270,50.898,34.730
174.855,131.220,50.556,35.508
178.447,132.305,47.624,36.143
179.506,134.101,47.334,38.614
178.564,134.995,45.861,40.268
176.026,135.339,46.721,41.731
174.063,137.167,45.600,41.527
172.876,139.197,45.610,43.072
174.044,139.094,43.632,43.632
174.586,140.775,43.509,44.472
174.946,141.617,43.846,45.871
173.908,142.671,42.231,46.103
171.471,144.207,42.501,45.335
171.327,143.542,43.846,45.695
172.989,144.509,43.222,46.103
174.005,144.726,43.429,45.220
175.239,144.986,43.187,45.057
176.910,143.253,42.501,43.210
177.252,141.282,42.419,43.538
176.521,140.078,42.677,44.484
175.536,138.333,42.371,43.509
175.813,138.147,42.849,43.452
177.766,138.150,43.531,43.791
178.258,137.722,43.597,44.210
175.932,137.375,44.814,42.613
171.114,137.934,48.849,39.482
166.308,138.130,51.682,39.708
160.192,139.228,52.806,41.335
157.502,141.654,51.638,39.103
153.966,144.637,54.477,35.838
146.407,147.857,58.616,34.975
138.659,149.685,61.547,33.687
129.610,150.783,65.272,33.872
123.766,152.402,64.859,34.037
116.790,153.244,63.294,33.669
109.660,151.940,64.597,35.353
102.867,154.056,67.522,34.577
95.091,156.108,68.516,35.811
88.832,156.891,65.902,35.639
82.284,158.601,66.575,35.326
77.432,159.571,67.837,35.908
74.999,159.003,68.344,36.252
70.952,162.021,70.435,34.917
70.830,162.358,68.689,34.245
70.935,160.361,67.309,34.727
69.555,158.703,67.546,34.549
68.875,158.606,69.390,32.899
74.372,159.976,68.002,31.600
81.761,154.840,68.017,36.939
85.202,152.597,68.073,38.712
94.197,148.766,64.922,39.675
100.635,145.132,62.761,39.800
103.402,139.519,62.531,35.918
99.785,134.381,63.016,40.110
101.483,129.578,60.731,39.814
104.847,127.311,62.480,39.814
113.575,133.111,61.231,33.917
120.847,132.127,60.695,34.330
131.603,131.349,57.399,37.351
150.347,128.623,45.965,39.824
161.197,123.927,39.924,41.645
167.540,121.286,38.887,47.748
172.618,113.398,36.348,53.743
176.094,109.014,34.975,55.960
181.096,104.498,31.256,59.590
187.464,100.282,27.780,43.012
191.550,95.573,28.509,41.721
193.931,93.928,29.409,41.766
193.541,86.033,31.247,42.744
193.427,78.505,36.254,41.328
192.712,75.054,41.793,45.748
188.571,78.494,47.274,46.223
175.631,75.225,55.099,42.190
171.706,65.907,57.446,43.350
170.014,65.071,60.030,42.321
167.087,63.495,56.083,42.744
164.635,62.806,55.398,39.612
163.085,62.486,55.488,38.747
164.218,61.948,54.153,38.335
162.824,62.257,55.568,36.984
158.651,63.633,57.359,35.144
161.577,62.475,53.487,36.558
162.997,63.400,51.533,34.886
164.441,61.708,50.515,35.973
165.832,63.613,50.214,37.810
169.666,66.059,48.237,38.169
174.425,69.312,45.861,38.977
176.690,72.132,48.219,41.841
176.127,75.404,48.894,41.871
175.765,78.593,49.166,42.918
175.772,84.772,50.257,42.525
176.190,90.672,53.214,41.183
176.276,96.028,52.666,40.534
175.771,103.246,51.733,41.553
175.026,110.810,49.594,41.871
179.225,116.549,43.850,44.125
183.894,118.802,39.004,44.374
185.518,120.688,37.009,47.285
183.600,123.236,36.054,45.971
181.813,123.879,35.959,46.478
181.333,124.639,38.723,46.763
182.389,124.582,37.895,47.220
182.202,126.506,38.609,46.858
182.259,128.122,38.836,47.134
184.813,127.425,38.719,47.410
184.813,128.156,39.064,48.442
182.021,128.390,38.607,47.536
181.965,129.185,37.773,46.979
184.281,131.117,38.044,46.583
184.281,130.567,38.382,46.583
185.273,129.876,37.674,44.307
186.553,128.894,37.821,46.025
186.667,129.601,36.675,44.778
186.250,129.648,36.204,45.092
187.009,129.341,37.360,44.653
187.230,129.763,36.016,44.794
188.002,130.092,35.679,45.908
188.499,130.841,35.901,44.815
187.926,130.536,35.760,45.183
186.234,130.415,36.807,44.378
185.998,129.751,37.198,45.383
186.933,129.165,38.629,46.306
188.049,129.612,39.205,47.879
189.024,129.005,38.560,46.133
187.760,128.231,37.283,46.583
187.187,127.963,36.925,44.778
188.200,126.298,36.123,44.766
190.476,125.969,35.679,44.378
191.187,124.546,36.978,43.462
187.608,122.517,41.478,39.706
186.005,122.311,46.478,38.243
186.079,120.889,49.204,40.749
181.327,120.553,51.596,38.539
179.276,121.198,52.831,36.355
181.568,122.119,53.619,35.922
184.957,121.238,54.059,36.274
185.541,120.854,53.872,37.399
186.724,119.563,54.207,37.819
187.424,120.628,53.353,37.329
190.192,119.413,50.414,37.609
189.311,118.783,50.513,35.105
188.275,119.765,53.008,34.493
188.622,120.147,53.347,35.106
186.919,120.727,54.141,35.427
183.790,119.599,53.883,37.507
186.059,119.082,48.894,38.359
187.266,117.110,47.526,41.085
185.705,119.413,50.028,40.199
179.113,124.565,54.477,34.037
172.340,122.111,58.157,35.569
168.005,121.140,60.363,34.415
162.209,120.496,61.519,33.597
153.364,120.998,57.632,31.957
145.353,118.563,58.681,33.213
142.198,116.221,58.705,34.178
141.656,116.382,60.420,33.047
139.003,116.429,60.443,34.206
136.903,115.778,57.723,35.781
138.087,118.555,58.542,33.141
140.972,118.833,59.944,32.761
138.799,120.432,60.817,32.412
143.741,121.323,54.139,32.946
150.267,122.240,50.979,36.522
157.236,121.981,49.676,37.041
161.165,123.637,48.700,38.719
165.931,127.416,47.700,37.690
170.646,133.334,48.729,36.653
174.345,138.734,48.049,38.099
174.794,143.501,49.045,39.752
172.399,148.678,48.788,44.715
171.909,156.817,46.306,44.435
169.023,162.282,41.699,48.436
166.911,169.931,40.790,48.984
165.547,173.828,39.489,49.518
166.343,178.665,39.225,49.939
169.571,182.531,39.091,48.529
173.009,185.522,33.442,47.186
176.526,186.367,28.952,47.247
180.563,187.483,27.394,50.567
188.744,190.108,26.312,51.505
192.719,189.577,27.542,54.343
193.154,191.006,28.689,55.750
195.012,190.467,28.334,56.268
197.893,192.508,31.136,55.308
201.752,193.090,34.877,53.313
200.671,193.437,37.041,50.368
200.671,192.312,38.339,48.291
203.916,187.725,39.204,48.032
202.367,182.843,41.085,47.526
199.268,177.740,38.871,45.335
197.272,170.741,33.281,44.710
193.210,162.623,34.582,40.165
177.334,153.216,48.024,40.595
159.554,148.544,64.283,40.199
151.589,143.845,59.088,39.902
141.431,138.921,63.797,37.069
130.895,134.336,66.528,37.556
117.436,133.605,69.635,34.317
106.465,131.546,68.242,33.043
93.062,131.719,66.343,34.027
79.988,131.629,66.501,36.022
67.450,130.423,70.693,38.631
55.628,132.720,67.969,39.290
49.124,133.311,69.380,37.589
45.152,136.005,69.017,36.406
38.736,141.740,67.972,36.500
33.403,144.282,70.135,38.619
27.590,149.581,71.827,42.135
29.121,155.834,69.981,44.554
29.263,161.191,72.276,45.495
27.892,167.600,68.459,45.563
22.790,171.108,69.475,47.736
25.865,174.291,68.179,50.152
37.011,179.233,66.606,49.867
49.051,182.441,65.983,51.077
60.596,186.067,66.555,48.605
74.256,186.645,60.678,44.938
84.207,183.708,62.627,42.135
98.414,182.723,64.510,40.499
113.646,179.898,64.197,41.431
123.584,175.450,62.235,45.666
128.688,169.700,58.986,49.780
134.950,166.909,52.432,50.695
140.870,161.709,49.187,54.261
142.164,161.191,49.601,55.504
142.803,160.894,50.845,54.837
142.455,163.920,54.299,53.875
143.226,169.581,56.665,53.409
143.367,172.627,55.499,56.383
142.542,178.855,54.235,56.588
142.673,185.382,55.195,56.860
144.945,190.401,56.728,57.741
147.534,194.756,52.009,56.362
149.114,199.707,49.284,56.774
147.985,204.232,51.966,59.284
150.095,208.216,54.997,60.909
154.846,210.468,55.128,57.797
160.250,213.929,58.676,61.164
160.414,215.336,54.867,59.670
156.459,215.959,55.904,58.424
147.065,217.334,61.632,56.935
141.009,216.991,66.156,54.182
137.589,217.429,69.875,52.106
133.061,217.454,72.031,45.761
128.231,215.597,74.212,43.147
120.709,213.551,76.310,39.631
111.761,205.302,81.001,39.510
102.864,194.737,78.241,38.496
97.192,182.510,74.397,38.629
94.918,169.773,74.105,43.237
98.244,158.914,71.768,46.672
102.328,149.870,67.546,49.557
104.301,143.661,69.171,53.967
112.658,150.790,68.879,37.994
119.717,151.430,69.735,38.662
129.300,145.476,71.588,44.638
139.543,148.945,69.497,42.924
142.959,146.962,68.034,45.137
138.884,153.872,73.852,39.425
137.450,152.514,73.261,42.465
137.551,161.084,72.276,36.642
135.869,164.875,72.754,36.583
135.485,167.012,74.040,36.657
143.021,167.985,65.868,38.057
143.176,171.730,64.553,40.823
140.106,175.448,67.087,42.869
138.586,178.383,66.898,41.516
134.987,179.719,63.965,41.799
137.767,181.565,62.649,39.557
141.678,185.136,62.231,36.018
146.751,187.367,64.442,39.920
151.147,189.860,69.258,38.996
154.144,190.732,67.842,37.979
154.796,190.536,71.334,38.167
154.602,189.128,71.305,39.207
148.787,185.930,71.056,38.497
145.761,181.542,69.650,38.449
140.097,174.878,73.211,38.832
137.414,168.280,72.261,41.109
131.694,163.637,75.593,41.412
126.685,160.363,72.164,41.909
121.277,156.555,72.196,40.280
119.016,154.220,71.640,43.870
118.142,155.444,66.971,48.624
119.666,158.220,65.870,46.052
122.309,160.461,67.328,48.865
124.448,165.104,67.884,42.571
126.298,168.885,66.885,43.330
125.703,174.126,66.021,43.222
124.992,180.535,68.300,41.751
122.958,184.068,70.013,40.038
119.043,186.906,74.873,40.830
116.389,189.330,72.963,39.980
107.386,186.090,73.057,40.599
102.801,187.632,70.885,40.350
100.668,186.825,70.227,40.894
97.600,186.191,72.814,43.882
94.149,187.238,67.226,51.441
91.045,188.638,65.877,54.425
86.645,192.319,59.670,56.908
74.222,195.606,71.991,54.432
62.880,200.346,66.046,56.252
60.993,206.013,64.326,57.857
61.903,209.694,62.506,61.526
59.026,213.800,64.897,60.164
68.463,216.118,61.156,54.527
76.392,213.915,59.859,50.961
87.306,209.103,56.494,46.765
98.446,203.425,56.987,44.312
111.176,194.154,54.870,44.058
130.727,186.224,51.738,43.854
146.946,179.965,52.169,42.423
163.671,173.285,51.434,41.979
179.990,168.036,52.199,42.243
192.829,162.636,53.231,41.851
205.073,157.655,52.568,42.168
218.026,154.630,52.379,41.695
229.996,149.846,52.854,43.032
234.925,145.181,55.895,45.099
237.232,142.090,57.414,45.549
241.020,136.766,56.506,48.404
243.745,132.184,57.884,45.593
246.924,128.702,57.503,46.682
247.165,125.510,57.541,47.136
247.288,121.371,57.713,44.748
244.407,118.947,57.659,45.005
242.212,117.978,58.475,49.393
241.980,117.184,59.477,46.786
245.206,116.185,58.859,45.391
245.020,116.720,58.507,48.462
241.135,117.296,57.539,48.056
237.816,117.047,58.898,51.088
233.038,118.158,62.291,49.635
229.490,119.103,67.714,47.523
224.965,118.563,70.065,43.833
216.353,117.602,71.853,43.534
206.672,114.156,75.750,45.271
195.290,108.225,80.880,47.376
186.974,103.999,75.058,43.422
180.742,99.934,75.722,46.281
175.092,94.265,76.589,46.357
170.943,94.129,79.268,41.009
158.453,92.181,81.221,39.408
142.740,89.627,85.168,40.426
133.127,88.210,81.233,42.674
123.215,89.949,80.516,42.973
117.076,94.671,84.058,41.793
112.314,95.804,82.032,41.909
111.597,97.243,77.941,42.791
114.473,99.374,73.117,42.245
117.119,101.309,72.734,41.276
122.010,101.696,71.096,43.582
126.992,102.961,73.738,44.176
131.098,103.512,75.493,45.823
132.128,106.117,74.849,45.335
136.074,105.841,75.620,44.716
138.450,106.753,77.395,46.157
141.369,107.740,76.478,47.544
143.533,108.753,77.116,44.429
146.352,111.453,76.648,44.437
149.091,110.728,76.322,44.716
149.091,112.132,75.971,45.770
148.589,113.295,74.849,45.099
146.617,114.980,77.045,43.942
147.142,115.038,78.560,43.593
144.688,114.734,82.644,43.144
137.349,112.872,85.485,43.998
134.929,112.228,84.912,44.671
134.015,111.828,87.852,44.853
138.231,112.572,82.445,44.248
141.320,112.420,77.237,39.345
142.570,111.751,75.841,42.232
142.108,113.335,76.310,39.858
138.584,112.480,75.730,40.574
136.358,112.332,75.962,42.423
139.666,112.101,74.365,39.692
142.496,111.881,72.303,41.659
140.899,111.250,73.297,43.252
140.691,111.621,71.678,41.492
144.211,110.894,62.884,41.083
147.692,110.209,60.924,42.861
148.824,108.873,59.685,43.072
150.842,107.053,60.626,43.464
152.918,106.731,61.522,44.106
153.777,108.292,63.672,42.866
151.529,107.979,67.854,43.912
149.742,108.462,69.458,44.698
150.558,108.946,69.165,42.614
154.387,107.570,67.287,42.204
156.128,106.405,68.193,40.680
152.120,106.162,71.459,40.216
142.785,105.189,73.997,39.580
136.470,103.811,75.445,41.359
136.318,103.873,75.414,42.805
133.991,104.289,74.821,42.201
130.768,102.203,73.949,44.122
128.450,103.185,76.295,43.761
126.790,103.711,75.206,44.334
121.983,104.153,74.650,44.605
116.898,103.807,76.615,44.143
118.956,103.965,73.898,42.777
120.900,101.942,73.162,37.481
118.926,100.933,73.642,46.433
119.342,101.206,71.055,43.897
122.821,100.183,57.709,45.159
122.346,99.688,54.967,44.815
119.567,97.108,55.151,46.092
119.454,94.791,55.780,51.031
121.330,93.007,54.811,49.994
119.111,92.476,56.413,52.211
117.437,92.082,59.217,49.620
113.285,93.661,61.442,50.803
113.302,91.833,63.872,49.417
114.398,92.454,66.408,46.373
116.284,90.987,66.411,52.085
113.600,90.466,65.877,51.592
104.983,89.924,70.469,51.155
105.737,89.701,68.117,51.359
109.563,90.009,66.393,50.743
109.424,90.437,67.837,51.635
106.470,90.764,66.986,50.862
106.484,92.081,66.138,50.920
104.120,91.666,67.953,50.819
102.207,91.693,67.648,50.647
97.001,88.450,68.889,53.724
94.339,86.383,68.110,56.880
91.648,84.181,71.499,57.299
89.471,83.261,72.510,57.083
87.652,83.150,72.792,56.272
86.122,84.801,72.510,55.925
85.384,86.486,74.752,54.725
83.828,86.315,74.661,54.683
86.070,86.123,72.996,54.683
86.877,86.633,71.002,53.663
88.522,86.899,70.430,52.761
92.612,87.036,68.720,54.195
95.719,85.944,64.222,54.172
95.482,86.467,64.106,55.724
98.360,87.316,65.673,55.348
105.289,86.782,65.010,54.114
108.863,86.099,65.602,55.005
108.630,88.042,66.549,53.890
108.048,89.535,67.234,51.146
112.745,89.010,66.891,51.021
114.117,88.182,67.660,51.389
113.119,88.493,67.058,53.127
112.932,86.721,67.073,53.921
109.818,87.882,72.336,53.408
101.767,93.161,78.848,47.832
87.659,95.911,84.789,39.380
72.025,98.076,81.009,36.442
56.148,99.721,72.521,45.912
38.443,106.267,68.410,47.494
15.369,110.998,63.236,49.832
0.051,120.044,55.040,50.313
0.000,130.317,44.460,61.854
0.379,134.456,32.776,66.603
0.677,139.319,22.171,60.151
0.585,147.701,15.957,50.152
0.000,159.775,12.670,32.848
