563.000,244.000,158.000,118.000
564.834,241.432,153.510,122.589
564.142,240.933,154.072,123.038
565.653,240.433,152.428,121.832
567.027,239.894,151.045,122.911
565.525,239.894,153.230,122.365
558.802,239.395,159.822,122.813
559.573,240.464,157.439,122.079
562.219,239.868,156.588,121.883
564.715,239.396,152.981,123.104
565.954,241.901,151.874,120.840
565.432,241.316,155.090,120.655
567.863,239.963,151.598,121.169
567.060,240.244,152.388,120.878
566.653,239.565,152.388,121.693
568.144,240.704,150.768,120.505
567.350,240.986,154.517,120.210
567.585,239.636,153.230,120.453
567.457,241.353,152.668,119.196
567.613,240.171,154.517,121.021
567.706,239.934,153.510,121.768
565.107,239.250,155.699,120.127
565.650,240.373,158.451,120.072
567.004,241.868,154.913,120.672
567.296,240.636,156.520,120.127
568.108,242.476,154.072,120.017
568.401,242.070,157.295,118.651
567.694,242.564,155.699,117.937
568.943,240.415,157.005,119.248
570.139,241.099,158.451,120.072
571.493,241.766,159.608,119.292
569.836,242.870,163.198,118.187
573.000,242.164,160.764,118.765
575.370,242.899,158.237,117.848
573.766,241.897,161.719,117.938
576.614,242.218,159.897,118.401
575.249,242.157,162.902,117.697
566.353,241.421,172.380,118.338
559.260,242.503,177.981,119.322
570.381,242.085,164.197,120.158
573.198,244.249,164.748,117.517
572.538,243.100,165.512,118.979
572.357,242.144,166.154,118.360
572.645,243.512,165.858,117.308
570.716,244.663,167.484,117.239
569.143,242.945,168.384,119.833
570.789,244.225,166.800,118.981
574.626,243.902,165.335,119.628
574.209,244.008,164.760,119.416
573.652,244.114,166.154,119.204
573.645,244.008,166.450,119.416
577.306,243.902,163.078,119.628
579.987,246.110,159.954,118.288
576.170,245.992,163.729,118.249
575.836,246.045,159.939,118.700
571.859,246.853,165.683,118.463
575.560,246.589,162.210,118.992
578.230,248.788,160.764,117.375
581.023,248.321,159.029,118.034
581.992,248.291,159.839,117.270
584.605,250.454,153.791,115.960
586.027,249.019,154.692,117.491
587.196,249.686,156.138,115.888
591.385,252.085,153.692,115.673
591.830,252.488,150.931,114.600
595.060,255.480,150.270,110.725
596.371,255.345,148.682,110.737
598.202,255.431,144.249,111.080
598.803,256.441,146.596,114.132
597.991,255.203,146.408,113.240
598.402,256.325,149.199,111.512
599.177,254.777,150.231,114.867
599.037,255.637,148.669,113.673
596.633,256.546,156.078,111.596
594.376,255.555,158.479,112.784
592.255,256.815,163.257,112.406
589.560,257.164,164.579,113.335
588.664,257.462,166.918,114.380
588.025,257.665,168.749,111.762
588.758,256.867,170.585,115.008
582.562,257.401,180.171,112.537
579.691,260.348,183.062,113.772
572.045,258.538,196.040,112.477
586.269,259.209,181.558,110.836
579.588,258.936,189.239,111.952
579.130,258.041,189.278,114.617
577.551,257.796,191.551,112.451
581.847,256.663,190.019,112.070
579.864,255.729,189.311,114.813
578.301,257.943,189.485,113.632
577.315,257.204,190.577,112.173
577.200,255.932,191.683,111.791
577.476,254.664,190.252,115.207
578.565,254.421,187.778,113.023
577.378,254.062,187.237,114.617
578.068,253.913,185.562,111.982
576.751,253.330,185.310,117.767
577.460,251.310,185.371,115.894
574.416,251.996,188.521,119.514
570.665,253.126,190.011,118.156
567.821,253.675,192.696,117.959
581.380,251.318,178.269,117.537
580.280,251.187,179.020,120.410
580.369,251.680,179.136,117.953
581.428,250.680,174.687,119.952
580.568,250.887,174.087,121.281
581.723,249.804,172.067,121.699
583.760,251.856,169.732,120.203
584.214,251.295,164.246,121.325
583.806,252.037,161.388,120.970
585.641,252.400,161.632,120.525
585.362,252.539,159.115,122.482
586.061,253.658,161.632,122.482
583.793,254.346,161.662,121.387
583.238,251.896,159.684,122.640
584.081,252.986,157.159,121.861
584.507,252.392,155.198,121.664
584.517,254.069,154.352,121.061
584.527,253.031,153.510,120.947
584.258,249.864,153.230,122.911
583.425,250.350,154.072,123.861
582.449,251.974,152.428,122.551
581.497,251.681,153.510,122.589
580.805,252.006,154.072,122.763
580.111,252.196,154.633,122.659
579.697,254.263,154.633,121.281
579.707,253.223,153.791,122.813
579.014,252.724,154.352,121.611
575.996,254.482,156.818,123.861
577.920,255.281,154.364,123.380
577.091,255.557,155.194,124.764
578.340,258.032,153.809,122.601
577.656,255.225,152.701,125.463
578.071,256.432,153.258,123.881
576.829,256.241,154.913,124.262
575.991,255.904,155.755,124.937
577.385,258.358,154.364,124.775
578.357,255.939,153.811,124.884
579.189,258.689,153.534,124.105
580.158,258.497,154.364,124.487
579.046,258.272,155.478,124.937
580.300,257.935,154.085,125.055
581.133,260.662,153.811,125.441
581.828,260.801,153.811,125.163
582.660,260.914,153.534,126.048
583.080,261.244,154.088,125.388
583.914,261.357,153.811,125.997
584.472,262.497,156.874,127.338
585.329,263.309,156.577,127.697
586.037,264.300,159.409,126.564
587.749,263.537,160.254,127.520
587.183,265.777,160.526,129.050
588.495,265.758,164.242,128.800
588.513,267.562,168.282,127.522
589.987,270.934,172.077,123.708
589.842,269.977,178.501,124.746
588.304,270.828,182.176,123.044
590.995,271.521,183.086,122.557
589.191,270.969,190.295,123.662
590.964,275.362,196.271,124.090
594.052,278.940,193.847,124.750
596.232,277.114,193.227,130.272
599.136,280.307,185.830,129.922
597.460,283.348,186.693,123.529
598.345,288.236,185.229,124.702
598.497,287.932,170.021,106.453
601.538,291.546,164.477,103.000
598.811,296.393,162.112,101.906
606.701,301.231,149.425,100.733
610.183,303.701,146.391,99.968
624.543,308.408,130.503,93.217
622.577,311.679,131.340,90.213
623.904,309.892,124.977,90.079
626.438,311.135,119.060,91.208
630.270,309.803,112.646,93.455
628.613,310.270,110.203,92.110
628.339,310.852,106.709,95.594
632.583,309.538,100.444,95.594
635.154,308.115,89.617,99.029
639.603,307.275,83.547,98.258
640.519,307.192,81.353,95.335
636.165,309.830,82.820,94.298
636.845,309.696,78.627,92.263
636.924,310.282,75.740,96.040
635.444,310.055,73.225,95.979
635.582,310.645,69.755,94.295
627.050,311.945,78.202,91.208
625.063,309.867,77.272,94.856
626.980,311.482,79.101,92.656
627.066,314.056,76.184,91.627
622.424,312.610,81.111,93.344
623.697,310.049,85.024,93.579
624.419,309.155,85.901,96.795
618.618,308.801,87.826,97.869
622.258,308.182,86.115,96.694
623.570,306.911,67.195,98.869
621.670,304.490,78.356,96.840
615.281,305.074,91.135,101.261
619.055,306.399,167.366,121.143
621.757,299.963,168.234,125.748
621.442,297.329,165.662,127.231
622.311,298.746,161.889,124.687
625.264,294.198,157.407,127.235
626.250,293.997,156.854,127.072
629.211,293.938,154.040,127.189
629.473,294.501,147.914,133.067
631.739,292.717,143.382,133.542
627.494,294.360,145.221,134.412
628.796,295.292,141.218,131.151
628.520,294.617,140.408,129.502
626.868,295.346,144.522,131.556
623.467,294.022,149.943,131.166
623.507,293.374,146.494,132.462
628.086,293.728,144.873,131.754
626.661,294.319,148.278,130.573
626.403,294.682,149.351,130.682
624.457,294.867,147.929,130.033
622.349,296.026,153.257,129.380
638.599,294.131,138.813,127.528
634.948,297.902,141.049,127.984
628.500,298.110,151.792,125.417
627.354,298.687,158.779,126.195
629.025,300.801,156.854,121.682
631.654,299.399,146.065,125.870
630.258,301.216,149.943,123.323
626.310,299.470,148.042,124.094
622.371,299.041,151.030,123.051
621.681,299.110,149.679,122.365
620.874,300.101,148.582,124.180
619.239,298.783,151.852,124.094
619.777,298.924,149.400,123.262
618.691,299.437,149.943,122.236
619.371,296.296,149.667,123.096
619.776,296.726,147.498,126.582
618.549,296.260,148.585,124.778
618.139,297.306,150.768,125.685
614.415,298.130,149.396,125.966
613.862,297.123,151.874,123.587
614.549,297.123,151.874,125.509
614.687,296.250,152.981,125.317
611.639,296.553,156.583,124.712
613.309,298.787,154.361,124.999
612.055,296.480,155.758,124.328
611.357,296.786,156.038,126.502
610.095,298.467,157.720,125.951
609.391,297.961,155.460,123.860
610.911,297.310,153.811,122.937
607.881,299.516,156.838,123.210
605.495,298.428,158.546,123.159
605.909,297.088,156.878,123.601
604.658,296.195,157.431,124.830
605.075,295.466,156.597,123.201
607.163,296.154,153.811,124.606
604.807,296.101,153.812,122.495
606.325,294.067,150.500,122.987
603.601,294.217,154.040,122.141
603.174,291.297,156.818,123.587
603.006,290.397,154.645,122.323
599.015,290.366,157.114,125.140
596.187,289.792,159.684,123.201
598.996,288.136,155.471,123.421
600.659,289.043,153.534,123.272
601.901,288.661,152.152,123.486
600.529,288.610,153.797,123.038
601.903,286.732,152.152,122.383
603.140,287.288,150.771,124.004
600.265,287.721,151.868,123.137
597.796,287.609,153.243,122.813
595.871,287.222,154.895,121.390
595.871,287.771,154.072,121.390
595.601,286.786,153.791,122.813
594.907,286.561,151.601,122.987
589.985,286.486,155.426,122.589
588.579,285.537,156.301,120.891
585.564,284.902,157.929,122.436
585.952,286.213,154.645,122.044
587.887,285.329,151.876,121.336
589.397,284.879,150.215,121.693
590.350,283.479,149.661,124.222
590.341,281.949,151.045,124.550
590.613,282.431,151.600,123.587
591.299,280.351,151.324,122.539
592.259,280.277,150.495,125.413
592.119,281.077,149.400,123.262
594.292,279.417,148.313,123.866
595.922,278.874,148.042,123.594
595.651,279.666,149.667,123.096
597.958,277.922,148.042,123.866
599.585,277.494,146.413,122.824
604.290,276.314,141.839,124.109
602.426,276.477,145.301,124.582
603.085,275.943,145.603,122.953
607.512,275.748,141.575,123.878
610.690,275.912,141.581,123.287
608.972,275.102,146.077,123.848
613.253,275.010,143.985,122.684
614.188,277.270,145.043,123.220
613.378,276.521,147.734,122.041
613.502,276.986,147.217,122.187
613.504,277.637,145.868,123.572
617.809,277.522,143.718,123.533
616.611,277.163,145.848,123.185
615.929,278.313,146.943,122.766
615.658,276.987,148.562,122.725
615.785,277.457,148.038,121.245
614.190,277.749,148.814,123.342
614.306,279.228,149.667,122.282
614.848,277.194,149.667,122.011
615.528,277.307,149.391,122.868
615.932,277.736,149.667,123.096
614.164,276.807,150.758,123.051
614.840,276.990,150.495,124.595
614.975,277.880,149.953,122.539
615.523,280.748,148.585,122.508
613.637,278.520,148.844,121.291
610.010,279.418,150.446,123.264
608.350,278.343,150.223,121.596
607.142,276.895,151.556,122.598
608.081,276.738,150.771,120.726
607.288,276.321,151.276,122.641
606.043,276.299,152.676,122.141
607.404,275.801,151.048,120.947
608.774,275.382,149.661,121.786
607.286,275.382,151.556,121.786
606.321,275.044,151.036,121.917
605.238,273.526,152.116,121.150
604.553,273.687,152.396,121.101
601.832,273.823,152.124,121.101
601.293,273.255,152.116,121.693
600.467,272.759,151.313,120.505
599.805,272.118,151.556,121.786
601.017,271.781,150.219,121.917
601.836,272.547,149.667,121.198
598.475,272.478,151.804,120.796
597.917,271.871,151.836,119.842
597.657,271.011,151.276,121.021
599.004,270.516,151.294,121.469
598.049,270.947,152.116,120.878
597.506,270.268,152.116,121.693
598.862,273.316,150.768,122.141
597.645,271.095,152.116,120.878
599.274,273.133,150.215,119.520
598.768,272.562,150.423,122.537
597.237,272.600,152.396,121.917
598.596,272.103,150.771,120.726
597.803,274.387,151.276,121.831
598.876,271.351,150.491,121.645
597.661,273.879,151.836,120.384
599.425,273.178,149.661,118.809
601.061,272.478,150.663,119.676
600.497,274.452,150.985,121.380
597.360,274.136,154.005,121.469
599.249,273.190,151.324,120.346
598.733,275.284,151.546,121.561
600.078,274.946,151.573,121.693
599.122,274.562,151.036,120.284
598.461,274.734,151.276,122.641
599.397,274.712,150.495,119.687
601.039,274.113,153.122,121.960
600.434,276.261,156.520,119.853
599.194,277.248,155.984,120.072
599.880,276.425,153.517,119.524
600.178,277.893,152.107,118.757
602.489,279.408,151.792,120.303
602.065,278.667,150.203,119.621
601.412,278.840,150.704,121.960
602.336,278.702,150.215,119.248
603.974,280.677,151.228,120.928
605.434,278.084,149.391,120.433
604.374,281.349,152.047,121.691
605.696,280.852,150.495,122.141
606.515,281.619,149.943,120.878
605.449,282.199,150.995,119.987
604.910,284.222,150.995,120.527
604.230,286.406,151.276,120.750
605.714,285.888,149.661,121.245
604.507,285.843,150.995,120.796
603.686,286.972,151.826,120.162
605.445,288.866,152.638,118.538
603.570,288.277,153.422,119.987
601.507,287.152,151.844,121.693
600.687,286.768,152.396,120.012
600.566,288.588,151.556,120.162
600.166,287.888,151.276,118.049
598.190,286.695,152.016,121.506
599.632,286.218,153.485,121.917
601.261,285.495,151.324,120.346
598.584,284.888,153.437,119.400
601.011,283.582,151.294,121.469
602.230,284.014,151.573,120.878
601.556,284.260,151.836,120.655
601.014,284.396,151.836,121.198
600.330,283.877,152.116,121.693
599.505,283.380,152.676,120.233
599.383,282.491,151.836,121.469
598.559,284.716,152.396,119.196
598.579,283.533,152.896,119.130
602.901,282.318,152.086,121.021
604.516,281.710,153.203,119.248
606.963,283.148,152.638,120.162
606.822,284.934,151.836,119.300
608.860,283.917,152.074,120.796
608.296,283.197,152.116,121.693
607.470,282.700,152.676,120.233
609.517,284.522,149.938,119.300
609.013,283.954,150.143,120.435
608.189,284.424,150.985,120.303
609.664,283.795,152.356,119.400
609.664,285.416,151.276,120.750
608.983,285.710,151.556,120.433
608.442,287.740,151.556,120.974
609.928,288.035,149.667,120.655
608.866,287.808,150.715,120.572
610.207,290.015,150.735,120.750
609.396,290.420,151.276,120.210
608.856,290.555,151.276,120.210
610.477,290.690,152.356,120.210
610.195,292.501,151.836,119.300
612.233,291.483,152.074,120.796
611.668,293.480,152.116,121.421
613.161,295.681,150.219,119.196
614.802,294.949,151.228,120.124
616.399,295.041,149.385,120.210
615.336,295.509,150.704,121.960
616.260,295.371,150.215,121.693
615.048,298.031,151.556,119.080
612.777,297.015,151.523,118.688
609.291,298.603,152.584,120.080
605.599,298.451,152.921,120.655
605.316,297.548,152.396,121.917
604.490,299.782,151.591,119.634
604.248,299.740,151.265,120.527
603.562,299.110,151.556,121.245
600.565,303.776,152.931,120.063
600.430,305.406,152.116,118.976
598.294,304.226,153.153,119.179
595.032,305.629,155.074,119.080
593.650,304.754,154.573,119.468
594.194,306.795,152.396,118.379
592.343,305.430,153.138,118.957
592.734,306.830,151.546,118.859
590.603,305.817,152.584,118.736
588.701,305.326,153.153,119.987
586.503,306.918,154.289,118.976
585.018,305.401,154.005,119.028
585.561,306.621,152.107,116.859
584.145,304.946,151.999,120.210
583.826,304.158,151.826,119.350
583.702,303.974,152.613,119.987
583.549,305.673,153.463,118.757
584.102,304.272,152.896,118.589
582.356,305.595,153.422,119.718
580.293,305.151,154.289,118.433
581.118,303.474,154.803,121.245
581.072,305.050,153.797,118.369
579.631,306.155,153.437,118.319
580.313,302.490,151.265,119.988
579.908,302.625,152.613,119.987
576.230,301.613,155.361,119.028
573.630,299.896,155.934,120.012
574.291,300.963,153.517,118.427
572.710,299.396,156.678,121.021
573.319,298.715,154.357,119.627
573.755,297.298,155.662,119.468
572.377,295.576,155.415,119.907
572.919,294.782,156.520,120.127
573.731,293.876,153.797,120.566
573.746,292.816,154.312,120.505
573.878,291.613,152.956,120.726
573.614,291.562,155.662,121.101
573.856,290.206,154.077,120.785
573.870,289.143,152.956,122.365
573.041,288.645,153.517,122.813
572.211,288.145,154.352,120.235
572.504,286.920,155.675,119.687
573.176,287.932,153.237,116.843
570.694,286.023,156.590,113.421
573.658,285.300,154.403,114.066
572.498,282.565,156.989,116.082
574.814,282.527,154.247,115.348
573.133,282.767,156.006,114.600
573.523,279.850,156.833,116.956
575.479,280.034,154.818,115.775
575.130,281.077,155.250,113.689
574.245,280.703,157.285,113.639
577.415,279.981,154.692,114.280
577.582,279.902,155.954,113.639
578.236,281.795,154.647,111.986
577.788,281.107,155.806,113.098
578.658,278.686,155.661,115.285
580.874,281.093,154.981,115.030
580.751,281.066,155.228,114.815
582.892,279.059,154.692,116.688
582.189,279.539,155.829,116.266
580.562,279.701,156.119,116.482
582.443,277.972,154.247,117.779
582.038,276.891,155.598,117.779
584.190,277.487,154.276,117.131
585.432,278.188,155.560,116.266
585.163,280.879,155.829,117.074
583.240,277.170,155.074,117.997
585.130,278.688,155.903,117.944
582.949,277.357,155.647,117.890
584.312,278.008,155.090,118.757
583.083,276.268,154.561,118.705
581.734,277.326,155.632,118.757
580.630,275.475,157.567,119.468
584.163,276.161,154.895,118.643
585.010,277.081,155.376,118.976
585.955,275.339,155.662,119.468
588.947,276.349,155.688,117.995
591.004,276.944,154.561,118.976
591.683,276.130,155.104,119.248
591.132,277.244,156.750,117.563
590.733,277.624,155.919,117.347
590.063,278.003,155.632,118.757
591.137,276.152,155.390,120.284
591.666,274.725,153.510,120.127
591.679,274.374,155.390,121.101
589.729,275.878,153.522,120.291
589.748,273.432,152.396,120.284
587.317,273.382,152.649,119.029
588.274,272.926,150.735,120.210
587.604,272.364,150.995,120.796
586.783,272.681,150.203,120.433
585.988,272.342,149.370,120.572
587.067,270.036,148.555,120.885
585.590,270.842,149.092,121.960
586.119,269.691,147.764,122.371
584.105,270.321,148.293,120.572
582.779,268.249,148.537,122.041
583.167,267.253,148.838,122.145
583.569,266.195,147.764,122.371
583.709,264.672,147.217,122.725
583.574,263.326,147.217,122.725
583.439,260.904,146.140,123.802
580.473,260.789,148.569,122.145
580.877,259.845,146.412,122.145
578.610,258.559,147.466,124.450
578.052,257.067,147.227,124.180
577.511,255.558,148.038,123.951
577.239,254.359,147.227,125.265
578.192,253.583,145.865,124.094
577.245,253.614,146.412,125.380
576.159,252.587,147.227,124.180
575.619,251.620,146.955,123.410
573.868,250.499,143.985,126.459
571.844,250.787,147.764,124.802
571.160,249.781,147.770,124.094
570.754,249.467,148.311,126.349
569.796,248.767,149.953,125.007
569.659,249.590,148.856,126.377
568.837,250.985,149.128,124.685
567.196,250.506,150.771,125.370
565.818,251.285,151.876,125.738
565.957,249.697,152.981,126.147
566.238,250.190,152.142,125.163
562.229,251.468,155.466,125.367
561.103,252.072,155.200,124.999
559.986,251.765,154.922,125.055
558.871,254.385,156.038,122.044
557.914,256.037,155.742,121.501
556.953,254.769,155.735,121.832
555.988,256.423,158.492,120.729
555.972,254.431,157.969,121.664
540.837,253.627,174.357,123.549
556.538,254.808,161.193,122.954
556.442,255.624,159.128,121.038
553.955,254.397,159.652,122.103
553.804,255.326,162.750,122.482
536.820,253.820,182.021,123.232
534.484,253.605,188.194,126.063
539.071,254.906,187.045,125.314
532.624,254.392,193.805,123.888
535.240,254.305,192.296,125.923
534.463,252.442,195.408,126.532
536.511,254.036,191.941,123.975
531.697,255.429,198.477,121.807
545.990,252.234,183.271,121.973
549.229,253.291,180.090,123.456
522.502,255.289,208.159,120.654
532.702,253.453,195.687,121.155
530.087,250.859,197.835,124.186
526.753,253.984,201.368,121.072
529.262,255.741,196.973,120.685
536.696,252.809,188.588,124.388
540.527,251.219,184.299,124.501
521.420,254.355,204.021,123.383
532.262,251.880,193.772,121.028
516.606,252.290,206.378,125.115
529.087,248.907,194.926,125.769
524.298,247.178,201.368,126.717
527.805,248.203,194.992,125.626
525.872,246.403,195.408,126.717
525.562,245.154,161.676,127.008
525.426,257.260,201.000,104.807
635.518,247.465,51.444,119.746
643.490,257.545,82.623,104.457
639.581,255.806,87.836,105.887
639.087,255.841,88.631,106.589
638.645,255.816,86.401,107.418
632.606,255.072,96.934,108.327
626.311,256.934,107.064,107.474
620.903,256.679,116.803,107.769
615.515,260.700,128.703,105.568
627.302,261.621,124.050,101.390
634.747,264.024,123.088,101.076
636.586,264.473,131.484,101.296
643.394,267.511,148.376,96.606
644.738,268.849,157.670,98.244
647.839,269.142,158.941,101.643
655.504,267.511,152.267,102.869
649.934,267.316,165.413,101.253
648.164,270.263,177.763,102.615
640.970,273.127,191.880,102.030
645.585,272.596,188.814,103.652
641.663,276.238,200.580,100.290
644.492,275.521,201.741,97.177
646.858,277.523,200.938,98.785
655.349,280.081,190.163,99.314
657.434,278.287,186.268,98.499
662.178,277.648,174.069,100.320
666.912,279.115,165.924,97.914
666.703,278.322,156.903,97.204
668.299,278.488,159.642,101.321
665.111,276.695,158.378,99.814
667.806,277.535,150.975,102.412
672.044,277.421,140.755,100.646
669.882,280.975,136.729,99.981
674.098,281.333,129.467,99.734
676.465,284.312,120.408,95.598
676.009,284.357,115.513,98.519
679.296,285.555,111.930,100.822
681.046,288.130,108.217,100.350
681.960,287.614,106.180,98.461
682.876,288.763,107.212,100.051
683.543,290.001,104.217,101.518
680.622,290.677,103.464,101.609
686.094,291.520,99.101,102.185
689.276,291.204,98.180,102.615
684.672,288.818,123.677,107.790
687.576,279.387,104.695,119.025
685.586,283.891,122.763,115.160
686.247,287.894,121.203,113.107
684.205,287.436,98.305,113.555
684.688,287.714,90.567,115.325
683.936,287.679,91.662,114.577
682.594,288.770,92.911,113.217
681.761,290.482,98.073,112.259
682.473,293.035,100.220,111.986
681.041,297.486,103.932,110.507
678.282,300.590,107.733,109.879
673.914,301.875,114.725,109.055
666.284,304.856,127.520,111.832
660.699,305.057,131.277,110.473
661.958,306.765,129.241,110.192
665.603,308.059,140.841,109.995
667.764,309.495,129.794,111.359
668.415,311.035,147.981,110.926
672.090,312.093,122.155,112.147
673.340,313.500,122.940,112.616
677.554,314.909,129.119,111.683
680.756,316.611,145.094,110.926
683.672,314.896,126.301,111.562
683.378,316.024,123.799,113.344
687.658,315.077,121.405,111.920
688.788,314.968,122.415,112.370
690.041,315.666,125.553,113.562
688.972,316.253,128.168,112.386
688.811,314.698,125.363,112.851
687.915,315.165,127.632,113.345
687.351,315.656,129.241,113.086
687.325,315.785,129.777,113.555
687.300,315.915,149.520,114.024
686.187,316.676,148.868,112.240
687.547,317.083,138.893,111.167
688.733,314.621,154.955,113.601
687.849,314.310,152.473,113.956
687.488,314.500,154.253,113.313
688.665,313.202,149.782,114.586
689.494,314.029,147.336,113.457
690.087,312.453,156.773,113.758
690.325,314.200,152.819,113.209
692.390,312.278,155.015,114.943
692.429,312.316,156.540,114.066
693.889,309.934,156.030,116.153
693.710,310.039,153.422,115.134
693.242,310.388,155.954,114.171
693.751,310.040,151.999,114.600
696.057,310.551,151.876,114.105
698.442,309.078,154.225,114.416
698.376,311.462,149.833,114.171
701.468,309.569,152.036,114.551
703.793,310.056,154.517,113.313
700.452,309.709,154.572,113.742
701.767,308.406,154.598,114.488
700.409,309.124,153.048,113.586
706.410,309.128,151.348,113.313
715.240,304.708,147.580,112.979
716.873,303.781,151.298,112.762
712.986,302.081,156.978,113.548
708.241,298.637,156.298,113.209
705.334,296.049,155.447,111.986
710.685,294.197,153.197,113.841
714.774,291.575,153.487,115.644
718.460,292.071,154.647,113.852
717.422,291.886,156.989,113.425
712.838,291.967,157.609,113.265
710.282,294.269,156.031,111.603
705.095,295.660,156.894,113.313
693.251,299.958,158.143,113.532
680.353,301.488,160.076,112.616
663.233,303.162,158.789,114.651
645.109,307.812,161.271,114.537
635.395,309.020,159.472,113.753
633.162,310.352,161.781,112.707
639.899,311.767,161.569,112.855
651.671,310.008,159.404,115.561
662.106,307.485,157.006,114.087
669.017,305.003,158.199,116.370
678.850,299.897,159.994,113.815
693.204,293.323,155.868,113.727
706.346,287.527,160.780,115.452
719.667,280.639,158.129,113.417
727.140,274.872,158.199,112.348
733.045,270.941,159.479,112.997
739.179,266.997,158.494,113.632
739.179,263.370,158.763,113.632
739.165,260.439,159.059,113.037
737.030,256.514,156.614,113.632
736.532,253.226,157.876,112.997
736.518,246.295,160.848,113.209
740.764,239.418,158.839,113.727
745.095,238.417,157.444,114.920
749.937,237.906,156.388,115.134
754.526,238.523,158.494,114.438
757.736,245.320,158.545,112.977
763.540,246.573,158.199,112.616
767.307,253.729,157.075,115.135
773.986,256.662,156.905,112.229
777.530,263.103,158.848,112.363
778.002,264.152,158.172,112.406
778.284,268.264,157.876,113.265
781.749,270.566,157.369,111.603
787.650,272.445,158.583,111.566
793.884,274.101,157.314,111.186
795.652,275.077,160.670,111.356
796.888,278.468,161.149,110.471
798.658,278.675,160.547,112.196
797.266,282.389,163.598,112.289
796.488,283.391,162.981,112.729
793.500,284.614,164.883,113.272
792.756,284.881,164.182,114.380
791.357,285.496,167.529,114.798
794.607,285.701,165.473,116.053
796.828,282.092,165.473,116.608
798.348,283.100,171.056,116.262
800.496,280.463,172.694,116.731
803.021,278.590,167.928,116.498
804.344,277.450,165.563,118.779
801.810,279.027,168.384,117.308
800.384,277.973,171.801,119.416
799.145,278.633,167.113,119.817
790.234,280.111,171.603,118.562
789.200,280.550,164.816,115.400
781.587,281.365,171.758,115.426
784.234,281.803,166.745,117.089
782.597,282.742,167.784,116.889
783.700,286.181,165.858,115.063
786.404,287.555,167.643,115.358
788.027,287.834,164.676,117.028
785.810,289.886,166.883,115.984
778.416,290.479,161.611,117.028
775.427,289.731,165.383,117.697
775.345,286.499,160.793,117.449
774.576,286.895,157.929,117.209
773.113,284.156,163.854,119.142
772.546,286.121,160.513,116.889
771.932,285.626,155.710,117.605
769.802,288.575,162.952,116.317
767.485,289.952,160.697,115.768
769.716,289.931,161.697,116.356
772.018,292.358,162.585,116.996
769.365,292.314,160.989,117.635
772.129,294.350,162.075,115.768
775.860,294.117,160.644,116.782
777.779,294.391,153.243,116.782
772.888,295.938,149.619,114.225
770.516,296.800,159.856,116.164
773.420,296.158,160.604,116.629
775.319,296.355,154.887,116.782
775.790,296.883,159.328,115.459
772.876,296.210,162.981,116.532
772.906,297.592,158.503,115.978
769.581,297.994,158.364,115.717
772.302,297.558,156.716,116.317
774.342,298.342,156.427,119.350
771.832,299.185,150.227,116.843
772.178,297.952,155.898,116.393
768.158,298.177,155.579,115.673
770.193,295.571,160.643,117.930
769.202,295.274,151.325,117.697
769.532,294.018,159.746,117.272
768.535,291.795,150.501,118.976
764.686,290.953,158.467,117.175
763.344,283.987,127.555,116.356
761.941,277.961,127.188,116.446
765.604,271.138,120.106,117.182
767.915,262.720,124.037,117.384
770.495,251.584,124.435,117.669
770.844,243.940,121.796,118.399
765.812,235.285,125.363,118.866
761.467,230.382,119.620,118.886
755.759,226.459,118.842,118.125
750.209,225.056,123.539,119.034
743.419,223.549,120.588,118.157
736.281,224.522,126.494,118.842
730.263,226.222,121.829,120.110
722.899,227.441,120.092,120.334
711.962,229.137,121.995,119.588
702.744,231.549,121.545,119.124
697.449,233.965,121.284,118.631
693.979,237.333,123.422,117.179
689.623,238.777,121.284,118.631
686.153,244.065,123.422,118.619
683.217,245.992,122.997,119.124
682.848,250.964,121.796,119.855
682.005,253.509,123.240,118.881
684.668,258.360,120.583,119.855
683.601,259.817,120.791,118.626
680.018,260.902,123.165,119.091
679.732,263.432,121.796,117.671
679.527,264.758,120.289,117.414
678.951,267.031,121.203,116.916
678.704,267.505,121.457,117.639
678.330,268.816,121.966,117.414
681.086,270.733,119.091,116.695
680.421,271.704,120.184,116.406
682.893,272.287,117.848,116.899
681.862,275.014,119.675,115.678
684.445,276.304,120.636,116.395
684.298,278.305,120.693,115.477
687.146,279.965,121.149,115.233
684.543,280.793,123.278,115.943
685.079,281.256,121.966,115.257
682.618,281.856,122.136,115.720
682.966,281.853,121.203,114.059
680.657,283.512,122.757,115.217
681.315,284.687,121.203,113.821
677.494,285.169,122.496,115.208
675.165,284.910,122.393,113.821
671.528,286.215,123.278,114.760
669.589,285.732,122.393,113.821
665.952,287.037,123.278,114.760
664.014,287.268,124.060,113.107
661.073,287.625,125.199,113.343
659.961,287.743,124.321,112.867
657.151,287.980,125.199,113.343
654.369,286.667,124.321,112.628
651.559,285.361,123.539,111.920
648.769,282.181,124.406,113.097
647.528,280.988,123.799,112.869
646.250,279.924,123.278,113.104
644.712,277.085,123.515,113.577
639.602,276.253,125.436,113.343
635.030,274.940,124.798,112.628
632.321,271.612,125.463,114.057
631.074,270.413,123.165,114.538
627.412,269.819,124.060,115.250
625.463,271.612,123.165,115.736
621.527,272.809,124.581,114.299
618.299,273.288,123.147,114.299
614.764,272.696,123.799,116.433
612.418,274.367,123.679,116.701
608.328,274.246,125.363,115.017
606.764,274.006,125.363,114.535
611.096,273.645,122.941,116.938
608.455,273.765,125.103,115.017
606.894,276.046,125.103,116.458
604.933,275.561,126.126,115.736
603.349,277.015,126.145,116.944
604.426,277.867,123.992,116.212
602.176,278.947,125.604,116.460
603.237,278.341,126.871,115.734
604.805,277.251,127.134,116.216
601.619,278.108,128.632,117.426
603.174,277.751,125.523,117.155
603.939,278.709,127.396,118.400
601.922,278.101,128.230,117.893
605.491,279.209,126.753,118.631
606.234,278.838,125.022,117.408
603.965,279.313,126.648,116.701
605.166,279.925,124.247,116.451
605.803,279.558,126.347,118.149
606.598,279.923,124.513,116.196
607.369,280.152,122.730,118.149
607.248,280.634,122.971,116.702
607.504,280.636,122.461,116.218
610.628,280.639,122.429,117.886
610.485,281.112,122.476,118.626
610.109,282.435,122.985,118.394
609.988,282.919,122.985,115.495
610.633,283.397,121.696,116.923
613.375,283.753,122.429,117.169
613.359,283.988,122.221,117.659
616.120,285.909,119.340,116.938
618.292,286.880,117.599,117.599
619.836,286.540,117.102,118.045
618.305,287.600,119.929,117.809
614.692,286.737,124.060,117.155
615.108,286.600,122.985,116.944
615.370,286.723,122.221,118.379
617.888,288.044,119.837,117.426
617.214,288.303,120.948,117.859
613.843,289.126,122.907,115.734
614.321,288.887,121.712,117.886
613.947,287.560,122.221,118.139
613.699,288.159,121.513,118.626
613.098,289.001,122.476,117.904
612.977,289.482,120.791,118.626
612.270,290.567,121.966,119.091
611.640,291.399,122.985,115.495
612.284,291.162,121.457,117.639
611.910,291.754,121.966,118.133
611.535,292.349,122.476,117.904
611.415,292.831,122.476,115.017
612.060,292.598,120.948,117.146
611.686,292.470,121.457,116.208
613.837,292.711,119.059,116.678
613.157,291.785,120.420,117.587
615.504,290.810,118.583,117.155
614.586,292.011,120.184,116.406
614.212,290.697,119.745,116.662
613.747,290.820,119.492,117.363
613.028,291.882,120.693,114.765
613.292,292.010,119.929,116.160
612.919,292.591,119.492,115.943
609.756,293.308,121.814,116.160
609.942,293.524,120.250,115.250
609.985,292.009,119.929,118.045
609.229,293.168,120.250,115.250
606.444,293.538,121.814,116.160
606.631,291.850,121.203,117.155
603.521,292.443,123.366,117.639
605.889,292.670,120.560,118.872
605.066,293.160,121.008,115.257
608.072,293.290,116.653,116.653
609.629,292.979,116.108,117.042
603.672,291.928,122.415,117.977
598.949,292.445,126.085,117.904
596.811,293.540,127.188,115.470
598.537,292.318,127.134,116.216
597.057,291.957,126.927,117.182
601.198,291.226,121.573,116.690
604.000,291.587,122.173,117.639
603.856,292.057,122.221,116.218
604.119,290.273,121.696,117.401
606.739,290.746,122.685,118.133
606.596,291.220,122.730,116.702
609.734,291.343,124.842,118.133
610.159,291.331,123.749,116.212
612.964,291.088,123.662,117.659
613.181,291.204,122.985,116.944
613.443,291.327,122.221,114.777
614.088,291.096,124.250,116.899
614.600,292.281,122.985,116.944
614.862,292.404,126.783,116.218
616.258,292.893,127.396,118.400
617.194,293.762,124.292,116.170
617.982,293.377,126.085,116.460
619.156,295.804,123.494,115.730
619.800,295.442,126.519,117.414
620.809,296.292,128.896,115.226
623.006,296.047,130.117,115.226
628.500,296.056,127.709,115.208
630.358,296.527,128.368,115.726
635.221,298.242,125.967,114.981
637.683,299.069,125.383,114.773
639.144,300.027,125.823,116.458
622.961,300.027,140.720,115.245
631.325,300.246,135.728,115.828
630.380,302.410,137.366,116.271
629.706,301.567,138.460,113.148
632.020,302.502,136.591,116.040
632.997,303.794,136.148,114.465
634.288,304.748,136.568,115.058
635.522,305.774,136.863,115.518
636.769,304.904,137.388,114.741
636.518,308.175,138.897,114.741
634.726,308.705,141.471,116.208
635.145,309.068,140.376,114.969
633.528,309.261,140.300,116.365
631.450,312.376,143.432,115.258
632.575,309.977,142.469,115.160
633.494,312.382,141.915,115.483
634.135,312.382,141.659,116.509
634.511,312.783,140.649,116.736
634.520,314.180,141.659,117.279
634.622,314.740,141.197,117.191
634.630,315.369,139.892,116.963
634.397,316.222,139.078,117.819
633.620,315.337,139.349,114.713
633.938,316.500,139.726,118.716
633.073,315.714,140.164,115.384
631.350,318.661,140.300,118.402
632.580,319.782,138.357,115.642
634.174,318.625,137.954,118.463
632.972,320.228,139.078,119.356
633.590,320.536,134.485,116.932
632.024,319.988,136.361,118.029
632.353,321.824,137.229,118.423
631.062,322.356,138.534,117.869
630.150,322.381,139.078,117.563
629.510,323.533,135.492,118.075
635.746,321.821,130.613,118.716
632.656,321.269,131.802,118.572
626.878,321.157,140.100,119.799
627.606,319.524,140.200,117.093
627.390,320.329,140.376,121.129
627.856,320.050,136.049,120.642
627.361,321.346,140.119,119.332
628.233,320.117,139.930,120.236
627.059,319.222,138.123,118.910
625.805,318.883,141.915,119.332
627.174,317.822,140.740,120.411
627.956,319.386,135.788,118.326
626.220,318.321,140.532,118.423
625.621,319.341,141.470,118.969
625.218,320.409,137.085,117.872
623.992,318.234,139.281,118.402
623.180,319.581,135.764,118.279
621.568,317.090,140.002,119.712
622.381,316.568,139.930,118.681
621.619,315.765,141.197,119.256
618.860,316.864,143.332,118.099
619.114,317.271,142.565,116.762
619.532,317.461,141.470,118.194
619.265,315.144,143.299,119.200
619.228,315.877,143.112,119.565
616.863,314.059,147.056,120.580
617.333,314.356,145.848,121.051
617.337,315.002,147.172,119.760
618.002,315.002,146.905,120.824
618.397,315.422,147.182,119.985
619.068,315.535,147.172,117.631
620.418,315.033,150.270,116.525
620.786,313.641,147.149,118.779
621.851,313.488,146.342,116.174
623.472,310.209,144.405,117.248
624.262,310.191,144.129,119.890
626.070,309.616,143.670,120.777
627.516,308.051,146.843,119.162
628.291,307.977,146.618,120.370
630.543,308.282,145.309,119.228
630.962,308.579,148.688,120.480
631.837,308.489,148.278,118.515
633.193,307.979,151.411,119.003
635.293,309.725,148.555,118.199
636.787,309.057,151.411,119.003
636.737,308.922,150.435,117.125
637.046,307.717,153.536,117.410
635.765,308.558,151.523,117.881
638.195,309.957,152.551,114.815
639.703,308.505,153.247,115.598
637.670,308.978,152.781,114.386
635.993,307.422,156.398,116.174
638.014,307.430,156.138,115.888
640.046,307.402,155.849,115.673
642.075,305.491,150.985,117.343
642.376,304.170,154.114,117.052
640.039,302.948,151.792,119.765
639.757,303.671,151.546,117.779
636.578,305.019,153.354,118.829
625.191,303.654,166.403,118.589
633.328,302.503,156.595,120.609
638.164,303.653,147.474,118.034
637.415,301.127,148.178,120.444
636.032,301.132,157.904,121.506
636.690,300.249,152.424,120.495
634.127,299.379,162.438,119.248
633.148,297.981,151.023,120.651
632.481,297.526,151.546,121.021
633.963,297.030,152.920,119.842
636.132,294.590,149.938,120.384
637.358,294.227,148.831,120.572
636.160,292.038,147.742,119.856
634.840,291.973,149.315,121.051
630.103,291.944,154.214,118.957
628.581,290.417,154.276,119.028
633.192,288.813,152.931,121.693
632.633,288.204,150.498,119.907
631.986,287.602,150.715,120.572
635.218,284.947,147.224,121.561
633.216,285.397,150.155,121.733
634.139,284.018,154.262,120.162
636.568,282.756,150.495,119.687
638.210,282.157,148.286,121.960
638.610,282.581,148.562,120.572
639.422,280.392,148.010,119.856
640.370,280.328,147.182,121.051
640.766,279.413,147.458,121.012
641.163,277.560,147.734,123.647
642.771,278.490,146.143,121.245
642.785,276.987,147.182,119.985
643.455,277.100,146.905,122.687
643.165,277.888,148.562,122.187
643.566,278.314,148.838,120.796
646.260,276.120,151.241,122.497
647.178,276.026,150.768,120.505
646.384,275.498,156.138,122.641
648.517,274.462,153.258,121.110
648.263,273.674,152.949,122.141
649.761,275.913,155.973,121.495
652.222,274.642,152.428,121.005
651.694,274.730,157.295,121.101
652.329,273.866,153.534,121.444
654.120,273.841,155.973,121.768
656.444,272.594,152.704,120.672
656.195,274.529,152.388,121.421
659.595,271.715,148.859,121.868
660.145,271.982,147.490,122.414
657.994,272.633,150.985,120.572
655.147,272.139,153.707,121.021
647.055,271.194,161.151,122.365
655.940,269.120,154.908,122.858
662.979,269.246,152.152,121.225
666.395,268.628,148.586,121.917
666.808,268.919,149.108,122.414
669.102,270.045,147.767,122.057
669.243,270.518,153.407,120.572
671.244,270.279,150.768,121.323
672.474,270.859,154.262,120.974
672.439,269.778,153.510,120.947
672.170,271.528,153.230,120.180
672.184,270.500,152.388,121.693
673.675,270.003,150.768,122.141
672.458,270.770,152.388,121.421
673.949,270.138,150.768,122.141
672.732,270.090,152.388,121.693
672.042,270.411,157.584,121.868
672.540,269.710,155.755,121.050
670.628,268.329,156.278,120.785
668.977,269.567,156.278,120.510
667.471,270.775,155.994,120.291
668.162,271.981,153.791,118.427
665.367,270.415,154.787,121.021
665.454,269.244,153.791,120.346
665.467,270.800,157.584,117.779
663.831,271.073,156.221,116.961
665.622,271.367,156.427,118.538
663.408,272.019,154.857,116.961
664.799,272.528,155.849,116.482
664.530,272.798,153.153,116.482
665.633,271.625,150.143,117.491
667.784,273.152,151.696,116.566
668.583,272.353,149.035,116.034
668.756,273.689,152.379,113.098
668.637,274.455,149.459,112.094
668.219,274.789,147.445,111.167
669.572,275.197,148.331,110.094
668.180,275.176,151.372,109.879
669.008,272.037,151.264,112.802
668.767,272.972,153.316,111.455
667.721,272.449,150.699,111.716
668.673,270.558,151.396,112.896
670.591,268.924,151.223,113.548
670.040,269.233,153.902,112.669
672.646,271.259,152.379,113.098
674.633,268.603,147.617,114.989
678.719,268.127,147.016,113.331
679.294,267.376,149.488,112.762
677.300,267.830,149.315,113.937
680.407,266.044,148.844,114.636
678.957,265.280,153.316,116.426
678.001,265.951,156.833,114.280
678.658,265.442,157.127,115.029
677.827,265.093,159.059,115.459
677.224,265.236,160.537,115.174
677.212,264.313,160.832,116.202
676.905,264.403,161.719,116.569
677.975,263.534,161.231,117.484
678.104,265.494,162.075,115.768
678.271,266.906,164.208,115.138
679.062,265.213,162.902,117.697
678.757,264.476,166.283,118.338
680.368,265.731,164.748,118.079
680.396,264.755,167.205,119.193
682.880,266.127,164.780,118.144
682.776,265.077,167.504,119.406
683.002,266.453,167.337,118.919
684.704,268.536,165.628,117.861
685.024,268.183,167.784,119.127
682.841,269.420,169.885,118.353
683.962,270.063,170.201,118.771
685.093,270.812,168.224,118.981
685.678,271.976,169.602,118.919
686.509,273.653,170.501,118.696
685.076,274.261,173.367,119.760
686.610,274.681,172.898,121.231
684.855,278.137,174.087,119.250
684.150,278.302,175.496,120.653
685.863,278.549,174.696,117.825
685.919,278.310,174.583,120.600
684.854,281.353,174.387,118.874
687.045,281.432,172.598,121.020
685.293,283.145,173.787,120.203
686.741,283.579,173.497,121.651
687.602,284.429,172.067,122.281
687.895,283.953,171.771,123.815
684.968,283.925,175.288,119.780
684.408,284.045,174.087,121.861
682.791,285.771,177.612,121.616
678.941,284.220,179.724,120.600
679.230,283.823,179.440,123.752
678.161,284.177,181.877,120.654
675.655,283.395,183.922,123.999
675.610,283.956,184.012,125.600
675.002,283.998,182.791,123.080
675.152,283.707,182.491,121.261
675.760,285.900,181.573,122.241
672.630,283.813,182.169,122.241
672.925,283.412,182.176,124.835
674.878,283.587,181.291,122.069
674.886,283.203,181.871,124.626
674.120,283.376,183.705,126.090
673.358,281.834,182.791,124.907
672.748,281.942,184.617,126.508
671.986,282.129,183.692,127.972
670.457,282.841,184.292,124.090
670.597,282.540,184.012,126.508
669.685,282.830,183.392,127.763
668.158,281.701,187.059,130.021
669.602,280.534,187.606,132.354
670.285,281.686,186.554,131.945
670.886,281.057,185.667,133.203
670.748,282.736,186.258,131.736
675.426,281.168,183.803,129.540
673.344,282.252,185.493,129.227
674.595,282.973,178.029,129.645
671.147,282.403,182.491,129.873
671.487,283.860,182.119,128.808
669.324,283.254,183.992,130.021
669.972,284.475,183.006,129.436
667.796,285.713,184.892,128.808
669.042,283.650,182.710,132.009
668.606,283.689,183.893,131.930
665.657,283.477,181.987,132.354
665.007,285.659,183.597,129.854
662.823,284.118,180.237,130.154
662.479,284.184,181.232,130.021
662.337,283.972,181.823,130.445
663.739,283.760,180.871,130.869
664.810,285.715,180.578,128.808
664.931,285.321,180.641,129.597
664.789,285.109,181.232,130.021
664.647,286.743,181.823,128.599
666.775,287.975,179.406,127.972
666.900,287.587,181.887,129.356
667.234,288.991,181.528,128.390
667.830,288.388,180.641,129.597
667.688,288.176,181.232,130.021
664.777,287.964,184.592,130.445
665.430,292.298,183.597,126.747
667.061,290.873,180.641,129.597
666.918,292.501,181.232,128.181
664.768,291.899,183.092,129.385
665.408,293.112,182.119,128.808
666.005,294.346,181.232,128.181
666.601,295.575,180.345,128.164
666.901,295.071,182.487,129.173
667.387,296.280,181.823,128.599
667.983,295.676,184.610,129.809
666.001,296.688,186.093,130.265
667.109,298.555,184.189,129.960
667.855,299.746,183.006,130.055
668.158,301.088,186.420,129.227
666.929,301.706,186.393,129.854
668.187,303.367,184.189,129.337
669.081,304.350,182.710,129.227
669.678,305.586,184.285,128.599
668.141,304.557,184.892,130.657
668.797,305.788,183.893,130.063
669.395,305.173,183.006,131.294
673.293,306.825,183.287,129.854
670.954,305.283,185.493,132.009
671.319,306.778,185.076,130.899
671.918,305.222,184.189,133.077
668.661,307.147,182.862,131.109
668.596,306.948,183.302,131.506
665.655,306.736,186.693,131.930
666.326,307.985,180.326,131.318
665.583,307.391,182.119,131.582
665.147,306.498,183.302,132.436
664.712,306.539,184.484,132.354
664.573,306.327,185.076,132.778
661.607,305.173,183.154,129.747
662.131,306.463,182.415,129.018
662.728,307.699,181.528,128.390
660.573,306.178,187.060,130.514
659.055,305.152,187.594,128.189
658.413,305.252,186.393,129.854
656.866,304.108,189.487,127.779
656.866,307.224,186.993,126.844
656.532,305.211,187.662,130.869
655.011,306.033,188.194,131.109
653.453,306.768,188.794,127.122
653.563,306.437,186.093,129.645
652.018,307.161,186.693,125.707
652.142,306.844,187.059,128.181
651.384,305.182,188.884,127.164
649.368,305.802,188.264,128.714
648.757,305.958,186.993,125.909
648.879,305.639,187.364,128.390
648.122,305.839,189.500,129.854
647.368,306.050,188.494,126.919
647.480,305.721,188.889,129.436
649.543,305.928,187.894,130.899
647.987,304.777,188.494,128.804
647.338,305.811,187.294,129.545
646.090,306.280,187.294,130.481
644.537,305.131,187.894,128.394
646.693,305.230,186.693,130.063
645.144,305.958,187.294,130.481
646.410,306.688,185.076,130.899
647.944,306.067,186.059,127.779
649.920,306.373,185.193,129.018
648.382,307.093,185.793,129.436
649.635,307.816,183.597,129.854
650.233,309.058,182.710,129.227
650.830,308.448,184.592,130.445
648.687,309.676,186.393,129.854
653.997,310.402,180.137,130.272
650.843,312.367,183.992,128.181
649.312,311.235,184.592,130.445
649.965,312.463,183.597,129.854
650.563,313.086,182.710,129.845
654.877,314.426,181.180,129.018
655.152,314.030,180.936,129.809
652.246,315.661,184.292,128.390
653.486,316.376,182.119,128.808
654.083,314.850,181.232,126.648
655.122,315.622,179.458,126.926
655.716,315.029,178.571,128.112
659.513,316.636,175.222,126.717
659.023,317.875,176.502,126.030
660.665,317.577,175.008,126.627
664.091,317.683,172.330,126.415
663.040,319.987,169.702,124.172
665.929,319.584,167.993,124.687
664.481,322.261,171.180,124.258
663.888,322.455,172.658,127.084
666.562,323.107,166.420,126.372
664.031,323.805,171.771,127.303
662.553,324.672,169.989,126.159
664.881,324.726,169.439,125.760
663.417,324.794,172.658,125.331
666.656,324.994,170.306,125.520
665.478,325.713,167.979,124.667
664.022,325.773,171.180,128.602
663.439,326.187,169.078,126.882
665.311,326.602,169.439,125.760
663.847,329.300,165.939,125.331
663.110,329.907,164.239,123.828
664.678,330.408,160.246,125.112
664.813,331.981,159.123,124.235
662.699,331.574,163.352,125.330
663.542,332.611,160.807,125.550
661.399,334.188,161.962,124.673
659.833,335.326,161.962,124.673
660.545,334.472,159.684,124.104
657.156,335.864,161.949,123.578
654.603,335.645,159.692,122.600
646.205,334.754,159.680,122.141
639.077,333.744,158.276,124.440
632.748,333.551,163.905,125.108
627.561,332.470,160.234,124.403
624.299,333.904,162.236,123.797
619.190,334.819,162.527,122.533
617.074,332.492,162.236,123.514
614.518,333.266,162.810,124.235
613.377,333.047,161.962,123.250
610.831,333.796,162.523,121.468
609.009,333.978,163.070,123.359
610.416,334.566,162.529,121.897
605.909,334.855,164.488,121.885
605.897,334.814,166.214,124.235
604.150,335.088,165.108,122.824
602.586,332.343,166.808,124.607
602.284,332.588,167.414,124.694
598.091,332.769,171.752,126.645
598.374,332.635,171.186,126.028
597.193,332.408,176.194,125.601
597.336,333.790,178.591,124.626
595.843,334.581,183.072,124.835
595.373,337.982,184.315,123.179
595.828,340.448,184.912,123.074
596.430,340.648,184.312,121.163
600.337,343.493,182.780,121.156
599.003,345.932,186.939,117.173
600.215,346.375,188.075,116.879
603.919,346.871,189.581,120.939
606.552,348.833,181.891,118.532
614.548,353.093,181.489,113.247
611.683,353.724,176.880,105.095
617.090,357.379,171.257,102.972
621.814,359.099,167.132,102.461
628.051,361.311,161.997,100.920
618.636,359.009,171.350,100.402
614.229,360.098,174.912,97.961
613.085,357.963,171.434,103.018
612.042,357.310,172.720,104.856
608.884,356.890,172.027,103.000
607.975,353.463,168.512,107.720
610.262,354.745,164.477,105.966
606.230,356.125,164.601,104.000
611.202,356.747,154.919,103.280
611.711,356.243,151.876,102.263
611.764,355.952,156.515,100.848
609.752,354.541,157.266,101.657
620.801,353.225,147.573,102.263
614.351,351.441,153.089,101.649
609.517,350.842,155.267,96.106
600.310,353.151,166.099,94.180
619.450,351.369,144.861,102.005
623.179,349.992,140.813,104.027
623.226,349.842,142.176,103.599
625.753,349.370,140.524,100.409
623.627,350.523,142.871,100.010
620.541,351.166,145.449,100.161
614.497,351.473,150.288,97.615
624.862,352.726,139.022,95.593
622.496,352.913,142.598,93.371
621.918,354.300,142.598,94.295
626.832,353.631,141.591,93.775
625.906,353.012,142.290,93.169
625.329,354.626,142.290,93.860
626.063,353.844,141.749,90.793
626.305,354.953,144.217,92.889
628.002,353.685,141.749,93.573
630.845,352.965,143.904,93.169
630.609,354.054,140.894,91.454
631.862,352.893,144.080,91.956
633.795,351.364,141.137,93.169
634.560,350.648,140.524,95.979
634.107,350.718,142.361,97.234
633.660,350.798,144.198,95.190
634.435,350.062,143.586,94.785
635.208,351.665,142.973,95.316
635.676,351.198,142.973,94.381
636.447,353.029,133.289,95.140
634.505,352.318,149.807,96.111
631.130,353.550,152.236,97.729
635.232,354.566,147.206,96.184
631.208,353.606,150.967,96.200
635.413,356.281,142.798,93.266
636.553,355.304,140.749,96.606
638.011,357.818,140.170,95.316
637.685,355.679,144.297,95.657
640.473,357.425,141.071,92.636
643.420,356.545,141.593,95.770
638.220,358.972,144.998,94.878
641.360,360.329,143.657,95.928
645.945,359.858,141.541,94.987
646.152,359.536,141.359,93.775
648.800,358.917,140.906,96.397
648.233,361.327,142.506,95.316
648.467,360.860,142.506,94.381
649.157,360.234,141.591,97.025
648.628,362.762,146.870,95.724
644.600,361.674,150.175,95.998
651.832,362.752,145.335,94.564
655.288,361.703,141.005,98.070
654.162,364.557,146.083,96.132
657.106,363.673,142.809,95.998
657.187,365.687,143.117,95.724
657.422,367.564,143.117,95.724
657.656,369.441,143.117,95.724
656.249,368.972,142.413,91.970
657.804,367.760,139.760,95.770
657.273,367.932,141.286,96.815
658.851,368.111,140.704,94.583
658.944,370.104,140.980,94.295
656.633,369.642,141.212,96.606
654.428,369.717,142.109,94.583
653.295,369.193,143.216,97.025
653.123,369.065,141.671,95.392
651.459,368.739,141.502,94.179
651.951,370.530,140.980,94.295
650.564,370.068,140.287,93.371
649.453,369.555,139.073,92.562
649.947,369.051,138.539,94.933
649.413,369.217,137.769,92.764
649.408,368.917,138.234,94.724
647.270,369.082,139.073,92.562
647.764,368.578,136.268,94.933
645.110,367.335,138.162,93.777
643.247,366.776,140.746,92.614
642.521,364.617,141.055,93.732
643.094,364.079,138.069,96.188
644.097,364.666,136.294,93.169
638.694,364.323,140.331,91.599
639.817,363.337,136.268,94.933
641.943,363.460,135.658,92.411
641.642,361.482,136.708,92.558
641.562,360.937,135.068,94.547
640.205,359.489,135.968,93.591
639.451,359.706,135.668,94.515
638.394,360.281,135.968,94.724
640.515,357.224,133.089,95.388
640.504,358.442,133.337,94.306
640.912,357.528,128.927,92.540
638.918,357.015,133.352,93.128
641.784,355.833,129.851,91.922
644.921,354.905,126.645,93.341
642.090,353.266,130.565,94.442
641.703,354.184,131.563,93.497
643.961,353.401,129.269,94.619
641.225,350.848,132.966,93.741
641.743,351.655,132.155,93.917
639.994,350.867,130.074,95.046
642.255,350.529,128.669,91.938
640.285,351.567,130.865,91.606
639.108,350.481,131.466,93.341
637.319,351.396,129.491,92.842
637.280,352.139,129.789,92.236
635.565,351.367,131.466,93.341
638.663,350.506,128.380,91.510
636.852,351.537,130.265,91.186
640.477,352.199,126.067,91.606
638.118,351.969,129.065,91.636
636.345,351.111,130.865,92.914
639.425,352.020,124.043,92.424
640.927,352.306,124.043,91.852
642.712,353.802,123.465,92.065
641.430,354.122,126.242,93.346
643.185,355.533,125.778,91.831
640.681,356.706,125.408,90.775
640.371,356.382,126.242,90.997
642.973,357.671,124.043,92.067
639.906,359.598,128.464,89.925
640.681,360.248,127.129,92.281
638.244,361.665,126.574,91.186
639.150,362.515,126.053,90.775
641.799,363.369,123.754,90.353
639.348,363.261,126.963,90.567
639.520,364.336,123.185,90.135
638.836,364.227,124.763,92.253
637.761,366.041,123.472,90.345
637.073,365.930,125.059,90.567
639.507,367.314,123.176,91.423
638.376,367.528,122.036,90.570
637.265,367.743,124.468,90.139
641.382,369.119,120.900,90.993
637.960,369.653,122.491,89.925
637.225,370.914,120.600,90.555
632.967,371.336,123.038,89.711
630.462,371.122,120.677,89.718
627.385,371.340,125.163,89.283
629.447,371.967,123.155,89.298
630.094,371.653,123.122,93.077
628.345,370.549,121.039,93.140
626.146,369.282,122.036,92.909
627.068,370.132,119.553,91.210
623.276,368.688,121.908,91.797
624.416,369.196,122.597,92.690
622.701,369.829,122.610,91.424
621.435,367.817,121.749,92.690
619.590,368.665,122.036,90.995
618.332,368.986,121.175,90.353
617.086,367.001,123.876,92.016
615.863,368.475,122.897,92.280
614.445,366.666,125.946,93.128
613.371,368.506,124.620,94.442
611.634,369.266,124.620,92.488
611.563,367.111,126.053,94.002
613.083,368.745,122.359,91.606
612.752,369.157,124.294,90.357
612.328,368.945,121.749,92.690
610.483,369.793,125.650,92.909
612.225,369.893,121.517,92.275
611.473,368.307,124.294,92.690
611.239,370.340,122.396,90.345
610.308,368.126,124.468,92.456
609.085,369.612,123.472,92.711
610.443,367.793,123.754,93.565
609.794,370.160,122.681,92.496
609.188,370.696,125.174,91.424
609.684,371.874,121.827,92.280
610.642,372.304,122.886,90.783
610.720,373.681,124.001,91.202
612.624,373.677,123.176,90.783
613.693,372.093,119.557,91.837
614.222,373.049,121.441,91.816
615.270,373.673,118.711,92.472
615.375,374.736,121.441,89.715
617.128,374.845,120.862,89.079
616.169,376.515,119.452,89.277
617.492,376.626,119.706,88.847
619.082,376.630,119.417,88.633
619.021,376.635,120.776,88.418
620.177,376.316,120.534,91.954
620.913,374.795,118.430,92.675
622.559,377.430,116.188,95.598
622.810,377.731,116.741,92.675
622.354,377.132,117.027,94.706
623.025,380.576,116.741,92.253
624.375,378.838,115.082,92.398
626.753,379.171,112.805,93.178
626.820,381.761,113.493,96.222
626.135,380.196,113.815,91.178
625.486,381.087,114.501,96.540
625.031,380.918,116.465,93.088
624.437,382.820,114.941,96.167
622.517,382.464,116.044,93.509
621.712,382.908,114.941,92.829
622.436,385.003,114.528,91.747
621.720,383.587,115.343,91.288
621.412,382.971,115.343,93.344
620.398,382.819,116.746,91.358
617.676,384.178,116.806,95.475
616.406,381.765,116.595,92.049
617.820,383.362,114.805,88.854
615.603,381.306,116.006,89.733
614.271,380.750,116.419,92.276
611.238,382.461,119.165,90.723
610.470,379.958,116.330,91.982
611.888,379.351,114.528,90.918
611.455,380.821,118.260,89.616
609.784,379.256,118.303,90.067
612.327,380.076,114.252,88.426
609.980,378.929,115.719,88.503
609.896,377.595,114.470,88.942
610.138,378.816,116.814,89.531
610.706,377.434,115.063,90.040
610.681,378.776,114.501,90.417
612.145,378.174,116.053,88.974
611.941,376.851,115.035,89.381
611.372,375.843,114.752,90.989
611.050,375.303,114.782,89.820
608.378,374.403,116.867,89.381
608.296,373.671,119.079,89.207
606.887,373.855,118.590,88.220
605.677,373.868,117.729,87.989
604.331,373.980,117.155,87.560
607.259,374.093,115.768,86.724
608.573,372.922,112.537,87.061
608.978,374.059,111.134,84.390
611.362,372.583,107.336,84.820
614.008,371.996,107.587,83.891
615.578,372.964,105.399,84.624
617.789,372.730,103.246,84.714
616.511,369.502,105.240,88.544
617.440,370.215,103.768,87.893
614.911,368.753,103.079,89.284
615.161,369.213,104.884,88.172
616.180,367.653,105.158,89.750
616.801,368.744,106.250,88.347
622.761,369.246,99.378,89.285
622.095,369.191,98.258,90.148
623.132,370.889,98.823,87.696
622.723,372.753,101.880,89.378
624.934,372.153,95.930,87.904
628.165,372.475,91.494,90.389
629.663,373.421,90.499,90.499
635.616,373.217,85.294,79.137
634.320,373.780,85.747,80.810
636.714,373.705,85.291,74.130
636.751,374.864,85.535,76.439
636.243,375.805,84.444,78.447
634.922,375.400,87.412,75.996
643.622,376.592,80.646,78.356
647.356,379.181,79.381,76.994
645.240,379.630,81.577,72.965
646.612,380.560,82.544,74.815
649.592,381.725,80.680,71.383
649.328,382.439,79.232,68.890
660.070,383.567,72.704,55.232
662.496,386.279,71.537,57.179
670.474,386.054,60.318,54.683
675.666,387.852,50.625,54.767
678.074,388.320,49.715,53.726
680.460,391.884,40.696,92.679
667.951,389.860,46.640,96.972
656.694,392.154,49.705,96.573
649.838,392.878,47.284,99.435
654.083,426.225,34.805,64.245
658.084,451.124,34.407,40.300
658.293,415.818,42.933,74.388
653.869,439.499,38.609,50.306
652.985,452.167,36.923,38.694
654.110,451.212,43.798,37.259
657.532,451.364,39.629,39.062
657.112,452.874,44.420,42.207
657.039,451.694,50.485,40.910
658.974,451.664,50.621,38.512
656.747,453.566,33.912,39.845
656.823,454.905,46.125,38.499
658.243,454.541,43.793,41.088
657.943,455.695,51.791,40.990
659.129,444.539,31.373,51.456
660.560,458.025,38.901,40.270
659.250,456.923,48.440,41.440
656.547,457.113,33.407,39.800
654.188,458.315,44.479,40.681
654.101,458.810,52.096,38.922
651.989,423.672,55.866,71.712
650.952,418.105,51.334,80.304
651.548,448.487,39.469,49.112
651.095,459.584,51.001,33.204
648.367,457.366,54.972,37.226
647.693,455.335,55.866,38.572
646.689,452.569,35.637,42.801
646.600,456.927,48.930,36.992
644.462,455.919,52.780,37.126
643.159,454.447,34.104,26.446
651.676,458.469,26.694,36.137
648.702,457.841,28.139,34.580
653.955,458.435,25.138,32.579
651.163,459.364,26.233,37.164
647.584,460.312,28.514,39.395
646.444,457.993,36.063,39.170
644.307,457.410,34.445,25.607
645.992,458.545,36.254,38.159
644.217,458.916,42.710,37.641
644.551,459.373,49.049,38.820
645.702,458.824,50.163,38.432
644.458,458.230,36.186,24.124
646.656,459.398,29.170,21.371
648.185,459.228,28.064,21.561
648.993,456.785,28.378,22.583
649.558,460.321,29.238,20.869
647.240,460.157,29.913,20.404
648.973,460.702,28.378,20.256
650.340,459.880,27.518,20.458
649.889,460.795,29.512,19.912
651.689,463.375,29.842,20.623
650.302,461.130,31.616,21.010
652.219,462.999,29.811,20.238
652.317,462.520,29.962,20.404
654.075,464.501,28.378,20.800
655.174,465.342,30.150,22.012
656.358,466.203,29.811,21.747
657.640,466.003,29.238,21.176
658.902,464.035,28.664,22.461
659.610,465.265,26.992,22.961
659.750,465.640,28.664,21.011
657.145,465.547,29.913,21.642
658.783,465.448,29.748,23.880
659.687,465.773,30.029,22.214
660.810,465.590,27.522,21.591
661.776,467.708,27.797,21.522
662.879,467.292,27.503,22.110
663.704,465.124,27.783,22.583
664.409,464.895,28.345,24.606
664.741,463.624,29.748,22.536
666.036,463.758,27.158,24.608
666.036,462.744,27.158,23.152
666.681,460.829,28.092,22.029
667.670,459.037,28.064,45.423
663.031,457.283,52.507,35.339
666.178,455.221,49.589,46.214
669.074,453.740,50.713,46.007
668.518,451.899,42.992,35.714
666.531,451.849,47.516,45.239
669.075,449.625,49.129,48.477
668.048,447.684,42.847,45.593
669.284,446.839,47.283,46.132
667.948,443.525,31.712,33.116
668.977,442.719,27.119,26.988
670.104,440.836,26.718,27.536
669.232,440.046,26.391,28.681
667.935,437.784,26.875,27.098
669.054,436.907,26.203,26.473
668.316,435.190,23.862,26.778
666.623,431.945,25.003,26.278
661.502,431.327,29.112,27.824
661.174,430.012,29.826,42.201
657.547,429.873,31.966,30.758
657.078,429.116,30.507,28.049
659.523,429.682,28.275,28.452
658.776,428.454,27.602,26.233
658.476,427.145,28.256,28.418
657.719,426.755,27.602,29.085
656.636,427.553,29.541,28.514
656.130,426.183,28.328,26.689
655.932,424.010,28.724,27.789
655.410,423.590,29.541,29.085
654.773,423.021,30.577,43.033
658.960,422.699,33.451,47.255
654.315,421.434,49.225,45.223
658.411,421.638,38.386,46.423
655.538,421.008,34.662,48.696
651.326,422.080,37.144,29.220
659.861,421.634,36.120,46.289
659.215,422.874,30.929,47.009
658.071,423.493,36.279,46.306
657.506,423.511,43.810,47.420
658.538,424.792,34.421,45.681
654.512,425.202,48.917,45.974
657.299,426.518,39.635,45.813
657.613,426.585,45.680,44.568
659.809,425.689,36.580,46.178
666.460,427.648,33.182,46.388
662.552,428.694,44.532,46.181
667.064,428.477,33.778,45.705
668.541,430.225,36.042,45.290
668.084,430.017,43.276,46.679
676.035,429.315,41.241,46.463
674.117,430.007,38.035,44.902
681.425,430.286,37.120,46.752
678.181,431.357,36.508,44.194
678.071,431.949,43.008,45.344
679.387,431.954,35.772,45.158
678.910,431.820,36.324,46.552
678.253,431.820,44.077,44.242
684.619,431.274,32.407,46.486
688.960,431.183,32.230,50.491
686.598,431.225,27.554,51.461
693.954,431.121,29.535,52.121
688.616,427.572,28.902,53.642
691.607,429.812,32.090,52.087
695.181,398.427,33.883,84.010
696.600,392.900,10.000,63.376
696.244,432.116,22.938,43.654
702.313,432.216,12.516,51.778
707.551,467.442,25.156,92.407
695.412,416.905,35.530,70.577
699.000,429.268,21.417,55.504
693.968,429.613,36.450,60.060
698.557,430.394,24.170,36.020
695.402,461.203,33.456,33.218
694.969,454.015,37.271,35.595
688.626,449.974,33.159,38.125
682.958,449.937,32.835,37.270
677.594,446.791,34.107,34.107
684.985,418.612,24.946,57.295
686.736,417.072,37.183,60.222
683.657,414.677,28.514,60.450
678.866,411.736,28.404,58.730
667.554,419.688,31.422,49.963
658.528,417.467,28.873,49.394
650.229,422.318,31.252,44.482
643.418,438.181,30.840,26.038
643.612,440.080,26.005,22.412
637.642,434.691,27.513,27.416
636.706,433.706,24.377,26.963
631.273,430.391,21.332,29.885
630.419,441.039,26.677,19.452
628.018,444.275,23.840,15.602
636.621,424.763,13.501,31.684
630.458,422.169,20.221,38.075
626.353,419.162,20.434,41.368
616.554,438.676,40.210,21.539
616.470,412.729,65.464,48.463
644.115,371.387,126.397,93.385
762.586,381.957,79.210,106.411
776.234,388.219,75.478,101.435
787.359,390.962,78.439,99.800
797.182,393.579,86.419,99.701
808.384,398.209,99.002,97.141
819.351,401.562,106.949,98.103
832.626,402.824,145.623,98.449
844.334,403.406,129.155,99.442
850.998,406.342,125.140,98.794
854.131,409.881,131.341,89.935
861.699,409.586,136.441,95.095
869.013,406.492,140.290,93.071
869.507,408.121,156.485,93.479
868.819,407.405,179.896,99.270
882.223,407.795,165.933,99.024
881.529,407.265,155.517,95.979
893.973,404.862,220.649,98.827
888.700,403.424,218.484,101.407
913.864,402.846,199.462,106.737
899.365,403.921,215.896,106.633
908.323,405.009,208.305,105.671
906.393,404.655,216.918,105.488
903.596,405.257,220.391,106.406
901.250,405.716,234.896,102.729
901.392,405.428,238.345,102.370
898.316,405.963,234.805,101.613
894.839,403.595,232.175,108.513
894.346,400.991,233.162,112.134
892.143,393.944,229.800,114.900
892.911,387.987,223.062,120.635
883.822,380.600,217.904,118.976
876.939,371.684,214.570,128.419
893.210,365.474,189.335,128.216
886.115,362.469,188.854,128.920
883.306,359.708,192.596,131.628
879.226,353.824,189.284,134.793
874.454,352.494,186.681,132.020
870.092,348.760,183.468,134.459
866.170,348.339,183.445,134.359
862.389,344.833,182.839,132.888
863.283,344.476,181.051,132.979
861.854,344.174,182.044,132.650
862.641,343.601,182.337,130.996
865.249,342.833,174.955,130.055
866.311,343.200,174.039,128.716
860.139,340.137,180.090,130.947
860.965,339.772,180.285,131.061
866.810,337.004,169.825,129.215
863.915,335.755,168.793,128.745
860.947,333.719,162.626,130.160
862.487,329.798,158.092,130.724
871.514,328.887,147.530,130.529
869.068,326.564,147.136,132.116
868.106,323.954,138.453,128.404
872.419,323.242,130.895,129.293
871.406,321.428,122.236,124.581
872.473,320.702,121.832,121.338
874.189,320.222,120.106,122.055
872.373,322.292,123.494,119.612
874.920,319.975,121.324,122.298
876.260,321.802,121.573,118.155
878.698,327.573,119.580,111.176
879.553,330.004,121.105,108.855
878.665,328.514,120.120,111.376
879.663,327.919,118.124,109.323
883.415,330.229,116.538,109.255
879.729,327.198,119.388,113.509
879.978,330.335,118.889,109.798
878.249,326.810,119.598,113.641
875.672,329.899,121.948,111.435
877.074,327.212,122.415,113.304
880.905,329.557,120.892,113.337
878.708,326.398,122.470,116.370
881.837,329.586,119.082,114.777
878.869,330.084,122.209,115.420
879.253,329.931,121.441,117.393
876.129,330.521,124.820,115.734
874.293,329.917,125.604,115.257
875.609,328.954,126.347,118.872
876.149,331.897,125.268,115.688
877.297,331.148,126.347,115.256
874.267,333.204,127.817,115.253
876.179,331.752,127.396,114.753
875.231,333.440,129.777,116.218
877.358,334.941,125.523,113.709
874.601,336.798,129.842,114.777
874.208,334.744,127.693,115.462
878.975,336.557,125.451,113.295
877.989,335.219,124.559,115.492
879.039,337.738,121.261,113.097
877.026,337.274,125.755,112.147
882.041,338.580,118.583,115.250
877.184,339.314,123.848,113.313
884.571,338.351,115.003,113.343
876.688,336.726,123.680,116.365
872.736,336.559,125.823,114.777
880.304,335.477,116.701,113.813
872.699,336.344,123.610,114.616
876.519,335.667,118.832,115.492
871.650,336.401,122.939,113.555
868.287,335.680,125.171,114.523
865.217,334.714,126.759,114.778
862.392,333.390,127.817,114.045
864.687,331.698,126.609,112.595
862.473,332.998,129.842,111.430
861.327,330.121,127.553,114.050
863.490,328.432,123.227,114.287
859.996,330.923,129.027,115.007
862.258,329.105,124.502,113.761
859.128,328.001,129.570,114.299
861.789,325.950,124.247,114.989
858.257,325.218,126.759,115.976
859.768,327.403,127.134,111.606
862.487,325.221,121.696,114.060
858.639,327.944,124.906,113.337
860.372,325.082,121.441,112.630
856.944,324.507,122.677,115.420
857.562,324.354,121.441,112.392
858.583,323.660,122.677,110.503
856.047,322.264,122.153,112.828
852.702,321.545,122.496,109.565
850.350,319.923,120.932,110.255
851.882,318.889,114.633,110.704
851.667,317.838,109.197,112.806
849.627,317.603,107.502,112.166
849.891,313.376,107.854,115.338
849.481,316.707,108.228,111.135
850.230,312.102,106.291,115.076
849.524,315.788,101.276,110.362
848.742,312.989,103.687,110.881
848.435,316.281,105.158,106.874
849.351,312.952,104.177,110.768
849.168,314.344,105.403,108.844
847.145,314.900,107.733,108.591
848.375,313.960,106.138,109.387
848.930,313.546,105.893,110.215
848.591,313.419,106.788,110.470
848.453,314.034,107.281,113.157
848.486,314.357,108.099,111.408
849.170,314.939,107.609,111.123
849.731,315.503,103.420,113.937
848.562,316.982,105.323,110.981
848.587,317.237,106.138,113.503
848.170,317.860,106.533,111.156
848.436,317.820,106.873,114.289
848.021,319.340,108.589,112.135
847.922,319.909,105.027,111.882
847.679,320.488,106.383,113.765
847.262,321.114,104.128,112.291
846.690,322.025,107.654,113.503
847.996,323.152,105.930,115.238
847.231,321.734,107.017,114.314
846.888,323.267,109.254,115.238
846.934,326.305,107.365,114.552
847.977,324.277,108.168,114.831
847.844,325.692,107.986,112.894
848.108,326.640,109.008,114.978
847.480,327.877,109.143,113.401
847.166,328.576,108.655,112.894
847.520,329.274,109.501,112.388
847.631,331.495,110.167,113.721
845.566,331.207,111.160,113.177
843.870,330.519,113.429,113.429
842.671,329.320,112.648,114.692
843.685,328.624,112.214,114.945
844.481,328.966,112.214,114.945
845.278,328.397,112.214,114.945
845.392,329.876,112.896,114.035
843.926,328.979,112.648,114.692
844.257,329.195,112.896,114.035
842.792,328.298,114.692,114.692
843.652,328.011,113.200,115.037
844.699,328.147,112.707,114.536
845.743,327.374,112.214,114.945
846.539,327.715,113.352,114.035
847.222,329.422,112.896,112.214
848.846,327.998,115.514,113.934
850.807,327.332,114.348,112.970
852.671,326.686,113.352,114.035
854.037,326.572,113.352,114.035
855.402,326.458,113.352,114.035
856.768,326.344,113.352,114.945
857.891,326.435,117.051,114.536
860.012,325.441,114.433,116.290
861.067,327.425,114.864,113.940
862.825,326.888,113.870,115.703
863.842,326.980,114.367,115.288
864.417,326.865,115.058,113.217
863.649,326.091,114.764,113.850
862.607,325.509,110.891,114.786
863.107,325.243,112.378,114.187
864.108,324.423,112.875,114.692
862.376,323.600,116.110,115.198
861.369,322.137,116.271,114.881
863.222,323.295,113.492,115.113
861.544,322.427,116.619,112.495
861.302,320.123,116.874,115.955
863.092,319.588,119.356,114.693
862.942,318.046,119.420,114.259
865.762,318.285,119.868,115.420
868.441,316.855,111.212,114.746
869.101,316.569,112.378,114.187
873.054,315.748,109.923,114.692
876.239,312.990,108.954,114.357
880.404,308.899,112.700,114.042
881.566,305.280,107.198,115.374
881.070,302.639,105.073,115.981
882.751,298.277,107.017,111.661
883.016,289.470,118.100,113.499
885.662,280.762,109.559,114.665
889.903,271.834,119.269,114.328
892.647,262.977,110.503,115.654
896.911,254.633,120.332,114.666
899.943,245.663,110.975,116.148
911.046,239.550,107.889,112.441
917.780,230.691,108.761,114.276
920.845,226.696,107.986,113.787
923.753,222.731,107.502,114.387
929.972,220.621,105.725,114.831
935.624,215.825,108.761,117.365
937.998,214.135,112.830,113.509
942.292,210.384,109.681,115.120
945.357,206.263,112.331,113.232
949.516,200.923,109.439,113.735
949.898,196.521,111.135,115.160
950.399,192.009,112.627,115.346
951.280,191.513,111.776,113.145
949.764,190.682,108.954,113.682
947.348,190.629,113.564,112.671
946.344,189.178,115.346,115.573
947.856,193.808,120.642,112.091
944.303,193.207,123.086,114.926
940.601,199.474,124.060,111.916
937.935,198.056,115.226,116.406
931.948,202.872,122.557,115.826
927.845,205.902,116.446,114.537
922.742,204.237,122.029,116.713
918.238,204.487,124.581,117.886
910.168,207.627,122.281,114.275
910.971,204.427,110.974,117.363
908.162,204.812,110.649,116.365
901.257,205.080,119.916,115.828
903.839,205.617,121.837,116.406
903.909,208.938,121.457,115.730
899.530,209.062,123.799,117.146
892.469,212.177,120.560,115.738
892.412,210.655,118.782,116.416
891.721,211.608,119.929,116.160
891.348,210.297,120.439,115.706
891.229,211.361,120.439,110.974
887.986,211.261,122.293,111.407
885.121,210.896,123.583,111.202
884.270,210.189,125.755,111.443
882.177,209.002,125.436,111.920
879.925,209.002,128.755,111.920
875.485,211.063,130.176,114.054
873.683,209.501,128.896,113.029
871.928,208.993,126.609,113.803
869.302,207.424,127.288,115.257
866.468,206.095,128.104,115.973
863.631,204.760,128.896,116.690
862.498,203.419,126.250,115.934
863.882,199.645,123.482,122.271
862.861,200.973,125.277,119.124
860.186,204.271,125.736,117.419
858.006,203.781,125.222,120.106
855.036,207.340,121.829,117.899
850.158,208.661,120.780,117.659
846.836,206.642,122.650,118.355
843.782,207.228,123.936,118.872
840.837,207.585,120.588,117.671
840.283,205.573,121.457,118.355
839.781,203.520,122.221,121.261
838.768,203.001,122.298,122.055
837.539,201.650,122.800,121.333
836.560,199.937,122.800,121.333
838.517,198.225,121.577,123.534
836.672,197.358,124.040,124.040
838.276,192.995,123.566,124.809
836.660,192.001,126.798,125.555
838.671,190.359,125.808,127.576
836.900,189.472,129.096,125.799
839.452,190.375,127.054,125.778
838.432,191.755,128.841,124.791
838.050,189.348,129.605,126.047
837.540,190.132,130.625,126.271
837.284,190.786,130.878,124.450
840.606,190.893,130.881,126.025
840.479,191.423,130.878,123.165
838.066,191.253,131.384,121.727
836.173,190.607,130.107,122.513
831.870,190.353,130.360,121.248
828.105,189.832,131.097,124.052
828.468,188.973,130.115,123.213
825.807,185.905,132.140,124.531
826.309,189.031,129.850,123.422
826.559,186.067,129.096,124.277
823.389,186.574,132.140,122.755
824.401,185.956,129.860,121.951
822.014,185.665,131.358,124.298
819.306,185.575,131.650,123.966
819.819,185.318,129.345,123.966
819.816,185.670,127.321,122.755
816.560,189.404,129.573,120.300
817.564,182.771,127.314,124.812
813.770,183.789,129.850,124.545
810.709,187.497,131.642,119.929
809.346,186.317,130.091,120.529
807.475,188.937,128.821,118.045
805.904,181.977,128.751,124.303
802.561,185.795,128.842,121.741
803.073,185.763,126.566,121.303
800.106,183.143,128.280,123.070
800.082,186.804,127.071,118.516
798.036,178.761,128.952,125.759
794.393,182.961,132.921,122.461
795.669,185.397,130.115,118.867
794.210,181.304,129.794,122.320
791.656,184.360,129.850,117.724
793.436,183.049,125.050,122.079
792.817,180.945,125.050,121.583
789.360,186.133,127.763,117.384
787.794,179.378,127.709,123.297
787.612,181.509,126.818,120.038
785.039,184.690,128.999,118.619
783.423,180.855,132.726,122.821
784.601,180.149,130.370,122.446
782.201,179.862,132.132,124.791
782.699,183.118,131.136,119.822
781.216,178.992,131.088,124.558
778.374,179.032,132.418,126.271
778.505,180.754,130.860,123.864
778.878,180.690,130.115,122.206
779.516,183.689,128.839,121.261
777.152,180.537,129.315,122.811
777.390,180.554,128.839,124.545
777.134,180.435,128.082,123.516
773.858,180.170,130.349,121.525
774.740,179.666,127.324,124.298
774.110,179.792,128.584,125.055
773.599,180.566,128.334,122.997
773.602,180.165,127.071,122.542
773.356,180.655,126.313,124.562
769.462,181.160,129.079,122.298
766.817,181.164,130.091,124.052
766.932,178.259,129.605,125.022
766.677,178.774,126.543,125.778
765.529,180.275,127.576,124.545
761.866,184.444,129.850,121.261
759.741,181.037,129.832,124.558
759.727,181.442,126.295,123.240
756.091,182.281,127.064,123.312
752.706,183.035,129.573,121.303
750.442,179.649,129.832,122.298
746.138,184.715,127.071,119.240
743.825,181.446,128.737,120.106
741.678,177.972,130.043,123.566
738.847,178.002,130.621,119.948
735.487,180.332,131.328,120.300
733.966,176.318,131.349,120.277
730.695,175.311,131.097,121.787
728.659,174.695,130.107,122.513
724.356,177.733,127.323,119.223
720.442,171.496,130.464,125.285
715.495,175.228,128.832,120.636
709.517,171.892,127.558,123.814
699.067,170.893,128.078,123.548
688.728,171.400,127.828,122.029
678.855,171.634,127.314,123.312
673.704,176.787,126.316,122.549
673.335,182.009,125.808,123.815
675.459,190.389,124.562,122.311
677.689,203.356,126.527,121.338
683.884,210.926,124.806,123.566
685.872,224.227,127.296,122.075
688.861,231.845,128.806,122.815
691.997,239.298,125.559,121.777
691.633,243.232,126.288,123.564
687.993,245.735,129.315,126.563
684.264,251.388,127.039,122.941
684.002,252.078,126.313,124.562
680.108,257.856,124.558,124.056
674.127,256.357,125.310,125.808
667.837,261.387,122.290,122.039
659.998,260.028,125.002,123.534
652.246,261.258,123.566,122.818
644.481,261.998,126.024,122.325
637.382,259.761,123.318,122.075
631.740,261.112,123.548,122.320
626.076,259.511,123.800,124.292
621.593,261.241,126.301,122.572
618.228,261.990,126.555,122.818
617.851,262.740,125.312,123.065
617.108,263.857,125.555,122.572
616.486,264.728,125.555,122.572
612.881,265.598,126.301,122.572
612.505,266.346,125.061,122.818
608.786,264.484,126.047,123.070
603.413,264.611,125.561,123.814
597.796,262.864,121.817,123.814
591.267,259.056,126.753,125.031
590.351,259.548,122.029,121.525
586.185,258.059,126.211,123.282
582.641,256.046,123.814,122.566
581.659,254.440,124.545,124.545
580.277,254.056,125.312,125.062
579.023,255.686,125.814,123.558
575.281,253.810,128.307,122.566
575.397,254.070,126.818,123.805
574.769,251.935,126.065,124.558
573.765,253.191,126.818,123.805
576.151,248.043,123.805,126.316
577.151,250.299,123.558,123.558
578.758,251.906,123.317,122.079
580.730,247.364,122.320,126.987
581.231,253.443,124.313,121.068
580.754,251.344,124.040,121.829
582.966,249.497,122.569,124.292
584.199,248.626,123.068,122.573
589.125,250.105,122.815,121.339
591.089,245.460,121.822,126.470
594.817,251.511,124.064,120.583
597.284,249.297,122.071,123.787
601.711,249.659,122.815,123.062
603.311,248.429,122.569,125.523
604.180,250.774,123.815,122.572
603.198,251.391,125.531,122.325
602.692,252.259,127.288,122.325
605.556,252.642,124.562,123.312
607.543,254.003,123.566,122.325
609.518,252.405,122.569,124.292
610.752,251.534,123.068,124.797
611.991,253.639,123.566,123.566
613.602,253.516,123.317,123.812
618.306,252.278,123.564,125.050
619.551,254.265,124.064,124.064
621.168,255.882,123.815,123.815
619.803,257.495,126.543,122.325
619.548,258.120,127.054,122.818
619.293,258.749,127.314,123.312
615.900,256.368,129.079,123.052
616.019,256.506,126.818,122.271
612.779,256.982,130.054,123.065
613.131,256.884,129.096,121.487
616.777,256.725,124.811,123.558
611.060,256.100,135.003,124.561
615.471,256.848,129.296,122.805
610.899,256.862,133.639,122.271
612.406,259.088,130.625,120.636
613.554,256.248,128.329,121.535
613.937,256.236,133.567,123.312
615.153,255.409,131.136,121.365
616.301,252.682,128.839,123.029
616.428,252.930,132.114,124.298
612.169,252.719,134.473,122.925
613.711,251.577,131.133,123.404
614.347,251.405,129.860,125.531
614.092,252.053,130.115,123.724
614.347,255.466,129.605,121.981
611.965,255.311,130.091,120.529
613.101,254.674,127.819,123.558
609.826,253.295,129.336,122.542
610.202,253.299,127.324,122.029
610.210,253.655,127.059,123.065
609.830,251.278,126.566,122.055
609.586,251.768,127.054,124.064
611.968,252.655,124.052,121.787
611.232,250.787,124.292,124.292
609.851,250.403,125.061,122.569
609.110,251.393,124.558,122.325
611.338,246.574,121.832,127.763
611.474,249.675,122.561,124.312
612.703,248.815,121.832,124.797
613.568,249.432,122.820,123.562
615.049,248.324,122.818,125.531
613.059,250.674,126.550,123.815
615.432,249.925,124.561,123.057
614.441,251.160,126.295,122.325
617.051,245.806,122.818,126.555
614.806,248.425,125.312,123.065
617.046,249.542,121.826,122.572
615.580,245.514,122.800,126.470
616.322,248.090,122.316,123.065
617.794,249.936,122.075,122.075
616.452,248.594,124.513,123.534
615.309,246.962,125.555,125.555
616.942,248.595,121.787,124.052
615.074,247.859,123.554,124.292
616.557,249.711,122.325,123.566
617.912,251.686,122.569,122.569
619.510,253.285,122.320,122.320
621.105,254.880,122.071,122.071
622.698,256.472,121.822,121.822
624.287,255.132,121.329,123.282
625.386,257.208,121.826,122.071
624.048,258.922,124.258,121.573
626.369,258.178,122.569,123.062
624.893,259.162,125.523,123.308
627.117,260.279,124.064,124.064
625.750,261.150,126.550,123.318
628.244,262.028,124.312,123.312
629.362,263.390,124.310,122.325
630.724,264.501,123.809,121.832
632.083,267.578,123.308,120.600
633.682,268.557,122.305,121.573
632.584,270.022,124.502,120.352
632.329,270.633,125.013,121.826
634.784,268.529,126.527,122.573
636.640,271.154,125.062,121.068
638.502,271.759,127.011,121.585
638.480,272.014,127.054,122.818
638.225,272.643,127.564,123.312
640.984,275.284,131.088,121.796
641.980,274.673,129.095,121.248
642.618,274.394,131.328,122.806
643.479,276.078,135.704,119.694
646.274,278.521,133.687,118.889
645.666,281.125,131.618,119.997
647.311,277.966,131.852,119.774
649.072,279.979,138.646,120.780
647.393,282.065,136.820,120.754
650.108,281.899,134.998,121.343
649.221,280.332,137.285,122.685
651.530,283.145,138.649,123.562
650.866,283.325,136.832,122.415
653.204,283.378,142.780,123.605
653.537,286.099,145.043,125.615
657.173,283.264,143.982,129.395
656.237,285.140,146.401,127.282
659.660,285.844,143.386,130.525
661.448,288.055,139.810,126.651
660.162,290.055,142.915,127.984
662.608,288.282,141.813,126.657
665.012,289.825,140.764,128.945
666.638,290.394,141.289,130.503
664.622,293.054,141.783,126.543
667.139,294.655,140.502,128.704
665.531,293.608,140.219,125.417
667.904,293.361,140.254,129.363
669.275,296.027,141.289,128.616
667.793,296.313,140.740,126.693
666.705,294.624,143.452,131.141
668.398,297.028,139.790,127.981
669.919,299.348,141.575,128.704
671.822,298.057,141.551,129.125
670.338,300.373,141.001,127.469
