0.00000000,0.00000000
0.90907276,0.00000000
0.91014888,0.00000000
0.89007703,0.00000000
0.90245033,0.00000000
0.91857594,0.00000000
0.96929755,0.00000000
0.95447599,0.00000000
0.95397292,0.00000000
0.91866267,0.00000000
0.90800399,0.00000000
0.93299482,0.00000000
0.92957951,0.00000000
0.93466385,0.00000000
0.94595813,0.00000000
0.93645847,0.00000000
0.94511775,0.00000000
0.95195097,0.00000000
0.94181696,0.00000000
0.95509016,0.00000000
0.90811794,0.00000000
0.92158790,0.00000000
0.92491282,0.00000000
0.91320973,0.00000000
0.93433891,0.00000000
0.94312344,0.00000000
0.94049646,0.00000000
0.92741354,0.00000000
0.93098233,0.00000000
0.93381546,0.00000000
0.94674893,0.00000000
0.95412112,0.00000000
0.95057457,0.00000000
0.93459348,0.00000000
0.94446127,0.00000000
0.91629709,0.00000000
0.92893062,0.00000000
0.96495721,0.00000000
0.90872163,0.00000000
0.93401976,0.00000000
0.92488903,0.00000000
0.92935340,0.00000000
0.92872032,0.00000000
0.92436571,0.00000000
0.92770561,0.00000000
0.92907193,0.00000000
0.94632027,0.00000000
0.93068576,0.00000000
0.93492762,0.00000000
0.91975780,0.00000000
0.93379322,0.00000000
0.89828195,0.00000000
0.89559336,0.00000000
0.90694781,0.00000000
0.86920744,0.00000000
0.92021184,0.00000000
0.91705317,0.00000000
0.94055917,0.00000000
0.94454198,0.00000000
0.93372618,0.00000000
0.90825549,0.00000000
0.94701563,0.00000000
0.95526857,0.00000000
0.96043635,0.00000000
0.97303340,0.00000000
0.98467379,0.00000000
0.97819513,0.00000000
0.92996064,0.00000000
0.94098245,0.00000000
0.90782791,0.00000000
0.93276900,0.00000000
0.93042770,0.00000000
0.88238554,0.00000000
0.88919998,0.00000000
0.90260411,0.00000000
0.93578766,0.00000000
0.93511739,0.00000000
0.91942101,0.00000000
0.92187940,0.00000000
0.93200420,0.00000000
0.98142272,0.00000000
0.94953930,0.00000000
0.94248159,0.00000000
0.94094971,0.00000000
0.98131905,0.00000000
0.95620784,0.00000000
0.96596138,0.00000000
0.94509036,0.00000000
0.94417508,0.00000000
0.96302085,0.00000000
0.95400536,0.00000000
0.95020598,0.00000000
0.93337163,0.00000000
0.95241388,0.00000000
0.95479733,0.00000000
0.98706217,0.00000000
0.94519851,0.00000000
0.94845767,0.00000000
0.92145022,0.00000000
0.94286863,0.00000000
0.94443421,0.00000000
0.93217565,0.00000000
0.92233327,0.00000000
0.93126592,0.00000000
0.90427119,0.00000000
0.91618264,0.00000000
0.91372626,0.00000000
0.91130182,0.00000000
0.91137310,0.00000000
0.91425011,0.00000000
0.91538958,0.00000000
0.91429156,0.00000000
0.90826757,0.00000000
0.92371494,0.00000000
0.90928341,0.00000000
0.92296012,0.00000000
0.91061414,0.00000000
0.91270498,0.00000000
0.89369407,0.00000000
0.85278339,0.00000000
0.89857208,0.00000000
0.90773895,0.00000000
0.88694755,0.00000000
0.89598283,0.00000000
0.89769663,0.00000000
0.92612198,0.00000000
0.91419748,0.00000000
0.91953364,0.00000000
0.94799779,0.00000000
0.93406663,0.00000000
0.95222649,0.00000000
0.92820246,0.00000000
0.91171919,0.00000000
0.90774977,0.00000000
0.93194454,0.00000000
0.93553991,0.00000000
0.92850340,0.00000000
0.89882683,0.00000000
0.92896951,0.00000000
0.93985446,0.00000000
0.93198865,0.00000000
0.91973585,0.00000000
0.93868990,0.00000000
0.91701740,0.00000000
0.90388045,0.00000000
0.91951371,0.00000000
0.92254554,0.00000000
0.92839839,0.00000000
0.93792861,0.00000000
0.93439114,0.00000000
0.91317729,0.00000000
0.93816179,0.00000000
0.93065640,0.00000000
0.95712989,0.00000000
0.93782507,0.00000000
0.93390067,0.00000000
0.94850813,0.00000000
0.93670179,0.00000000
0.97003264,0.00000000
0.94437361,0.00000000
0.93592390,0.00000000
0.93643606,0.00000000
0.92765383,0.00000000
0.90050762,0.00000000
0.93328303,0.00000000
0.85924368,0.00000000
0.92584768,0.00000000
0.83322278,0.00000000
0.87122725,0.00000000
0.86899839,0.00000000
0.89691019,0.00000000
0.93834373,0.00000000
0.88172456,0.00000000
0.88477168,0.00000000
0.90304699,0.00000000
0.90182693,0.00000000
0.96772152,0.00000000
0.92461543,0.00000000
0.96782713,0.00000000
0.92596370,0.00000000
0.85330154,0.00000000
0.91662903,0.00000000
0.89024636,0.00000000
0.91504861,0.00000000
0.91618506,0.00000000
0.90737105,0.00000000
0.81853184,0.00000000
0.76492573,0.00000000
0.80239305,0.00000000
0.81009414,0.00000000
0.31349092,0.00000000
0.29110383,0.00000000
0.23091169,0.00000000
0.16390201,0.00000000
0.16212719,0.00000000
0.09204552,0.00000000
0.11054025,0.00000000
0.12028618,0.00000000
0.04557280,0.00000000
0.14637093,0.00000000
0.15729239,0.00000000
0.15811454,0.00000000
0.17860652,0.00000000
0.20280921,0.00000000
0.02490929,0.00000000
0.02349506,0.00000000
0.02651804,0.00000000
0.02497939,0.00000000
0.02332476,0.00000000
0.02536548,0.00000000
0.02362940,0.00000000
0.02221152,0.00000000
0.02394159,0.00000000
0.02132075,0.00000000
0.02044617,0.00000000
0.01963584,0.00000000
0.02027241,0.00000000
0.01793750,0.00000000
0.01683468,0.00000000
0.01120071,0.00000000
0.01203480,0.00000000
0.01064555,0.00000000
0.00641158,0.00000000
0.00899098,0.00000000
0.00556968,0.00000000
0.00995978,0.00000000
0.07802267,0.00000000
0.08189793,0.00000000
0.08400644,0.00000000
0.07960125,0.00000000
0.08145422,0.00000000
0.08964207,0.00000000
0.09493400,0.00000000
0.09897879,0.00000000
0.10145534,0.00000000
0.08343309,0.00000000
0.09012239,0.00000000
0.08188736,0.00000000
0.08063308,0.00000000
0.08731870,0.00000000
0.08572363,0.00000000
0.07836229,0.00000000
0.08236473,0.00000000
0.08359017,0.00000000
0.08175194,0.00000000
0.08288657,0.00000000
0.09048539,0.00000000
0.09464902,0.00000000
0.09669020,0.00000000
0.09432579,0.00000000
0.09001533,0.00000000
0.09169148,0.00000000
0.10190020,0.00000000
0.11729592,0.00000000
0.11912799,0.00000000
0.11565514,0.00000000
0.11738524,0.00000000
0.10488166,0.00000000
0.09933306,0.00000000
0.09454445,0.00000000
0.09854960,0.00000000
0.09827527,0.00000000
0.09899615,0.00000000
0.09829420,0.00000000
0.10482870,0.00000000
0.10114323,0.00000000
0.10111995,0.00000000
0.10042376,0.00000000
0.10211291,0.00000000
0.10265896,0.00000000
0.09487714,0.00000000
0.09954488,0.00000000
0.09893181,0.00000000
0.08944003,0.00000000
0.09008995,0.00000000
0.09229886,0.00000000
0.10332124,0.00000000
0.08818359,0.00000000
0.08337289,0.00000000
0.05804608,0.00000000
0.05444143,0.00000000
0.05020739,0.00000000
0.06214894,0.00000000
0.09274920,0.00000000
0.14370513,0.00000000
0.20139814,0.00000000
0.15046151,0.00000000
0.14178751,0.00000000
0.19218025,0.00000000
0.19200736,0.00000000
0.18959361,0.00000000
0.20958120,0.00000000
0.20161934,0.00000000
0.20555678,0.00000000
0.19545263,0.00000000
0.18862537,0.00000000
0.19404569,0.00000000
0.19235043,0.00000000
0.18251092,0.00000000
0.26795779,0.00000000
0.27205336,0.00000000
0.26883703,0.00000000
0.26774451,0.00000000
0.20814637,0.00000000
0.26107665,0.00000000
0.23644764,0.00000000
0.22500793,0.00000000
0.21773170,0.00000000
0.24406993,0.00000000
0.23969626,0.00000000
0.21308925,0.00000000
0.16639178,0.00000000
0.20870601,0.00000000
0.18282916,0.00000000
0.18079658,0.00000000
0.16716501,0.00000000
0.17310431,0.00000000
0.17017929,0.00000000
0.17228798,0.00000000
0.21371626,0.00000000
0.20913716,0.00000000
0.21347851,0.00000000
0.21397248,0.00000000
0.21129790,0.00000000
0.21179781,0.00000000
0.21195092,0.00000000
0.20828748,0.00000000
0.19867212,0.00000000
0.18453461,0.00000000
0.15854970,0.00000000
0.15083419,0.00000000
0.14567886,0.00000000
0.14962018,0.00000000
0.14609467,0.00000000
0.24730290,0.00000000
0.24170486,0.00000000
0.24078422,0.00000000
0.24065296,0.00000000
0.24714457,0.00000000
0.31984874,0.00000000
0.31184263,0.00000000
0.33152092,0.00000000
0.31770052,0.00000000
0.31518309,0.00000000
0.31117319,0.00000000
0.31774207,0.00000000
0.31791999,0.00000000
0.31840448,0.00000000
0.32731389,0.00000000
0.33354112,0.00000000
0.32815959,0.00000000
0.31630225,0.00000000
0.31486088,0.00000000
0.28476782,0.00000000
0.28907050,0.00000000
0.30032181,0.00000000
0.30744940,0.00000000
0.31198224,0.00000000
0.31036652,0.00000000
0.27186357,0.00000000
0.29152155,0.00000000
0.30917395,0.00000000
0.31920131,0.00000000
0.30370660,0.00000000
0.29375493,0.00000000
0.19581231,0.00000000
0.27466379,0.00000000
0.30687257,0.00000000
0.31531500,0.00000000
0.30157587,0.00000000
0.31368243,0.00000000
0.31636215,0.00000000
0.31130003,0.00000000
0.30331338,0.00000000
0.27897927,0.00000000
0.28938091,0.00000000
0.29934688,0.00000000
0.30586530,0.00000000
0.28573824,0.00000000
0.18523798,0.00000000
0.17880352,0.00000000
0.17141107,0.00000000
0.22535522,0.00000000
0.22074212,0.00000000
0.18710600,0.00000000
0.16994085,0.00000000
0.18450167,0.00000000
0.29759337,0.00000000
0.30178289,0.00000000
0.27917546,0.00000000
0.14192286,0.00000000
0.13579935,0.00000000
0.11679269,0.00000000
0.11745049,0.00000000
0.12199543,0.00000000
0.12353460,0.00000000
0.12846918,0.00000000
0.12713573,0.00000000
0.12523867,0.00000000
0.17403314,0.00000000
0.17003450,0.00000000
0.16156781,0.00000000
0.16044139,0.00000000
0.16179405,0.00000000
0.16296249,0.00000000
0.17320656,0.00000000
0.17562294,0.00000000
0.17810727,0.00000000
0.18065769,0.00000000
0.14200972,0.00000000
0.14445106,0.00000000
0.16446912,0.00000000
0.15716407,0.00000000
0.19037041,0.00000000
0.30244943,0.00000000
0.27396419,0.00000000
0.27202114,0.00000000
0.25201542,0.00000000
0.26374530,0.00000000
0.15333602,0.00000000
0.14799958,0.00000000
0.13453648,0.00000000
0.14461880,0.00000000
0.14129607,0.00000000
0.13626881,0.00000000
0.13254141,0.00000000
0.12233108,0.00000000
0.12525752,0.00000000
0.12926358,0.00000000
0.11916246,0.00000000
0.12274349,0.00000000
0.11748895,0.00000000
0.11656940,0.00000000
0.11208325,0.00000000
0.29908651,0.00000000
0.31886026,0.00000000
0.30481951,0.00000000
0.31861688,0.00000000
0.32903867,0.00000000
0.26596232,0.00000000
0.29845698,0.00000000
0.11867106,0.00000000
0.11699793,0.00000000
0.10622778,0.00000000
0.17587711,0.00000000
0.17552603,0.00000000
0.17026218,0.00000000
0.17168393,0.00000000
0.17322267,0.00000000
0.17070115,0.00000000
0.26803621,0.00000000
0.26459955,0.00000000
0.27187717,0.00000000
0.11252551,0.00000000
0.11876033,0.00000000
0.11154257,0.00000000
0.11157067,0.00000000
0.11304254,0.00000000
0.10945069,0.00000000
0.23511879,0.00000000
0.24201672,0.00000000
0.15953553,0.00000000
0.15786401,0.00000000
0.11744107,0.00000000
0.15347215,0.00000000
0.15503467,0.00000000
0.18508685,0.00000000
0.26286028,0.00000000
0.27878443,0.00000000
0.26481727,0.00000000
0.27382762,0.00000000
0.26447189,0.00000000
0.26509088,0.00000000
0.28019419,0.00000000
0.28445129,0.00000000
0.29601306,0.00000000
0.30138962,0.00000000
0.30228879,0.00000000
0.29815245,0.00000000
0.30225729,0.00000000
0.30137162,0.00000000
0.29439654,0.00000000
0.29324084,0.00000000
0.28718675,0.00000000
0.28511257,0.00000000
0.28272133,0.00000000
0.28489325,0.00000000
0.28334584,0.00000000
0.28360089,0.00000000
0.28135493,0.00000000
0.28607582,0.00000000
0.27605553,0.00000000
0.27255718,0.00000000
0.27458727,0.00000000
0.27122371,0.00000000
0.26345112,0.00000000
0.26760944,0.00000000
0.26330977,0.00000000
0.26821356,0.00000000
0.26584633,0.00000000
0.24713441,0.00000000
0.25304804,0.00000000
0.24832613,0.00000000
0.25263294,0.00000000
0.25120276,0.00000000
0.25175262,0.00000000
0.24718254,0.00000000
0.25319259,0.00000000
0.24634789,0.00000000
0.23423686,0.00000000
0.24561269,0.00000000
0.25058324,0.00000000
0.24394628,0.00000000
0.24739506,0.00000000
0.25185036,0.00000000
0.24991498,0.00000000
0.24391522,0.00000000
0.24722546,0.00000000
0.24742557,0.00000000
0.24446833,0.00000000
0.25127039,0.00000000
0.25326956,0.00000000
0.24083379,0.00000000
0.24198764,0.00000000
0.23584439,0.00000000
0.23271874,0.00000000
0.24011424,0.00000000
0.24500551,0.00000000
0.24637700,0.00000000
0.24916046,0.00000000
0.24272410,0.00000000
0.23652614,0.00000000
0.22995186,0.00000000
0.23014063,0.00000000
0.23014063,0.00000000
0.21887615,0.00000000
0.22367487,0.00000000
0.22467760,0.00000000
0.22117312,0.00000000
0.22201411,0.00000000
0.22344057,0.00000000
0.22231513,0.00000000
0.22650714,0.00000000
0.21571992,0.00000000
0.21659913,0.00000000
0.21835414,0.00000000
0.20343732,0.00000000
0.21473558,0.00000000
0.21595246,0.00000000
0.20395973,0.00000000
0.20389331,0.00000000
0.19997814,0.00000000
0.20027878,0.00000000
0.19500418,0.00000000
0.19301907,0.00000000
0.19297226,0.00000000
0.18847320,0.00000000
0.17916671,0.00000000
0.18804261,0.00000000
0.20894277,0.00000000
0.22180758,0.00000000
0.22052073,0.00000000
0.22013324,0.00000000
0.22209480,0.00000000
0.22220629,0.00000000
0.20221239,0.00000000
0.22932314,0.00000000
0.25134263,0.00000000
0.23921053,0.00000000
0.25584393,0.00000000
0.23864577,0.00000000
0.26555037,0.00000000
0.28669887,0.00000000
0.28541944,0.00000000
0.28398114,0.00000000
0.30929169,0.00000000
0.32627877,0.00000000
0.33169551,0.00000000
0.35744313,0.00000000
0.36794945,0.00000000
0.33388901,0.00000000
0.34549017,0.00000000
0.32783118,0.00000000
0.34214382,0.00000000
0.35154837,0.00000000
0.35154075,0.00000000
0.34837542,0.00000000
0.32166443,0.00000000
0.34718121,0.00000000
0.30134289,0.00000000
0.32027397,0.00000000
0.32147872,0.00000000
0.31032535,0.00000000
0.30716306,0.00000000
0.16863306,0.00000000
0.36785017,0.00000000
0.38688122,0.00000000
0.90469024,0.00000000
0.91589437,0.00000000
0.96122460,0.00000000
0.92073510,0.00000000
0.90347199,0.00000000
0.87735717,0.00000000
0.83514893,0.00000000
0.84700364,0.00000000
0.92799155,0.00000000
0.90391477,0.00000000
0.88413756,0.00000000
0.89321913,0.00000000
0.88519495,0.00000000
0.85487786,0.00000000
0.81595020,0.00000000
0.90353923,0.00000000
0.87032202,0.00000000
0.92227388,0.00000000
0.91706805,0.00000000
0.95267532,0.00000000
0.94583777,0.00000000
0.94549646,0.00000000
0.90592699,0.00000000
0.90792206,0.00000000
0.84983022,0.00000000
0.90864482,0.00000000
0.88793009,0.00000000
0.90483101,0.00000000
0.93880817,0.00000000
0.92058392,0.00000000
0.94607654,0.00000000
0.89711875,0.00000000
0.91471516,0.00000000
0.93422042,0.00000000
0.89178185,0.00000000
0.88293766,0.00000000
0.89844118,0.00000000
0.89441809,0.00000000
0.87567535,0.00000000
0.87902186,0.00000000
0.91212403,0.00000000
0.98921941,0.00000000
0.89438538,0.00000000
0.73070051,0.00000000
0.71790947,0.00000000
0.65012028,0.00000000
0.73331880,0.00000000
0.91642365,0.00000000
0.89544018,0.00000000
0.89260598,0.00000000
0.92067058,0.00000000
0.95594151,0.00000000
0.94808734,0.00000000
0.95974053,0.00000000
0.95761519,0.00000000
0.95694340,0.00000000
0.89195641,0.00000000
0.92825044,0.00000000
0.96311455,0.00000000
0.86250575,0.00000000
0.92222484,0.00000000
0.82322148,0.00000000
0.94604735,0.00000000
0.94318889,0.00000000
0.93149025,0.00000000
0.81860978,0.00000000
0.88946534,0.00000000
0.95922284,0.00000000
0.95283519,0.00000000
0.94363672,0.00000000
0.95024965,0.00000000
0.96325207,0.00000000
0.97191366,0.00000000
0.96679289,0.00000000
0.95694600,0.00000000
0.94186801,0.00000000
0.81797926,0.00000000
0.84368309,0.00000000
0.89738429,0.00000000
0.79253704,0.00000000
0.81863274,0.00000000
0.80016798,0.00000000
0.80843088,0.00000000
0.82404764,0.00000000
0.77703282,0.00000000
0.81188650,0.00000000
0.77648188,0.00000000
0.78401316,0.00000000
0.78048158,0.00000000
0.79047018,0.00000000
0.76369468,0.00000000
0.79390855,0.00000000
0.78898720,0.00000000
0.77637207,0.00000000
0.80046632,0.00000000
0.77577467,0.00000000
0.75904398,0.00000000
0.76624332,0.00000000
0.76642975,0.00000000
0.77115048,0.00000000
0.79021468,0.00000000
0.79912225,0.00000000
0.78205632,0.00000000
0.76029929,0.00000000
0.74203429,0.00000000
0.76291998,0.00000000
0.77706220,0.00000000
0.76980841,0.00000000
0.77087567,0.00000000
0.74967344,0.00000000
0.75915129,0.00000000
0.76973252,0.00000000
0.76196727,0.00000000
0.76728335,0.00000000
0.75354608,0.00000000
0.74898337,0.00000000
0.73248010,0.00000000
0.74585023,0.00000000
0.72930104,0.00000000
0.73527935,0.00000000
0.73351111,0.00000000
0.74350137,0.00000000
0.73476028,0.00000000
0.75242595,0.00000000
0.75018151,0.00000000
0.69818558,0.00000000
0.74049590,0.00000000
0.75433043,0.00000000
0.71845171,0.00000000
0.74624937,0.00000000
0.75119491,0.00000000
0.73508762,0.00000000
0.75641356,0.00000000
0.73729220,0.00000000
0.72429435,0.00000000
0.74023916,0.00000000
0.76088277,0.00000000
0.75209890,0.00000000
0.73382685,0.00000000
0.74363684,0.00000000
0.73324888,0.00000000
0.73541484,0.00000000
0.73709132,0.00000000
0.74627580,0.00000000
0.73231762,0.00000000
0.73635337,0.00000000
0.74785091,0.00000000
0.73372682,0.00000000
0.74712335,0.00000000
0.72961825,0.00000000
0.73603464,0.00000000
0.72303671,0.00000000
0.72900232,0.00000000
0.74475342,0.00000000
0.74159941,0.00000000
0.75261279,0.00000000
0.76123562,0.00000000
0.78059524,0.00000000
0.77675479,0.00000000
0.76239679,0.00000000
0.73900322,0.00000000
0.73891030,0.00000000
0.75133940,0.00000000
0.75933815,0.00000000
0.76897099,0.00000000
0.78733340,0.00000000
0.76020792,0.00000000
0.76807235,0.00000000
0.75279063,0.00000000
0.75805450,0.00000000
0.77022541,0.00000000
0.76344467,0.00000000
0.74919455,0.00000000
0.76290074,0.00000000
0.74738435,0.00000000
0.77907726,0.00000000
0.76869935,0.00000000
0.76983903,0.00000000
0.79024384,0.00000000
0.75991355,0.00000000
0.77772916,0.00000000
0.78985503,0.00000000
0.76574583,0.00000000
0.75337471,0.00000000
0.73942402,0.00000000
0.74367011,0.00000000
0.75461577,0.00000000
0.74605155,0.00000000
0.74103015,0.00000000
0.73545983,0.00000000
0.77731760,0.00000000
0.77510840,0.00000000
0.74659109,0.00000000
0.77766506,0.00000000
0.76513018,0.00000000
0.76088457,0.00000000
0.76712246,0.00000000
0.75783034,0.00000000
0.74687208,0.00000000
0.75964947,0.00000000
0.78355237,0.00000000
0.73828631,0.00000000
0.76265664,0.00000000
0.73267666,0.00000000
0.79525379,0.00000000
0.75560257,0.00000000
0.77671375,0.00000000
0.76840494,0.00000000
0.89283862,0.00000000
0.88702964,0.00000000
0.93980371,0.00000000
0.93677586,0.00000000
0.91032050,0.00000000
0.93463140,0.00000000
0.90271885,0.00000000
0.92110499,0.00000000
0.91766421,0.00000000
0.89310140,0.00000000
0.91864072,0.00000000
0.88767462,0.00000000
0.94517501,0.00000000
0.92316078,0.00000000
0.92807855,0.00000000
0.93707879,0.00000000
0.93837375,0.00000000
0.90217188,0.00000000
0.94942231,0.00000000
0.92868365,0.00000000
0.90246976,0.00000000
0.89272743,0.00000000
0.91016642,0.00000000
0.91771364,0.00000000
0.89981361,0.00000000
0.89595066,0.00000000
0.89208476,0.00000000
0.87196655,0.00000000
0.88123786,0.00000000
0.88066693,0.00000000
0.87852685,0.00000000
0.86595736,0.00000000
0.91708238,0.00000000
0.90636905,0.00000000
0.91382644,0.00000000
0.89995230,0.00000000
0.89439329,0.00000000
0.85074859,0.00000000
0.89900739,0.00000000
0.88036756,0.00000000
0.88256164,0.00000000
0.86463086,0.00000000
0.92861464,0.00000000
0.89108207,0.00000000
0.88943170,0.00000000
0.85905899,0.00000000
0.85965813,0.00000000
0.84392064,0.00000000
0.87894939,0.00000000
0.90327289,0.00000000
0.91410202,0.00000000
0.91220114,0.00000000
0.90405647,0.00000000
0.87570774,0.00000000
0.87050104,0.00000000
0.87168152,0.00000000
0.89764048,0.00000000
0.91360499,0.00000000
0.91081374,0.00000000
0.89992551,0.00000000
0.88833868,0.00000000
0.89277876,0.00000000
0.89761829,0.00000000
0.92689735,0.00000000
0.92694829,0.00000000
0.91520542,0.00000000
0.89909000,0.00000000
0.89431809,0.00000000
0.89495550,0.00000000
0.92006240,0.00000000
0.93651828,0.00000000
0.87406683,0.00000000
0.90359874,0.00000000
0.93896594,0.00000000
0.92646298,0.00000000
0.91196340,0.00000000
0.92149873,0.00000000
0.94760112,0.00000000
0.91520245,0.00000000
0.87748890,0.00000000
0.91362033,0.00000000
0.90471982,0.00000000
0.90983536,0.00000000
0.91374465,0.00000000
0.88766708,0.00000000
0.88207101,0.00000000
0.92651889,0.00000000
0.93634655,0.00000000
0.89130567,0.00000000
0.92208996,0.00000000
0.88465633,0.00000000
0.89439247,0.00000000
0.93736552,0.00000000
0.89275896,0.00000000
0.89675475,0.00000000
0.90480130,0.00000000
0.90068903,0.00000000
0.94306288,0.00000000
0.90828288,0.00000000
0.92271040,0.00000000
0.91294804,0.00000000
0.88205071,0.00000000
0.87430024,0.00000000
0.87090141,0.00000000
0.90648261,0.00000000
0.91851541,0.00000000
0.90913669,0.00000000
0.89621214,0.00000000
0.88804909,0.00000000
0.91542381,0.00000000
0.89531268,0.00000000
0.90310987,0.00000000
0.91610092,0.00000000
0.91562191,0.00000000
0.93226759,0.00000000
0.92342828,0.00000000
0.94552084,0.00000000
0.93023337,0.00000000
0.91248113,0.00000000
0.93182694,0.00000000
0.96409474,0.00000000
0.93326245,0.00000000
0.95074633,0.00000000
0.93212650,0.00000000
0.93308355,0.00000000
0.91474051,0.00000000
0.92989788,0.00000000
0.94509621,0.00000000
0.93285589,0.00000000
0.94959159,0.00000000
0.94531259,0.00000000
0.96462026,0.00000000
0.96629590,0.00000000
0.96291454,0.00000000
0.94170246,0.00000000
0.95840842,0.00000000
0.94064203,0.00000000
0.94472200,0.00000000
0.94213921,0.00000000
0.95699735,0.00000000
0.96232419,0.00000000
0.92376773,0.00000000
0.88684732,0.00000000
0.92247123,0.00000000
0.94323060,0.00000000
0.96251375,0.00000000
0.96518221,0.00000000
0.94274663,0.00000000
0.95825399,0.00000000
0.93792688,0.00000000
0.96559342,0.00000000
0.93944293,0.00000000
0.92730685,0.00000000
0.93752212,0.00000000
0.91920248,0.00000000
0.94898494,0.00000000
0.92306351,0.00000000
0.94602856,0.00000000
0.94395074,0.00000000
0.94230233,0.00000000
0.95278471,0.00000000
0.97176733,0.00000000
0.92633488,0.00000000
0.93814693,0.00000000
0.94901331,0.00000000
0.92773816,0.00000000
0.93180859,0.00000000
0.94527650,0.00000000
0.95726339,0.00000000
0.93954887,0.00000000
0.94201096,0.00000000
0.92896986,0.00000000
0.92063997,0.00000000
0.90553711,0.00000000
0.91443187,0.00000000
0.97429208,0.00000000
0.95162128,0.00000000
0.94644807,0.00000000
0.96569042,0.00000000
0.98262424,0.00000000
0.97907790,0.00000000
0.97321356,0.00000000
0.97137805,0.00000000
0.94206024,0.00000000
0.95254330,0.00000000
0.94303545,0.00000000
0.94195280,0.00000000
0.97231980,0.00000000
0.95744503,0.00000000
0.95208622,0.00000000
0.93030460,0.00000000
0.94547572,0.00000000
0.91926751,0.00000000
0.93526037,0.00000000
0.91656920,0.00000000
0.93683382,0.00000000
0.90956725,0.00000000
0.92639903,0.00000000
0.91598140,0.00000000
0.94493131,0.00000000
0.95300170,0.00000000
0.92753203,0.00000000
0.93316859,0.00000000
0.93308116,0.00000000
0.94462803,0.00000000
0.94735725,0.00000000
0.94077543,0.00000000
0.96215783,0.00000000
0.97282613,0.00000000
0.91381122,0.00000000
0.91963424,0.00000000
0.95097511,0.00000000
0.90402391,0.00000000
0.94237167,0.00000000
0.92797122,0.00000000
0.94415246,0.00000000
0.96952814,0.00000000
0.94914389,0.00000000
0.96002756,0.00000000
0.95602390,0.00000000
0.95464145,0.00000000
0.96338086,0.00000000
0.95656708,0.00000000
0.96117449,0.00000000
0.95400737,0.00000000
0.95818829,0.00000000
0.98379217,0.00000000
0.97010061,0.00000000
0.95942640,0.00000000
0.95691744,0.00000000
0.93589421,0.00000000
0.96094588,0.00000000
0.96340755,0.00000000
0.95206641,0.00000000
0.97141806,0.00000000
0.94962192,0.00000000
0.96176604,0.00000000
0.95159721,0.00000000
0.95613952,0.00000000
0.95123384,0.00000000
0.93325110,0.00000000
0.95894038,0.00000000
0.94596925,0.00000000
0.92232973,0.00000000
0.93358064,0.00000000
0.93497621,0.00000000
0.91977177,0.00000000
0.95620811,0.00000000
0.94340445,0.00000000
0.95619178,0.00000000
0.96137056,0.00000000
0.92753363,0.00000000
0.92220450,0.00000000
0.89564964,0.00000000
0.89812025,0.00000000
0.87938066,0.00000000
0.91406943,0.00000000
0.89295828,0.00000000
0.88226797,0.00000000
0.91422795,0.00000000
0.89928547,0.00000000
0.88171314,0.00000000
0.88773381,0.00000000
0.90440268,0.00000000
0.86973956,0.00000000
0.90988134,0.00000000
0.90894281,0.00000000
0.93824958,0.00000000
0.91413991,0.00000000
0.94835464,0.00000000
0.93078387,0.00000000
0.92217275,0.00000000
0.86954855,0.00000000
0.88592974,0.00000000
0.85966087,0.00000000
0.91653712,0.00000000
0.93422185,0.00000000
0.90637596,0.00000000
0.88941740,0.00000000
0.92271938,0.00000000
0.92227811,0.00000000
0.90968869,0.00000000
0.93575840,0.00000000
0.96725749,0.00000000
0.90842894,0.00000000
0.92849305,0.00000000
0.91761253,0.00000000
0.88039150,0.00000000
0.89005869,0.00000000
0.88207150,0.00000000
0.85609782,0.00000000
0.87413704,0.00000000
0.87963404,0.00000000
0.89827611,0.00000000
0.91220399,0.00000000
0.92034941,0.00000000
0.90085948,0.00000000
0.90690407,0.00000000
0.90230698,0.00000000
0.90478849,0.00000000
0.88854250,0.00000000
0.89075998,0.00000000
0.90286302,0.00000000
0.90653515,0.00000000
0.89052458,0.00000000
0.88482533,0.00000000
0.92217341,0.00000000
0.88022126,0.00000000
0.88632295,0.00000000
0.89339128,0.00000000
0.91034609,0.00000000
0.87238414,0.00000000
0.87640285,0.00000000
0.91902895,0.00000000
0.91473004,0.00000000
0.91807428,0.00000000
0.94343902,0.00000000
0.93413565,0.00000000
0.88974092,0.00000000
0.93426795,0.00000000
0.95334210,0.00000000
0.96959317,0.00000000
0.96392292,0.00000000
0.98338410,0.00000000
0.94755390,0.00000000
0.93493365,0.00000000
0.92497157,0.00000000
0.92843460,0.00000000
0.94366053,0.00000000
0.95246578,0.00000000
0.95131390,0.00000000
0.96868906,0.00000000
0.96050212,0.00000000
0.96876980,0.00000000
0.93676804,0.00000000
0.92627717,0.00000000
0.94012745,0.00000000
0.94824059,0.00000000
0.96632601,0.00000000
0.94098495,0.00000000
0.95284307,0.00000000
0.93773468,0.00000000
0.90099521,0.00000000
0.95888970,0.00000000
0.93395336,0.00000000
0.94787610,0.00000000
0.94254141,0.00000000
0.95107318,0.00000000
0.94319633,0.00000000
0.94172809,0.00000000
0.95372731,0.00000000
0.93658829,0.00000000
0.93504809,0.00000000
0.95873098,0.00000000
0.96347274,0.00000000
0.96254074,0.00000000
0.94122324,0.00000000
0.94094644,0.00000000
0.96844472,0.00000000
0.94383116,0.00000000
0.93625038,0.00000000
0.92560842,0.00000000
0.91682164,0.00000000
0.93248817,0.00000000
0.91320703,0.00000000
0.92143742,0.00000000
0.96609341,0.00000000
0.94498059,0.00000000
0.91144222,0.00000000
0.92325618,0.00000000
0.92007212,0.00000000
0.83725561,0.00000000
0.84844515,0.00000000
0.84706552,0.00000000
0.85197107,0.00000000
0.85331649,0.00000000
0.88329714,0.00000000
0.85976564,0.00000000
0.86374726,0.00000000
0.88592780,0.00000000
0.87526235,0.00000000
0.89139349,0.00000000
0.88036275,0.00000000
0.87693685,0.00000000
0.88537682,0.00000000
0.90452321,0.00000000
0.90196380,0.00000000
0.89948570,0.00000000
0.89412531,0.00000000
0.90476882,0.00000000
0.88883561,0.00000000
0.90602102,0.00000000
0.92166087,0.00000000
0.91845342,0.00000000
0.90242104,0.00000000
0.90542296,0.00000000
0.87008553,0.00000000
0.90127096,0.00000000
0.88417490,0.00000000
0.90918294,0.00000000
0.90405799,0.00000000
0.93059342,0.00000000
0.91663051,0.00000000
0.91589233,0.00000000
0.87826885,0.00000000
0.89154902,0.00000000
0.91144574,0.00000000
0.88756014,0.00000000
0.91001039,0.00000000
0.88520241,0.00000000
0.91030440,0.00000000
0.90837625,0.00000000
0.89668046,0.00000000
0.89059773,0.00000000
0.91336546,0.00000000
0.90316779,0.00000000
0.91602837,0.00000000
0.90539376,0.00000000
0.92973023,0.00000000
0.93208768,0.00000000
0.90245122,0.00000000
0.92394126,0.00000000
0.94004392,0.00000000
0.91625343,0.00000000
0.88365407,0.00000000
0.89880985,0.00000000
0.91187291,0.00000000
0.90987957,0.00000000
0.90699745,0.00000000
0.92395859,0.00000000
0.90892687,0.00000000
0.87012234,0.00000000
0.86391483,0.00000000
0.86618975,0.00000000
0.87124579,0.00000000
0.87952571,0.00000000
0.88011951,0.00000000
0.89291080,0.00000000
0.88410634,0.00000000
0.90054725,0.00000000
0.88381249,0.00000000
0.89822266,0.00000000
0.90318091,0.00000000
0.90102344,0.00000000
0.89618893,0.00000000
0.89423392,0.00000000
0.88654025,0.00000000
0.87821069,0.00000000
0.87191328,0.00000000
0.88960725,0.00000000
0.89271271,0.00000000
0.88421540,0.00000000
0.88539449,0.00000000
0.89486878,0.00000000
0.86883374,0.00000000
0.86749896,0.00000000
0.87811148,0.00000000
0.88242670,0.00000000
0.88980425,0.00000000
0.89383835,0.00000000
0.89079112,0.00000000
0.87830522,0.00000000
0.88224030,0.00000000
0.90866219,0.00000000
0.87979046,0.00000000
0.88505695,0.00000000
0.85280606,0.00000000
0.86932655,0.00000000
0.88512490,0.00000000
0.88854801,0.00000000
0.86231022,0.00000000
0.89032387,0.00000000
0.89313336,0.00000000
0.89714677,0.00000000
0.88754143,0.00000000
0.87449434,0.00000000
0.88342634,0.00000000
0.89315517,0.00000000
0.86757653,0.00000000
0.87917090,0.00000000
0.88927617,0.00000000
0.86968748,0.00000000
0.92669618,0.00000000
0.89644112,0.00000000
0.90270371,0.00000000
0.89913196,0.00000000
0.89229246,0.00000000
0.90902894,0.00000000
0.89454600,0.00000000
0.89567751,0.00000000
0.89558819,0.00000000
0.90673877,0.00000000
0.90848925,0.00000000
0.89643874,0.00000000
0.86408299,0.00000000
0.90120890,0.00000000
0.87539613,0.00000000
0.90216587,0.00000000
0.91608580,0.00000000
0.91090976,0.00000000
0.89200142,0.00000000
0.88784581,0.00000000
0.88671639,0.00000000
0.88569778,0.00000000
0.85982357,0.00000000
0.87236758,0.00000000
0.87547497,0.00000000
0.88537806,0.00000000
0.89539384,0.00000000
0.88875505,0.00000000
0.90536494,0.00000000
0.90465761,0.00000000
0.87605843,0.00000000
0.89691947,0.00000000
0.90185045,0.00000000
0.89504006,0.00000000
0.90886562,0.00000000
0.90628937,0.00000000
0.93369649,0.00000000
0.88887685,0.00000000
0.88632941,0.00000000
0.89882795,0.00000000
0.90622452,0.00000000
0.92087225,0.00000000
0.91197363,0.00000000
0.91089721,0.00000000
0.91222887,0.00000000
0.93910122,0.00000000
0.91244782,0.00000000
0.92157008,0.00000000
0.91350458,0.00000000
0.92033300,0.00000000
0.92114796,0.00000000
0.90676673,0.00000000
0.91855329,0.00000000
0.93271286,0.00000000
0.91376603,0.00000000
0.90131255,0.00000000
0.93707963,0.00000000
0.93753964,0.00000000
0.92378225,0.00000000
0.88824797,0.00000000
0.93379901,0.00000000
0.90037528,0.00000000
0.92193800,0.00000000
0.92571735,0.00000000
0.96094362,0.00000000
0.93413728,0.00000000
0.95936284,0.00000000
0.95603560,0.00000000
0.94867563,0.00000000
0.93769977,0.00000000
0.95273293,0.00000000
0.90963673,0.00000000
0.95626335,0.00000000
0.90452168,0.00000000
0.95252060,0.00000000
0.95179646,0.00000000
0.94528646,0.00000000
0.95522699,0.00000000
0.95447801,0.00000000
0.96865936,0.00000000
0.96225437,0.00000000
0.96955627,0.00000000
0.93531777,0.00000000
0.94031066,0.00000000
0.92901020,0.00000000
0.94007942,0.00000000
0.94770396,0.00000000
0.95592694,0.00000000
0.94880424,0.00000000
0.96087391,0.00000000
0.98674253,0.00000000
0.96368499,0.00000000
0.97705222,0.00000000
0.95510825,0.00000000
0.94062076,0.00000000
0.96047225,0.00000000
0.94444976,0.00000000
0.96014548,0.00000000
0.96876042,0.00000000
0.96200971,0.00000000
0.95478623,0.00000000
0.95479605,0.00000000
0.96672297,0.00000000
0.94990040,0.00000000
0.93708268,0.00000000
0.95736627,0.00000000
0.96171362,0.00000000
0.97067509,0.00000000
0.96143162,0.00000000
0.93939585,0.00000000
0.94954782,0.00000000
0.96758316,0.00000000
0.97918164,0.00000000
0.92481581,0.00000000
0.95135975,0.00000000
0.90565688,0.00000000
0.92577207,0.00000000
0.96956307,0.00000000
0.94202152,0.00000000
0.95188277,0.00000000
0.92521536,0.00000000
0.95022075,0.00000000
0.91511178,0.00000000
0.90146762,0.00000000
0.94942595,0.00000000
0.92622734,0.00000000
0.94499709,0.00000000
0.93469820,0.00000000
0.92797510,0.00000000
0.89223533,0.00000000
0.94669277,0.00000000
0.94047144,0.00000000
0.89511746,0.00000000
0.95965741,0.00000000
0.90329713,0.00000000
0.85049136,0.00000000
0.95049311,0.00000000
0.93759727,0.00000000
0.90662999,0.00000000
0.88282662,0.00000000
0.90632021,0.00000000
0.90376937,0.00000000
0.85247339,0.00000000
0.86227169,0.00000000
0.83287702,0.00000000
0.83156030,0.00000000
0.77786706,0.00000000
0.77182842,0.00000000
0.76251036,0.00000000
0.72367635,0.00000000
0.90306547,0.00000000
0.90137339,0.00000000
0.89138086,0.00000000
0.86195209,0.00000000
0.86340670,0.00000000
0.85692371,0.00000000
0.88178009,0.00000000
0.90624514,0.00000000
0.90342920,0.00000000
0.89367884,0.00000000
0.85688504,0.00000000
0.86817261,0.00000000
0.78419007,0.00000000
0.88473053,0.00000000
0.88519244,0.00000000
0.87556978,0.00000000
0.83600268,0.00000000
0.83069184,0.00000000
0.82263944,0.00000000
0.78716313,0.00000000
0.77208523,0.00000000
0.76338700,0.00000000
0.78341235,0.00000000
0.77607389,0.00000000
0.79930010,0.00000000
0.82857010,0.00000000
0.81209087,0.00000000
0.85555839,0.00000000
0.85092773,0.00000000
0.82646068,0.00000000
0.88741087,0.00000000
0.90529221,0.00000000
0.86916759,0.00000000
0.88476785,0.00000000
0.87908807,0.00000000
0.92715289,0.00000000
0.91531793,0.00000000
0.92540972,0.00000000
0.93608988,0.00000000
0.92735903,0.00000000
0.89135224,0.00000000
0.92192065,0.00000000
0.94766157,0.00000000
0.90988328,0.00000000
0.92369388,0.00000000
0.93899706,0.00000000
0.91981107,0.00000000
0.90498824,0.00000000
0.89821959,0.00000000
0.89232990,0.00000000
0.90567460,0.00000000
0.91739803,0.00000000
0.92130424,0.00000000
0.92554653,0.00000000
0.89456170,0.00000000
0.93278241,0.00000000
0.92804195,0.00000000
0.95570401,0.00000000
0.93764387,0.00000000
0.93358829,0.00000000
0.94779931,0.00000000
0.95738585,0.00000000
0.90737385,0.00000000
0.94166775,0.00000000
0.97786113,0.00000000
0.93726204,0.00000000
0.93635832,0.00000000
0.96268819,0.00000000
0.94352944,0.00000000
0.94926585,0.00000000
0.90378996,0.00000000
0.90172493,0.00000000
0.90302845,0.00000000
0.87038634,0.00000000
0.88885680,0.00000000
0.87286733,0.00000000
0.89305157,0.00000000
0.91062677,0.00000000
0.91942217,0.00000000
0.91542672,0.00000000
0.85072275,0.00000000
0.86350538,0.00000000
0.85301388,0.00000000
0.86232310,0.00000000
0.94765095,0.00000000
0.94406210,0.00000000
0.90213189,0.00000000
0.92896470,0.00000000
0.86256459,0.00000000
0.90096502,0.00000000
0.89356226,0.00000000
0.93660158,0.00000000
0.91807377,0.00000000
0.89297934,0.00000000
0.89432985,0.00000000
0.92910957,0.00000000
0.93430625,0.00000000
0.91385271,0.00000000
0.92920641,0.00000000
0.92463876,0.00000000
0.91097645,0.00000000
0.91533147,0.00000000
0.93649115,0.00000000
0.92111001,0.00000000
0.89891802,0.00000000
0.91496152,0.00000000
0.93098830,0.00000000
0.91900063,0.00000000
0.92493411,0.00000000
0.92813150,0.00000000
0.91426242,0.00000000
0.93484430,0.00000000
0.90407895,0.00000000
0.88327215,0.00000000
0.87540234,0.00000000
0.93912394,0.00000000
0.91909679,0.00000000
0.90985204,0.00000000
0.95244337,0.00000000
0.91029430,0.00000000
0.93012584,0.00000000
0.96135684,0.00000000
0.89946209,0.00000000
0.96445604,0.00000000
0.95669503,0.00000000
0.96362337,0.00000000
0.94345658,0.00000000
0.95553484,0.00000000
0.96181004,0.00000000
0.97973759,0.00000000
0.96183601,0.00000000
0.93925593,0.00000000
0.92256241,0.00000000
0.96594311,0.00000000
0.96953447,0.00000000
0.95556850,0.00000000
0.95665324,0.00000000
0.94206100,0.00000000
0.94390049,0.00000000
0.92580850,0.00000000
0.96545424,0.00000000
0.94098609,0.00000000
0.95604191,0.00000000
0.94686108,0.00000000
0.95888887,0.00000000
0.95195528,0.00000000
0.97655344,0.00000000
0.96272715,0.00000000
0.96255474,0.00000000
0.94713752,0.00000000
0.97220307,0.00000000
0.93625503,0.00000000
0.95697830,0.00000000
0.93275089,0.00000000
0.92339923,0.00000000
0.96256948,0.00000000
0.96629797,0.00000000
0.91817947,0.00000000
0.94333556,0.00000000
0.90489402,0.00000000
0.92005472,0.00000000
0.91322110,0.00000000
0.92138293,0.00000000
0.95530657,0.00000000
0.96876584,0.00000000
0.94190605,0.00000000
0.96168002,0.00000000
0.97290087,0.00000000
0.94273075,0.00000000
0.93078844,0.00000000
0.92787692,0.00000000
0.90539680,0.00000000
0.92227808,0.00000000
0.91146722,0.00000000
0.91427060,0.00000000
0.87779134,0.00000000
0.94260318,0.00000000
0.94757418,0.00000000
0.93452602,0.00000000
0.96212986,0.00000000
0.95186208,0.00000000
0.98377144,0.00000000
0.89081128,0.00000000
0.90996769,0.00000000
0.94485359,0.00000000
0.92961233,0.00000000
0.92954935,0.00000000
0.92690770,0.00000000
0.91705845,0.00000000
0.92755935,0.00000000
0.90914251,0.00000000
0.92209324,0.00000000
0.93143510,0.00000000
0.94001335,0.00000000
0.92284052,0.00000000
0.93260169,0.00000000
0.89443049,0.00000000
0.88275301,0.00000000
0.94687764,0.00000000
0.93473377,0.00000000
0.92325881,0.00000000
0.84525579,0.00000000
0.82982786,0.00000000
0.89867167,0.00000000
0.88840878,0.00000000
0.84890627,0.00000000
0.83846358,0.00000000
0.83724289,0.00000000
0.82688816,0.00000000
0.82726974,0.00000000
0.85293478,0.00000000
0.87734117,0.00000000
0.85026506,0.00000000
0.91566447,0.00000000
0.93375128,0.00000000
0.94491560,0.00000000
0.91980537,0.00000000
0.92754829,0.00000000
0.91888656,0.00000000
0.90713102,0.00000000
0.92735202,0.00000000
0.93593966,0.00000000
0.88772395,0.00000000
0.88523151,0.00000000
0.88654950,0.00000000
0.87066754,0.00000000
0.87935708,0.00000000
0.92684133,0.00000000
0.89732623,0.00000000
0.88494005,0.00000000
0.91656821,0.00000000
0.92324780,0.00000000
0.89365601,0.00000000
0.93112336,0.00000000
0.95169895,0.00000000
0.85463624,0.00000000
0.86099512,0.00000000
0.90385784,0.00000000
0.88177389,0.00000000
0.73521057,0.00000000
0.82293024,0.00000000
0.80402662,0.00000000
0.70786070,0.00000000
0.30302560,0.00000000
0.10863026,0.00000000
0.35613677,0.00000000
0.01432354,0.00000000
0.00000000,0.00000000
0.00000000,0.00000000
0.00000000,0.00000000
0.00000000,0.00000000
0.01685698,0.00000000
0.00000000,0.00000000
0.00000000,0.00000000
0.00000000,0.00000000
0.00000000,0.00000000
0.00000000,0.00000000
0.00000000,0.00000000
0.00000000,0.00000000
0.00000000,0.00000000
0.00000000,0.00000000
0.00000000,0.00000000
0.00128892,0.00000000
0.00000000,0.00000000
0.00000000,0.00000000
0.00000000,0.00000000
0.00000000,0.00000000
0.00000000,0.00000000
0.10218156,0.00000000
0.10316310,0.00000000
0.00000000,0.00000000
0.00000000,0.00000000
0.00000000,0.00000000
0.00000000,0.00000000
0.00000000,0.00000000
0.00000000,0.00000000
0.00000000,0.00000000
0.00000000,0.00000000
0.00000000,0.00000000
0.00000000,0.00000000
0.00000000,0.00000000
0.00000000,0.00000000
0.00000000,0.00000000
0.00000000,0.00000000
0.00000000,0.00000000
0.00000000,0.00000000
0.00000000,0.00000000
0.00000000,0.00000000
0.00000000,0.00000000
0.00000000,0.00000000
0.00000000,0.00000000
0.00000000,0.00000000
0.00000000,0.00000000
0.00000000,0.00000000
0.00000000,0.00000000
0.00000000,0.00000000
0.00000000,0.00000000
0.00000000,0.00000000
0.00000000,0.00000000
0.00000000,0.00000000
0.00000000,0.00000000
0.00000000,0.00000000
0.00000000,0.00000000
0.00000000,0.00000000
0.00000000,0.00000000
0.00000000,0.00000000
0.00000000,0.00000000
0.00000000,0.00000000
0.00000000,0.00000000
0.00000000,0.00000000
0.00000000,0.00000000
0.00000000,0.00000000
0.00000000,0.00000000
0.00000000,0.00000000
0.00000000,0.00000000
0.00000000,0.00000000
0.00000000,0.00000000
0.00000000,0.00000000
0.00000000,0.00000000
0.00000000,0.00000000
0.00000000,0.00000000
0.00000000,0.00000000
0.00000000,0.00000000
0.00000000,0.00000000
0.00000000,0.00000000
0.00000000,0.00000000
0.00000000,0.00000000
0.00000000,0.00000000
0.00000000,0.00000000
0.00000000,0.00000000
0.00000000,0.00000000
0.00000000,0.00000000
0.00000000,0.00000000
0.00000000,0.00000000
0.00000000,0.00000000
0.00000000,0.00000000
0.00000000,0.00000000
0.00000000,0.00000000
0.00000000,0.00000000
0.00000000,0.00000000
0.00000000,0.00000000
0.00000000,0.00000000
0.00000000,0.00000000
0.00000000,0.00000000
0.00000000,0.00000000
0.00000000,0.00000000
0.00000000,0.00000000
0.00000000,0.00000000
0.00000000,0.00000000
0.00000000,0.00000000
0.00000000,0.00000000
0.00000000,0.00000000
0.00000000,0.00000000
0.00000000,0.00000000
0.00000000,0.00000000
0.00000000,0.00000000
0.00000000,0.00000000
0.00000000,0.00000000
0.00000000,0.00000000
0.00000000,0.00000000
0.00000000,0.00000000
0.00000000,0.00000000
0.00000000,0.00000000
0.00000000,0.00000000
0.00000000,0.00000000
0.00000000,0.00000000
0.00000000,0.00000000
0.00000000,0.00000000
0.00000000,0.00000000
0.00000000,0.00000000
0.00000000,0.00000000
0.00000000,0.00000000
0.00000000,0.00000000
0.00000000,0.00000000
0.00000000,0.00000000
0.00000000,0.00000000
0.00000000,0.00000000
0.00000000,0.00000000
0.00000000,0.00000000
0.00000000,0.00000000
0.00000000,0.00000000
0.00000000,0.00000000
0.00000000,0.00000000
0.00000000,0.00000000
0.00000000,0.00000000
0.00000000,0.00000000
0.00000000,0.00000000
0.00000000,0.00000000
0.00000000,0.00000000
0.00000000,0.00000000
0.00000000,0.00000000
0.00000000,0.00000000
0.00000000,0.00000000
0.00000000,0.00000000
0.00000000,0.00000000
0.00000000,0.00000000
0.00000000,0.00000000
0.00000000,0.00000000
0.00000000,0.00000000
0.00000000,0.00000000
0.00000000,0.00000000
0.00000000,0.00000000
0.00000000,0.00000000
0.00000000,0.00000000
0.00000000,0.00000000
0.00000000,0.00000000
0.00000000,0.00000000
0.00000000,0.00000000
0.00000000,0.00000000
0.00000000,0.00000000
0.00000000,0.00000000
0.00000000,0.00000000
0.00000000,0.00000000
0.00000000,0.00000000
0.00000000,0.00000000
0.00000000,0.00000000
0.00000000,0.00000000
0.07004876,0.00000000
0.85475836,0.00000000
0.92043808,0.00000000
0.83155935,0.00000000
0.86381102,0.00000000
0.90328526,0.00000000
0.97584300,0.00000000
0.93485164,0.00000000
0.93064120,0.00000000
0.91890961,0.00000000
0.85429977,0.00000000
0.88331553,0.00000000
0.88687356,0.00000000
0.86739402,0.00000000
0.91836933,0.00000000
0.77875019,0.00000000
0.66495953,0.00000000
0.84958061,0.00000000
0.89682586,0.00000000
0.89429609,0.00000000
0.89404585,0.00000000
0.91362513,0.00000000
0.91254374,0.00000000
0.93874130,0.00000000
0.88776754,0.00000000
0.91006320,0.00000000
0.92021719,0.00000000
0.94351116,0.00000000
0.87508347,0.00000000
0.85657469,0.00000000
0.88054873,0.00000000
0.85375325,0.00000000
0.90858732,0.00000000
0.83902007,0.00000000
0.87957567,0.00000000
0.89117919,0.00000000
0.86514232,0.00000000
0.88337398,0.00000000
0.91245394,0.00000000
0.95260737,0.00000000
0.90153145,0.00000000
0.90865837,0.00000000
0.89154406,0.00000000
0.92057295,0.00000000
0.96364081,0.00000000
0.91525002,0.00000000
0.90049343,0.00000000
0.90824198,0.00000000
0.92700891,0.00000000
0.91450307,0.00000000
0.86359366,0.00000000
0.89104217,0.00000000
0.92556228,0.00000000
0.94655704,0.00000000
0.90063845,0.00000000
0.97683432,0.00000000
0.92859703,0.00000000
0.91918394,0.00000000
0.93418737,0.00000000
0.92013417,0.00000000
0.89598287,0.00000000
0.94980342,0.00000000
0.94333325,0.00000000
0.95719112,0.00000000
0.94693743,0.00000000
0.93551770,0.00000000
0.94331512,0.00000000
0.92615958,0.00000000
0.93339634,0.00000000
0.91091479,0.00000000
0.89922574,0.00000000
0.90303975,0.00000000
0.93961615,0.00000000
0.90866918,0.00000000
0.88443750,0.00000000
0.91192789,0.00000000
0.91413803,0.00000000
0.92314185,0.00000000
0.90859986,0.00000000
0.89946191,0.00000000
0.91755020,0.00000000
0.91513023,0.00000000
0.96592678,0.00000000
0.91601421,0.00000000
0.93072939,0.00000000
0.96210657,0.00000000
0.93339010,0.00000000
0.94493686,0.00000000
0.94514891,0.00000000
0.94162795,0.00000000
0.92981640,0.00000000
0.94944280,0.00000000
0.90840628,0.00000000
0.96207762,0.00000000
0.89499821,0.00000000
0.94010404,0.00000000
0.93927981,0.00000000
0.90093892,0.00000000
0.94486730,0.00000000
0.90939882,0.00000000
0.96066792,0.00000000
0.94343329,0.00000000
0.91400735,0.00000000
0.88907558,0.00000000
0.89782860,0.00000000
0.88746036,0.00000000
0.88345691,0.00000000
0.90308358,0.00000000
0.86528282,0.00000000
0.89900153,0.00000000
0.86780886,0.00000000
0.91454377,0.00000000
0.87422704,0.00000000
0.88174606,0.00000000
0.93965913,0.00000000
0.93401451,0.00000000
0.94921284,0.00000000
0.91108278,0.00000000
0.94234098,0.00000000
0.93539727,0.00000000
0.92312298,0.00000000
0.90309872,0.00000000
0.90312633,0.00000000
0.92995228,0.00000000
0.95576786,0.00000000
0.91448904,0.00000000
0.89773682,0.00000000
0.90365294,0.00000000
0.89885230,0.00000000
0.89473735,0.00000000
0.90700172,0.00000000
0.95578064,0.00000000
0.91635943,0.00000000
0.93714519,0.00000000
0.93980161,0.00000000
0.94435942,0.00000000
0.93536042,0.00000000
0.95746178,0.00000000
0.94445306,0.00000000
0.96163842,0.00000000
0.95436935,0.00000000
0.95141022,0.00000000
0.95002443,0.00000000
0.94872598,0.00000000
0.97262112,0.00000000
0.93724808,0.00000000
0.96600323,0.00000000
0.92626340,0.00000000
0.96010592,0.00000000
0.93092207,0.00000000
0.94717906,0.00000000
0.97752479,0.00000000
0.94231599,0.00000000
0.90661359,0.00000000
0.90157559,0.00000000
0.95105746,0.00000000
0.95836564,0.00000000
0.94584125,0.00000000
0.95863597,0.00000000
0.96368332,0.00000000
0.97217644,0.00000000
0.93039606,0.00000000
0.94925623,0.00000000
0.94352870,0.00000000
0.97984901,0.00000000
0.94327943,0.00000000
0.93800304,0.00000000
0.92292584,0.00000000
0.94178381,0.00000000
0.92957619,0.00000000
0.89430606,0.00000000
0.90669479,0.00000000
0.96077654,0.00000000
0.96846053,0.00000000
0.94281962,0.00000000
0.91923885,0.00000000
0.97035255,0.00000000
0.92325397,0.00000000
0.94377804,0.00000000
0.94010577,0.00000000
0.93505180,0.00000000
0.92836030,0.00000000
0.92926085,0.00000000
0.95541885,0.00000000
0.91328235,0.00000000
0.91169759,0.00000000
0.88432593,0.00000000
0.88411954,0.00000000
0.90384643,0.00000000
0.89697125,0.00000000
0.86079005,0.00000000
0.86260521,0.00000000
0.86286280,0.00000000
0.87702464,0.00000000
0.88040360,0.00000000
0.85098648,0.00000000
0.88522606,0.00000000
0.86280596,0.00000000
0.88916002,0.00000000
0.90044654,0.00000000
0.88853006,0.00000000
0.83773318,0.00000000
0.84989024,0.00000000
0.82871632,0.00000000
0.82269054,0.00000000
0.88020167,0.00000000
0.85208402,0.00000000
0.82651060,0.00000000
0.86679683,0.00000000
0.92503655,0.00000000
0.85562885,0.00000000
0.93560009,0.00000000
0.85931066,0.00000000
0.91951213,0.00000000
0.79819561,0.00000000
0.83262048,0.00000000
0.83206770,0.00000000
0.83251077,0.00000000
0.82508758,0.00000000
0.82139700,0.00000000
0.80955625,0.00000000
0.84041677,0.00000000
0.82369082,0.00000000
0.85205348,0.00000000
0.83021235,0.00000000
0.81880384,0.00000000
0.81316461,0.00000000
0.85876066,0.00000000
0.84145019,0.00000000
0.87831829,0.00000000
0.85475577,0.00000000
0.91464331,0.00000000
0.86181186,0.00000000
0.93272360,0.00000000
0.88219533,0.00000000
0.89692434,0.00000000
0.86574809,0.00000000
0.88461801,0.00000000
0.92800319,0.00000000
0.91079125,0.00000000
0.82036794,0.00000000
0.82999618,0.00000000
0.88928533,0.00000000
0.90315042,0.00000000
0.92934698,0.00000000
0.94530430,0.00000000
0.90446596,0.00000000
0.89575327,0.00000000
0.93176695,0.00000000
0.87392774,0.00000000
0.86767707,0.00000000
0.90426566,0.00000000
0.91127311,0.00000000
0.92955403,0.00000000
0.92698718,0.00000000
0.95532906,0.00000000
0.94653892,0.00000000
0.93857634,0.00000000
0.93201130,0.00000000
0.93084701,0.00000000
0.93076666,0.00000000
0.94738038,0.00000000
0.91546972,0.00000000
0.89604573,0.00000000
0.94435190,0.00000000
0.94356774,0.00000000
0.96711016,0.00000000
0.94996691,0.00000000
0.93695089,0.00000000
0.98113478,0.00000000
0.96575292,0.00000000
0.93537287,0.00000000
0.93931007,0.00000000
0.95275360,0.00000000
0.95803358,0.00000000
0.96645041,0.00000000
0.96088718,0.00000000
0.97266960,0.00000000
0.94607024,0.00000000
0.93732555,0.00000000
0.91397124,0.00000000
0.91189924,0.00000000
0.88535417,0.00000000
0.91970880,0.00000000
0.93462717,0.00000000
0.90487027,0.00000000
0.88658512,0.00000000
0.88854598,0.00000000
0.88739878,0.00000000
0.94047001,0.00000000
0.89247884,0.00000000
0.91079980,0.00000000
0.94776583,0.00000000
0.95121421,0.00000000
0.93271343,0.00000000
0.92583812,0.00000000
0.96955532,0.00000000
0.93518521,0.00000000
0.96009786,0.00000000
0.94786929,0.00000000
0.97890842,0.00000000
0.93553815,0.00000000
0.92128745,0.00000000
0.92477641,0.00000000
0.94426149,0.00000000
0.91279674,0.00000000
0.92010140,0.00000000
0.92710874,0.00000000
0.91314397,0.00000000
0.92479664,0.00000000
0.89151625,0.00000000
0.92442710,0.00000000
0.94550481,0.00000000
0.95443313,0.00000000
0.91154863,0.00000000
0.92359322,0.00000000
0.93624889,0.00000000
0.93126797,0.00000000
0.92185607,0.00000000
0.95761894,0.00000000
0.95252943,0.00000000
0.93543775,0.00000000
0.95410249,0.00000000
0.92434011,0.00000000
0.95311548,0.00000000
0.96382565,0.00000000
0.93780635,0.00000000
0.93991013,0.00000000
0.95340012,0.00000000
0.95684058,0.00000000
0.93792861,0.00000000
0.92090338,0.00000000
0.94221835,0.00000000
0.94923313,0.00000000
0.96725223,0.00000000
0.95237714,0.00000000
0.95037614,0.00000000
0.96085450,0.00000000
0.91993540,0.00000000
0.95956967,0.00000000
0.95204059,0.00000000
0.94264710,0.00000000
0.92699167,0.00000000
0.93003327,0.00000000
0.94976928,0.00000000
0.94064726,0.00000000
0.91595689,0.00000000
0.92890952,0.00000000
0.93403014,0.00000000
0.92548559,0.00000000
0.91449010,0.00000000
0.92552386,0.00000000
0.96549443,0.00000000
0.92939766,0.00000000
0.91382408,0.00000000
0.97296413,0.00000000
0.91670186,0.00000000
0.91957419,0.00000000
0.89691272,0.00000000
0.93918646,0.00000000
0.91309101,0.00000000
0.89641932,0.00000000
0.91480343,0.00000000
0.94063968,0.00000000
0.91490060,0.00000000
0.95972661,0.00000000
0.91001207,0.00000000
0.91646952,0.00000000
0.91883785,0.00000000
0.93126561,0.00000000
0.95658169,0.00000000
0.91152418,0.00000000
0.91281829,0.00000000
0.93874498,0.00000000
0.92223515,0.00000000
0.95393708,0.00000000
0.93156374,0.00000000
0.93688991,0.00000000
0.93488808,0.00000000
0.92207616,0.00000000
0.95498995,0.00000000
0.91238257,0.00000000
0.94603735,0.00000000
0.92420069,0.00000000
0.93116517,0.00000000
0.89910553,0.00000000
0.92966755,0.00000000
0.94056240,0.00000000
0.92205271,0.00000000
0.93091031,0.00000000
0.92410214,0.00000000
0.92695922,0.00000000
0.93625457,0.00000000
0.90504374,0.00000000
0.88419067,0.00000000
0.89784878,0.00000000
0.94270191,0.00000000
0.92552690,0.00000000
0.92102532,0.00000000
0.92765215,0.00000000
0.91800605,0.00000000
0.91413964,0.00000000
0.94374524,0.00000000
0.95370638,0.00000000
0.93503240,0.00000000
0.94142485,0.00000000
0.93828072,0.00000000
0.93419879,0.00000000
0.92893261,0.00000000
0.93282148,0.00000000
0.92833313,0.00000000
0.93193025,0.00000000
0.92391490,0.00000000
0.94684533,0.00000000
0.96099957,0.00000000
0.93336901,0.00000000
0.97744232,0.00000000
0.95649040,0.00000000
0.93655961,0.00000000
0.92870215,0.00000000
0.92646578,0.00000000
0.88989902,0.00000000
0.90810222,0.00000000
0.95531471,0.00000000
0.94701182,0.00000000
0.93006664,0.00000000
0.92907497,0.00000000
0.94586814,0.00000000
0.94924113,0.00000000
0.95210043,0.00000000
0.93643610,0.00000000
0.92016630,0.00000000
0.92194430,0.00000000
0.93255114,0.00000000
0.91064872,0.00000000
0.92335961,0.00000000
0.90563060,0.00000000
0.93288590,0.00000000
0.91859663,0.00000000
0.94713592,0.00000000
0.96435017,0.00000000
0.94262624,0.00000000
0.95572406,0.00000000
0.96868589,0.00000000
0.95774769,0.00000000
0.94509334,0.00000000
0.93912821,0.00000000
0.91519747,0.00000000
0.92235983,0.00000000
0.91876343,0.00000000
0.92077723,0.00000000
0.96884389,0.00000000
0.94312454,0.00000000
0.92000391,0.00000000
0.94909581,0.00000000
0.95760151,0.00000000
0.93753669,0.00000000
0.92752378,0.00000000
0.93862498,0.00000000
0.96534133,0.00000000
0.96014881,0.00000000
0.96081498,0.00000000
0.93253047,0.00000000
0.93374233,0.00000000
0.94835754,0.00000000
0.94565622,0.00000000
0.91977662,0.00000000
0.94500376,0.00000000
0.93378041,0.00000000
0.93937429,0.00000000
0.91144467,0.00000000
0.88254018,0.00000000
0.90866002,0.00000000
0.93380866,0.00000000
0.95624366,0.00000000
0.94558095,0.00000000
0.92016512,0.00000000
0.92589620,0.00000000
0.93996004,0.00000000
0.90975739,0.00000000
0.91174170,0.00000000
0.91970087,0.00000000
0.91267286,0.00000000
0.92826557,0.00000000
0.93529591,0.00000000
0.90902509,0.00000000
0.92164082,0.00000000
0.92975808,0.00000000
0.92415623,0.00000000
0.91771057,0.00000000
0.92416480,0.00000000
0.90863638,0.00000000
0.91531393,0.00000000
0.90717924,0.00000000
0.91766117,0.00000000
0.91440097,0.00000000
0.91950965,0.00000000
0.92152971,0.00000000
0.89260333,0.00000000
0.89973471,0.00000000
0.92218417,0.00000000
0.89836017,0.00000000
0.91082123,0.00000000
0.90512691,0.00000000
0.89320381,0.00000000
0.89341508,0.00000000
0.92078347,0.00000000
0.91625484,0.00000000
0.89563789,0.00000000
0.89010229,0.00000000
0.90981894,0.00000000
0.90951727,0.00000000
0.90392497,0.00000000
0.93381027,0.00000000
0.90696453,0.00000000
0.92927502,0.00000000
0.91759558,0.00000000
0.92236737,0.00000000
0.93135170,0.00000000
0.88056321,0.00000000
0.91387179,0.00000000
0.91687181,0.00000000
0.90067432,0.00000000
0.89578111,0.00000000
0.93801454,0.00000000
0.91984824,0.00000000
0.93699178,0.00000000
0.96943420,0.00000000
0.90587301,0.00000000
0.91946999,0.00000000
0.91994003,0.00000000
0.92810226,0.00000000
0.97676050,0.00000000
0.93695414,0.00000000
0.91113662,0.00000000
0.91663548,0.00000000
0.91785414,0.00000000
0.90916954,0.00000000
0.92090168,0.00000000
0.93791770,0.00000000
0.90138715,0.00000000
0.88446764,0.00000000
0.92014419,0.00000000
0.87505558,0.00000000
0.89145284,0.00000000
0.88847414,0.00000000
0.88599453,0.00000000
