0.00000000,0.00000000
0.94191059,0.00000000
0.95373848,0.00000000
0.95296420,0.00000000
0.93335406,0.00000000
0.93694163,0.00000000
0.93437025,0.00000000
0.93436839,0.00000000
0.93887544,0.00000000
0.93385687,0.00000000
0.91733304,0.00000000
0.92979000,0.00000000
0.92532132,0.00000000
0.89428737,0.00000000
0.93617345,0.00000000
0.93605603,0.00000000
0.93196913,0.00000000
0.90515901,0.00000000
0.93947802,0.00000000
0.93674925,0.00000000
0.93506255,0.00000000
0.94547558,0.00000000
0.93671348,0.00000000
0.91352812,0.00000000
0.92420245,0.00000000
0.92225420,0.00000000
0.91411419,0.00000000
0.90822175,0.00000000
0.90567945,0.00000000
0.89076634,0.00000000
0.92051807,0.00000000
0.92292773,0.00000000
0.91411419,0.00000000
0.91098251,0.00000000
0.90290789,0.00000000
0.88758333,0.00000000
0.88752419,0.00000000
0.90354476,0.00000000
0.89344065,0.00000000
0.88657304,0.00000000
0.89816208,0.00000000
0.89891811,0.00000000
0.89418908,0.00000000
0.85358377,0.00000000
0.88711472,0.00000000
0.89433060,0.00000000
0.88597357,0.00000000
0.88451558,0.00000000
0.91305837,0.00000000
0.92599555,0.00000000
0.88027257,0.00000000
0.91409144,0.00000000
0.92727950,0.00000000
0.95279320,0.00000000
0.91358800,0.00000000
0.89640341,0.00000000
0.88446456,0.00000000
0.91879660,0.00000000
0.89878497,0.00000000
0.90117022,0.00000000
0.89828349,0.00000000
0.93357669,0.00000000
0.90245034,0.00000000
0.89891623,0.00000000
0.91582803,0.00000000
0.93258876,0.00000000
0.91999248,0.00000000
0.90601743,0.00000000
0.92352370,0.00000000
0.92725117,0.00000000
0.91856023,0.00000000
0.94915698,0.00000000
0.94004041,0.00000000
0.94062895,0.00000000
0.91424127,0.00000000
0.92433416,0.00000000
0.94432148,0.00000000
0.96032452,0.00000000
0.95012813,0.00000000
0.95064034,0.00000000
0.93401021,0.00000000
0.96644929,0.00000000
0.97697203,0.00000000
0.98294085,0.00000000
0.97939131,0.00000000
0.94391597,0.00000000
0.97216279,0.00000000
0.97983521,0.00000000
0.93952505,0.00000000
0.95025250,0.00000000
0.93200702,0.00000000
0.94011647,0.00000000
0.90325204,0.00000000
0.92537467,0.00000000
0.92904463,0.00000000
0.91886243,0.00000000
0.92625666,0.00000000
0.94787655,0.00000000
0.94886381,0.00000000
0.93882089,0.00000000
0.92463454,0.00000000
0.89756818,0.00000000
0.94774766,0.00000000
0.94566183,0.00000000
0.93585819,0.00000000
0.95213163,0.00000000
0.97427470,0.00000000
0.95750185,0.00000000
0.92436149,0.00000000
0.94652619,0.00000000
0.96877745,0.00000000
0.92970400,0.00000000
0.95402914,0.00000000
0.94527582,0.00000000
0.94660095,0.00000000
0.92313246,0.00000000
0.93063158,0.00000000
0.92514152,0.00000000
0.92125493,0.00000000
0.91380730,0.00000000
0.92183825,0.00000000
0.93821717,0.00000000
0.90904870,0.00000000
0.85800933,0.00000000
0.91742723,0.00000000
0.94845576,0.00000000
0.95191222,0.00000000
0.92110446,0.00000000
0.90984673,0.00000000
0.87266691,0.00000000
0.89585041,0.00000000
0.91543548,0.00000000
0.90321422,0.00000000
0.88179773,0.00000000
0.89237470,0.00000000
0.84948896,0.00000000
0.86406821,0.00000000
0.82994632,0.00000000
0.91179517,0.00000000
0.94279500,0.00000000
0.90141058,0.00000000
0.93579322,0.00000000
0.90871541,0.00000000
0.93315932,0.00000000
0.90852582,0.00000000
0.89834469,0.00000000
0.94575145,0.00000000
0.92604335,0.00000000
0.89479278,0.00000000
0.92809181,0.00000000
0.91009406,0.00000000
0.91446027,0.00000000
0.91229383,0.00000000
0.91150005,0.00000000
0.90890880,0.00000000
0.88963311,0.00000000
0.91105971,0.00000000
0.89778978,0.00000000
0.89890529,0.00000000
0.91886250,0.00000000
0.90471608,0.00000000
0.89007095,0.00000000
0.81650367,0.00000000
0.89550860,0.00000000
0.83204472,0.00000000
0.92989370,0.00000000
0.93738942,0.00000000
0.97233308,0.00000000
0.92063357,0.00000000
0.93064257,0.00000000
0.95838434,0.00000000
0.93579572,0.00000000
0.93698885,0.00000000
0.90757737,0.00000000
0.92324054,0.00000000
0.88580921,0.00000000
0.96200749,0.00000000
0.96829603,0.00000000
0.96266724,0.00000000
0.93268792,0.00000000
0.94097421,0.00000000
0.94053931,0.00000000
0.93689847,0.00000000
0.90457988,0.00000000
0.89902486,0.00000000
0.82830546,0.00000000
0.92156287,0.00000000
0.93390049,0.00000000
0.93668882,0.00000000
0.89580892,0.00000000
0.93560715,0.00000000
0.92291528,0.00000000
0.88223102,0.00000000
0.85411699,0.00000000
0.91710995,0.00000000
0.89789143,0.00000000
0.93369976,0.00000000
0.92070179,0.00000000
0.94931563,0.00000000
0.91051880,0.00000000
0.86523792,0.00000000
0.93750395,0.00000000
0.90335761,0.00000000
0.93219196,0.00000000
0.88664980,0.00000000
0.97117061,0.00000000
0.87433619,0.00000000
0.90056207,0.00000000
0.88859912,0.00000000
0.92560203,0.00000000
0.93691437,0.00000000
0.95614960,0.00000000
0.94368991,0.00000000
0.91371090,0.00000000
0.92417924,0.00000000
0.91339586,0.00000000
0.86578367,0.00000000
0.92280112,0.00000000
0.89525799,0.00000000
0.89714782,0.00000000
0.83781505,0.00000000
0.80879443,0.00000000
0.79351991,0.00000000
0.91468824,0.00000000
0.91521275,0.00000000
0.94933248,0.00000000
0.92874393,0.00000000
0.96557264,0.00000000
0.90428928,0.00000000
0.94565059,0.00000000
0.89653326,0.00000000
0.96102569,0.00000000
0.95238192,0.00000000
0.91727561,0.00000000
0.90226901,0.00000000
0.96185910,0.00000000
0.94700924,0.00000000
0.92377862,0.00000000
0.91550601,0.00000000
0.90399668,0.00000000
0.92125137,0.00000000
0.94350626,0.00000000
0.94244630,0.00000000
0.92154205,0.00000000
0.85704860,0.00000000
0.86377046,0.00000000
0.87073982,0.00000000
0.92791275,0.00000000
0.90793697,0.00000000
0.89693392,0.00000000
0.95859772,0.00000000
0.95578494,0.00000000
0.90993119,0.00000000
0.94384552,0.00000000
0.95885733,0.00000000
0.95808995,0.00000000
0.93407818,0.00000000
0.96600287,0.00000000
0.91698331,0.00000000
0.94165600,0.00000000
0.96036658,0.00000000
0.94067441,0.00000000
0.93019965,0.00000000
0.90971339,0.00000000
0.92752252,0.00000000
0.90134179,0.00000000
0.94238164,0.00000000
0.96180617,0.00000000
0.94100485,0.00000000
0.96855277,0.00000000
0.96013152,0.00000000
0.89988080,0.00000000
0.90000513,0.00000000
0.92570977,0.00000000
0.86292430,0.00000000
0.91806116,0.00000000
0.90447494,0.00000000
0.92520511,0.00000000
0.79158854,0.00000000
0.83482715,0.00000000
0.79898282,0.00000000
0.75141401,0.00000000
0.79234268,0.00000000
0.91855539,0.00000000
0.88024496,0.00000000
0.91767337,0.00000000
0.84480070,0.00000000
0.89210868,0.00000000
0.86403528,0.00000000
0.69448190,0.00000000
0.74535537,0.00000000
0.81508400,0.00000000
0.86559580,0.00000000
0.73584831,0.00000000
0.81821041,0.00000000
0.90043312,0.00000000
0.76220590,0.00000000
0.57790380,0.00000000
0.37454265,0.00000000
0.55653835,0.00000000
0.57926981,0.00000000
0.52148640,0.00000000
0.61129660,0.00000000
0.57468463,0.00000000
0.19965670,0.00000000
0.34397764,0.00000000
0.23709239,0.00000000
0.36867667,0.00000000
0.37707455,0.00000000
0.34125435,0.00000000
0.23855870,0.00000000
0.21541932,0.00000000
0.22048716,0.00000000
0.21715483,0.00000000
0.36437073,0.00000000
0.86205208,0.00000000
0.84713502,0.00000000
0.90419819,0.00000000
0.92362000,0.00000000
0.84248967,0.00000000
0.84143906,0.00000000
0.82569409,0.00000000
0.71208692,0.00000000
0.71637339,0.00000000
0.76162847,0.00000000
0.86967987,0.00000000
0.73485202,0.00000000
0.80325016,0.00000000
0.73104061,0.00000000
0.87155930,0.00000000
0.82006386,0.00000000
0.82715504,0.00000000
0.84825436,0.00000000
0.82341031,0.00000000
0.81072617,0.00000000
0.81286355,0.00000000
0.77287654,0.00000000
0.78466453,0.00000000
0.79285486,0.00000000
0.78154613,0.00000000
0.87409312,0.00000000
0.93567200,0.00000000
0.94107256,0.00000000
0.87085046,0.00000000
0.91094571,0.00000000
0.91027958,0.00000000
0.94710620,0.00000000
0.95414255,0.00000000
0.92366881,0.00000000
0.89555649,0.00000000
0.85698600,0.00000000
0.80632502,0.00000000
0.80172217,0.00000000
0.85259661,0.00000000
0.82280921,0.00000000
0.85191970,0.00000000
0.83564522,0.00000000
0.82981002,0.00000000
0.33045723,0.00000000
0.26009965,0.00000000
0.27109287,0.00000000
0.21841143,0.00000000
0.12239400,0.00000000
0.10946066,0.00000000
0.13894332,0.00000000
0.14373154,0.00000000
0.13098386,0.00000000
0.12595184,0.00000000
0.10738419,0.00000000
0.10546194,0.00000000
0.10811210,0.00000000
0.10683547,0.00000000
0.11382474,0.00000000
0.11571364,0.00000000
0.11960370,0.00000000
0.47578642,0.00000000
0.86369777,0.00000000
0.78138590,0.00000000
0.77961575,0.00000000
0.87610979,0.00000000
0.83726714,0.00000000
0.75039918,0.00000000
0.71992548,0.00000000
0.73180213,0.00000000
0.69825208,0.00000000
0.81124093,0.00000000
0.85442425,0.00000000
0.85942081,0.00000000
0.90109691,0.00000000
0.86124530,0.00000000
0.92114188,0.00000000
0.90013629,0.00000000
0.81154975,0.00000000
0.89499522,0.00000000
0.93001469,0.00000000
0.90933502,0.00000000
0.88422385,0.00000000
0.87368617,0.00000000
0.89710924,0.00000000
0.88246529,0.00000000
0.86264516,0.00000000
0.82224453,0.00000000
0.83892157,0.00000000
0.83574421,0.00000000
0.84188876,0.00000000
0.80397977,0.00000000
0.80915967,0.00000000
0.78864566,0.00000000
0.74945478,0.00000000
0.72331647,0.00000000
0.79981158,0.00000000
0.76899757,0.00000000
0.80053627,0.00000000
0.80838705,0.00000000
0.87748179,0.00000000
0.86105321,0.00000000
0.89563956,0.00000000
0.91400991,0.00000000
0.95384050,0.00000000
0.86221325,0.00000000
0.91601510,0.00000000
0.84788780,0.00000000
0.93907627,0.00000000
0.81834887,0.00000000
0.69921843,0.00000000
0.89849417,0.00000000
0.88240858,0.00000000
0.88993684,0.00000000
0.91794962,0.00000000
0.84881283,0.00000000
0.96969409,0.00000000
0.95686091,0.00000000
0.91791642,0.00000000
0.82094361,0.00000000
0.77620956,0.00000000
0.94884564,0.00000000
0.84726520,0.00000000
0.94044256,0.00000000
0.89025359,0.00000000
0.92790348,0.00000000
0.88476413,0.00000000
0.89499206,0.00000000
0.85935439,0.00000000
0.84073601,0.00000000
0.80171773,0.00000000
0.84234259,0.00000000
0.84708999,0.00000000
0.85381754,0.00000000
0.93566764,0.00000000
0.82026036,0.00000000
0.87608574,0.00000000
0.80697111,0.00000000
0.88899972,0.00000000
0.90717047,0.00000000
0.88998111,0.00000000
0.88717627,0.00000000
0.94847580,0.00000000
0.97788361,0.00000000
0.90900472,0.00000000
0.90680200,0.00000000
0.94659651,0.00000000
0.94743406,0.00000000
0.95783134,0.00000000
0.92895565,0.00000000
0.88279328,0.00000000
0.90812726,0.00000000
0.91353825,0.00000000
0.93601140,0.00000000
0.86148334,0.00000000
0.95215790,0.00000000
0.94592281,0.00000000
0.92403541,0.00000000
0.84678850,0.00000000
0.84163845,0.00000000
0.86383033,0.00000000
0.87603274,0.00000000
0.81471418,0.00000000
0.86616424,0.00000000
0.90164251,0.00000000
0.94282459,0.00000000
0.96104424,0.00000000
0.92170951,0.00000000
0.92260917,0.00000000
0.93959375,0.00000000
0.92356461,0.00000000
0.95514927,0.00000000
0.92588404,0.00000000
0.88918639,0.00000000
0.93221434,0.00000000
0.93371114,0.00000000
0.91353472,0.00000000
0.92834592,0.00000000
0.92561591,0.00000000
0.96858280,0.00000000
0.94069140,0.00000000
0.95332297,0.00000000
0.93134017,0.00000000
0.90435091,0.00000000
0.91824386,0.00000000
0.88759747,0.00000000
0.91620094,0.00000000
0.90220200,0.00000000
0.91716026,0.00000000
0.89794307,0.00000000
0.93654885,0.00000000
0.94084928,0.00000000
0.92638890,0.00000000
0.93359655,0.00000000
0.95256310,0.00000000
0.91974031,0.00000000
0.93403014,0.00000000
0.94100702,0.00000000
0.89013412,0.00000000
0.92661705,0.00000000
0.91964102,0.00000000
0.93047610,0.00000000
0.92693516,0.00000000
0.95641784,0.00000000
0.94171339,0.00000000
0.91859995,0.00000000
0.91740264,0.00000000
0.91495395,0.00000000
0.89623084,0.00000000
0.92103920,0.00000000
0.89744849,0.00000000
0.95755849,0.00000000
0.92964965,0.00000000
0.90609614,0.00000000
0.96512241,0.00000000
0.95223615,0.00000000
0.96793445,0.00000000
0.94755814,0.00000000
0.93473006,0.00000000
0.96252328,0.00000000
0.91258697,0.00000000
0.94816550,0.00000000
0.95957140,0.00000000
0.92914736,0.00000000
0.92505489,0.00000000
0.89722379,0.00000000
0.94367516,0.00000000
0.96126095,0.00000000
0.92489447,0.00000000
0.93601078,0.00000000
0.95509860,0.00000000
0.93990616,0.00000000
0.84508571,0.00000000
0.87888700,0.00000000
0.94712286,0.00000000
0.90985355,0.00000000
0.91859191,0.00000000
0.91998964,0.00000000
0.95768744,0.00000000
0.93490021,0.00000000
0.93920486,0.00000000
0.97202449,0.00000000
0.92767629,0.00000000
0.97213020,0.00000000
0.94347152,0.00000000
0.93193125,0.00000000
0.91538982,0.00000000
0.91896906,0.00000000
0.90459094,0.00000000
0.96488380,0.00000000
0.95183118,0.00000000
0.95053774,0.00000000
0.95946894,0.00000000
0.91814076,0.00000000
0.91685538,0.00000000
0.94659894,0.00000000
0.92654914,0.00000000
0.88769178,0.00000000
0.96332858,0.00000000
0.94086723,0.00000000
0.94385393,0.00000000
0.93628345,0.00000000
0.96036111,0.00000000
0.91588171,0.00000000
0.92241560,0.00000000
0.92750855,0.00000000
0.94083859,0.00000000
0.93867385,0.00000000
0.93131210,0.00000000
0.92706602,0.00000000
0.92923510,0.00000000
0.92223019,0.00000000
0.93203261,0.00000000
0.92458746,0.00000000
0.93137409,0.00000000
0.96373851,0.00000000
0.94217444,0.00000000
0.93600597,0.00000000
0.93916665,0.00000000
0.92526341,0.00000000
0.93078573,0.00000000
0.91445881,0.00000000
0.94499840,0.00000000
0.93562170,0.00000000
0.95150137,0.00000000
0.95004708,0.00000000
0.95884514,0.00000000
0.93989956,0.00000000
0.94110096,0.00000000
0.94957361,0.00000000
0.93196955,0.00000000
0.95127231,0.00000000
0.96995227,0.00000000
0.96021858,0.00000000
0.97172636,0.00000000
0.95985091,0.00000000
0.95713978,0.00000000
0.97675134,0.00000000
0.96460164,0.00000000
0.96714577,0.00000000
0.98168467,0.00000000
0.96890695,0.00000000
0.96991136,0.00000000
0.94549820,0.00000000
0.96737726,0.00000000
0.94547505,0.00000000
0.97538614,0.00000000
0.96452975,0.00000000
0.96524470,0.00000000
0.95457706,0.00000000
0.92242992,0.00000000
0.95373779,0.00000000
0.96752006,0.00000000
0.96285411,0.00000000
0.97428035,0.00000000
0.98038662,0.00000000
0.96697344,0.00000000
0.95565681,0.00000000
0.98891185,0.00000000
0.97891824,0.00000000
0.97188719,0.00000000
0.97718233,0.00000000
0.97693751,0.00000000
0.97674439,0.00000000
0.95036666,0.00000000
0.90438355,0.00000000
0.91971405,0.00000000
0.90124213,0.00000000
0.90463693,0.00000000
0.88147026,0.00000000
0.87669129,0.00000000
0.84990293,0.00000000
0.86742411,0.00000000
0.84911030,0.00000000
0.84147461,0.00000000
0.84488250,0.00000000
0.80799033,0.00000000
0.79262092,0.00000000
0.80127785,0.00000000
0.79767649,0.00000000
0.78897495,0.00000000
0.81293246,0.00000000
0.80953478,0.00000000
0.78780386,0.00000000
0.81226949,0.00000000
0.82548208,0.00000000
0.95368373,0.00000000
0.93600185,0.00000000
0.79448929,0.00000000
0.79693260,0.00000000
0.79957257,0.00000000
0.79575149,0.00000000
0.80525173,0.00000000
0.78539785,0.00000000
0.79741242,0.00000000
0.79428733,0.00000000
0.81052826,0.00000000
0.83934556,0.00000000
0.82818166,0.00000000
0.80256802,0.00000000
0.81954830,0.00000000
0.80860817,0.00000000
0.81081555,0.00000000
0.81008051,0.00000000
0.80315937,0.00000000
0.81922221,0.00000000
0.92676909,0.00000000
0.80121986,0.00000000
0.92383734,0.00000000
0.93373055,0.00000000
0.91650033,0.00000000
0.96354411,0.00000000
0.95157841,0.00000000
0.95148171,0.00000000
0.77929938,0.00000000
0.89380923,0.00000000
0.88649658,0.00000000
0.76223974,0.00000000
0.81226586,0.00000000
0.92480789,0.00000000
0.96417245,0.00000000
0.93983200,0.00000000
0.94832826,0.00000000
0.81436199,0.00000000
0.93853305,0.00000000
0.89964116,0.00000000
0.92956670,0.00000000
0.87733689,0.00000000
0.89803827,0.00000000
0.94787600,0.00000000
0.93775016,0.00000000
0.89684968,0.00000000
0.81376151,0.00000000
0.90470371,0.00000000
0.94069742,0.00000000
0.93929950,0.00000000
0.91150824,0.00000000
0.86021185,0.00000000
0.92701393,0.00000000
0.88889026,0.00000000
0.91358081,0.00000000
0.80175290,0.00000000
0.97786232,0.00000000
0.92622284,0.00000000
0.80624112,0.00000000
0.75814593,0.00000000
0.74212609,0.00000000
0.76954032,0.00000000
0.76395036,0.00000000
0.69034538,0.00000000
0.93647501,0.00000000
0.82616427,0.00000000
0.82486526,0.00000000
0.77327862,0.00000000
0.70646813,0.00000000
0.66938469,0.00000000
0.69596988,0.00000000
0.70221067,0.00000000
0.73251768,0.00000000
0.78305803,0.00000000
0.77566599,0.00000000
0.77518503,0.00000000
0.78071476,0.00000000
0.86036919,0.00000000
0.88697133,0.00000000
0.91342407,0.00000000
0.91077757,0.00000000
0.91224238,0.00000000
0.90265316,0.00000000
0.90960315,0.00000000
0.87385527,0.00000000
0.00000000,0.00000000
0.86307116,0.00000000
0.00000000,0.00000000
0.00000000,0.00000000
0.00000000,0.00000000
0.00000000,0.00000000
0.00000000,0.00000000
0.00000000,0.00000000
0.00000000,0.00000000
0.00000000,0.00000000
0.00000000,0.00000000
0.00000000,0.00000000
0.00000000,0.00000000
0.00000000,0.00000000
0.00000000,0.00000000
0.00000000,0.00000000
0.00000000,0.00000000
0.00000000,0.00000000
0.00000000,0.00000000
0.00000000,0.00000000
0.00000000,0.00000000
0.00000000,0.00000000
0.00000000,0.00000000
0.00000000,0.00000000
0.00000000,0.00000000
0.00000000,0.00000000
0.00000000,0.00000000
0.00000000,0.00000000
0.00000000,0.00000000
0.00000000,0.00000000
0.00000000,0.00000000
0.00000000,0.00000000
0.00000000,0.00000000
0.00000000,0.00000000
0.00000000,0.00000000
0.00000000,0.00000000
0.00000000,0.00000000
0.00000000,0.00000000
0.00000000,0.00000000
0.00000000,0.00000000
0.00000000,0.00000000
0.00000000,0.00000000
0.00000000,0.00000000
0.00000000,0.00000000
0.00000000,0.00000000
0.00000000,0.00000000
0.00000000,0.00000000
0.00000000,0.00000000
0.00000000,0.00000000
0.00000000,0.00000000
0.00000000,0.00000000
0.00000000,0.00000000
0.00000000,0.00000000
0.00000000,0.00000000
0.00000000,0.00000000
0.00000000,0.00000000
0.00000000,0.00000000
0.00000000,0.00000000
0.00000000,0.00000000
0.00000000,0.00000000
0.00000000,0.00000000
0.00000000,0.00000000
0.00000000,0.00000000
0.00000000,0.00000000
0.00000000,0.00000000
0.00000000,0.00000000
0.00000000,0.00000000
0.00000000,0.00000000
0.00000000,0.00000000
0.00000000,0.00000000
0.00000000,0.00000000
0.00000000,0.00000000
0.00000000,0.00000000
0.00000000,0.00000000
0.00000000,0.00000000
0.00000000,0.00000000
0.00000000,0.00000000
0.00000000,0.00000000
0.00000000,0.00000000
0.00000000,0.00000000
0.00000000,0.00000000
0.00000000,0.00000000
0.00000000,0.00000000
0.00000000,0.00000000
0.00000000,0.00000000
0.00000000,0.00000000
0.00000000,0.00000000
0.00000000,0.00000000
0.00000000,0.00000000
0.00000000,0.00000000
0.00000000,0.00000000
0.00000000,0.00000000
0.00000000,0.00000000
0.00000000,0.00000000
0.00000000,0.00000000
0.00000000,0.00000000
0.00000000,0.00000000
0.00000000,0.00000000
0.00000000,0.00000000
0.00000000,0.00000000
0.00000000,0.00000000
0.00000000,0.00000000
0.00000000,0.00000000
0.00000000,0.00000000
0.00000000,0.00000000
0.00000000,0.00000000
0.00000000,0.00000000
0.00000000,0.00000000
0.00000000,0.00000000
0.00000000,0.00000000
0.00135177,0.00000000
0.01314842,0.00000000
0.01850590,0.00000000
0.02171742,0.00000000
0.02609540,0.00000000
0.02846287,0.00000000
0.05678505,0.00000000
0.05943556,0.00000000
0.06530962,0.00000000
0.07346636,0.00000000
0.06951294,0.00000000
0.07710045,0.00000000
0.38242018,0.00000000
0.95846150,0.00000000
0.94297889,0.00000000
0.94786765,0.00000000
0.95872607,0.00000000
0.96076645,0.00000000
0.93993867,0.00000000
0.92489244,0.00000000
0.92978216,0.00000000
0.98032455,0.00000000
0.94482719,0.00000000
0.93984837,0.00000000
0.93060750,0.00000000
0.92513411,0.00000000
0.92738054,0.00000000
0.93906606,0.00000000
0.92806712,0.00000000
0.93376010,0.00000000
0.94147664,0.00000000
0.91739993,0.00000000
0.90611266,0.00000000
0.89674410,0.00000000
0.97944932,0.00000000
0.95078759,0.00000000
0.96095942,0.00000000
0.96806336,0.00000000
0.92052432,0.00000000
0.89218999,0.00000000
0.97224595,0.00000000
0.94908437,0.00000000
0.96381319,0.00000000
0.92389929,0.00000000
0.95123589,0.00000000
0.95976747,0.00000000
0.95381315,0.00000000
0.94146812,0.00000000
0.95484343,0.00000000
0.96113740,0.00000000
0.97771660,0.00000000
0.95694439,0.00000000
0.97341440,0.00000000
0.96780665,0.00000000
0.95066086,0.00000000
0.94186126,0.00000000
0.95726178,0.00000000
0.93192857,0.00000000
0.92172408,0.00000000
0.97299213,0.00000000
0.95456704,0.00000000
0.92559232,0.00000000
0.96444015,0.00000000
0.96837981,0.00000000
0.95878680,0.00000000
0.95067773,0.00000000
0.92884707,0.00000000
0.90014782,0.00000000
0.85713168,0.00000000
0.92096946,0.00000000
0.90437175,0.00000000
0.93480459,0.00000000
0.95502672,0.00000000
0.95972719,0.00000000
0.94446874,0.00000000
0.94411861,0.00000000
0.96646899,0.00000000
0.94855997,0.00000000
0.94770641,0.00000000
0.94648543,0.00000000
0.94574168,0.00000000
0.93568652,0.00000000
0.95980360,0.00000000
0.94448443,0.00000000
0.95831492,0.00000000
0.97614378,0.00000000
0.97876896,0.00000000
0.97867393,0.00000000
0.92843308,0.00000000
0.92575166,0.00000000
0.91195774,0.00000000
0.93281874,0.00000000
0.95528143,0.00000000
0.91961393,0.00000000
0.95744150,0.00000000
0.93375187,0.00000000
0.87993750,0.00000000
0.90642872,0.00000000
0.90625809,0.00000000
0.90653043,0.00000000
0.92531595,0.00000000
0.91555026,0.00000000
0.92901065,0.00000000
0.93682618,0.00000000
0.91222510,0.00000000
0.97798446,0.00000000
0.96396525,0.00000000
0.92798771,0.00000000
0.93230714,0.00000000
0.92532774,0.00000000
0.89960397,0.00000000
0.92676834,0.00000000
0.96220359,0.00000000
0.97543683,0.00000000
0.94742669,0.00000000
0.96393098,0.00000000
0.94089392,0.00000000
0.96382494,0.00000000
0.93961541,0.00000000
0.96040011,0.00000000
0.96211962,0.00000000
0.96607752,0.00000000
0.94382562,0.00000000
0.96466365,0.00000000
0.95648165,0.00000000
0.94228758,0.00000000
0.93358063,0.00000000
0.90969824,0.00000000
0.96902485,0.00000000
0.94986564,0.00000000
0.94700216,0.00000000
0.89113031,0.00000000
0.95328505,0.00000000
0.95121378,0.00000000
0.89063798,0.00000000
0.95730983,0.00000000
0.95739682,0.00000000
0.91921115,0.00000000
0.91732482,0.00000000
0.89551774,0.00000000
0.89761908,0.00000000
0.95818419,0.00000000
0.93244099,0.00000000
0.90721792,0.00000000
0.96053826,0.00000000
0.94762470,0.00000000
0.97115390,0.00000000
0.98507606,0.00000000
0.99244208,0.00000000
0.98872395,0.00000000
0.96541990,0.00000000
0.97685873,0.00000000
0.96806164,0.00000000
0.97394461,0.00000000
0.95986628,0.00000000
0.96976319,0.00000000
0.95463472,0.00000000
0.93549665,0.00000000
0.93074355,0.00000000
0.92983377,0.00000000
0.91653481,0.00000000
0.96063753,0.00000000
0.95918119,0.00000000
0.96127680,0.00000000
0.97114167,0.00000000
0.97768904,0.00000000
0.92817381,0.00000000
0.96063853,0.00000000
0.94064349,0.00000000
0.92211807,0.00000000
0.87863128,0.00000000
0.88564772,0.00000000
0.88365055,0.00000000
0.91551746,0.00000000
0.89919015,0.00000000
0.89366555,0.00000000
0.88017040,0.00000000
0.95526434,0.00000000
0.93185943,0.00000000
0.95168171,0.00000000
0.95313202,0.00000000
0.92880689,0.00000000
0.90708942,0.00000000
0.91465360,0.00000000
0.90501249,0.00000000
0.96296961,0.00000000
0.94497578,0.00000000
0.88880632,0.00000000
0.89809476,0.00000000
0.88912440,0.00000000
0.88395480,0.00000000
0.88041139,0.00000000
0.96988216,0.00000000
0.95714224,0.00000000
0.94205404,0.00000000
0.95289581,0.00000000
0.95160741,0.00000000
0.97314650,0.00000000
0.96913577,0.00000000
0.96192962,0.00000000
0.95325755,0.00000000
0.91630729,0.00000000
0.97838932,0.00000000
0.95297043,0.00000000
0.96605666,0.00000000
0.95761394,0.00000000
0.94896780,0.00000000
0.90800479,0.00000000
0.94090182,0.00000000
0.93930295,0.00000000
0.94314061,0.00000000
0.92520749,0.00000000
0.91355812,0.00000000
0.90987752,0.00000000
0.89060308,0.00000000
0.89712270,0.00000000
0.87560925,0.00000000
0.83812483,0.00000000
0.90263523,0.00000000
0.91762214,0.00000000
0.90664307,0.00000000
0.84200220,0.00000000
0.86644938,0.00000000
0.86025205,0.00000000
0.85916933,0.00000000
0.83547529,0.00000000
0.75975704,0.00000000
0.79191462,0.00000000
0.76340065,0.00000000
0.89796154,0.00000000
0.91841199,0.00000000
0.91485081,0.00000000
0.89684973,0.00000000
0.84424922,0.00000000
0.81893305,0.00000000
0.86702464,0.00000000
0.81756049,0.00000000
0.79071847,0.00000000
0.85587677,0.00000000
0.82417257,0.00000000
0.90987359,0.00000000
0.86183715,0.00000000
0.87302611,0.00000000
0.86612596,0.00000000
0.84246900,0.00000000
0.87928039,0.00000000
0.87470028,0.00000000
0.86272901,0.00000000
0.88104945,0.00000000
0.92052288,0.00000000
0.85383559,0.00000000
0.81629731,0.00000000
0.82027326,0.00000000
0.82942308,0.00000000
0.81606566,0.00000000
0.84293363,0.00000000
0.82561430,0.00000000
0.85573144,0.00000000
0.86033972,0.00000000
0.82017844,0.00000000
0.78867390,0.00000000
0.79255577,0.00000000
0.96407141,0.00000000
0.96552188,0.00000000
0.92950906,0.00000000
0.93481986,0.00000000
0.91129534,0.00000000
0.91272813,0.00000000
0.88640213,0.00000000
0.91070853,0.00000000
0.88976736,0.00000000
0.95264660,0.00000000
0.94268663,0.00000000
0.93740730,0.00000000
0.93499349,0.00000000
0.94070465,0.00000000
0.96421422,0.00000000
0.94655472,0.00000000
0.94321150,0.00000000
0.93329915,0.00000000
0.95425615,0.00000000
0.95471838,0.00000000
0.93990210,0.00000000
0.94648032,0.00000000
0.91133471,0.00000000
0.92901485,0.00000000
0.94694532,0.00000000
0.95249794,0.00000000
0.93999450,0.00000000
0.95616720,0.00000000
0.94097681,0.00000000
0.92206833,0.00000000
0.94683733,0.00000000
0.94702349,0.00000000
0.96478921,0.00000000
0.96472072,0.00000000
0.93878812,0.00000000
0.94925362,0.00000000
0.96563302,0.00000000
0.94973622,0.00000000
0.94202502,0.00000000
0.94315873,0.00000000
0.95972738,0.00000000
0.95093625,0.00000000
0.94997293,0.00000000
0.94647519,0.00000000
0.97455886,0.00000000
0.91581712,0.00000000
0.89990550,0.00000000
0.92753882,0.00000000
0.94597265,0.00000000
0.92324727,0.00000000
0.94653253,0.00000000
0.93275066,0.00000000
0.92887340,0.00000000
0.92048802,0.00000000
0.94847520,0.00000000
0.94729854,0.00000000
0.91760048,0.00000000
0.92488343,0.00000000
0.91165655,0.00000000
0.91406413,0.00000000
0.88181392,0.00000000
0.91994135,0.00000000
0.91577928,0.00000000
0.92905020,0.00000000
0.90491487,0.00000000
0.90912209,0.00000000
0.91820250,0.00000000
0.89437554,0.00000000
0.89770126,0.00000000
0.92556259,0.00000000
0.89889292,0.00000000
0.90554258,0.00000000
0.91600461,0.00000000
0.91176589,0.00000000
0.91636044,0.00000000
0.93374481,0.00000000
0.94300055,0.00000000
0.91380918,0.00000000
0.89751290,0.00000000
0.88554303,0.00000000
0.88930500,0.00000000
0.87942296,0.00000000
0.87631136,0.00000000
0.86365709,0.00000000
0.89960424,0.00000000
0.88498440,0.00000000
0.88063253,0.00000000
0.87975680,0.00000000
0.89715199,0.00000000
0.91371186,0.00000000
0.89506500,0.00000000
0.91668568,0.00000000
0.88582344,0.00000000
0.90157995,0.00000000
0.90354964,0.00000000
0.93182446,0.00000000
0.93358174,0.00000000
0.91827868,0.00000000
0.91060973,0.00000000
0.91683724,0.00000000
0.91169689,0.00000000
0.92079474,0.00000000
0.91150317,0.00000000
0.92906428,0.00000000
0.91778264,0.00000000
0.91326012,0.00000000
0.90252753,0.00000000
0.90492784,0.00000000
0.92448752,0.00000000
0.91161285,0.00000000
0.88952972,0.00000000
0.90100643,0.00000000
0.90418150,0.00000000
0.87567584,0.00000000
0.94929866,0.00000000
0.92538924,0.00000000
0.89132841,0.00000000
0.96417032,0.00000000
0.94359352,0.00000000
0.98576532,0.00000000
0.95391915,0.00000000
0.96345262,0.00000000
0.95221065,0.00000000
0.96092554,0.00000000
0.94988558,0.00000000
0.93053800,0.00000000
0.93943904,0.00000000
0.92975269,0.00000000
0.95189704,0.00000000
0.91561465,0.00000000
0.90480516,0.00000000
0.88401380,0.00000000
0.91417468,0.00000000
0.83628647,0.00000000
0.79301665,0.00000000
0.92020185,0.00000000
0.90780277,0.00000000
0.92422588,0.00000000
0.91532233,0.00000000
0.90217320,0.00000000
0.88842782,0.00000000
0.90645665,0.00000000
0.89019129,0.00000000
0.88156650,0.00000000
0.89435721,0.00000000
0.90938184,0.00000000
0.87806578,0.00000000
0.92489662,0.00000000
0.88941434,0.00000000
0.89570318,0.00000000
0.89801258,0.00000000
0.93870175,0.00000000
0.89526425,0.00000000
0.96162441,0.00000000
0.95121331,0.00000000
0.86191552,0.00000000
0.83291950,0.00000000
0.84733219,0.00000000
0.89055313,0.00000000
0.93541847,0.00000000
0.94186541,0.00000000
0.93660021,0.00000000
0.91216562,0.00000000
0.94287232,0.00000000
0.91403808,0.00000000
0.95664782,0.00000000
0.88811599,0.00000000
0.87827087,0.00000000
0.86852044,0.00000000
0.84967588,0.00000000
0.88301294,0.00000000
0.87636952,0.00000000
0.90259847,0.00000000
0.88642608,0.00000000
0.90765659,0.00000000
0.84859188,0.00000000
0.91430151,0.00000000
0.93269805,0.00000000
0.93460118,0.00000000
0.96684918,0.00000000
0.94349279,0.00000000
0.94531400,0.00000000
0.94790797,0.00000000
0.95527264,0.00000000
0.94506476,0.00000000
0.95488596,0.00000000
0.91363923,0.00000000
0.91874673,0.00000000
0.95433780,0.00000000
0.97376065,0.00000000
0.95162484,0.00000000
0.95783699,0.00000000
0.93183023,0.00000000
0.94044991,0.00000000
0.93009642,0.00000000
0.88425245,0.00000000
0.86367718,0.00000000
0.93360715,0.00000000
0.96686086,0.00000000
0.92997743,0.00000000
0.96527820,0.00000000
0.92917372,0.00000000
0.99133030,0.00000000
0.95082226,0.00000000
0.95031434,0.00000000
0.92414367,0.00000000
0.96749082,0.00000000
0.96845258,0.00000000
0.93451954,0.00000000
0.94130348,0.00000000
0.97765528,0.00000000
0.98172409,0.00000000
0.97901779,0.00000000
0.95619410,0.00000000
0.96355094,0.00000000
0.95000919,0.00000000
0.95886682,0.00000000
0.96234338,0.00000000
0.94727138,0.00000000
0.95105454,0.00000000
0.93055067,0.00000000
0.89460264,0.00000000
0.92243858,0.00000000
0.93433190,0.00000000
0.93160622,0.00000000
0.97735577,0.00000000
0.95703486,0.00000000
0.94832400,0.00000000
0.93546063,0.00000000
0.91012615,0.00000000
0.92763121,0.00000000
0.94261360,0.00000000
0.91894795,0.00000000
0.91937019,0.00000000
0.88760544,0.00000000
0.88098001,0.00000000
0.94161918,0.00000000
0.92729674,0.00000000
0.93199639,0.00000000
0.93148160,0.00000000
0.93147575,0.00000000
0.93572517,0.00000000
0.97961371,0.00000000
0.94810742,0.00000000
0.91308552,0.00000000
0.93297411,0.00000000
0.91441108,0.00000000
0.93282638,0.00000000
0.92903131,0.00000000
0.95528156,0.00000000
0.94063081,0.00000000
0.93612082,0.00000000
0.95122938,0.00000000
0.92142575,0.00000000
0.90506900,0.00000000
0.95154442,0.00000000
0.92857784,0.00000000
0.93183469,0.00000000
0.96522369,0.00000000
0.95277030,0.00000000
0.91639252,0.00000000
0.91472777,0.00000000
0.87903866,0.00000000
0.95483963,0.00000000
0.92708556,0.00000000
0.92271531,0.00000000
0.89543739,0.00000000
0.86338209,0.00000000
0.91683551,0.00000000
0.81409155,0.00000000
0.83467327,0.00000000
0.83491831,0.00000000
0.76897893,0.00000000
0.75305873,0.00000000
0.72848079,0.00000000
0.69453067,0.00000000
0.70619665,0.00000000
0.70421488,0.00000000
0.69276064,0.00000000
0.64402919,0.00000000
0.67563245,0.00000000
0.64926139,0.00000000
0.64018278,0.00000000
0.61731246,0.00000000
0.89552246,0.00000000
0.94651079,0.00000000
0.60804959,0.00000000
0.69269182,0.00000000
0.67207888,0.00000000
0.67223326,0.00000000
0.66381015,0.00000000
0.62124125,0.00000000
0.70743721,0.00000000
0.71389931,0.00000000
0.72840194,0.00000000
0.76268872,0.00000000
0.74850865,0.00000000
0.71519296,0.00000000
0.93429763,0.00000000
0.89555363,0.00000000
0.81592700,0.00000000
0.86508173,0.00000000
0.88075914,0.00000000
0.92495580,0.00000000
0.88968745,0.00000000
0.85580727,0.00000000
0.84254055,0.00000000
0.82617414,0.00000000
0.84035831,0.00000000
0.86481984,0.00000000
0.83611385,0.00000000
0.91610961,0.00000000
0.89490522,0.00000000
0.88914868,0.00000000
0.87970926,0.00000000
0.84277180,0.00000000
0.85240170,0.00000000
0.89261639,0.00000000
0.90709165,0.00000000
0.89904445,0.00000000
0.87196507,0.00000000
0.94821942,0.00000000
0.93290889,0.00000000
0.92695905,0.00000000
0.90510550,0.00000000
0.92176548,0.00000000
0.88874667,0.00000000
0.87667025,0.00000000
0.90228663,0.00000000
0.92232911,0.00000000
0.89347602,0.00000000
0.87423283,0.00000000
0.85387556,0.00000000
0.89775980,0.00000000
0.91027586,0.00000000
0.92071252,0.00000000
0.91764371,0.00000000
0.91269653,0.00000000
0.92885921,0.00000000
0.92650501,0.00000000
0.92214008,0.00000000
0.92654032,0.00000000
0.89862684,0.00000000
0.89410792,0.00000000
0.88982453,0.00000000
0.88022449,0.00000000
0.88517501,0.00000000
0.90402932,0.00000000
0.89785298,0.00000000
0.89638966,0.00000000
0.92231273,0.00000000
0.92722569,0.00000000
0.92803142,0.00000000
0.89574820,0.00000000
0.91678260,0.00000000
0.90147752,0.00000000
0.88029891,0.00000000
0.95123763,0.00000000
0.92274593,0.00000000
0.90464345,0.00000000
0.90872789,0.00000000
0.93007868,0.00000000
0.97511479,0.00000000
0.98227166,0.00000000
0.93637500,0.00000000
0.89367080,0.00000000
0.92854769,0.00000000
0.96841873,0.00000000
0.93389458,0.00000000
0.93888642,0.00000000
0.97161403,0.00000000
0.96084783,0.00000000
0.95081837,0.00000000
0.91145834,0.00000000
0.92572401,0.00000000
0.97029246,0.00000000
0.96100043,0.00000000
0.98378134,0.00000000
0.96648649,0.00000000
0.96672883,0.00000000
0.91370764,0.00000000
0.90011950,0.00000000
0.86375822,0.00000000
0.94634431,0.00000000
0.95131130,0.00000000
0.88652151,0.00000000
0.87293930,0.00000000
0.93748544,0.00000000
0.88393486,0.00000000
0.91986519,0.00000000
0.87320841,0.00000000
