559.000,169.000,170.000,201.000
556.636,166.959,173.617,202.121
556.026,167.469,174.462,201.476
555.839,167.657,174.462,201.476
555.651,167.844,174.462,201.476
555.463,166.156,174.837,201.101
558.352,167.525,172.816,201.369
556.570,168.061,174.138,200.670
556.454,168.114,173.249,200.939
554.888,166.567,174.885,202.538
555.693,167.260,174.407,201.905
555.361,167.528,175.822,201.744
555.387,167.691,174.638,202.173
555.054,166.078,174.928,201.637
554.866,166.455,174.928,201.637
557.688,166.831,174.175,201.637
556.231,167.099,172.961,201.476
555.643,167.689,176.007,200.670
555.994,167.582,172.294,201.637
555.189,168.386,175.771,200.401
555.539,167.903,173.943,201.744
555.092,168.225,174.837,199.225
555.442,167.689,176.007,200.670
555.793,167.582,174.928,201.637
555.605,167.958,174.928,201.637
555.417,166.077,174.928,201.637
555.229,167.582,174.928,200.508
555.274,167.286,174.462,201.476
555.086,167.473,174.462,201.476
557.900,167.661,173.712,201.476
556.330,166.109,172.731,203.081
555.277,167.099,174.462,201.476
555.089,167.287,174.462,201.476
557.903,167.475,173.712,201.476
556.333,165.923,174.604,203.081
555.750,166.754,174.638,202.173
555.417,167.022,175.304,202.013
555.301,167.076,175.160,202.282
558.126,167.264,173.277,202.282
556.338,166.116,174.604,203.081
555.755,166.947,174.638,202.173
555.423,167.215,175.304,202.013
555.306,167.269,175.160,200.775
556.478,167.348,175.822,201.369
556.621,167.080,172.523,200.021
556.163,167.345,175.300,202.097
556.045,167.441,175.160,200.021
556.322,167.035,174.230,201.207
556.135,167.223,174.230,201.207
555.948,167.410,174.230,201.207
555.760,165.724,174.604,203.081
556.309,166.555,174.261,202.173
555.904,167.333,174.695,201.369
555.717,167.333,174.695,201.744
555.529,167.521,174.695,201.744
556.468,167.709,175.822,201.744
556.494,167.494,174.638,200.287
556.511,167.222,174.230,201.207
556.324,167.409,174.230,201.207
556.136,165.723,174.230,203.081
555.483,166.688,174.407,201.905
556.278,166.956,174.695,201.744
556.090,167.519,173.943,201.369
555.760,165.914,174.230,203.081
558.120,166.879,173.277,201.905
556.332,167.415,174.604,201.207
556.215,167.468,173.712,201.476
555.769,165.916,174.230,203.081
558.129,166.881,173.277,201.905
556.341,167.417,174.604,201.207
556.225,167.471,173.712,201.476
555.778,165.919,174.230,203.081
558.138,166.883,172.523,201.905
556.210,167.688,174.138,200.670
556.093,167.741,175.120,200.939
556.118,167.526,173.943,200.242
556.021,167.498,173.764,200.670
555.834,167.685,176.007,200.670
556.185,167.578,174.175,201.637
555.854,167.846,174.837,201.476
555.738,167.900,173.943,201.744
555.291,166.346,175.588,201.851
555.200,166.562,175.393,202.173
555.011,166.939,175.393,202.173
554.823,167.317,174.638,202.173
557.500,167.585,173.423,202.013
555.785,166.302,172.731,203.081
555.857,167.292,175.588,201.476
554.752,167.077,175.537,200.775
554.986,167.156,175.822,201.369
555.128,168.395,175.537,200.775
555.361,168.098,175.822,201.744
555.387,167.883,174.638,200.287
554.280,165.737,176.852,203.081
557.276,167.040,172.759,202.375
555.348,167.945,174.371,200.939
554.107,166.124,176.478,203.081
557.028,166.421,173.290,201.729
555.365,167.378,174.371,201.687
555.015,167.537,175.822,201.744
555.041,167.700,174.638,202.173
557.718,166.087,173.423,201.637
556.121,166.997,174.371,201.687
554.645,167.532,175.071,201.369
557.538,167.398,173.423,202.013
555.823,166.115,172.731,203.081
555.895,167.105,175.588,201.476
554.791,167.267,175.537,201.905
554.674,167.510,174.638,202.173
555.470,165.898,175.304,203.894
553.751,166.735,174.576,202.978
556.284,167.271,174.407,202.282
554.707,167.594,175.304,202.013
554.591,167.648,175.160,202.282
554.402,167.836,175.160,202.282
557.228,168.024,174.407,202.282
555.651,166.466,173.423,203.894
554.594,167.461,175.537,202.282
557.495,167.515,173.507,200.287
556.176,167.644,173.905,201.521
554.702,166.115,174.604,203.081
557.137,166.569,173.507,202.550
555.346,167.294,172.961,201.476
555.879,166.015,174.885,202.538
554.423,166.709,173.653,201.905
556.945,167.245,173.480,202.331
555.141,167.860,172.961,201.476
555.674,168.450,174.885,200.670
554.573,166.359,175.963,203.352
555.456,166.546,174.197,203.356
554.786,167.272,175.537,202.282
554.669,167.703,174.638,202.173
555.465,167.972,176.056,202.013
554.359,168.135,174.115,202.441
556.886,166.793,173.943,201.369
555.432,167.436,174.604,200.832
554.190,167.302,175.588,201.476
557.229,167.087,174.407,200.021
556.124,167.190,172.500,201.687
554.184,167.886,176.007,200.670
555.664,167.402,174.175,202.013
554.089,167.724,175.822,201.744
555.247,167.510,174.638,200.287
554.140,167.237,175.354,201.207
555.293,167.023,174.928,202.013
553.977,167.211,175.304,202.013
556.874,167.265,173.653,200.021
555.628,167.635,172.039,201.148
554.812,168.329,175.535,200.133
554.035,167.845,174.837,201.476
556.924,167.898,173.943,201.744
555.352,166.344,172.961,203.352
557.303,167.336,173.943,201.744
555.730,168.033,172.961,201.101
554.021,166.567,176.007,202.538
556.932,167.994,172.832,201.575
555.158,166.765,174.138,202.538
555.704,167.592,174.175,201.637
554.247,167.860,174.837,201.476
557.136,167.914,173.943,200.242
554.423,167.887,173.764,200.670
555.357,168.074,174.885,200.670
554.256,167.858,174.837,201.476
557.145,167.912,173.943,200.242
554.432,166.016,173.764,202.538
556.784,168.104,173.192,200.242
555.426,166.481,173.672,201.996
554.844,167.304,175.963,202.226
554.824,167.197,174.870,200.553
554.840,168.424,175.963,201.101
555.053,168.021,175.537,200.775
555.286,167.725,175.071,201.744
554.041,165.898,175.304,201.637
556.938,167.270,174.407,201.905
555.479,167.538,173.192,201.744
554.890,168.129,176.242,200.939
554.112,167.645,173.653,200.775
556.859,167.885,174.138,200.670
555.620,167.938,174.371,200.939
554.380,166.117,176.478,203.081
554.267,166.414,173.669,200.970
556.910,166.991,173.249,201.687
555.226,167.553,174.371,200.939
553.985,165.732,176.478,203.081
556.906,166.029,173.669,203.246
554.961,166.833,175.304,202.013
554.844,167.264,176.290,201.905
556.121,166.996,174.492,200.553
554.941,166.856,175.354,201.207
553.837,166.641,176.432,202.013
556.961,166.671,173.967,202.709
555.164,167.208,175.304,202.013
555.047,167.262,176.290,202.282
555.074,167.426,175.858,202.709
554.885,167.426,175.858,200.818
554.034,167.017,176.056,202.013
555.194,166.803,174.870,201.308
555.093,167.149,175.822,201.369
554.106,167.257,175.537,201.905
557.007,167.123,173.507,202.550
555.216,167.848,174.837,201.476
555.100,166.023,175.822,202.120
553.876,165.863,176.003,202.819
556.785,166.296,173.211,202.709
554.846,167.100,175.963,201.476
553.811,167.129,175.770,202.173
556.716,166.995,174.870,200.553
555.607,166.721,174.837,202.601
554.127,167.069,175.537,202.282
555.142,167.501,174.638,202.173
554.810,165.888,176.056,201.637
553.821,165.997,175.770,202.173
556.726,166.241,173.737,202.441
554.932,167.153,173.192,201.369
554.459,167.689,176.007,201.791
555.709,167.498,175.393,200.287
554.861,167.091,175.588,201.476
554.887,167.253,175.160,201.905
554.698,167.253,175.160,202.282
554.510,167.442,175.160,202.282
554.322,167.630,175.160,202.282
557.147,167.819,174.407,200.021
556.042,167.547,172.500,200.939
554.339,166.273,176.653,201.996
554.547,166.295,175.102,202.709
555.345,166.940,174.638,202.173
553.883,167.208,175.304,202.013
556.780,167.262,174.407,200.021
555.676,167.365,172.500,201.687
554.857,166.192,176.007,202.538
554.742,166.485,173.211,202.709
556.930,167.289,173.712,201.476
555.360,165.737,174.604,203.081
553.645,166.568,175.770,202.173
556.550,167.945,173.737,201.308
554.993,166.310,174.604,203.081
557.427,166.763,173.507,202.550
555.637,167.488,172.961,201.476
553.927,166.210,177.128,202.538
557.173,167.373,173.290,202.108
555.392,166.137,174.604,203.081
553.678,166.968,175.770,202.173
556.583,166.834,174.870,200.553
555.473,166.936,172.961,202.226
557.650,165.759,173.480,203.081
555.727,166.991,173.192,201.369
554.133,167.527,176.380,200.670
554.555,168.416,175.160,200.775
553.473,168.119,176.949,199.490
555.424,167.046,174.928,202.013
554.107,167.234,175.304,202.013
557.004,167.288,174.407,200.021
555.900,167.391,174.371,201.687
554.423,167.550,175.071,201.744
555.435,167.604,174.928,202.013
554.118,165.911,176.056,201.637
555.393,166.020,175.393,202.173
554.073,166.398,175.770,202.173
556.978,166.641,173.737,202.441
556.311,167.553,174.695,201.369
556.123,167.553,174.695,200.242
556.169,167.258,174.604,201.207
556.052,167.311,175.588,201.476
556.078,167.097,175.160,200.021
556.355,166.691,174.604,201.207
556.239,167.120,174.462,201.101
556.051,167.120,175.963,201.476
556.148,167.148,174.638,202.173
555.815,167.417,176.056,202.013
555.842,167.580,175.625,200.175
556.236,167.118,174.462,201.476
556.048,167.305,176.713,201.476
556.403,167.200,172.982,200.175
556.058,167.408,176.653,201.251
556.384,167.190,172.982,200.175
556.038,167.398,176.653,201.251
556.364,167.180,172.982,200.175
556.018,167.388,176.653,201.251
556.344,167.170,172.982,200.175
555.999,167.378,175.535,201.251
556.114,167.561,174.928,201.637
555.926,167.937,174.928,201.637
555.738,166.057,176.056,201.637
555.881,166.166,174.638,202.173
555.549,166.810,175.304,201.637
555.432,168.183,175.160,200.775
555.477,167.886,173.943,201.744
558.032,168.208,173.712,199.225
556.934,167.940,173.672,201.251
555.461,166.413,174.371,201.313
555.228,166.894,175.588,201.101
555.370,167.002,175.304,201.637
555.254,167.245,175.160,201.905
556.196,167.245,175.160,200.021
556.473,167.214,174.230,200.832
556.286,167.589,174.230,200.832
554.975,165.715,175.354,203.081
557.672,166.413,172.981,202.441
555.736,167.592,174.604,200.832
555.620,167.458,175.588,201.476
555.645,167.243,174.407,200.021
554.540,167.346,176.242,201.687
557.682,166.969,172.981,200.553
556.100,167.604,174.651,201.148
554.882,167.628,175.963,201.476
554.978,167.657,175.393,202.173
554.790,167.657,175.393,200.287
558.069,167.250,173.712,201.476
556.499,167.946,172.731,200.832
554.792,168.349,175.771,200.401
555.142,167.865,175.822,201.744
555.168,167.651,174.638,200.287
555.185,167.753,175.354,200.832
555.327,167.485,175.822,201.744
555.353,167.647,175.393,202.173
555.164,167.647,174.638,200.287
555.181,167.750,175.354,200.832
555.323,167.481,175.822,201.744
555.349,167.644,174.638,202.173
555.017,166.032,174.928,201.637
557.838,167.536,174.175,200.508
555.121,167.508,173.997,200.939
556.056,167.696,175.120,200.939
556.081,167.481,173.943,201.744
555.634,167.803,174.837,201.476
555.517,167.856,173.943,201.744
558.072,168.178,173.712,199.225
556.974,167.910,173.672,201.251
555.502,166.383,174.371,202.809
556.049,168.342,174.407,200.775
554.826,166.440,174.604,203.081
557.261,167.271,173.507,202.173
555.470,168.182,174.837,201.101
555.353,168.048,175.071,201.744
555.237,166.221,174.928,202.389
556.062,167.970,175.160,200.775
556.107,167.673,173.943,201.744
555.660,166.119,174.462,203.352
555.006,168.217,175.393,201.042
555.051,166.039,174.928,202.389
555.876,167.788,175.160,200.775
555.921,167.491,173.943,201.744
555.474,167.813,174.462,201.476
555.287,166.124,174.837,201.101
556.297,167.493,175.071,201.369
556.180,167.735,174.175,201.637
555.849,166.127,174.837,201.101
555.733,167.496,173.943,201.369
555.402,167.764,176.478,201.207
555.756,168.790,172.752,201.042
556.300,167.431,174.651,202.267
555.973,167.746,172.294,199.756
555.518,168.012,175.064,200.710
555.631,167.817,174.837,201.476
555.514,167.871,173.943,201.744
558.069,166.317,173.712,201.101
556.617,168.082,172.500,200.564
556.031,166.621,175.535,201.996
555.914,166.909,172.752,202.173
555.104,167.714,176.242,200.939
555.457,167.231,172.523,200.021
554.999,167.495,175.300,200.981
555.114,167.677,175.071,201.369
554.997,167.543,174.175,202.013
554.550,167.865,175.071,200.242
554.783,167.570,175.354,201.207
557.817,167.355,173.047,202.013
556.032,168.080,172.500,200.939
554.329,166.805,176.653,201.996
554.537,167.962,173.211,199.306
557.401,166.008,173.439,201.725
555.694,166.829,172.731,201.956
554.874,167.525,176.242,200.939
555.226,168.548,175.537,200.775
555.460,168.251,175.822,199.490
554.826,167.446,175.588,201.476
555.982,167.232,174.030,200.021
554.807,167.094,176.007,200.670
555.158,166.987,174.175,201.637
555.953,167.255,174.462,201.476
554.640,167.443,175.588,201.476
555.795,167.229,174.407,200.021
554.691,167.331,175.494,201.687
555.799,167.222,174.030,200.021
555.745,167.085,176.007,200.670
556.097,166.978,172.294,201.637
556.411,167.782,174.651,200.401
556.434,167.567,174.230,201.207
556.247,165.881,174.230,200.832
556.059,166.255,174.230,201.956
555.639,166.925,173.943,201.369
555.309,167.193,175.728,201.207
555.404,167.221,174.407,201.905
556.200,167.489,174.695,199.490
556.478,167.086,173.764,200.670
556.291,167.273,173.764,200.670
556.104,167.460,173.764,200.670
555.918,167.647,176.007,200.670
556.269,167.164,172.294,202.013
555.347,166.154,176.007,202.538
558.258,167.581,172.076,201.575
556.342,166.625,173.672,201.996
555.759,167.073,174.837,201.476
555.643,167.502,174.695,201.369
556.582,167.502,174.695,199.490
556.860,167.099,173.764,200.670
556.673,167.286,173.764,200.670
556.487,167.473,174.138,200.670
555.248,167.526,175.120,200.939
556.399,167.686,174.695,201.369
556.211,167.687,174.695,201.744
556.023,167.874,173.943,201.744
555.577,166.320,174.837,201.851
555.343,166.804,174.928,201.637
555.155,166.804,174.928,202.013
554.967,166.992,174.928,202.013
557.789,167.180,174.175,202.013
556.214,167.502,173.192,201.744
555.625,168.093,175.120,200.939
555.649,167.877,173.943,201.744
555.202,166.323,175.588,201.851
556.243,166.540,174.261,202.173
555.838,167.318,174.695,201.369
555.650,167.318,173.943,201.744
555.203,167.640,174.837,201.476
556.214,167.693,174.695,199.490
556.492,167.290,173.764,200.670
556.305,167.477,173.764,200.670
556.119,167.664,173.764,200.670
555.932,167.851,173.764,200.670
555.745,166.170,176.007,202.538
555.630,167.597,173.211,201.575
556.172,168.102,175.120,200.939
556.197,167.887,173.943,201.744
555.750,166.333,175.588,201.851
555.659,166.549,172.752,202.173
555.972,167.354,175.120,200.939
555.997,168.641,173.943,200.242
555.900,166.746,176.007,202.538
555.785,168.173,173.211,201.575
558.198,166.807,173.249,202.809
556.278,167.662,172.961,201.476
555.690,166.383,176.007,202.538
555.575,167.811,173.211,201.575
557.988,168.316,173.249,200.939
556.422,168.637,174.138,200.670
556.306,166.819,176.242,202.809
556.192,168.250,173.440,199.569
556.076,166.291,175.535,201.996
555.959,167.711,172.752,201.042
555.383,168.218,176.890,200.401
555.943,167.709,172.752,202.173
558.127,166.643,173.249,200.564
555.187,166.911,173.532,201.521
557.648,167.255,173.480,201.207
557.203,167.577,173.249,200.939
556.758,166.030,173.764,202.538
556.105,166.990,173.943,201.369
555.774,167.258,174.230,201.207
555.587,167.446,175.354,201.207
555.612,167.231,174.175,202.013
555.164,167.553,175.822,199.490
555.657,167.123,174.462,201.101
554.344,167.123,175.588,201.476
555.499,167.285,174.407,201.905
555.167,167.553,175.822,199.490
554.534,167.124,175.588,201.101
557.686,166.855,173.047,202.013
555.901,167.580,174.371,200.939
554.660,165.760,174.604,203.081
557.095,166.590,173.507,202.173
555.304,167.127,174.837,201.476
555.188,167.556,175.071,201.369
555.071,167.422,174.928,202.013
554.883,167.610,174.928,202.013
557.704,165.917,174.175,201.637
556.248,166.561,172.961,202.226
555.426,167.258,175.354,201.207
555.451,167.043,174.928,202.013
555.263,167.231,174.928,202.013
555.075,167.419,174.928,202.013
554.887,167.607,174.928,202.013
557.709,165.915,174.175,201.637
556.252,166.558,172.961,202.226
555.431,167.255,175.354,201.207
554.327,167.040,176.056,202.013
557.375,166.826,172.981,200.553
555.794,167.088,173.905,201.521
555.444,167.433,175.354,201.207
555.469,167.218,174.928,202.013
555.281,167.406,174.928,202.013
555.093,167.594,174.928,202.013
554.905,165.901,175.304,201.637
557.802,167.274,173.277,201.905
556.014,167.810,172.731,201.207
555.427,168.400,175.771,200.401
554.650,167.916,175.071,201.744
557.543,166.089,174.175,201.637
556.087,167.858,172.961,201.101
554.378,168.260,177.128,200.670
557.961,167.375,172.981,200.553
556.380,167.637,173.905,200.401
555.143,167.690,174.885,200.670
554.041,167.474,175.963,201.476
557.155,167.503,173.507,202.173
555.364,166.163,174.837,203.352
557.803,166.996,172.604,202.441
555.797,167.935,174.371,200.939
555.680,166.114,175.728,203.081
555.426,166.678,175.102,202.709
555.092,166.946,175.770,202.550
557.997,167.001,173.737,200.553
556.676,167.129,174.885,201.791
556.467,167.206,174.928,202.013
556.279,167.395,174.928,202.013
556.090,167.583,174.928,202.013
555.902,165.890,174.928,201.637
555.714,165.890,176.056,202.013
555.741,166.054,175.625,202.441
555.552,166.431,175.625,202.441
555.363,166.809,175.625,202.441
555.175,166.809,175.625,200.553
556.579,166.777,175.822,201.369
556.722,166.886,172.523,201.905
555.914,167.690,176.007,200.670
556.266,167.207,174.928,202.013
556.078,167.395,174.928,202.013
555.890,167.583,174.928,202.013
555.702,165.890,176.056,201.637
555.845,165.999,174.638,202.173
555.512,166.267,176.056,202.013
555.539,166.053,175.625,202.819
555.350,166.620,175.625,202.441
555.161,166.620,175.625,202.819
557.994,166.809,173.737,200.553
556.672,166.937,174.138,201.791
555.197,167.283,174.837,201.476
555.080,167.336,176.949,200.242
554.656,166.881,175.537,201.905
557.557,166.747,174.638,202.550
555.978,167.070,173.653,200.775
554.615,167.309,177.128,200.670
554.044,166.801,176.003,202.441
556.953,167.046,173.967,201.197
555.510,167.602,175.354,200.832
554.525,167.334,175.071,201.744
557.418,167.388,174.175,202.013
555.843,167.710,173.192,201.744
556.376,166.430,175.120,200.564
555.392,166.537,174.837,202.226
556.172,168.204,175.160,200.775
555.090,167.907,175.071,201.744
554.973,166.080,176.056,201.637
555.116,166.189,175.393,202.173
554.928,166.566,175.393,202.173
554.739,166.944,175.393,202.173
557.568,167.321,173.884,202.173
555.966,167.857,172.961,201.476
554.257,166.579,177.128,202.538
555.607,166.604,174.427,203.246
554.935,167.518,175.393,202.173
554.747,167.518,175.393,200.287
558.026,167.111,173.712,201.476
556.456,167.807,172.731,201.956
554.513,166.633,176.616,202.809
555.608,166.794,174.427,201.729
555.286,167.349,175.822,201.369
554.299,167.081,175.537,202.282
557.200,167.513,173.507,202.173
555.409,165.798,174.837,203.727
555.959,166.819,174.492,202.441
554.425,167.221,176.056,202.013
555.584,167.007,174.870,202.819
554.003,167.330,175.770,202.550
556.908,167.384,174.870,201.308
555.681,167.354,173.192,201.744
555.091,167.944,176.242,200.939
554.314,167.461,175.537,202.282
557.215,167.515,174.638,200.287
556.108,167.243,172.731,202.331
555.287,168.126,176.242,200.939
554.510,167.643,175.537,202.282
557.411,165.812,173.507,202.173
555.620,166.348,174.837,202.601
555.271,167.073,174.407,201.905
556.066,167.341,175.822,200.242
556.441,167.153,174.695,201.369
556.254,167.529,174.695,201.369
556.066,167.529,174.695,201.744
555.878,167.717,174.695,201.744
555.690,167.905,174.695,201.744
555.502,168.093,174.695,201.744
556.442,168.281,175.822,201.744
556.468,166.180,174.638,202.173
556.135,166.448,174.175,203.142
555.454,167.067,175.160,200.775
555.499,166.770,174.695,201.744
556.438,167.334,175.071,201.369
556.322,167.576,174.175,201.637
555.991,167.844,175.588,201.476
556.016,167.629,175.160,202.282
555.828,167.818,175.160,202.282
555.640,168.006,175.160,202.282
555.451,166.311,175.160,201.905
555.263,166.688,175.160,201.905
558.088,167.065,173.277,201.905
556.300,167.601,174.604,201.207
556.184,167.654,174.462,201.476
555.996,167.842,175.588,201.476
556.022,167.627,175.160,202.282
555.834,167.816,175.160,202.282
555.645,168.004,175.160,202.282
555.457,166.309,175.160,201.905
555.269,166.686,175.160,201.905
558.094,167.063,173.277,201.905
556.306,167.599,174.604,201.207
556.189,168.027,174.462,201.101
556.002,166.152,176.713,203.352
555.891,167.589,173.898,202.375
556.432,168.092,175.822,201.744
556.458,167.878,174.638,200.287
556.475,165.732,174.230,203.081
555.821,166.697,174.407,201.905
555.489,167.340,174.695,201.369
556.428,167.340,175.822,201.744
556.455,167.503,174.638,202.173
556.122,165.891,174.175,203.894
555.325,166.751,175.393,202.550
555.136,166.940,175.393,202.550
556.079,167.128,174.261,202.550
555.558,167.585,175.304,202.013
555.441,167.639,175.160,202.282
555.253,167.828,175.160,202.282
558.078,168.016,173.277,202.282
556.290,166.867,174.604,200.832
556.174,167.108,174.462,202.226
555.753,167.403,175.304,202.013
555.636,167.457,175.160,202.282
555.448,167.646,175.160,202.282
555.260,167.834,175.160,202.282
558.085,168.023,173.653,202.282
556.368,168.613,172.961,201.476
555.779,167.335,176.007,202.538
555.664,167.249,173.211,200.818
555.201,167.510,176.007,201.791
556.451,167.696,174.261,202.173
556.046,168.099,174.695,201.744
555.858,168.287,174.695,201.744
555.670,166.596,174.695,201.369
555.483,166.972,174.695,201.369
558.300,167.347,172.816,201.369
556.518,166.015,174.138,202.538
555.936,166.842,174.175,201.637
555.604,167.111,175.588,201.476
555.630,167.273,174.407,201.905
558.304,167.541,173.943,201.744
556.731,168.238,172.961,201.101
556.143,168.640,174.885,200.670
556.167,168.425,174.462,201.476
555.979,168.613,175.588,199.225
556.471,167.809,174.230,201.207
556.284,167.996,174.230,201.207
556.097,168.184,174.230,201.207
555.909,168.371,174.230,201.207
555.722,168.558,174.230,201.207
555.534,166.872,176.478,200.832
555.888,167.711,172.752,202.173
558.073,168.515,173.249,200.939
556.507,168.836,174.138,200.670
555.268,167.018,174.371,202.809
557.698,167.470,173.277,200.775
556.147,168.084,172.270,201.417
556.449,166.912,174.651,202.267
556.122,167.604,172.294,201.637
556.437,168.408,174.651,200.401
556.460,168.193,174.230,201.207
556.273,168.380,174.230,201.207
556.085,168.567,174.230,201.207
555.898,166.881,174.230,200.832
555.711,167.256,173.480,200.832
555.382,167.524,175.259,200.670
555.476,168.678,173.943,200.242
555.379,168.650,176.007,200.670
555.730,168.167,174.928,199.756
556.009,167.763,174.371,200.939
555.892,167.816,173.480,201.207
555.446,168.137,174.371,200.939
555.330,168.190,175.354,201.207
555.355,166.095,174.928,201.637
555.167,166.471,174.928,201.637
554.979,166.847,174.175,201.637
557.649,167.115,172.961,201.476
555.940,168.079,172.270,200.296
555.355,168.481,175.300,199.864
555.703,166.123,173.480,203.081
556.035,167.355,174.695,201.369
555.847,167.355,173.943,200.242
555.750,167.328,175.259,200.670
555.844,167.354,172.065,201.369
558.022,168.159,173.672,200.133
555.293,168.211,173.532,200.401
556.226,168.398,174.651,200.401
556.250,166.309,173.480,203.081
556.582,168.667,173.943,200.242
556.485,166.772,173.764,202.538
555.832,167.357,172.065,200.242
556.376,167.866,175.064,200.710
556.490,167.671,171.836,201.476
555.572,166.665,175.535,201.996
555.454,166.954,175.393,202.173
555.266,167.331,175.393,200.664
556.554,167.355,175.071,201.369
556.438,167.597,174.175,201.637
556.106,167.865,173.712,201.476
555.660,166.313,176.478,200.832
556.014,166.020,174.638,202.173
555.681,166.664,175.304,201.637
555.565,166.907,174.407,201.905
556.360,167.551,175.071,201.369
556.243,167.793,172.294,201.637
556.558,166.732,174.651,200.774
556.465,166.944,173.712,202.226
555.902,167.507,175.588,201.476
555.927,167.292,175.160,200.021
556.205,167.261,174.230,200.832
556.018,167.261,174.230,201.207
555.831,167.449,174.230,201.207
555.643,165.763,176.478,201.582
555.881,166.844,175.625,201.308
555.925,166.922,174.407,201.905
555.593,167.566,174.695,201.369
556.532,167.566,175.822,200.242
555.781,167.378,173.192,201.369
555.308,166.046,176.007,202.538
555.193,167.473,175.858,201.575
555.237,167.551,175.393,202.173
555.049,165.666,175.393,202.173
554.860,166.043,175.393,202.173
554.672,166.420,175.393,202.173
557.501,166.797,173.884,202.173
555.898,167.334,174.837,201.476
554.655,167.387,175.071,201.744
557.548,167.441,174.175,202.013
555.973,167.763,173.192,201.744
554.261,166.482,176.242,202.809
557.177,166.777,173.061,202.978
555.163,167.716,174.837,201.476
555.047,167.769,175.822,201.744
555.073,167.555,175.393,200.287
554.225,167.148,175.963,201.476
557.339,166.800,173.507,202.550
555.548,167.525,174.837,201.476
555.432,167.578,176.198,201.744
554.396,167.230,176.003,201.308
555.759,167.308,175.160,201.905
554.441,167.308,175.537,202.282
557.342,167.363,173.884,202.550
555.621,167.953,173.192,201.744
556.154,166.673,175.120,201.313
556.062,166.887,174.175,201.637
555.731,167.155,174.837,201.476
555.615,167.584,174.695,201.369
556.554,167.584,175.822,200.242
555.802,167.396,173.192,201.369
555.329,166.064,176.007,202.538
558.240,166.357,172.832,202.709
556.230,167.296,174.604,201.207
556.114,167.349,173.712,201.476
555.667,165.797,176.478,203.081
555.555,167.231,173.669,202.108
557.972,167.735,173.712,201.476
556.402,166.183,174.604,203.081
555.819,167.014,172.752,202.173
558.004,167.819,173.249,200.939
556.438,166.272,174.138,202.538
555.855,166.722,174.175,202.013
556.534,167.420,174.695,201.369
556.346,167.420,174.695,201.744
556.159,167.608,174.695,201.744
555.971,167.796,174.695,201.744
555.783,167.984,174.695,201.744
555.595,168.172,174.695,201.744
556.535,166.482,175.822,201.369
555.547,166.590,173.653,201.905
555.072,167.126,175.354,201.207
553.968,166.912,176.056,202.013
557.016,168.208,174.870,201.308
555.789,168.178,173.192,201.744
555.199,166.897,176.242,201.313
555.435,166.467,174.638,202.550
554.986,167.167,175.537,201.905
554.870,167.410,174.638,202.173
557.547,167.678,174.175,202.013
555.972,168.000,173.192,201.744
554.260,166.719,176.242,201.313
557.513,166.666,173.507,202.173
555.723,167.203,172.961,201.476
555.134,167.793,176.007,200.670
554.357,167.309,176.056,202.013
555.517,167.095,174.870,200.553
554.408,167.196,175.963,202.226
555.521,167.089,174.870,201.308
555.420,167.434,175.822,201.369
554.433,167.166,175.537,202.282
557.334,167.221,173.507,202.550
555.543,167.946,174.837,201.476
555.426,167.999,175.822,201.744
555.453,167.785,175.393,200.287
554.605,167.378,175.588,201.476
557.644,167.164,173.277,202.282
555.856,167.888,172.731,201.207
556.388,166.612,174.651,202.267
554.934,166.927,173.423,202.013
557.340,167.517,173.480,201.207
555.772,167.839,174.371,200.939
555.656,166.019,175.354,203.081
555.331,166.716,174.870,202.441
558.011,167.361,172.523,201.905
556.083,166.297,172.270,202.538
558.026,167.284,173.249,200.939
556.460,167.979,172.270,201.417
555.642,166.808,174.651,202.267
555.316,167.123,174.928,202.013
555.128,167.311,174.928,202.013
554.940,167.499,174.928,202.013
557.762,165.806,174.175,202.389
556.069,166.559,173.423,201.637
555.595,167.469,175.120,201.687
555.503,167.494,174.928,202.013
555.315,165.802,174.928,203.894
555.795,166.772,173.967,202.709
555.126,167.308,174.928,202.013
554.938,167.497,174.928,202.013
557.760,165.804,174.175,201.637
556.303,166.447,172.961,201.101
558.704,167.223,173.017,202.538
555.288,166.203,174.230,203.081
557.648,166.790,173.277,202.282
556.984,167.515,173.480,201.207
556.539,167.837,173.997,200.939
555.229,168.024,175.120,200.939
558.259,165.930,173.943,202.120
555.066,166.682,174.695,202.496
557.658,166.977,173.653,202.282
560.068,167.568,171.461,201.476
558.335,166.327,171.206,203.214
559.858,167.785,171.896,200.670
558.460,166.278,172.834,201.825
557.691,166.909,173.249,202.061
558.137,167.523,172.356,201.207
557.479,166.011,172.554,202.369
556.945,166.913,172.874,202.061
559.190,165.791,172.126,202.809
561.061,166.913,168.384,202.061
562.187,166.787,168.717,201.575
563.479,166.418,166.133,201.575
567.816,167.237,161.121,202.133
570.723,171.869,158.919,197.205
570.380,168.679,159.605,200.747
573.174,169.121,157.241,199.864
575.431,167.117,154.502,201.741
579.117,168.250,151.374,201.950
582.668,168.024,146.373,200.650
584.475,167.114,145.162,202.814
585.572,168.169,144.342,200.361
585.521,167.852,144.444,201.336
584.284,167.727,145.893,201.927
579.905,168.338,150.185,200.361
576.883,167.144,153.104,201.708
570.088,168.825,160.716,200.807
563.043,167.799,167.970,200.342
558.905,167.729,170.740,201.217
557.789,167.004,173.715,201.183
554.841,167.313,175.868,200.939
553.995,167.340,177.185,200.132
554.702,166.697,175.393,202.173
557.531,167.074,173.884,199.910
556.401,167.388,174.651,201.148
555.558,167.412,175.213,201.476
555.512,167.707,176.056,200.132
554.878,168.592,175.822,200.242
555.254,168.028,176.198,199.490
554.808,167.223,176.713,201.476
554.030,167.118,176.003,202.441
553.914,167.362,176.993,200.440
554.525,166.496,176.524,202.550
554.553,166.661,175.333,202.978
553.085,166.929,176.758,200.553
553.579,167.628,177.656,201.042
554.289,167.172,176.236,200.440
554.755,166.950,176.056,201.637
553.767,167.059,175.770,202.173
553.650,166.925,177.891,200.553
553.343,166.225,176.236,202.709
553.227,167.606,177.227,201.841
553.606,167.038,177.605,201.084
554.290,166.603,176.236,201.197
554.523,166.492,176.524,202.173
553.533,166.602,176.236,202.709
553.416,166.847,177.227,202.978
553.562,166.579,175.796,201.615
553.575,166.677,177.656,202.173
553.936,166.387,175.796,203.514
553.599,166.655,177.227,201.084
554.094,166.221,176.236,202.709
553.978,166.465,175.333,202.978
553.643,167.111,177.136,202.441
553.860,167.088,176.323,200.970
553.123,166.998,176.667,201.905
553.339,166.974,177.371,201.197
553.906,166.596,175.858,201.197
554.066,166.618,176.667,201.905
554.282,166.594,175.858,200.440
553.548,166.506,176.198,202.496
553.529,166.777,175.858,200.440
553.923,167.816,176.198,201.369
553.005,167.413,177.656,201.042
552.581,166.958,177.371,200.440
553.265,166.335,176.758,202.441
553.409,166.446,177.227,202.978
553.555,166.557,173.898,203.514
552.735,167.362,178.550,202.282
553.310,166.858,176.260,201.766
553.438,166.898,176.758,202.441
553.583,166.630,177.227,201.084
568.071,166.196,161.865,202.709
577.918,168.176,150.875,201.288
574.791,167.908,155.383,201.823
555.301,168.091,175.211,201.457
554.126,168.001,176.056,202.013
554.153,167.787,176.003,200.553
554.502,167.245,176.056,202.013
554.529,167.031,175.625,202.819
554.340,167.220,175.625,202.819
554.151,167.409,176.003,202.819
555.169,167.464,175.858,203.088
554.980,167.653,175.102,203.088
554.530,166.088,176.003,202.441
554.413,166.332,175.102,202.709
555.210,166.977,175.393,202.173
553.890,167.355,175.770,202.173
554.907,167.221,176.758,202.819
556.072,167.007,174.427,201.350
554.742,167.132,176.713,201.476
553.964,167.027,176.003,202.441
554.982,167.271,175.102,202.709
554.648,167.539,174.638,200.287
557.662,167.641,173.480,200.832
554.718,166.041,175.633,202.538
554.533,166.467,175.625,202.441
554.344,166.845,175.625,202.441
554.155,166.845,175.625,200.553
557.438,166.813,173.943,201.369
554.485,167.081,174.230,201.207
557.295,167.269,173.480,201.207
555.727,167.590,174.371,200.939
554.486,165.770,176.478,203.081
554.374,166.066,173.669,203.246
556.566,166.871,174.175,202.013
556.118,167.193,174.695,201.744
555.930,165.502,174.695,203.623
555.276,166.093,175.625,202.819
555.088,166.282,175.625,202.819
557.920,166.471,173.737,202.819
556.127,167.196,175.071,201.744
556.010,167.250,174.928,202.013
555.822,167.438,176.056,202.013
555.848,167.224,175.625,200.553
556.126,166.816,174.695,201.744
555.938,167.004,174.695,201.744
555.750,167.192,174.695,201.744
555.562,167.380,174.695,201.744
555.375,167.568,176.949,199.490
555.069,166.495,176.056,202.013
555.095,166.281,175.625,202.819
557.928,166.847,173.737,202.441
556.134,167.384,175.071,201.744
556.018,167.438,174.928,202.013
555.830,167.626,176.056,202.013
555.856,167.412,175.625,200.553
556.134,167.004,175.071,201.744
556.017,167.058,174.928,202.013
555.829,167.246,176.056,202.013
555.856,167.032,175.625,200.553
556.133,166.624,174.695,201.744
555.945,166.812,174.695,201.744
555.757,167.000,174.695,201.744
555.570,167.563,175.071,201.369
555.453,167.429,176.056,202.013
555.480,167.215,174.870,200.553
555.496,167.316,175.588,202.226
555.405,167.343,175.393,202.550
555.216,167.532,175.770,200.287
555.566,167.367,174.695,201.369
555.378,167.367,176.949,201.744
555.735,168.397,173.211,201.575
555.154,167.031,176.242,200.564
555.507,166.738,175.160,201.905
555.319,167.115,175.160,201.905
555.130,167.115,176.290,200.021
555.624,166.683,175.304,201.637
555.507,166.926,175.160,201.905
555.319,167.303,175.160,201.905
558.144,167.303,174.407,181.940
555.821,167.320,175.486,170.492
556.675,166.715,175.164,142.277
557.629,166.718,174.835,127.728
556.798,167.162,174.703,119.062
556.402,167.521,159.043,108.819
558.152,157.868,176.106,103.344
556.520,189.280,230.966,54.027
555.277,127.519,227.413,104.874
703.919,119.671,80.380,228.156
723.502,174.913,50.973,167.291
723.631,97.343,46.088,96.433
700.996,98.410,60.639,93.630
579.938,138.427,177.967,52.121
704.258,162.943,75.115,182.283
721.872,173.141,46.220,204.586
718.322,102.243,52.930,278.663
724.122,158.427,39.629,191.337
729.097,112.330,10.000,73.676
751.764,161.328,28.627,29.990
724.756,121.012,16.705,24.969
730.074,116.925,22.438,26.991
739.064,122.893,36.896,13.075
742.457,113.274,13.735,10.000
743.963,92.646,10.000,19.256
736.525,79.667,10.000,25.745
727.088,62.072,10.000,36.191
718.914,85.405,10.000,10.000
713.189,69.295,10.000,15.688
706.861,51.575,10.000,29.340
703.025,38.217,10.000,18.674
700.981,45.215,10.125,57.201
701.919,95.312,21.011,75.261
694.176,83.158,39.220,53.947
639.873,78.651,100.238,41.789
604.868,67.025,37.574,34.335
586.412,56.026,50.137,56.044
581.645,56.771,43.048,104.635
522.025,55.665,101.195,157.444
423.068,23.989,208.164,194.775
424.333,26.624,207.246,189.908
415.946,25.059,213.296,190.258
408.891,29.468,216.519,191.521
408.294,29.418,220.975,192.029
408.723,21.556,223.416,202.393
406.765,10.790,225.628,212.431
429.306,1.754,202.019,222.615
413.944,0.938,216.179,220.426
410.543,2.720,220.795,223.419
407.536,4.139,224.585,223.251
407.325,4.604,224.560,226.801
409.835,5.977,224.960,226.766
412.424,5.399,222.947,228.826
410.389,5.851,226.565,228.826
409.284,4.054,228.320,228.775
408.554,3.094,229.322,231.611
411.136,2.208,227.387,231.999
413.115,0.000,222.509,230.842
410.485,0.000,227.317,230.667
407.295,0.000,231.406,228.516
407.480,0.000,230.575,231.157
409.059,0.000,229.267,213.571
410.671,0.000,223.827,216.262
405.793,0.000,229.175,218.311
406.211,0.359,228.339,220.728
405.701,0.000,227.111,220.905
404.959,1.534,228.594,220.975
404.449,0.000,227.364,222.327
403.323,0.000,227.364,221.469
402.453,0.000,226.858,220.794
2.000,389.000,169.000,230.000
0.000,388.748,171.755,229.319
0.000,388.618,170.878,230.375
0.041,387.823,171.193,231.567
0.000,388.383,170.959,231.246
0.000,388.926,170.694,232.150
0.000,388.581,170.669,232.043
0.000,388.182,170.656,10.000
123.610,303.580,39.445,55.721
159.885,249.526,40.910,182.827
150.396,281.744,72.696,150.412
150.692,282.331,71.894,150.077
150.846,282.244,74.501,152.748
151.356,280.224,76.471,155.292
149.459,279.133,80.700,157.257
151.004,280.376,80.769,158.606
149.692,279.685,86.566,161.575
152.191,276.769,87.734,166.220
151.507,268.600,95.880,175.538
151.676,260.046,102.813,185.376
151.074,257.847,110.655,187.284
152.231,260.147,131.106,183.836
151.925,259.179,159.056,179.559
151.306,258.668,155.558,176.186
150.481,260.859,140.295,170.145
150.956,261.086,127.268,168.143
149.511,259.559,79.443,162.696
150.083,286.279,69.650,129.512
149.930,287.164,67.484,123.942
149.983,286.334,69.941,124.136
150.621,282.721,73.891,128.936
149.425,280.099,79.608,137.505
150.662,280.521,77.554,141.274
150.871,279.263,82.165,144.837
151.730,280.415,80.885,147.343
149.544,281.508,84.602,146.687
150.792,280.779,88.352,148.592
150.193,278.843,90.239,149.938
151.487,279.914,87.186,147.563
150.565,279.656,84.032,145.807
149.367,280.315,79.337,138.728
150.376,285.807,69.965,121.021
149.363,289.094,59.070,100.787
150.456,298.215,47.764,82.853
151.142,302.831,44.878,71.982
151.226,303.351,44.938,67.294
152.125,302.770,43.362,66.803
152.627,303.324,42.573,69.047
152.637,302.458,46.136,73.166
152.859,301.043,47.789,83.106
152.074,299.818,53.663,90.746
151.592,286.501,68.774,111.776
151.739,285.148,71.464,118.346
151.389,283.202,72.532,133.835
151.297,279.774,78.249,147.211
150.842,277.662,92.711,155.953
150.036,259.631,112.610,184.315
152.076,258.557,127.869,195.412
150.146,259.999,149.146,198.861
151.649,258.785,159.239,209.561
152.646,260.443,164.557,212.827
154.367,261.195,167.485,212.073
153.242,258.978,169.735,215.375
152.004,258.747,172.211,214.690
151.442,257.467,176.033,216.093
151.552,261.198,175.813,212.929
152.340,253.441,172.301,219.539
152.089,259.295,173.581,214.446
151.986,255.681,168.766,214.723
151.745,255.547,188.308,212.323
153.853,259.657,186.493,204.102
153.333,254.658,178.157,204.724
154.507,259.561,171.986,196.446
152.136,259.479,172.678,195.138
153.908,258.877,176.488,197.079
152.587,258.522,182.861,200.401
152.052,259.859,187.764,203.092
152.047,260.476,188.165,202.248
152.363,260.801,160.966,205.896
154.439,258.356,155.719,208.963
154.645,256.289,152.057,210.930
153.558,258.813,145.983,206.599
152.842,259.549,140.460,205.475
152.997,258.875,137.429,205.463
152.358,259.259,133.994,202.001
151.444,260.041,135.822,202.085
151.032,258.267,136.646,203.643
153.858,258.502,136.340,204.844
151.079,251.823,139.891,212.514
153.371,256.254,140.830,210.900
152.680,252.974,145.663,215.388
152.448,256.038,148.255,216.708
152.688,252.843,149.928,217.718
153.146,251.751,151.183,217.008
151.849,253.265,151.601,214.345
152.524,253.889,142.305,210.930
152.158,256.937,140.258,206.568
152.109,252.910,135.587,208.150
154.014,254.790,128.416,206.071
154.392,258.824,124.403,201.911
151.259,259.240,126.229,198.858
152.528,258.130,122.740,196.956
152.911,256.105,115.128,193.850
154.235,258.199,107.395,189.362
151.947,259.761,104.831,183.383
153.276,260.942,102.726,180.188
153.384,257.521,109.055,184.575
152.219,259.451,114.225,183.840
152.464,259.395,112.576,181.631
152.668,260.076,111.024,181.987
152.390,258.276,114.426,184.164
154.961,258.223,112.189,183.978
154.678,259.029,113.332,184.092
154.671,259.416,113.923,184.474
154.764,255.325,115.768,189.465
154.802,259.877,116.583,183.922
155.637,258.910,115.500,185.562
155.930,258.764,117.845,187.028
153.640,258.081,120.048,189.581
154.442,258.903,119.048,186.427
155.529,258.796,115.682,187.536
155.521,257.231,112.746,190.075
154.437,256.703,111.982,193.477
155.035,255.618,110.198,196.235
154.740,255.913,110.198,200.360
153.881,257.274,114.892,199.425
154.335,256.340,124.595,203.415
154.175,257.669,130.650,204.261
152.105,259.033,137.409,201.860
155.410,258.529,136.136,201.535
153.165,258.469,135.983,198.999
152.586,259.070,133.844,194.173
153.040,259.358,134.872,190.048
153.779,259.787,134.677,189.510
154.524,258.494,134.467,188.574
154.202,260.051,135.112,189.602
153.778,260.258,135.960,189.510
153.566,258.514,123.196,189.458
155.158,260.173,124.910,191.346
153.825,259.853,123.243,193.844
151.657,258.614,129.436,196.012
153.820,258.319,130.217,196.921
152.872,259.299,129.547,198.809
154.698,259.786,128.143,198.156
153.023,259.606,128.940,200.113
154.448,259.947,126.734,199.108
152.274,259.599,128.536,198.531
153.889,259.770,127.544,200.107
151.708,259.614,127.424,199.140
153.184,258.010,130.536,202.028
154.720,260.175,128.114,192.821
153.958,259.671,131.527,194.144
153.768,259.414,140.230,192.096
154.207,259.492,139.354,190.954
154.631,259.910,138.505,191.751
154.737,258.263,141.881,194.067
154.262,259.301,141.835,194.317
154.654,259.653,141.716,195.275
153.881,260.006,142.928,195.902
154.290,259.083,142.781,195.738
154.731,259.564,142.568,196.450
154.960,258.914,142.111,195.738
155.172,259.206,145.363,196.490
156.055,258.560,144.273,196.767
155.701,258.827,148.354,195.558
154.138,259.714,151.821,193.785
153.753,260.722,149.154,193.487
155.193,259.837,145.933,195.938
155.346,259.253,144.612,196.428
156.066,259.881,144.860,197.536
155.682,259.758,144.612,196.767
155.389,258.529,144.185,197.199
155.896,258.866,146.886,198.212
155.880,259.229,152.727,199.877
154.615,258.811,159.801,199.664
154.038,258.851,160.598,198.154
155.044,260.061,156.444,197.520
155.083,259.508,150.731,197.571
156.129,260.813,130.664,192.540
154.117,260.515,119.122,191.866
154.359,258.692,119.245,196.421
154.184,259.693,125.421,198.098
155.025,259.941,124.369,201.074
155.145,260.097,124.763,200.445
155.462,259.939,129.197,202.028
153.386,260.618,128.817,204.231
150.914,259.815,135.709,205.511
153.174,260.832,133.532,205.151
151.617,259.596,136.646,206.296
154.051,260.549,132.450,206.071
150.175,260.087,135.573,207.988
152.072,259.532,137.157,210.777
150.473,261.357,133.543,207.128
151.943,259.307,136.598,210.894
150.271,261.495,141.982,210.595
153.412,260.171,148.162,213.589
151.983,258.688,151.020,213.707
151.241,259.436,143.153,210.053
151.299,260.310,136.092,204.485
153.849,260.966,123.642,203.174
153.506,258.208,121.155,207.105
152.238,259.318,136.378,210.276
153.950,261.348,145.165,210.285
152.401,260.190,141.269,209.805
151.344,260.312,131.665,202.667
153.052,259.898,121.050,202.841
152.100,257.184,127.972,210.464
151.668,258.887,139.682,211.660
150.610,260.088,143.864,206.503
151.437,259.788,135.308,203.307
153.986,261.792,119.248,197.971
153.310,259.559,121.216,202.436
154.950,261.348,128.913,205.445
152.320,258.882,145.571,208.099
153.279,260.072,145.746,203.626
155.046,260.059,127.369,198.129
153.190,260.176,117.401,195.668
154.803,258.109,113.566,198.285
155.064,257.435,126.273,204.442
155.155,260.585,140.566,202.325
153.852,260.446,138.444,198.887
153.984,260.572,123.234,197.639
154.320,257.466,112.244,195.723
154.672,261.290,110.946,194.305
152.787,260.785,128.248,197.373
154.453,260.368,137.661,199.799
154.193,260.618,134.859,199.300
153.365,260.506,133.235,198.211
156.152,260.610,132.870,199.631
153.441,261.272,133.727,199.938
152.806,260.321,136.964,200.530
152.964,261.086,138.636,200.326
153.547,259.815,134.801,201.535
152.934,260.212,138.009,200.740
153.306,260.632,136.265,201.233
153.116,260.422,133.993,198.999
152.716,260.464,132.174,197.607
152.129,259.580,126.875,191.608
154.384,260.488,122.989,185.109
151.823,261.189,128.112,179.176
152.720,261.199,127.534,169.438
153.137,260.470,107.252,156.458
152.760,257.954,42.320,132.152
77.272,267.452,115.408,117.209
151.527,260.317,46.157,127.049
153.565,295.584,56.209,104.893
153.320,282.085,71.338,123.416
152.122,279.465,74.109,121.885
151.820,286.659,64.231,102.350
84.923,263.209,113.644,113.807
79.379,271.176,107.661,105.840
78.527,282.229,89.501,95.269
81.076,281.184,90.695,95.878
81.334,268.131,108.514,108.514
80.972,262.763,117.726,110.763
153.323,290.939,48.695,88.702
153.462,300.162,47.364,82.492
152.534,302.358,44.700,72.826
82.093,264.997,112.953,113.641
81.564,275.032,105.608,103.110
77.701,273.056,101.416,105.389
78.082,270.453,102.930,107.073
75.971,262.009,114.507,115.348
76.616,261.003,120.580,116.208
76.441,261.488,120.930,116.899
76.186,262.551,121.441,116.916
78.206,263.024,119.548,115.492
77.898,264.929,115.453,112.625
78.242,279.176,101.276,97.161
80.024,279.497,98.505,97.909
79.144,270.456,108.326,107.146
78.327,265.599,118.800,110.391
79.175,266.376,118.940,111.822
75.320,266.588,121.105,111.398
79.347,267.157,114.680,110.028
79.283,283.451,94.097,94.998
79.691,287.343,87.214,91.006
79.365,281.055,94.652,96.438
77.834,269.688,109.401,107.485
77.172,264.594,118.107,113.114
77.164,264.868,121.367,114.187
78.707,265.178,119.223,113.568
78.873,268.345,118.889,109.798
79.894,268.944,116.848,109.517
80.305,269.995,115.799,107.641
78.501,270.819,117.173,106.886
79.938,269.803,114.297,108.470
80.193,269.822,113.787,107.986
77.783,269.842,115.942,107.502
78.733,269.256,115.831,108.228
79.500,268.910,114.297,110.487
79.245,270.802,113.682,107.604
79.575,272.083,113.908,105.930
80.401,272.882,113.137,105.213
81.224,273.677,113.240,103.839
79.876,272.840,115.068,104.429
81.409,273.007,112.001,104.315
79.575,272.528,114.802,104.838
80.976,271.582,113.758,106.291
77.545,271.241,116.438,105.873
78.998,270.083,115.313,107.076
79.888,270.862,113.532,108.412
80.016,271.095,113.277,106.391
78.765,270.804,114.017,106.533
79.518,268.698,115.600,108.540
78.245,269.735,116.349,109.386
78.761,269.482,115.318,108.308
79.271,269.177,114.297,108.470
79.526,269.196,115.572,109.994
77.976,269.369,115.739,107.843
78.825,268.953,115.831,108.228
79.592,269.952,113.177,107.126
79.924,269.907,112.511,108.761
79.669,270.436,113.022,107.260
79.924,270.458,112.511,106.775
80.179,274.433,113.758,104.315
83.404,274.899,111.018,102.293
84.443,277.984,110.648,98.900
82.335,280.273,112.558,97.047
82.649,279.120,112.348,98.305
81.118,277.095,114.359,99.195
81.264,276.068,112.357,101.463
82.845,274.771,112.192,102.343
81.641,276.583,112.025,101.080
80.754,275.338,112.946,101.865
82.375,275.290,112.716,102.821
81.166,275.602,112.547,101.120
82.970,278.101,111.930,98.900
82.703,280.164,112.884,96.247
81.988,281.352,112.021,95.332
82.702,282.420,112.250,94.646
82.217,280.778,112.186,95.451
83.014,281.905,111.629,94.646
82.356,280.382,111.914,96.662
81.155,279.274,113.272,97.835
83.959,280.693,110.619,96.475
83.972,279.847,111.008,95.475
86.920,281.211,108.616,95.013
85.441,284.943,109.334,92.842
84.733,285.892,109.741,90.743
84.776,286.241,109.455,90.045
84.950,284.077,108.907,93.378
85.442,282.868,109.135,93.169
86.049,283.979,108.326,93.573
84.973,285.406,109.469,91.325
84.881,283.644,109.455,92.246
84.506,284.520,109.801,91.903
85.713,285.224,108.996,91.903
85.247,282.429,108.324,93.680
84.170,280.281,110.276,96.567
84.145,279.599,110.739,96.897
84.084,281.337,111.276,94.875
84.826,280.046,110.203,96.428
84.765,281.774,110.739,94.418
85.372,282.835,109.935,93.732
84.553,281.448,110.556,95.489
84.935,280.464,110.820,94.783
85.582,279.246,109.935,97.013
83.804,278.670,111.215,97.960
86.089,278.092,109.571,97.234
85.712,277.744,110.739,98.756
85.117,276.188,109.414,99.562
86.502,276.411,109.571,99.952
85.323,276.711,109.414,100.191
84.904,277.130,110.252,99.562
86.453,278.587,110.095,97.699
86.070,278.235,110.030,98.612
85.388,278.101,108.891,98.461
86.895,280.621,108.784,95.498
86.792,279.998,109.399,96.948
86.461,279.626,110.471,97.899
86.133,278.006,108.630,97.185
88.020,277.870,107.736,98.278
85.416,276.926,109.029,99.754
84.099,275.991,112.080,100.579
83.373,274.617,110.980,101.626
84.649,275.042,111.406,101.626
83.878,275.349,110.815,101.226
85.199,275.693,111.144,101.387
84.005,278.550,110.980,98.437
87.932,280.607,107.946,95.789
86.119,280.248,109.334,96.711
84.314,278.520,110.677,97.075
84.222,274.119,111.276,101.103
83.094,270.456,112.681,107.366
83.307,263.829,112.256,112.696
77.754,256.695,117.959,119.760
76.013,250.140,120.250,125.965
73.249,247.274,122.325,127.504
73.631,247.244,123.312,128.564
74.021,244.209,124.298,131.358
73.162,241.501,123.198,134.467
71.384,239.948,125.465,135.513
70.662,237.982,125.604,137.355
71.102,239.561,125.777,135.250
70.536,240.598,126.387,135.266
70.032,241.387,126.871,134.735
69.891,242.039,128.984,134.478
70.320,242.052,126.280,134.189
70.127,243.728,128.491,131.879
71.039,245.553,126.145,130.576
71.630,245.273,126.764,131.136
72.287,245.018,124.934,130.355
72.636,247.311,126.025,128.070
73.774,248.707,125.531,126.295
75.273,247.563,120.516,128.332
74.994,248.202,122.818,127.054
75.623,250.198,123.312,125.313
75.994,251.570,121.324,123.566
76.356,253.052,121.581,122.806
76.969,252.077,120.599,123.534
77.091,251.465,121.333,124.757
77.088,253.175,120.106,123.312
77.210,255.631,120.836,120.106
78.313,258.538,119.596,117.426
77.518,259.509,119.998,117.146
79.062,260.341,117.859,115.007
76.216,258.400,120.055,117.724
77.666,256.542,119.298,120.250
76.084,251.594,121.261,125.103
76.045,251.256,122.325,124.545
76.416,250.512,122.573,124.797
75.549,249.767,121.831,127.031
75.180,250.752,123.566,125.808
75.555,252.249,121.567,123.814
75.915,251.522,121.829,124.040
76.283,252.995,122.077,122.077
77.145,253.857,121.333,121.333
75.815,252.527,122.776,122.776
76.657,253.369,122.077,122.077
75.317,249.093,123.534,126.470
76.304,248.546,121.061,127.564
75.549,245.812,121.324,130.043
75.066,243.649,121.787,132.355
74.207,241.975,125.285,133.671
73.881,243.769,123.087,131.897
73.428,249.252,123.482,125.523
76.126,254.715,121.324,120.825
77.831,260.538,119.612,115.245
79.798,265.259,116.618,111.681
81.869,266.918,113.393,108.592
81.927,271.239,113.277,105.503
82.692,270.747,113.499,104.953
80.198,270.101,114.989,105.807
81.309,266.622,114.535,109.671
78.605,259.913,117.248,117.697
79.390,256.926,116.618,119.440
77.362,254.415,119.492,121.385
77.792,253.622,119.596,121.766
78.152,253.858,119.844,122.260
78.389,258.457,118.157,118.157
79.969,264.296,116.653,112.394
82.499,267.682,113.200,108.149
82.588,268.570,113.022,108.589
84.459,269.558,111.278,106.169
80.474,270.416,115.115,106.628
83.392,270.423,113.055,105.725
84.046,273.986,111.746,104.077
84.812,274.807,111.944,101.355
82.255,277.423,114.707,98.900
87.061,278.812,110.648,97.618
86.822,278.300,110.295,96.768
86.673,280.086,109.765,95.889
86.659,281.770,110.203,93.960
85.837,282.827,110.827,91.642
85.875,280.750,109.741,94.785
84.821,279.771,110.827,95.724
87.679,278.786,107.998,96.662
85.617,278.627,111.099,97.186
85.603,280.396,111.544,95.104
86.345,279.102,110.471,95.838
86.551,280.647,109.235,95.426
85.107,279.870,111.099,94.322
87.330,280.882,108.499,94.962
87.218,282.553,109.131,93.046
87.823,283.603,108.326,92.360
88.425,284.649,108.124,90.872
88.071,283.016,107.839,91.554
88.831,283.996,107.315,92.183
87.935,282.901,108.907,92.581
90.103,283.944,106.382,91.903
89.015,285.323,107.568,90.531
90.040,286.129,106.506,90.303
89.425,284.687,106.753,90.632
88.796,285.656,107.025,90.074
89.817,286.458,105.966,91.025
88.932,287.736,106.753,89.845
89.950,285.007,105.109,90.793
88.911,286.394,106.210,90.562
88.148,283.902,106.753,93.384
88.098,281.969,107.254,94.247
88.300,281.314,107.655,95.760
87.766,283.383,107.705,93.046
88.861,284.771,106.719,92.878
88.927,283.905,106.986,92.015
90.189,285.228,105.655,92.547
92.303,286.930,104.002,88.946
91.532,288.069,104.580,89.172
92.132,289.095,104.542,88.474
91.632,316.191,76.846,60.090
92.772,321.200,71.844,55.380
93.003,325.602,69.736,51.511
92.454,322.183,68.194,54.627
91.988,323.269,68.757,53.559
92.087,320.509,68.196,55.310
92.466,324.167,68.053,52.547
92.635,324.388,69.395,51.746
91.915,324.208,68.914,51.746
92.656,324.136,69.106,51.530
91.939,326.587,68.627,48.900
93.524,322.835,68.242,53.039
92.683,323.554,67.875,51.359
93.187,323.862,68.527,51.810
92.180,324.181,68.508,51.172
92.052,324.395,69.476,51.810
92.933,324.608,67.354,51.386
91.782,323.737,69.065,52.890
93.144,322.944,68.278,53.146
91.718,323.717,69.081,52.685
92.119,322.821,69.973,52.903
92.685,324.128,68.476,52.364
91.505,323.296,68.914,52.706
91.823,322.411,69.973,52.903
91.412,322.742,69.331,53.341
91.656,325.488,69.819,51.144
91.148,324.046,68.914,52.466
91.607,323.153,69.684,52.685
91.196,323.482,69.168,52.028
90.963,322.482,70.355,53.787
91.296,321.574,69.195,53.997
91.331,322.345,70.840,53.559
91.907,321.323,69.318,53.997
92.004,322.093,68.757,53.559
90.522,319.333,69.776,56.647
90.869,317.024,71.856,57.611
90.400,319.242,69.824,57.047
90.634,317.010,69.230,58.978
91.056,320.118,69.155,55.708
91.503,321.316,68.758,54.434
92.301,320.957,67.776,54.907
91.627,324.511,68.022,51.231
92.204,323.450,68.527,51.810
92.751,326.041,67.073,49.976
93.560,326.193,67.082,49.441
91.971,326.184,67.370,49.228
93.069,322.717,66.792,52.579
92.890,323.528,68.816,52.029
91.880,322.529,68.794,52.466
90.712,322.962,69.202,52.685
91.174,319.887,69.973,56.414
91.619,321.116,68.452,55.090
91.142,320.972,69.038,53.778
89.653,320.398,70.063,54.683
89.699,317.592,69.599,56.696
89.957,321.232,69.713,53.577
91.232,318.238,69.125,56.010
91.664,318.217,68.758,56.925
91.639,322.195,68.181,53.615
92.559,321.764,66.946,53.146
92.316,321.436,67.073,53.563
91.996,322.524,68.554,53.187
92.134,321.879,67.915,54.235
91.811,322.982,67.466,53.851
91.405,320.490,67.915,55.083
91.781,320.455,67.776,56.011
92.678,322.018,67.465,54.120
93.240,325.351,66.946,50.845
93.703,325.723,65.670,49.867
94.232,326.141,65.412,50.062
93.717,323.334,66.329,52.124
92.054,322.833,67.766,53.599
91.798,320.214,67.915,55.083
91.193,321.528,68.757,55.153
90.727,321.303,69.318,53.997
90.824,318.518,68.757,57.114
89.794,318.824,69.687,56.252
90.233,318.698,69.436,57.884
90.136,316.764,69.504,57.814
90.072,314.794,69.504,60.863
89.049,317.285,70.897,58.754
88.997,318.935,70.872,56.620
89.618,318.656,70.266,56.924
90.072,316.363,69.990,58.978
89.840,318.340,69.810,58.497
89.656,316.469,70.051,58.269
89.592,316.789,69.539,59.038
89.135,317.381,69.810,57.597
89.225,318.988,70.139,56.670
88.603,316.568,70.243,57.586
88.772,318.062,70.543,56.893
89.228,317.920,70.139,56.924
88.607,319.297,70.243,55.308
89.461,318.812,69.160,56.028
88.914,320.170,69.879,55.555
89.587,317.557,69.160,56.903
88.758,317.758,69.687,57.382
88.923,319.364,69.990,56.068
89.514,319.146,69.436,56.252
89.965,316.882,69.160,58.279
88.713,318.830,70.012,56.670
89.178,320.188,69.713,55.090
89.049,317.585,69.599,57.813
89.033,319.300,69.504,57.179
89.106,319.413,69.990,56.700
89.560,317.130,69.713,57.359
89.738,318.725,68.724,56.953
88.691,316.690,70.315,58.512
88.622,318.433,71.096,57.854
88.943,318.433,70.325,56.440
88.415,318.176,70.243,58.346
88.309,319.836,71.096,54.768
89.590,320.457,68.409,54.652
90.213,320.207,67.776,54.907
89.539,320.084,68.757,54.907
90.199,321.203,68.053,53.778
91.055,320.853,66.946,54.235
90.389,320.732,67.915,54.235
90.066,321.836,68.196,54.702
89.602,319.404,68.757,55.765
89.987,320.738,68.606,55.332
89.446,319.985,69.318,54.861
89.261,319.614,69.318,56.097
89.653,319.523,69.160,54.902
90.377,320.532,68.330,56.221
89.556,318.496,68.358,56.448
89.605,320.063,68.883,56.053
89.916,320.063,67.637,54.434
90.427,317.741,67.223,58.228
89.635,322.245,68.181,53.741
90.417,319.576,67.223,55.310
90.584,323.307,67.500,52.730
91.575,320.619,66.117,54.639
91.600,324.429,66.670,52.564
92.449,325.340,67.579,50.506
91.706,325.542,67.192,49.867
92.574,324.363,67.082,51.994
92.681,323.091,66.512,53.352
93.177,324.181,66.117,52.965
92.802,321.854,66.512,54.182
92.060,323.145,66.911,53.770
91.658,320.855,67.354,56.068
92.478,324.769,67.192,51.686
93.725,324.049,65.287,51.592
93.499,323.619,65.389,53.733
93.572,325.007,65.840,52.029
93.340,325.864,65.950,50.080
93.869,322.945,66.503,53.617
92.448,324.167,66.834,52.965
92.291,325.171,66.792,50.719
92.817,324.305,67.371,52.917
92.787,325.178,67.073,51.530
93.031,324.380,66.231,51.592
93.136,323.838,65.670,53.145
92.893,323.734,66.156,53.233
92.396,323.562,66.792,54.053
92.759,323.463,66.670,52.685
91.566,320.874,67.745,55.482
91.720,318.711,68.053,57.347
90.479,320.621,68.909,56.903
90.529,318.561,69.436,57.131
91.589,323.931,68.074,52.820
91.769,321.166,67.354,56.068
91.727,322.865,68.053,53.901
92.446,322.464,67.223,54.459
91.777,322.343,67.466,54.459
92.202,322.221,67.223,54.459
92.506,322.100,67.223,54.459
91.838,323.315,67.466,53.122
91.714,322.863,67.354,53.787
92.357,322.630,66.670,54.011
92.659,322.510,66.670,54.011
92.960,323.715,66.670,52.685
92.720,323.269,66.792,53.339
92.401,323.038,67.073,53.563
93.041,322.806,66.393,53.787
93.341,324.006,66.393,52.466
94.052,324.868,65.563,51.810
93.355,325.722,66.138,50.101
92.912,324.772,67.024,51.770
92.187,324.094,67.176,51.592
92.482,323.327,66.231,52.890
92.164,323.096,66.512,53.115
92.798,322.270,67.031,53.934
92.315,322.111,66.911,54.011
92.737,323.316,66.670,52.685
93.450,322.870,65.840,53.339
92.795,322.156,66.792,54.053
92.193,322.056,66.911,54.011
92.615,321.936,66.670,54.011
91.952,321.815,67.634,54.734
91.348,321.719,68.354,54.683
91.943,321.484,67.776,53.559
92.798,321.138,66.670,54.734
91.994,321.266,67.915,54.235
92.644,321.033,67.223,55.553
91.693,322.581,68.022,53.559
91.565,323.454,67.915,52.903
91.665,320.731,67.354,55.948
91.623,321.016,68.053,55.255
91.931,320.955,67.315,55.132
91.167,321.057,68.354,54.683
91.762,322.170,67.776,53.559
92.617,321.824,66.670,55.578
91.531,322.149,68.476,53.341
91.630,321.581,67.915,54.235
92.280,322.685,67.223,53.851
91.893,322.484,67.634,54.011
91.571,323.583,67.915,52.903
91.672,323.021,67.354,52.466
91.774,322.466,68.816,54.053
91.761,323.371,68.354,53.341
91.799,322.803,67.189,54.235
92.223,322.682,66.946,54.356
91.557,322.621,67.915,54.477
92.070,323.739,66.767,53.463
91.737,322.972,67.073,54.161
92.103,322.208,66.946,54.961
92.269,322.338,67.223,55.553
92.299,320.332,67.654,55.765
91.422,321.879,68.299,55.993
90.586,321.962,68.358,55.704
90.910,322.012,68.330,55.479
91.219,321.951,67.588,55.479
91.431,322.114,67.776,55.030
91.737,323.401,67.776,53.682
93.302,326.514,66.099,50.845
94.552,328.029,64.180,48.512
93.586,330.322,65.553,46.951
95.933,330.032,63.746,47.310
96.550,330.135,61.961,46.883
94.682,330.453,64.832,46.031
93.794,330.024,65.076,46.670
93.718,326.494,65.338,50.303
92.445,323.686,66.043,52.351
92.174,323.299,66.231,53.599
88.943,321.045,69.703,54.639
89.939,320.563,68.330,53.997
88.243,318.022,69.776,58.228
88.179,318.434,69.777,56.000
88.663,318.183,69.436,57.005
91.235,321.977,67.318,52.820
91.178,319.334,68.269,55.715
91.457,323.097,67.588,52.761
91.535,320.425,67.073,55.715
91.490,322.054,67.041,53.682
92.114,321.881,66.393,53.787
91.453,321.761,67.354,53.787
91.132,321.529,67.634,54.734
90.528,321.432,68.476,54.683
90.204,321.198,68.757,54.907
89.879,318.747,69.038,56.978
89.994,320.366,69.436,55.624
90.582,320.151,68.883,55.928
89.897,320.089,69.132,54.683
90.744,321.095,68.053,55.993
89.926,319.066,69.318,56.221
89.318,316.786,68.909,59.030
90.091,318.895,68.130,56.732
90.026,316.993,68.883,58.793
91.939,321.387,66.843,53.449
92.464,321.098,66.393,55.348
92.353,321.421,67.223,55.553
92.383,319.415,67.041,55.765
91.341,321.070,68.022,55.153
90.790,318.864,68.022,56.010
89.956,316.843,69.318,59.804
88.219,315.383,69.308,60.144
87.372,310.861,71.649,65.171
85.640,305.890,73.058,70.590
86.151,292.489,75.206,83.418
81.413,249.199,117.349,126.071
77.720,242.315,118.887,133.748
75.776,237.948,122.271,137.681
77.196,231.496,120.728,145.133
73.133,227.174,123.817,149.005
73.811,229.016,124.366,145.865
75.326,229.956,123.223,145.333
72.318,233.981,125.755,140.770
75.203,239.574,122.918,134.916
78.583,244.307,118.739,132.162
81.449,250.871,117.024,125.312
81.489,253.842,116.943,121.311
78.875,253.650,120.741,122.650
77.122,249.928,118.644,126.927
69.880,246.827,127.970,128.952
68.297,248.050,129.850,127.536
67.527,247.153,130.103,129.072
66.372,250.157,131.113,126.440
66.106,253.233,131.646,122.353
62.298,254.181,134.433,121.473
64.202,252.678,130.625,122.429
60.158,251.624,135.929,123.273
62.044,250.292,135.784,125.419
63.348,249.546,133.177,125.604
61.267,250.934,134.747,124.900
65.551,254.968,131.373,120.209
67.072,258.457,128.329,116.503
68.731,264.007,129.180,110.550
67.665,269.441,128.676,105.433
75.355,274.135,121.687,100.473
75.477,278.720,121.664,97.066
76.685,287.213,119.467,87.914
78.580,287.278,118.139,88.194
79.951,287.590,116.828,87.161
76.927,285.698,119.846,89.127
73.890,279.935,121.777,95.061
71.174,268.388,125.915,106.510
63.568,248.063,133.931,125.807
56.137,221.742,139.430,152.956
35.424,200.183,163.589,174.710
25.439,194.743,170.351,180.172
24.348,196.809,170.779,177.442
25.010,200.105,171.896,173.988
25.800,179.440,171.702,194.203
21.693,174.516,174.796,200.394
13.546,174.297,182.473,201.207
11.545,173.989,185.707,200.287
12.871,174.495,182.669,199.662
11.333,173.810,184.980,201.033
12.295,174.688,182.669,201.207
11.544,174.380,184.556,200.287
11.376,173.218,185.278,200.685
9.011,173.151,191.552,203.138
11.125,174.735,185.348,193.252
11.656,177.321,186.940,174.427
12.897,174.838,182.649,166.373
10.992,173.175,182.269,172.143
11.684,173.060,185.851,198.265
11.251,174.992,189.407,200.548
12.307,172.645,191.196,202.511
12.115,175.746,188.820,198.675
12.316,171.569,191.133,201.988
12.336,175.051,188.341,199.351
12.175,172.631,190.215,201.473
13.156,176.103,186.685,198.843
12.775,172.544,190.147,201.717
12.545,176.138,189.823,198.843
14.050,171.645,190.705,202.770
13.734,175.394,188.581,198.423
12.775,171.999,192.048,202.502
14.071,175.365,189.849,198.927
13.254,172.471,189.538,201.992
12.841,174.759,189.581,200.157
12.814,172.216,192.366,202.511
12.964,175.463,189.300,199.970
12.918,172.958,192.120,201.862
13.188,174.552,188.820,200.252
11.856,172.319,193.041,202.770
13.289,175.448,190.571,199.288
12.587,172.470,190.025,202.511
13.352,174.766,192.421,200.668
12.713,173.526,189.762,201.573
12.412,173.255,193.106,201.332
13.054,175.641,191.034,199.322
12.460,171.768,190.269,202.771
12.047,175.641,190.307,199.351
12.383,172.695,192.366,202.121
12.655,175.476,191.034,199.322
12.061,171.603,190.269,203.162
12.708,175.153,192.912,199.604
12.560,174.818,189.280,200.275
12.504,174.414,188.612,201.472
11.993,172.529,188.854,203.292
12.293,174.949,192.176,199.628
13.078,173.576,189.823,201.197
12.929,175.202,189.339,198.727
12.102,172.471,189.050,202.637
12.620,175.082,191.931,200.157
13.161,173.845,190.065,199.490
12.328,174.997,189.781,197.965
12.888,173.825,191.380,197.203
12.836,175.517,189.538,199.268
11.863,172.793,189.538,201.603
12.745,173.839,188.165,201.075
13.301,173.835,190.951,199.913
12.542,174.820,188.556,198.727
12.610,172.220,191.133,200.825
12.873,175.368,189.823,198.843
12.043,172.432,189.538,201.603
12.925,176.217,188.165,198.336
13.041,173.298,187.160,200.694
12.290,173.490,185.945,200.696
12.456,176.005,182.519,199.534
11.989,173.727,180.394,201.032
13.369,173.990,178.778,200.506
11.753,174.516,180.494,201.729
12.185,174.865,175.808,201.033
11.309,174.563,178.313,199.756
11.331,173.598,177.891,200.175
11.142,174.353,177.891,200.931
10.717,174.466,178.363,199.948
10.646,174.976,178.127,198.927
10.811,173.864,177.420,201.905
11.170,173.573,177.461,200.970
10.648,174.594,178.127,201.197
11.360,173.949,177.840,200.970
10.909,174.460,178.363,199.569
10.956,174.157,178.269,199.420
10.956,174.535,177.891,200.931
12.803,173.512,176.469,201.084
12.021,174.476,176.524,201.042
11.267,173.910,176.524,200.287
11.761,173.478,176.290,201.905
11.905,174.343,176.758,201.686
12.166,174.209,176.993,200.440
11.646,174.852,176.524,201.042
10.891,174.286,177.656,200.287
11.718,173.587,176.758,200.175
11.198,174.605,177.420,200.398
11.907,173.961,176.758,200.175
11.388,173.473,177.420,201.905
10.609,174.699,178.598,201.729
10.184,173.672,179.070,200.360
10.230,174.126,178.598,199.454
10.394,174.520,177.891,200.931
9.969,173.876,178.363,200.705
10.916,173.876,177.227,199.948
11.008,174.781,177.044,200.398
10.513,173.893,177.656,200.287
10.206,173.194,177.891,200.175
10.017,173.949,177.891,200.931
13.758,174.062,174.197,199.948
11.172,173.888,177.501,200.670
10.788,173.380,177.891,200.175
10.599,174.135,177.891,200.931
11.310,174.248,177.227,199.948
11.025,173.646,177.420,201.905
10.247,173.355,178.598,200.970
10.057,174.113,178.598,199.454
10.222,174.508,177.891,200.931
10.933,174.621,177.227,199.948
10.648,174.019,177.420,201.905
14.040,173.728,174.427,200.970
11.329,174.172,176.852,200.832
10.739,173.501,177.656,200.287
10.432,174.313,176.758,200.931
9.417,174.069,174.261,199.910
10.600,174.249,174.138,200.296
9.735,174.490,175.868,201.687
10.916,174.624,174.261,199.910
9.483,174.804,175.259,200.296
10.819,174.402,174.837,199.225
9.674,174.240,175.259,200.296
11.010,174.213,174.462,201.101
10.823,174.213,175.588,199.225
9.816,174.533,175.728,201.207
11.042,174.184,175.160,200.021
9.821,174.154,175.728,200.832
10.033,174.128,174.928,199.380
11.434,173.910,173.997,200.564
10.498,174.284,175.868,200.564
11.909,174.124,173.799,199.380
9.364,175.052,177.026,200.133
11.239,174.166,175.160,200.021
10.018,174.135,175.728,200.832
11.359,174.109,173.799,199.380
8.813,174.292,177.026,200.878
10.458,175.398,175.625,198.664
9.963,174.448,176.242,198.693
9.283,174.503,175.728,200.083
10.739,174.236,174.695,199.115
12.138,174.019,173.764,200.296
13.072,174.019,172.643,200.670
13.676,174.474,172.181,200.133
4.987,173.813,181.011,200.710
9.612,172.257,175.578,197.334
11.683,174.771,173.672,194.170
13.952,176.993,170.973,193.769
15.561,175.049,169.577,191.458
12.705,174.477,172.405,191.161
15.260,178.773,171.294,185.478
14.235,180.202,175.842,182.263
19.660,178.794,172.166,184.003
14.917,176.408,179.870,186.637
20.515,176.956,176.008,187.742
15.653,177.961,177.357,185.733
16.078,178.216,179.049,186.675
16.620,177.811,175.402,187.120
16.189,177.799,178.802,188.957
16.121,179.127,176.360,187.038
15.927,176.997,179.295,188.387
16.106,178.040,176.360,189.983
15.182,179.527,175.641,188.109
14.506,179.623,179.542,188.282
14.808,180.613,175.992,188.510
14.187,181.510,176.506,189.270
15.654,178.374,175.035,194.077
18.260,180.163,172.040,196.775
19.597,175.827,171.206,201.765
16.992,178.080,174.555,200.981
15.350,178.020,175.963,201.476
13.938,172.391,176.901,204.059
17.226,177.472,174.887,199.220
14.985,176.934,176.380,192.449
13.585,176.932,178.443,315.594
9.660,176.950,187.244,297.499
1.644,176.787,225.968,280.805
1.171,176.503,252.126,257.673
9.875,178.797,254.617,234.717
16.830,177.269,253.429,215.757
16.653,179.795,257.529,200.404
29.462,169.498,247.372,211.903
40.423,153.102,241.029,170.919
41.108,147.167,282.311,232.754
51.383,152.167,239.691,156.543
56.858,154.838,238.044,155.465
71.493,157.459,227.264,161.781
81.145,169.668,249.400,150.024
83.491,173.436,236.962,147.908
93.313,182.944,243.547,215.820
99.820,170.077,231.911,231.452
85.003,173.116,246.705,228.620
89.071,174.794,244.272,228.589
90.532,174.093,241.351,229.047
78.460,174.227,252.785,226.424
77.029,179.723,258.041,220.699
71.327,168.249,263.234,232.659
63.284,161.757,269.910,239.700
54.630,157.858,277.544,243.933
62.691,158.487,270.795,244.237
60.648,160.667,268.703,241.421
67.051,164.644,268.131,237.036
72.405,169.592,261.462,232.691
63.899,177.807,269.092,224.655
72.923,173.472,262.860,226.433
53.485,168.046,279.276,233.869
68.766,170.347,267.137,229.778
99.115,169.610,233.733,232.740
