0.00000000,0.00000000
0.96773472,0.00000000
0.96324023,0.00000000
0.96461316,0.00000000
0.97291420,0.00000000
0.97670940,0.00000000
0.96736758,0.00000000
0.96286995,0.00000000
0.96529648,0.00000000
0.98064986,0.00000000
0.97315324,0.00000000
0.97114648,0.00000000
0.95639316,0.00000000
0.95154686,0.00000000
0.95034945,0.00000000
0.96295169,0.00000000
0.93859311,0.00000000
0.93997264,0.00000000
0.92926134,0.00000000
0.94712567,0.00000000
0.98568214,0.00000000
0.98568214,0.00000000
0.96225262,0.00000000
0.96508330,0.00000000
0.96969836,0.00000000
0.96800679,0.00000000
0.98015298,0.00000000
0.94556952,0.00000000
0.95339256,0.00000000
0.95912000,0.00000000
0.96156033,0.00000000
0.96002343,0.00000000
0.95195685,0.00000000
0.95014684,0.00000000
0.95440238,0.00000000
0.96933982,0.00000000
0.96641057,0.00000000
0.95491394,0.00000000
0.96265570,0.00000000
0.96581610,0.00000000
0.97908529,0.00000000
0.96917160,0.00000000
0.95047038,0.00000000
0.96186435,0.00000000
0.96355242,0.00000000
0.97710070,0.00000000
0.92358137,0.00000000
0.92346865,0.00000000
0.94776043,0.00000000
0.90842015,0.00000000
0.89137779,0.00000000
0.91805279,0.00000000
0.90473073,0.00000000
0.88848433,0.00000000
0.86591854,0.00000000
0.84019491,0.00000000
0.98151056,0.00000000
0.94207068,0.00000000
0.90814712,0.00000000
0.91971908,0.00000000
0.90265073,0.00000000
0.92671728,0.00000000
0.93929625,0.00000000
0.92317114,0.00000000
0.84789401,0.00000000
0.87081041,0.00000000
0.42208945,0.00000000
0.97228957,0.00000000
0.95419046,0.00000000
0.96743413,0.00000000
0.95124785,0.00000000
0.95661042,0.00000000
0.96182902,0.00000000
0.98026728,0.00000000
0.96460245,0.00000000
0.97800071,0.00000000
0.94350054,0.00000000
0.94763860,0.00000000
0.91411972,0.00000000
0.93335933,0.00000000
0.93153922,0.00000000
0.96480821,0.00000000
0.95876018,0.00000000
0.97196697,0.00000000
0.95889546,0.00000000
0.97514726,0.00000000
0.94460989,0.00000000
0.96388118,0.00000000
0.96342135,0.00000000
0.98233620,0.00000000
0.96077524,0.00000000
0.92751892,0.00000000
0.92526203,0.00000000
0.89835420,0.00000000
0.96963035,0.00000000
0.97036015,0.00000000
0.87624163,0.00000000
0.91645895,0.00000000
0.97049831,0.00000000
0.96251353,0.00000000
0.93438503,0.00000000
0.93648971,0.00000000
0.97087565,0.00000000
0.93511764,0.00000000
0.98243590,0.00000000
0.96321382,0.00000000
0.91509029,0.00000000
0.93898235,0.00000000
0.95085957,0.00000000
0.93735433,0.00000000
0.93784104,0.00000000
0.94981742,0.00000000
0.95094695,0.00000000
0.96276299,0.00000000
0.93284879,0.00000000
0.94089559,0.00000000
0.93282578,0.00000000
0.95057414,0.00000000
0.96124154,0.00000000
0.95702465,0.00000000
0.97446056,0.00000000
0.96764823,0.00000000
0.97602823,0.00000000
0.96467295,0.00000000
0.96843633,0.00000000
0.96358995,0.00000000
0.93797653,0.00000000
0.95100673,0.00000000
0.96497943,0.00000000
0.97467335,0.00000000
0.96337280,0.00000000
0.96691580,0.00000000
0.97202952,0.00000000
0.95431192,0.00000000
0.94642274,0.00000000
0.96184457,0.00000000
0.95783116,0.00000000
0.96817662,0.00000000
0.96162675,0.00000000
0.95555019,0.00000000
0.95268667,0.00000000
0.96117409,0.00000000
0.97315329,0.00000000
0.96352599,0.00000000
0.95871153,0.00000000
0.95121868,0.00000000
0.94569883,0.00000000
0.95941980,0.00000000
0.94578762,0.00000000
0.95642699,0.00000000
0.94349775,0.00000000
0.94152859,0.00000000
0.95667369,0.00000000
0.95661600,0.00000000
0.94460596,0.00000000
0.94414829,0.00000000
0.94811540,0.00000000
0.92631553,0.00000000
0.93608115,0.00000000
0.95638305,0.00000000
0.92804262,0.00000000
0.93432211,0.00000000
0.90644957,0.00000000
0.93588733,0.00000000
0.90401444,0.00000000
0.91783456,0.00000000
0.97181084,0.00000000
0.98732469,0.00000000
0.94188010,0.00000000
0.97403977,0.00000000
0.95369494,0.00000000
0.95425401,0.00000000
0.94684770,0.00000000
0.96029518,0.00000000
0.96613058,0.00000000
0.95534568,0.00000000
0.95030918,0.00000000
0.95735852,0.00000000
0.97533034,0.00000000
0.96336951,0.00000000
0.95339326,0.00000000
0.96015787,0.00000000
0.96817298,0.00000000
0.95630248,0.00000000
0.95813044,0.00000000
0.95225738,0.00000000
0.96524102,0.00000000
0.92430133,0.00000000
0.92624266,0.00000000
0.91992166,0.00000000
0.93175683,0.00000000
0.94765077,0.00000000
0.94610116,0.00000000
0.94784342,0.00000000
0.95607364,0.00000000
0.96454176,0.00000000
0.95230112,0.00000000
0.96199223,0.00000000
0.95187617,0.00000000
0.93880146,0.00000000
0.93883657,0.00000000
0.93777662,0.00000000
0.94840908,0.00000000
0.94493186,0.00000000
0.94102450,0.00000000
0.94423800,0.00000000
0.96594246,0.00000000
0.95375352,0.00000000
0.95968224,0.00000000
0.95024946,0.00000000
0.96945980,0.00000000
0.95687173,0.00000000
0.98505757,0.00000000
0.96666797,0.00000000
0.96850375,0.00000000
0.96033402,0.00000000
0.95119365,0.00000000
0.94746291,0.00000000
0.95718295,0.00000000
0.94847994,0.00000000
0.97795260,0.00000000
0.97659368,0.00000000
0.97421443,0.00000000
0.99140611,0.00000000
0.97840943,0.00000000
0.96044524,0.00000000
0.97103704,0.00000000
0.94748300,0.00000000
0.96391600,0.00000000
0.97322481,0.00000000
0.94869777,0.00000000
0.98427952,0.00000000
0.97485555,0.00000000
0.97236635,0.00000000
0.96186538,0.00000000
0.96121746,0.00000000
0.97517721,0.00000000
0.97967175,0.00000000
0.96072554,0.00000000
0.97215147,0.00000000
0.97506049,0.00000000
0.96927849,0.00000000
0.97653585,0.00000000
0.98447693,0.00000000
0.98075042,0.00000000
0.97074266,0.00000000
0.97232062,0.00000000
0.97946724,0.00000000
0.99061378,0.00000000
0.93482823,0.00000000
0.88795268,0.00000000
0.92709086,0.00000000
0.87837675,0.00000000
0.92579357,0.00000000
0.92780666,0.00000000
0.92569287,0.00000000
0.88111261,0.00000000
0.88273753,0.00000000
0.93109726,0.00000000
0.91264363,0.00000000
0.92749067,0.00000000
0.90171196,0.00000000
0.90083706,0.00000000
0.91327225,0.00000000
0.86739118,0.00000000
0.97647921,0.00000000
0.97880048,0.00000000
0.92391695,0.00000000
0.96674893,0.00000000
0.96932211,0.00000000
0.90621169,0.00000000
0.79114831,0.00000000
0.77749976,0.00000000
0.32869280,0.00000000
0.90437288,0.00000000
0.83940200,0.00000000
0.91560553,0.00000000
0.80333459,0.00000000
0.85013205,0.00000000
0.89530868,0.00000000
0.92968439,0.00000000
0.94922832,0.00000000
0.95363253,0.00000000
0.96418289,0.00000000
0.96725254,0.00000000
0.96590220,0.00000000
0.94992395,0.00000000
0.96377237,0.00000000
0.95116682,0.00000000
0.94540369,0.00000000
0.97219565,0.00000000
0.94452434,0.00000000
0.97049867,0.00000000
0.95297450,0.00000000
0.94532327,0.00000000
0.97245517,0.00000000
0.97115061,0.00000000
0.96959939,0.00000000
0.96638969,0.00000000
0.96430494,0.00000000
0.96541741,0.00000000
0.97409782,0.00000000
0.97319513,0.00000000
0.94424572,0.00000000
0.98930835,0.00000000
0.96946775,0.00000000
0.96970129,0.00000000
0.97236158,0.00000000
0.96512791,0.00000000
0.96980122,0.00000000
0.97734234,0.00000000
0.98389834,0.00000000
0.96735470,0.00000000
0.96072723,0.00000000
0.97226344,0.00000000
0.94025323,0.00000000
0.97353816,0.00000000
0.98305509,0.00000000
0.97001071,0.00000000
0.96430933,0.00000000
0.95011286,0.00000000
0.94955888,0.00000000
0.97109146,0.00000000
0.94940208,0.00000000
0.97832075,0.00000000
0.95249216,0.00000000
0.94901430,0.00000000
0.95463200,0.00000000
0.95632676,0.00000000
0.96370355,0.00000000
0.96065683,0.00000000
0.95887717,0.00000000
0.96648625,0.00000000
0.96214134,0.00000000
0.94886829,0.00000000
0.99194756,0.00000000
0.94208217,0.00000000
0.95258583,0.00000000
0.97521753,0.00000000
0.98169054,0.00000000
0.96876805,0.00000000
0.96443064,0.00000000
0.95863212,0.00000000
0.96608247,0.00000000
0.96547903,0.00000000
0.94825708,0.00000000
0.94514102,0.00000000
0.96836415,0.00000000
0.99371543,0.00000000
0.96632473,0.00000000
0.96523225,0.00000000
0.97681125,0.00000000
0.97488397,0.00000000
0.96592079,0.00000000
0.95239078,0.00000000
0.94472235,0.00000000
0.96407707,0.00000000
0.96913768,0.00000000
0.96172736,0.00000000
0.97416922,0.00000000
0.97605251,0.00000000
0.96378598,0.00000000
0.96602454,0.00000000
0.99017993,0.00000000
0.96776026,0.00000000
0.96132083,0.00000000
0.94053561,0.00000000
0.95096217,0.00000000
0.95100880,0.00000000
0.96842483,0.00000000
0.97519613,0.00000000
0.98245230,0.00000000
0.96954298,0.00000000
0.93264522,0.00000000
0.93574071,0.00000000
0.90847354,0.00000000
0.94077836,0.00000000
0.97891054,0.00000000
0.96098224,0.00000000
0.95840410,0.00000000
0.94575626,0.00000000
0.97407055,0.00000000
0.95888373,0.00000000
0.97216978,0.00000000
0.97093894,0.00000000
0.93875654,0.00000000
0.95877422,0.00000000
0.96259313,0.00000000
0.97676608,0.00000000
0.98232478,0.00000000
0.94260594,0.00000000
0.95418853,0.00000000
0.95445270,0.00000000
0.93317029,0.00000000
0.92393023,0.00000000
0.93296104,0.00000000
0.93376787,0.00000000
0.96515461,0.00000000
0.96102449,0.00000000
0.95900927,0.00000000
0.95868937,0.00000000
0.95353007,0.00000000
0.97277151,0.00000000
0.97377656,0.00000000
0.96513157,0.00000000
0.95525045,0.00000000
0.95272444,0.00000000
0.95580855,0.00000000
0.94828023,0.00000000
0.95295967,0.00000000
0.96175779,0.00000000
0.94938084,0.00000000
0.96971628,0.00000000
0.97763619,0.00000000
0.94432760,0.00000000
0.92095106,0.00000000
0.93591328,0.00000000
0.92741158,0.00000000
0.78859030,0.00000000
0.79951406,0.00000000
0.91761198,0.00000000
0.97342223,0.00000000
0.96561406,0.00000000
0.97458346,0.00000000
0.99233637,0.00000000
0.97530030,0.00000000
0.76184340,0.00000000
0.93436350,0.00000000
0.94006750,0.00000000
0.96511846,0.00000000
0.96601868,0.00000000
0.96280409,0.00000000
0.97838908,0.00000000
0.98450850,0.00000000
0.96902773,0.00000000
0.94948950,0.00000000
0.96257505,0.00000000
0.95328301,0.00000000
0.96030860,0.00000000
0.97777945,0.00000000
0.97377623,0.00000000
0.96006017,0.00000000
0.95932204,0.00000000
0.95840522,0.00000000
0.95414271,0.00000000
0.93444385,0.00000000
0.94640731,0.00000000
0.95279322,0.00000000
0.93579853,0.00000000
0.93617542,0.00000000
0.95500861,0.00000000
0.95669694,0.00000000
0.96066345,0.00000000
0.97487987,0.00000000
0.97608012,0.00000000
0.97521596,0.00000000
0.96849844,0.00000000
0.95380471,0.00000000
0.95311880,0.00000000
0.94709845,0.00000000
0.96697932,0.00000000
0.95382470,0.00000000
0.95492751,0.00000000
0.95473516,0.00000000
0.98617514,0.00000000
0.95686701,0.00000000
0.97369740,0.00000000
0.97604770,0.00000000
0.98832992,0.00000000
0.96868827,0.00000000
0.96183415,0.00000000
0.95549641,0.00000000
0.94850401,0.00000000
0.95118145,0.00000000
0.95462625,0.00000000
0.98342082,0.00000000
0.97818610,0.00000000
0.94406908,0.00000000
0.89568978,0.00000000
0.94519067,0.00000000
0.93864854,0.00000000
0.94495918,0.00000000
0.90934253,0.00000000
0.95867610,0.00000000
0.97718876,0.00000000
0.96397715,0.00000000
0.95218575,0.00000000
0.94875888,0.00000000
0.95854701,0.00000000
0.94996923,0.00000000
0.95900255,0.00000000
0.98040982,0.00000000
0.95279438,0.00000000
0.96260821,0.00000000
0.96434388,0.00000000
0.97634467,0.00000000
0.95637078,0.00000000
0.96211415,0.00000000
0.98128741,0.00000000
0.98399364,0.00000000
0.96997427,0.00000000
0.96467217,0.00000000
0.97297998,0.00000000
0.98848623,0.00000000
0.95448047,0.00000000
0.96991897,0.00000000
0.98149257,0.00000000
0.96520314,0.00000000
0.95405297,0.00000000
0.97888336,0.00000000
0.96732707,0.00000000
0.95629842,0.00000000
0.97860460,0.00000000
0.96224640,0.00000000
0.95406528,0.00000000
0.98467176,0.00000000
0.94440402,0.00000000
0.97060412,0.00000000
0.95644359,0.00000000
0.96904790,0.00000000
0.95800868,0.00000000
0.97370905,0.00000000
0.98621992,0.00000000
0.97190863,0.00000000
0.94842220,0.00000000
0.97178108,0.00000000
0.97472391,0.00000000
0.96503650,0.00000000
0.96460304,0.00000000
0.95836116,0.00000000
0.96529520,0.00000000
0.97724270,0.00000000
0.97730970,0.00000000
0.95274939,0.00000000
0.95828844,0.00000000
0.96512449,0.00000000
0.98919206,0.00000000
0.98312325,0.00000000
0.95650591,0.00000000
0.93278671,0.00000000
0.93867380,0.00000000
0.94808158,0.00000000
0.95033611,0.00000000
0.92899892,0.00000000
0.94550871,0.00000000
0.95310610,0.00000000
0.95844293,0.00000000
0.96367862,0.00000000
0.94903808,0.00000000
0.95829773,0.00000000
0.93897077,0.00000000
0.95459864,0.00000000
0.96317552,0.00000000
0.96339564,0.00000000
0.94855301,0.00000000
0.96022305,0.00000000
0.95845286,0.00000000
0.95083923,0.00000000
0.96154523,0.00000000
0.97807319,0.00000000
0.95910682,0.00000000
0.96643472,0.00000000
0.96279542,0.00000000
0.96659009,0.00000000
0.97523807,0.00000000
0.97208419,0.00000000
0.96625675,0.00000000
0.97588609,0.00000000
0.96536460,0.00000000
0.95208474,0.00000000
0.90134803,0.00000000
0.94342475,0.00000000
0.94439916,0.00000000
0.91521746,0.00000000
0.90533537,0.00000000
0.94978432,0.00000000
0.94204783,0.00000000
0.93121382,0.00000000
0.95410981,0.00000000
0.94833810,0.00000000
0.93230487,0.00000000
0.95147754,0.00000000
0.96264548,0.00000000
0.95360486,0.00000000
0.85334864,0.00000000
0.89911580,0.00000000
0.90532815,0.00000000
0.90447026,0.00000000
0.93349224,0.00000000
0.96713747,0.00000000
0.95755054,0.00000000
0.95029369,0.00000000
0.92239885,0.00000000
0.94768223,0.00000000
0.97407864,0.00000000
0.94204125,0.00000000
0.97775052,0.00000000
0.96224821,0.00000000
0.95522739,0.00000000
0.97576412,0.00000000
0.91144973,0.00000000
0.93990450,0.00000000
0.97305993,0.00000000
0.95593562,0.00000000
0.97263128,0.00000000
0.96206138,0.00000000
0.96393531,0.00000000
0.95874352,0.00000000
0.97864245,0.00000000
0.95957614,0.00000000
0.92942888,0.00000000
0.94899700,0.00000000
0.95480099,0.00000000
0.98473205,0.00000000
0.96739528,0.00000000
0.96919495,0.00000000
0.94926524,0.00000000
0.96743553,0.00000000
0.95630848,0.00000000
0.96050543,0.00000000
0.97118516,0.00000000
0.97126002,0.00000000
0.96738583,0.00000000
0.96506703,0.00000000
0.95530315,0.00000000
0.96223293,0.00000000
0.96178746,0.00000000
0.98265946,0.00000000
0.97154261,0.00000000
0.96580000,0.00000000
0.96699782,0.00000000
0.94440365,0.00000000
0.94108009,0.00000000
0.94033793,0.00000000
0.95879057,0.00000000
0.96006871,0.00000000
0.95216641,0.00000000
0.94507796,0.00000000
0.95859667,0.00000000
0.96316560,0.00000000
0.97253388,0.00000000
0.94266729,0.00000000
0.94601574,0.00000000
0.95393726,0.00000000
0.94869309,0.00000000
0.95334444,0.00000000
0.97335725,0.00000000
0.96200773,0.00000000
0.95284404,0.00000000
0.95592605,0.00000000
0.96954229,0.00000000
0.96420874,0.00000000
0.95452447,0.00000000
0.94842066,0.00000000
0.95415868,0.00000000
0.94568158,0.00000000
0.95170880,0.00000000
0.95524361,0.00000000
0.97363021,0.00000000
0.95421354,0.00000000
0.96835314,0.00000000
0.96438931,0.00000000
0.95282242,0.00000000
0.95010372,0.00000000
0.96702312,0.00000000
0.98019008,0.00000000
0.97091960,0.00000000
0.97712491,0.00000000
0.97209856,0.00000000
0.95150062,0.00000000
0.95199225,0.00000000
0.96035685,0.00000000
0.96532591,0.00000000
0.96799894,0.00000000
0.98067973,0.00000000
0.96913351,0.00000000
0.97572519,0.00000000
0.96473042,0.00000000
0.95724163,0.00000000
0.98515041,0.00000000
0.97155693,0.00000000
0.98520962,0.00000000
0.98744493,0.00000000
0.97328880,0.00000000
0.98445574,0.00000000
0.96822750,0.00000000
0.94797550,0.00000000
0.96538637,0.00000000
0.96584625,0.00000000
0.97122412,0.00000000
0.97017522,0.00000000
0.97070366,0.00000000
0.95952700,0.00000000
0.96723077,0.00000000
0.96628667,0.00000000
0.96123160,0.00000000
0.94418805,0.00000000
0.97668716,0.00000000
0.95939236,0.00000000
0.97399323,0.00000000
0.95563051,0.00000000
0.98250301,0.00000000
0.94828739,0.00000000
0.96871839,0.00000000
0.95154392,0.00000000
0.95751314,0.00000000
0.96199549,0.00000000
0.96959399,0.00000000
0.95130669,0.00000000
0.94023225,0.00000000
0.94179285,0.00000000
0.97574172,0.00000000
0.96308715,0.00000000
0.95839190,0.00000000
0.97302194,0.00000000
0.97366911,0.00000000
0.98215429,0.00000000
0.96144700,0.00000000
0.96303860,0.00000000
0.97375721,0.00000000
0.97442496,0.00000000
0.96002884,0.00000000
0.96271555,0.00000000
0.98311332,0.00000000
0.95854529,0.00000000
0.97797612,0.00000000
0.95627588,0.00000000
0.95866137,0.00000000
0.96652401,0.00000000
0.95664295,0.00000000
0.93982832,0.00000000
0.94217091,0.00000000
0.92884679,0.00000000
0.96093047,0.00000000
0.92093205,0.00000000
0.92459750,0.00000000
0.95058529,0.00000000
0.95677232,0.00000000
0.98165622,0.00000000
0.96248220,0.00000000
0.97290815,0.00000000
0.97201236,0.00000000
0.97242751,0.00000000
0.96736689,0.00000000
0.95639845,0.00000000
0.95793762,0.00000000
0.93776510,0.00000000
0.94856473,0.00000000
0.92479372,0.00000000
0.92776087,0.00000000
0.95529778,0.00000000
0.96297217,0.00000000
0.95717007,0.00000000
0.92204944,0.00000000
0.91666389,0.00000000
0.96961811,0.00000000
0.95072778,0.00000000
0.94323166,0.00000000
0.95302365,0.00000000
0.93492587,0.00000000
0.95339283,0.00000000
0.95054806,0.00000000
0.95902516,0.00000000
0.94601118,0.00000000
0.94166355,0.00000000
0.93825954,0.00000000
0.95482653,0.00000000
0.95796358,0.00000000
0.94378945,0.00000000
0.95130346,0.00000000
0.94178517,0.00000000
0.95202324,0.00000000
0.93365878,0.00000000
0.93149304,0.00000000
0.96015109,0.00000000
0.97710350,0.00000000
0.94281526,0.00000000
0.96536344,0.00000000
0.94482913,0.00000000
0.97034220,0.00000000
0.94580648,0.00000000
0.96664288,0.00000000
0.96306873,0.00000000
0.96132468,0.00000000
0.97034686,0.00000000
0.96972093,0.00000000
0.93186785,0.00000000
0.94728311,0.00000000
0.94116979,0.00000000
0.91409305,0.00000000
0.95382044,0.00000000
0.93745805,0.00000000
0.94672992,0.00000000
0.95477838,0.00000000
0.97672987,0.00000000
0.94538109,0.00000000
0.91498806,0.00000000
0.93118812,0.00000000
0.94137263,0.00000000
0.97105945,0.00000000
0.95005321,0.00000000
0.95821969,0.00000000
0.95078280,0.00000000
0.94004213,0.00000000
0.96318777,0.00000000
0.96436742,0.00000000
0.98720982,0.00000000
0.93847675,0.00000000
0.94456548,0.00000000
0.94990080,0.00000000
0.95290230,0.00000000
0.93566038,0.00000000
0.96299154,0.00000000
0.98110595,0.00000000
0.97217385,0.00000000
0.96337528,0.00000000
0.96379820,0.00000000
0.95889171,0.00000000
0.97050456,0.00000000
0.96211425,0.00000000
0.96888692,0.00000000
0.97110568,0.00000000
0.97674624,0.00000000
0.97200717,0.00000000
0.95869845,0.00000000
0.99088340,0.00000000
0.95451025,0.00000000
0.94524552,0.00000000
0.96363301,0.00000000
0.96849782,0.00000000
0.96883491,0.00000000
0.98148610,0.00000000
0.94568481,0.00000000
0.90613552,0.00000000
0.95138447,0.00000000
0.97801659,0.00000000
0.96838990,0.00000000
0.94803401,0.00000000
0.96303925,0.00000000
0.92757475,0.00000000
0.96615955,0.00000000
0.97736916,0.00000000
0.96245457,0.00000000
0.96175418,0.00000000
0.96364927,0.00000000
0.95118563,0.00000000
0.93889412,0.00000000
0.96237298,0.00000000
0.96815594,0.00000000
0.94715710,0.00000000
0.93844902,0.00000000
0.94834063,0.00000000
0.95476400,0.00000000
0.96097826,0.00000000
0.96858657,0.00000000
0.96224276,0.00000000
0.95711627,0.00000000
0.98460149,0.00000000
0.95414955,0.00000000
0.98748785,0.00000000
0.96346098,0.00000000
0.97409644,0.00000000
0.96952416,0.00000000
0.97935638,0.00000000
0.97039317,0.00000000
0.94230744,0.00000000
0.97582536,0.00000000
0.97677311,0.00000000
0.96794719,0.00000000
0.96960933,0.00000000
0.95818822,0.00000000
0.96801127,0.00000000
0.97650785,0.00000000
0.93548863,0.00000000
0.94082843,0.00000000
0.96261234,0.00000000
0.94755147,0.00000000
0.92418195,0.00000000
0.96093041,0.00000000
0.96089882,0.00000000
0.95107215,0.00000000
0.98100596,0.00000000
0.98627944,0.00000000
0.95844768,0.00000000
0.98409622,0.00000000
0.94614270,0.00000000
0.93615568,0.00000000
0.94629702,0.00000000
0.97274837,0.00000000
0.95056284,0.00000000
0.93662445,0.00000000
0.97675790,0.00000000
0.94641344,0.00000000
0.94697801,0.00000000
0.98062870,0.00000000
0.94385778,0.00000000
0.93106934,0.00000000
0.95328421,0.00000000
0.97329161,0.00000000
0.96672828,0.00000000
0.96063752,0.00000000
0.94250295,0.00000000
0.96794469,0.00000000
0.92936538,0.00000000
0.93676637,0.00000000
0.94637156,0.00000000
0.97429440,0.00000000
0.94706698,0.00000000
0.95882019,0.00000000
0.96477027,0.00000000
0.94540358,0.00000000
0.96336813,0.00000000
0.93826841,0.00000000
0.92764726,0.00000000
0.94395857,0.00000000
0.95722684,0.00000000
0.96843596,0.00000000
0.94259122,0.00000000
0.93400139,0.00000000
0.97370757,0.00000000
0.95320776,0.00000000
0.94917841,0.00000000
0.97350752,0.00000000
0.95088636,0.00000000
0.94165253,0.00000000
0.93833833,0.00000000
0.94775155,0.00000000
0.94349760,0.00000000
0.96566162,0.00000000
0.97623986,0.00000000
0.97026399,0.00000000
0.97616368,0.00000000
0.96278379,0.00000000
0.90546929,0.00000000
0.94424085,0.00000000
0.94604680,0.00000000
0.96187388,0.00000000
0.95244200,0.00000000
0.97778135,0.00000000
0.95122299,0.00000000
0.92444697,0.00000000
0.95937727,0.00000000
0.97113474,0.00000000
0.95257204,0.00000000
0.94331197,0.00000000
0.93782338,0.00000000
0.93421855,0.00000000
0.93378777,0.00000000
0.96125743,0.00000000
0.93021089,0.00000000
0.94317211,0.00000000
0.93355658,0.00000000
0.93284765,0.00000000
0.94771427,0.00000000
0.93184316,0.00000000
0.95304051,0.00000000
0.94403653,0.00000000
0.93685152,0.00000000
0.96714347,0.00000000
0.97981072,0.00000000
0.95896004,0.00000000
0.96178014,0.00000000
0.94735710,0.00000000
0.97122274,0.00000000
0.96452526,0.00000000
0.96960918,0.00000000
0.96393580,0.00000000
0.96469314,0.00000000
0.93395999,0.00000000
0.93128991,0.00000000
0.95241896,0.00000000
0.95016346,0.00000000
0.97125221,0.00000000
0.94208190,0.00000000
0.93656092,0.00000000
0.94606764,0.00000000
0.96056161,0.00000000
0.93481584,0.00000000
0.91581677,0.00000000
0.90853775,0.00000000
0.93742859,0.00000000
0.95387740,0.00000000
0.91844578,0.00000000
0.94394079,0.00000000
0.97327862,0.00000000
0.97141753,0.00000000
0.97074326,0.00000000
0.95040909,0.00000000
0.94578634,0.00000000
0.94643050,0.00000000
0.93979703,0.00000000
0.96292778,0.00000000
0.96702399,0.00000000
0.96141284,0.00000000
0.97646191,0.00000000
0.98030053,0.00000000
0.95848180,0.00000000
0.92880567,0.00000000
0.95412022,0.00000000
0.96331945,0.00000000
0.95733262,0.00000000
0.94927108,0.00000000
0.97694741,0.00000000
0.97135386,0.00000000
0.95033578,0.00000000
0.96313033,0.00000000
0.96455113,0.00000000
0.97658120,0.00000000
0.96169998,0.00000000
0.97001510,0.00000000
0.98019500,0.00000000
0.95710433,0.00000000
0.95074181,0.00000000
0.97558485,0.00000000
0.97240590,0.00000000
0.96929986,0.00000000
0.97040022,0.00000000
0.97272706,0.00000000
0.97240523,0.00000000
0.96243194,0.00000000
0.94227036,0.00000000
0.95329853,0.00000000
0.95497063,0.00000000
0.95646493,0.00000000
0.94735613,0.00000000
0.97702375,0.00000000
0.97736426,0.00000000
0.97363668,0.00000000
0.96405558,0.00000000
0.96538088,0.00000000
0.96336310,0.00000000
0.96901335,0.00000000
0.97360697,0.00000000
0.97165596,0.00000000
0.97996871,0.00000000
0.96781804,0.00000000
0.94838934,0.00000000
0.97301924,0.00000000
0.96800904,0.00000000
0.96323925,0.00000000
0.97627240,0.00000000
0.96841189,0.00000000
0.95796179,0.00000000
0.96704142,0.00000000
0.96616761,0.00000000
0.96433977,0.00000000
0.96940605,0.00000000
0.95664042,0.00000000
0.94962336,0.00000000
0.94029590,0.00000000
0.96664898,0.00000000
0.95612275,0.00000000
0.94182887,0.00000000
0.97511887,0.00000000
0.99347600,0.00000000
0.96777460,0.00000000
0.96335490,0.00000000
0.95636697,0.00000000
0.95137717,0.00000000
0.95904888,0.00000000
0.96127176,0.00000000
0.96249410,0.00000000
0.95730623,0.00000000
0.97234795,0.00000000
0.95677817,0.00000000
0.94551570,0.00000000
0.95973667,0.00000000
0.94403268,0.00000000
0.96798667,0.00000000
0.98314583,0.00000000
0.96866105,0.00000000
0.96391571,0.00000000
0.95064009,0.00000000
0.94680686,0.00000000
0.94436271,0.00000000
0.94990070,0.00000000
0.95102346,0.00000000
0.94287400,0.00000000
0.95035546,0.00000000
0.95773096,0.00000000
0.94154247,0.00000000
0.94446567,0.00000000
0.94851605,0.00000000
0.97007035,0.00000000
0.96565183,0.00000000
0.95887137,0.00000000
0.94293390,0.00000000
0.97183689,0.00000000
0.96919752,0.00000000
0.96770705,0.00000000
0.88922751,0.00000000
0.89691059,0.00000000
0.93843000,0.00000000
0.96822580,0.00000000
0.97696804,0.00000000
0.97169003,0.00000000
0.93948540,0.00000000
0.95273493,0.00000000
0.95107615,0.00000000
0.96837143,0.00000000
0.94723623,0.00000000
0.95550966,0.00000000
0.97135326,0.00000000
0.96484116,0.00000000
0.96499202,0.00000000
0.94062592,0.00000000
0.98038348,0.00000000
0.91392513,0.00000000
0.88878723,0.00000000
0.86529942,0.00000000
0.84497880,0.00000000
0.89262533,0.00000000
0.84894237,0.00000000
0.10178011,0.00000000
0.44741827,0.00000000
0.68162836,0.00000000
0.76488921,0.00000000
0.81343832,0.00000000
0.13527494,0.00000000
0.11170128,0.00000000
0.13733551,0.00000000
0.13452643,0.00000000
0.22557450,0.00000000
0.97361046,0.00000000
0.94624661,0.00000000
0.95695709,0.00000000
0.96504347,0.00000000
0.97435881,0.00000000
0.95475184,0.00000000
0.96142853,0.00000000
0.96995446,0.00000000
0.96351194,0.00000000
0.22338288,0.00000000
0.23612057,0.00000000
0.23959054,0.00000000
0.23783505,0.00000000
0.24666222,0.00000000
0.25516340,0.00000000
0.23339841,0.00000000
0.25070352,0.00000000
0.25685107,0.00000000
0.26618490,0.00000000
0.25973682,0.00000000
0.33069826,0.00000000
0.80285571,0.00000000
0.86999912,0.00000000
0.91777061,0.00000000
0.87599370,0.00000000
0.86059659,0.00000000
0.87140836,0.00000000
0.84516368,0.00000000
0.85212307,0.00000000
0.94044183,0.00000000
0.95354501,0.00000000
0.86037917,0.00000000
0.92845523,0.00000000
0.96078346,0.00000000
0.94285968,0.00000000
0.91617984,0.00000000
0.87857868,0.00000000
0.94367168,0.00000000
0.94925048,0.00000000
0.93741656,0.00000000
0.93049424,0.00000000
0.96866630,0.00000000
0.86217646,0.00000000
0.90995477,0.00000000
0.83280835,0.00000000
0.86931635,0.00000000
0.88296929,0.00000000
0.85656553,0.00000000
0.78330153,0.00000000
0.88778749,0.00000000
0.67897614,0.00000000
0.75667706,0.00000000
0.92029864,0.00000000
0.94583616,0.00000000
0.96170927,0.00000000
0.95086197,0.00000000
0.92037143,0.00000000
0.93186722,0.00000000
0.94274188,0.00000000
0.94297410,0.00000000
0.96473298,0.00000000
0.95864366,0.00000000
0.94004020,0.00000000
0.96670739,0.00000000
0.98191405,0.00000000
0.96801963,0.00000000
0.95203514,0.00000000
0.94788281,0.00000000
0.92714813,0.00000000
0.97822569,0.00000000
0.97080830,0.00000000
0.95400915,0.00000000
0.93459345,0.00000000
0.95148965,0.00000000
0.91222051,0.00000000
0.98208593,0.00000000
0.97842500,0.00000000
0.96128497,0.00000000
0.96101884,0.00000000
0.96489938,0.00000000
0.94217862,0.00000000
0.94698423,0.00000000
0.95546065,0.00000000
0.96216641,0.00000000
0.95704070,0.00000000
0.94764930,0.00000000
0.94261299,0.00000000
0.94295890,0.00000000
0.95059538,0.00000000
0.97005629,0.00000000
0.97070118,0.00000000
0.95970697,0.00000000
0.97141075,0.00000000
0.93708398,0.00000000
0.94583900,0.00000000
0.92761712,0.00000000
0.91783799,0.00000000
0.95024198,0.00000000
0.95107388,0.00000000
0.94285638,0.00000000
0.96212085,0.00000000
0.97978148,0.00000000
0.97994633,0.00000000
0.97159237,0.00000000
0.96022438,0.00000000
0.94755298,0.00000000
0.96168257,0.00000000
0.96046679,0.00000000
0.96032208,0.00000000
0.95537759,0.00000000
0.96777003,0.00000000
0.96834226,0.00000000
0.98767246,0.00000000
0.96923435,0.00000000
0.97144486,0.00000000
0.95935837,0.00000000
0.97755193,0.00000000
0.97115088,0.00000000
0.96463717,0.00000000
0.96689000,0.00000000
0.96228684,0.00000000
0.95189594,0.00000000
0.96167086,0.00000000
0.96951802,0.00000000
0.96846372,0.00000000
0.96905828,0.00000000
0.97409862,0.00000000
0.97180061,0.00000000
0.94725036,0.00000000
0.94973483,0.00000000
0.95922517,0.00000000
0.96354276,0.00000000
0.95760221,0.00000000
0.95566877,0.00000000
0.96039570,0.00000000
0.97179477,0.00000000
0.97494020,0.00000000
0.94428064,0.00000000
0.96144133,0.00000000
0.95475174,0.00000000
0.97345181,0.00000000
0.96681586,0.00000000
0.94867938,0.00000000
0.95818432,0.00000000
0.94105337,0.00000000
0.96629121,0.00000000
0.97372638,0.00000000
0.96721201,0.00000000
0.97525068,0.00000000
0.95392496,0.00000000
0.96521677,0.00000000
0.86973555,0.00000000
0.93225124,0.00000000
0.93282460,0.00000000
0.96419739,0.00000000
0.96007365,0.00000000
0.97529502,0.00000000
0.93103293,0.00000000
0.97748767,0.00000000
0.94565281,0.00000000
0.97462142,0.00000000
0.95186559,0.00000000
0.96326098,0.00000000
0.92469432,0.00000000
0.96369029,0.00000000
0.92864960,0.00000000
0.91903636,0.00000000
0.92514221,0.00000000
0.91703654,0.00000000
0.93353504,0.00000000
0.92479450,0.00000000
0.96031392,0.00000000
0.95158057,0.00000000
0.93454162,0.00000000
0.93369959,0.00000000
0.95256880,0.00000000
0.95015693,0.00000000
0.92074153,0.00000000
0.93340861,0.00000000
0.89406341,0.00000000
0.95375120,0.00000000
0.96829357,0.00000000
0.97335741,0.00000000
0.96054597,0.00000000
0.93996082,0.00000000
0.94692744,0.00000000
0.94670321,0.00000000
0.93116878,0.00000000
0.93480797,0.00000000
0.92522917,0.00000000
0.95181642,0.00000000
0.93052232,0.00000000
0.92057965,0.00000000
0.94572478,0.00000000
0.92891274,0.00000000
0.86949687,0.00000000
0.85911328,0.00000000
0.87829434,0.00000000
0.94197393,0.00000000
0.83493017,0.00000000
0.85765775,0.00000000
0.84344882,0.00000000
0.89943370,0.00000000
0.81975583,0.00000000
0.87996706,0.00000000
0.90313331,0.00000000
0.92826630,0.00000000
0.90032250,0.00000000
0.92009519,0.00000000
0.91180136,0.00000000
0.90670768,0.00000000
0.90026258,0.00000000
0.70568672,0.00000000
0.96019988,0.00000000
0.94987116,0.00000000
0.97762840,0.00000000
0.94330897,0.00000000
0.91632027,0.00000000
0.97668671,0.00000000
0.97325404,0.00000000
0.97248553,0.00000000
0.90853664,0.00000000
0.92359414,0.00000000
0.95626483,0.00000000
0.95308081,0.00000000
0.94416350,0.00000000
0.95663895,0.00000000
0.96769176,0.00000000
0.95002562,0.00000000
0.95039990,0.00000000
0.91321038,0.00000000
0.94301551,0.00000000
0.93495842,0.00000000
0.90843737,0.00000000
0.96214270,0.00000000
0.94012735,0.00000000
0.94856413,0.00000000
0.94733169,0.00000000
0.93727234,0.00000000
0.92411213,0.00000000
0.94593561,0.00000000
0.93898487,0.00000000
0.93569814,0.00000000
0.95720296,0.00000000
0.96775623,0.00000000
0.96225860,0.00000000
0.96460807,0.00000000
0.96356921,0.00000000
0.97481622,0.00000000
0.96745410,0.00000000
0.94675697,0.00000000
0.97600615,0.00000000
0.96483738,0.00000000
0.94756213,0.00000000
0.96939887,0.00000000
0.96092970,0.00000000
0.96029186,0.00000000
0.94027524,0.00000000
0.95892832,0.00000000
0.94558762,0.00000000
0.91062463,0.00000000
0.95759506,0.00000000
0.95925816,0.00000000
0.92779954,0.00000000
0.98396039,0.00000000
0.99229367,0.00000000
0.96764607,0.00000000
0.97669120,0.00000000
0.97476958,0.00000000
0.94446930,0.00000000
0.95928453,0.00000000
0.97065503,0.00000000
0.89210965,0.00000000
0.96658935,0.00000000
0.97895451,0.00000000
0.96482293,0.00000000
0.95540208,0.00000000
0.94495761,0.00000000
0.81907362,0.00000000
0.88267066,0.00000000
0.87718904,0.00000000
0.85737833,0.00000000
0.87588918,0.00000000
0.89676118,0.00000000
0.95296663,0.00000000
0.96484150,0.00000000
0.97206962,0.00000000
0.93378183,0.00000000
0.90523126,0.00000000
0.94354556,0.00000000
0.96463858,0.00000000
0.94019522,0.00000000
0.96207885,0.00000000
0.97856230,0.00000000
0.98274766,0.00000000
0.98647843,0.00000000
0.96440600,0.00000000
0.93972880,0.00000000
0.97286875,0.00000000
0.98027135,0.00000000
0.96504989,0.00000000
0.93887851,0.00000000
0.95507094,0.00000000
0.95858061,0.00000000
0.97704352,0.00000000
0.94855785,0.00000000
0.94022459,0.00000000
0.97157479,0.00000000
0.96460254,0.00000000
0.95306693,0.00000000
0.95939843,0.00000000
0.96503611,0.00000000
0.95785771,0.00000000
0.92602523,0.00000000
0.90319481,0.00000000
0.90746472,0.00000000
0.91236807,0.00000000
0.92119088,0.00000000
0.91055215,0.00000000
0.95235201,0.00000000
0.89674702,0.00000000
0.88942821,0.00000000
0.89481742,0.00000000
0.97930730,0.00000000
0.94585941,0.00000000
0.97012749,0.00000000
0.86426061,0.00000000
0.89746933,0.00000000
0.87643280,0.00000000
0.88398589,0.00000000
0.91538775,0.00000000
0.95121911,0.00000000
0.95983880,0.00000000
0.97955076,0.00000000
0.96802965,0.00000000
0.94946100,0.00000000
0.96283357,0.00000000
0.89378351,0.00000000
0.95690959,0.00000000
0.95541766,0.00000000
0.96506908,0.00000000
0.96244188,0.00000000
0.95936309,0.00000000
0.92114265,0.00000000
0.91145112,0.00000000
0.98006148,0.00000000
0.91148866,0.00000000
0.92966312,0.00000000
0.92499526,0.00000000
0.93376853,0.00000000
0.93982451,0.00000000
0.89800570,0.00000000
0.90901989,0.00000000
0.95611078,0.00000000
0.94179967,0.00000000
0.93901915,0.00000000
0.95722259,0.00000000
0.89899723,0.00000000
0.89514500,0.00000000
0.91006510,0.00000000
0.87242008,0.00000000
0.80270416,0.00000000
0.96029240,0.00000000
0.93176676,0.00000000
0.92454276,0.00000000
0.97273261,0.00000000
0.93607855,0.00000000
0.92491767,0.00000000
0.93526934,0.00000000
0.92601152,0.00000000
0.93954571,0.00000000
0.93794078,0.00000000
0.95366440,0.00000000
0.97616244,0.00000000
0.95760856,0.00000000
0.95661242,0.00000000
0.94100407,0.00000000
0.96795916,0.00000000
0.97325126,0.00000000
0.94885042,0.00000000
0.98306344,0.00000000
0.98291717,0.00000000
0.82133874,0.00000000
0.89558054,0.00000000
0.97443409,0.00000000
0.94473301,0.00000000
0.97256200,0.00000000
0.96197117,0.00000000
0.95389189,0.00000000
0.95579414,0.00000000
0.92275641,0.00000000
0.90277929,0.00000000
0.90761606,0.00000000
0.92135179,0.00000000
0.92880116,0.00000000
0.91412845,0.00000000
0.93216710,0.00000000
0.90029460,0.00000000
0.92026515,0.00000000
0.94232909,0.00000000
0.93298128,0.00000000
0.96539133,0.00000000
0.97850525,0.00000000
0.97985323,0.00000000
0.94019534,0.00000000
0.95357020,0.00000000
0.98827113,0.00000000
0.92636242,0.00000000
0.96707475,0.00000000
0.97768079,0.00000000
0.95983193,0.00000000
0.95908093,0.00000000
0.96738176,0.00000000
0.94363815,0.00000000
0.91520259,0.00000000
0.93921725,0.00000000
0.90927221,0.00000000
0.92729303,0.00000000
0.88528539,0.00000000
0.93562844,0.00000000
0.86974728,0.00000000
0.91372232,0.00000000
0.92515328,0.00000000
0.92253475,0.00000000
0.93621408,0.00000000
0.96259715,0.00000000
0.92010806,0.00000000
0.94578578,0.00000000
0.80058593,0.00000000
0.94807973,0.00000000
0.96303233,0.00000000
0.88642285,0.00000000
0.93638317,0.00000000
0.95185469,0.00000000
0.90796250,0.00000000
0.91195204,0.00000000
0.94898037,0.00000000
0.96797408,0.00000000
0.93163066,0.00000000
0.93118133,0.00000000
0.95772236,0.00000000
0.90336229,0.00000000
0.95400734,0.00000000
0.97355736,0.00000000
0.96089774,0.00000000
0.95319282,0.00000000
0.97589535,0.00000000
0.96006724,0.00000000
0.93726033,0.00000000
0.96249708,0.00000000
0.90277078,0.00000000
0.93155866,0.00000000
0.88964401,0.00000000
0.91641042,0.00000000
0.95421362,0.00000000
0.94834637,0.00000000
0.91378153,0.00000000
0.92193675,0.00000000
0.88545764,0.00000000
0.92275800,0.00000000
0.90793680,0.00000000
0.90377593,0.00000000
0.93920706,0.00000000
0.92085151,0.00000000
0.96877627,0.00000000
0.94716646,0.00000000
0.98223616,0.00000000
0.95524123,0.00000000
0.92016030,0.00000000
0.93930512,0.00000000
0.91258538,0.00000000
0.95563263,0.00000000
0.98028455,0.00000000
0.93606335,0.00000000
0.94415435,0.00000000
0.93999418,0.00000000
0.94284357,0.00000000
0.93228762,0.00000000
0.91750220,0.00000000
0.94193180,0.00000000
0.94935206,0.00000000
0.97068975,0.00000000
0.94860664,0.00000000
0.95784203,0.00000000
0.95817095,0.00000000
0.91335358,0.00000000
0.92583509,0.00000000
0.88894491,0.00000000
0.94979998,0.00000000
0.94400047,0.00000000
0.95956136,0.00000000
0.95334731,0.00000000
0.94171252,0.00000000
0.96195760,0.00000000
0.97827027,0.00000000
0.95365193,0.00000000
0.93926166,0.00000000
0.95912124,0.00000000
0.96707920,0.00000000
0.97613382,0.00000000
0.95028728,0.00000000
0.94324333,0.00000000
0.96039287,0.00000000
0.85270215,0.00000000
0.92221537,0.00000000
0.94724538,0.00000000
0.89312186,0.00000000
0.96093853,0.00000000
0.94421938,0.00000000
0.91235928,0.00000000
0.80743843,0.00000000
0.84429474,0.00000000
0.80619476,0.00000000
0.83458560,0.00000000
0.82666988,0.00000000
0.83351784,0.00000000
0.92169084,0.00000000
0.92103025,0.00000000
0.93904362,0.00000000
0.92909971,0.00000000
0.89511999,0.00000000
0.80295554,0.00000000
0.88515110,0.00000000
0.86053487,0.00000000
0.82672656,0.00000000
0.91782262,0.00000000
0.84331678,0.00000000
0.94756051,0.00000000
0.94718273,0.00000000
0.95811224,0.00000000
0.98818891,0.00000000
0.96907501,0.00000000
0.95217856,0.00000000
0.91955418,0.00000000
0.96865066,0.00000000
0.96876855,0.00000000
0.93849940,0.00000000
0.91740219,0.00000000
0.88903337,0.00000000
0.91339527,0.00000000
0.88450476,0.00000000
0.93839710,0.00000000
0.95228128,0.00000000
0.95043072,0.00000000
0.95681598,0.00000000
0.92312994,0.00000000
0.93098167,0.00000000
0.94420330,0.00000000
0.98492037,0.00000000
0.96129248,0.00000000
0.95287133,0.00000000
0.93894755,0.00000000
0.94633517,0.00000000
0.96410208,0.00000000
0.92623436,0.00000000
0.93631132,0.00000000
0.93761360,0.00000000
0.97946820,0.00000000
0.97648110,0.00000000
0.95190744,0.00000000
0.95561236,0.00000000
0.96755828,0.00000000
0.96249620,0.00000000
0.98347663,0.00000000
0.95802082,0.00000000
0.92859917,0.00000000
0.96185664,0.00000000
0.96652942,0.00000000
0.97129873,0.00000000
0.97242067,0.00000000
0.98322602,0.00000000
0.96774037,0.00000000
0.91302688,0.00000000
0.94893819,0.00000000
0.93229084,0.00000000
0.95189764,0.00000000
0.93057956,0.00000000
0.93364336,0.00000000
0.93539354,0.00000000
0.96578628,0.00000000
0.94894034,0.00000000
0.98103040,0.00000000
0.96505375,0.00000000
0.98261867,0.00000000
0.96431314,0.00000000
0.96329386,0.00000000
0.96486517,0.00000000
0.95678649,0.00000000
0.95897928,0.00000000
0.93879297,0.00000000
0.97110173,0.00000000
0.96111494,0.00000000
0.96082782,0.00000000
0.95646578,0.00000000
0.95589178,0.00000000
0.93718096,0.00000000
0.94358036,0.00000000
0.95510434,0.00000000
0.95847381,0.00000000
0.96318388,0.00000000
0.94478940,0.00000000
0.95046896,0.00000000
0.95036749,0.00000000
0.96286346,0.00000000
0.97284571,0.00000000
0.95756877,0.00000000
0.96476507,0.00000000
0.97244025,0.00000000
0.94963129,0.00000000
0.97668434,0.00000000
0.96791620,0.00000000
0.96407668,0.00000000
0.97300420,0.00000000
0.96234166,0.00000000
0.94603745,0.00000000
0.94516232,0.00000000
0.94245030,0.00000000
0.92328306,0.00000000
0.95686425,0.00000000
0.94450665,0.00000000
0.94026967,0.00000000
0.94883221,0.00000000
0.95860012,0.00000000
0.94583997,0.00000000
0.96735902,0.00000000
0.94793829,0.00000000
0.96528011,0.00000000
0.96024848,0.00000000
0.95723084,0.00000000
0.93541712,0.00000000
0.96432634,0.00000000
0.96201794,0.00000000
0.95426914,0.00000000
0.96809843,0.00000000
0.95081121,0.00000000
0.95574267,0.00000000
0.96651429,0.00000000
0.95659894,0.00000000
0.98614976,0.00000000
0.97820543,0.00000000
0.96153499,0.00000000
0.97613109,0.00000000
0.94273413,0.00000000
0.97371416,0.00000000
0.98793440,0.00000000
0.96500032,0.00000000
0.96379682,0.00000000
0.98650540,0.00000000
0.97076343,0.00000000
0.96975003,0.00000000
0.98292034,0.00000000
0.94935263,0.00000000
0.94001620,0.00000000
0.94191215,0.00000000
0.95850073,0.00000000
0.96811807,0.00000000
0.96447550,0.00000000
0.96062461,0.00000000
0.94935549,0.00000000
0.94670611,0.00000000
0.94459115,0.00000000
0.96088244,0.00000000
0.97637867,0.00000000
0.97854106,0.00000000
0.97709365,0.00000000
0.96308006,0.00000000
0.96348464,0.00000000
0.97302702,0.00000000
0.97377805,0.00000000
0.95811826,0.00000000
0.95202049,0.00000000
0.96969329,0.00000000
0.96391005,0.00000000
0.92510690,0.00000000
0.95972420,0.00000000
0.96294252,0.00000000
0.97608012,0.00000000
0.96643611,0.00000000
0.95555517,0.00000000
0.95883885,0.00000000
0.90754375,0.00000000
0.90041506,0.00000000
0.89087852,0.00000000
0.85898004,0.00000000
0.84481900,0.00000000
0.95036259,0.00000000
0.94281014,0.00000000
0.97107428,0.00000000
0.96950977,0.00000000
0.95136747,0.00000000
0.92057852,0.00000000
0.94355112,0.00000000
0.94059248,0.00000000
0.95525001,0.00000000
0.96910329,0.00000000
0.96184734,0.00000000
0.97908660,0.00000000
0.95418106,0.00000000
0.95557756,0.00000000
0.94909538,0.00000000
0.94092169,0.00000000
0.95987517,0.00000000
0.93203865,0.00000000
0.94462331,0.00000000
0.93891593,0.00000000
0.93958332,0.00000000
0.94584607,0.00000000
0.94244519,0.00000000
0.94549980,0.00000000
0.96322596,0.00000000
0.93953678,0.00000000
0.96245549,0.00000000
0.94820101,0.00000000
0.92007066,0.00000000
0.93976202,0.00000000
0.94103138,0.00000000
0.93643702,0.00000000
0.96475844,0.00000000
0.96637632,0.00000000
0.96055679,0.00000000
0.95189503,0.00000000
0.94281838,0.00000000
0.95682350,0.00000000
0.93379370,0.00000000
0.93962244,0.00000000
0.93524504,0.00000000
0.92693332,0.00000000
0.72771624,0.00000000
0.71803825,0.00000000
0.72082404,0.00000000
0.70593397,0.00000000
0.69377665,0.00000000
0.68203524,0.00000000
0.70566454,0.00000000
0.72095061,0.00000000
0.71653396,0.00000000
0.71802152,0.00000000
0.71684502,0.00000000
0.77992746,0.00000000
0.94231013,0.00000000
0.97139872,0.00000000
0.97537119,0.00000000
0.98011608,0.00000000
0.97310443,0.00000000
0.95145976,0.00000000
0.91440520,0.00000000
0.95381584,0.00000000
0.95215270,0.00000000
0.93781279,0.00000000
0.95384982,0.00000000
0.96050631,0.00000000
0.93961402,0.00000000
0.95699312,0.00000000
0.96784030,0.00000000
0.94290012,0.00000000
0.96359398,0.00000000
0.89352942,0.00000000
0.95349765,0.00000000
0.93591896,0.00000000
0.96826491,0.00000000
0.95914278,0.00000000
0.98437774,0.00000000
0.96003381,0.00000000
0.97086256,0.00000000
0.96335824,0.00000000
0.96333575,0.00000000
0.93951298,0.00000000
0.93644751,0.00000000
0.94494527,0.00000000
0.95706160,0.00000000
0.92087859,0.00000000
0.93148782,0.00000000
0.93505986,0.00000000
0.95149523,0.00000000
0.94138775,0.00000000
0.96180334,0.00000000
0.91482005,0.00000000
0.94325826,0.00000000
0.92000390,0.00000000
0.93320812,0.00000000
0.90868607,0.00000000
0.87614074,0.00000000
0.91168609,0.00000000
0.86458474,0.00000000
0.88380546,0.00000000
0.90608236,0.00000000
0.89884137,0.00000000
0.91589264,0.00000000
0.90622465,0.00000000
0.95419945,0.00000000
0.95790876,0.00000000
0.87379190,0.00000000
0.93839495,0.00000000
0.92882139,0.00000000
0.88375520,0.00000000
0.91645731,0.00000000
0.92073317,0.00000000
0.90608921,0.00000000
0.89230729,0.00000000
0.93615167,0.00000000
0.89698899,0.00000000
0.83521894,0.00000000
0.87138459,0.00000000
0.90377264,0.00000000
0.95237908,0.00000000
0.80680797,0.00000000
0.93753082,0.00000000
0.94299100,0.00000000
0.95985166,0.00000000
0.96151395,0.00000000
0.96697663,0.00000000
0.92765749,0.00000000
0.97521240,0.00000000
0.96776521,0.00000000
0.95190843,0.00000000
0.96386470,0.00000000
0.95297670,0.00000000
0.94891910,0.00000000
0.95861805,0.00000000
0.95944127,0.00000000
0.95117646,0.00000000
0.94114355,0.00000000
0.95013317,0.00000000
0.96780842,0.00000000
0.94331155,0.00000000
0.91723591,0.00000000
0.94311727,0.00000000
0.96361882,0.00000000
0.93224401,0.00000000
0.94638764,0.00000000
0.93077813,0.00000000
0.96252566,0.00000000
0.96029332,0.00000000
0.94165531,0.00000000
0.92001795,0.00000000
0.93560718,0.00000000
0.94086535,0.00000000
0.92075689,0.00000000
0.94097599,0.00000000
0.97304870,0.00000000
0.92806076,0.00000000
0.90818859,0.00000000
0.49003067,0.00000000
0.94903073,0.00000000
0.91281788,0.00000000
0.90991410,0.00000000
0.91513518,0.00000000
0.91660287,0.00000000
0.89450437,0.00000000
0.92859417,0.00000000
0.91134119,0.00000000
0.91665927,0.00000000
0.93795925,0.00000000
0.94912963,0.00000000
0.92740879,0.00000000
0.93551100,0.00000000
0.92562548,0.00000000
0.91920749,0.00000000
0.92739833,0.00000000
0.97487657,0.00000000
0.95483296,0.00000000
0.93845622,0.00000000
0.96300138,0.00000000
0.93553083,0.00000000
0.93868906,0.00000000
0.95777752,0.00000000
0.89793898,0.00000000
0.90468183,0.00000000
0.89511456,0.00000000
0.82712289,0.00000000
0.95842472,0.00000000
0.97796800,0.00000000
0.96704192,0.00000000
0.97359721,0.00000000
0.97591902,0.00000000
0.66974423,0.00000000
0.88059060,0.00000000
0.89824572,0.00000000
0.93810972,0.00000000
0.94718996,0.00000000
0.93876569,0.00000000
0.96687029,0.00000000
0.97059546,0.00000000
0.95530222,0.00000000
0.95023412,0.00000000
0.94306599,0.00000000
0.94941390,0.00000000
0.93445837,0.00000000
0.96527553,0.00000000
0.93282903,0.00000000
0.94220643,0.00000000
0.97993330,0.00000000
0.96162206,0.00000000
0.96122368,0.00000000
0.95724944,0.00000000
0.97961521,0.00000000
0.97423542,0.00000000
0.97248424,0.00000000
0.98896945,0.00000000
0.93084861,0.00000000
0.96609191,0.00000000
0.94265811,0.00000000
0.99279448,0.00000000
0.97249909,0.00000000
0.97880614,0.00000000
0.95670314,0.00000000
0.96239841,0.00000000
0.96334144,0.00000000
0.96668797,0.00000000
0.95933965,0.00000000
0.97036909,0.00000000
0.98186675,0.00000000
0.96994553,0.00000000
0.95459768,0.00000000
0.93855097,0.00000000
0.94924784,0.00000000
0.95437610,0.00000000
0.96391546,0.00000000
0.98566741,0.00000000
0.98285012,0.00000000
0.95542635,0.00000000
0.94035312,0.00000000
0.94181970,0.00000000
0.90923458,0.00000000
0.96967054,0.00000000
0.97493486,0.00000000
0.96838164,0.00000000
0.96842309,0.00000000
0.97434373,0.00000000
0.96207606,0.00000000
0.96637743,0.00000000
0.95870713,0.00000000
0.96008525,0.00000000
0.95618728,0.00000000
0.96134873,0.00000000
0.96346301,0.00000000
0.97694542,0.00000000
0.96435840,0.00000000
0.97822662,0.00000000
0.95238687,0.00000000
0.96817637,0.00000000
0.93366554,0.00000000
0.96059014,0.00000000
0.97801497,0.00000000
0.97284997,0.00000000
0.96028958,0.00000000
0.97069678,0.00000000
0.93780211,0.00000000
0.93440746,0.00000000
0.91191548,0.00000000
0.96999858,0.00000000
0.98550125,0.00000000
0.97756809,0.00000000
0.94907417,0.00000000
0.92034696,0.00000000
0.91787598,0.00000000
0.93388790,0.00000000
0.92960917,0.00000000
0.96657225,0.00000000
0.93030336,0.00000000
0.95417273,0.00000000
0.93145187,0.00000000
0.92742460,0.00000000
0.91501816,0.00000000
0.93599531,0.00000000
0.95563100,0.00000000
0.96123373,0.00000000
0.93475066,0.00000000
0.90333848,0.00000000
0.97157873,0.00000000
0.93377138,0.00000000
0.92744157,0.00000000
0.95799083,0.00000000
0.96765272,0.00000000
0.95609838,0.00000000
0.94240259,0.00000000
0.96256104,0.00000000
0.92607293,0.00000000
0.95194223,0.00000000
0.93413152,0.00000000
0.95485382,0.00000000
0.91680204,0.00000000
0.98523466,0.00000000
0.96926888,0.00000000
0.98574248,0.00000000
0.95915850,0.00000000
0.94791973,0.00000000
0.95119932,0.00000000
0.94021769,0.00000000
0.94513715,0.00000000
0.93684324,0.00000000
0.92957435,0.00000000
0.94163308,0.00000000
0.98296042,0.00000000
0.95026185,0.00000000
0.96631547,0.00000000
0.93373124,0.00000000
0.94337783,0.00000000
0.95971351,0.00000000
0.95667363,0.00000000
0.97755754,0.00000000
0.97262117,0.00000000
0.98874244,0.00000000
0.96679612,0.00000000
0.95259472,0.00000000
0.97613850,0.00000000
0.97903172,0.00000000
0.95600185,0.00000000
0.98371319,0.00000000
0.96168966,0.00000000
0.98754647,0.00000000
0.96143611,0.00000000
0.96698941,0.00000000
0.96225419,0.00000000
0.96151781,0.00000000
0.97109446,0.00000000
0.95415315,0.00000000
0.96726274,0.00000000
0.97385641,0.00000000
0.97288245,0.00000000
0.98238054,0.00000000
0.96328948,0.00000000
0.97602214,0.00000000
0.98107756,0.00000000
0.96968534,0.00000000
0.98527174,0.00000000
0.95831550,0.00000000
0.97990164,0.00000000
0.97072453,0.00000000
0.98137767,0.00000000
0.97932379,0.00000000
0.95817364,0.00000000
0.98679104,0.00000000
0.96919204,0.00000000
0.97551928,0.00000000
0.94453858,0.00000000
0.96903646,0.00000000
0.97555666,0.00000000
0.96970652,0.00000000
0.98381438,0.00000000
0.98416497,0.00000000
0.97681433,0.00000000
0.97855647,0.00000000
0.96349938,0.00000000
0.96965067,0.00000000
0.96720462,0.00000000
0.96818625,0.00000000
0.98414443,0.00000000
0.98082365,0.00000000
0.96691349,0.00000000
0.95835130,0.00000000
0.94522724,0.00000000
0.97441510,0.00000000
0.97587727,0.00000000
0.97951501,0.00000000
0.96233420,0.00000000
0.96321298,0.00000000
0.97550790,0.00000000
0.98134746,0.00000000
0.96635498,0.00000000
0.97478881,0.00000000
0.97047388,0.00000000
0.98363113,0.00000000
0.96460882,0.00000000
0.95623017,0.00000000
0.93431603,0.00000000
0.92361817,0.00000000
0.92173578,0.00000000
0.90747907,0.00000000
0.97481994,0.00000000
0.96292268,0.00000000
0.97593822,0.00000000
0.95509863,0.00000000
0.95685713,0.00000000
0.96200719,0.00000000
0.98012149,0.00000000
0.95840528,0.00000000
0.94895624,0.00000000
0.96605951,0.00000000
0.96930116,0.00000000
0.97535226,0.00000000
0.96780741,0.00000000
0.95554348,0.00000000
0.94873002,0.00000000
0.95191652,0.00000000
0.95804190,0.00000000
0.96359413,0.00000000
0.96801212,0.00000000
0.97584007,0.00000000
0.97136709,0.00000000
0.97303623,0.00000000
0.97509384,0.00000000
0.95210003,0.00000000
0.95986155,0.00000000
0.94358864,0.00000000
0.95039158,0.00000000
0.95416537,0.00000000
0.96151920,0.00000000
0.97982377,0.00000000
0.94942373,0.00000000
0.97516628,0.00000000
0.95614104,0.00000000
0.95100259,0.00000000
0.80165186,0.00000000
0.94292927,0.00000000
0.95402163,0.00000000
0.98472513,0.00000000
0.96420738,0.00000000
0.97596925,0.00000000
0.96251260,0.00000000
0.91233790,0.00000000
0.96747266,0.00000000
0.96588076,0.00000000
0.96402541,0.00000000
0.94115037,0.00000000
0.96063983,0.00000000
0.95002642,0.00000000
0.95023735,0.00000000
0.95211093,0.00000000
0.96338261,0.00000000
0.95075582,0.00000000
0.95181099,0.00000000
0.93322208,0.00000000
0.97669621,0.00000000
0.97283480,0.00000000
0.96045087,0.00000000
0.95145408,0.00000000
0.91705779,0.00000000
0.95421805,0.00000000
0.95869672,0.00000000
0.96898893,0.00000000
0.68454008,0.00000000
0.66497934,0.00000000
0.91011346,0.00000000
0.96847644,0.00000000
0.96386174,0.00000000
0.96380911,0.00000000
0.95547103,0.00000000
0.97563308,0.00000000
0.95823677,0.00000000
0.95958626,0.00000000
0.95183308,0.00000000
0.94120543,0.00000000
0.93207590,0.00000000
0.93851675,0.00000000
0.94945900,0.00000000
0.96659754,0.00000000
0.96218861,0.00000000
0.94937693,0.00000000
0.94160168,0.00000000
0.96140853,0.00000000
0.97772714,0.00000000
0.97629390,0.00000000
0.72259270,0.00000000
0.96257188,0.00000000
0.97619109,0.00000000
0.96893336,0.00000000
0.95146616,0.00000000
0.96372763,0.00000000
0.96933509,0.00000000
0.95558591,0.00000000
0.97901323,0.00000000
0.99026718,0.00000000
0.96166868,0.00000000
0.96151558,0.00000000
0.69876927,0.00000000
0.93146333,0.00000000
0.93491935,0.00000000
0.67998088,0.00000000
0.95057211,0.00000000
0.69523483,0.00000000
0.67994323,0.00000000
0.80307824,0.00000000
0.76227022,0.00000000
0.76455431,0.00000000
0.80967703,0.00000000
0.85335116,0.00000000
0.83673845,0.00000000
0.79244106,0.00000000
0.75961516,0.00000000
0.76673775,0.00000000
0.75829141,0.00000000
0.78182515,0.00000000
0.76420024,0.00000000
0.88108139,0.00000000
0.91018926,0.00000000
0.86995763,0.00000000
0.84803413,0.00000000
0.94279082,0.00000000
0.96511544,0.00000000
0.94634916,0.00000000
0.96088866,0.00000000
0.96596642,0.00000000
0.95138974,0.00000000
0.97335639,0.00000000
0.95877070,0.00000000
0.96215195,0.00000000
0.97539705,0.00000000
0.96247923,0.00000000
0.95014206,0.00000000
0.96706046,0.00000000
0.97446745,0.00000000
0.96925907,0.00000000
0.96945853,0.00000000
0.96986748,0.00000000
0.97092130,0.00000000
0.96019440,0.00000000
0.97787848,0.00000000
0.96423706,0.00000000
0.96172822,0.00000000
0.94572304,0.00000000
0.94646453,0.00000000
0.96917375,0.00000000
0.97481810,0.00000000
0.96356273,0.00000000
0.95441248,0.00000000
0.96550696,0.00000000
0.97197235,0.00000000
0.96072142,0.00000000
0.96563418,0.00000000
0.83336173,0.00000000
0.94341533,0.00000000
0.97741742,0.00000000
0.94812458,0.00000000
0.96967933,0.00000000
0.97043195,0.00000000
0.93582722,0.00000000
0.97142128,0.00000000
0.93583325,0.00000000
0.95130525,0.00000000
0.93066503,0.00000000
0.94932579,0.00000000
0.95098564,0.00000000
0.93524083,0.00000000
0.92387936,0.00000000
0.94433320,0.00000000
0.93551820,0.00000000
0.96262064,0.00000000
0.96830054,0.00000000
0.93967064,0.00000000
0.93819746,0.00000000
0.96082449,0.00000000
0.93711426,0.00000000
0.93699495,0.00000000
0.95042775,0.00000000
0.93972308,0.00000000
0.92766505,0.00000000
0.96148243,0.00000000
0.97246275,0.00000000
0.94805513,0.00000000
0.96786267,0.00000000
0.96080907,0.00000000
0.95693992,0.00000000
0.97034608,0.00000000
0.94890510,0.00000000
0.97991567,0.00000000
0.96320408,0.00000000
0.98131644,0.00000000
0.96109195,0.00000000
0.94708758,0.00000000
0.93233162,0.00000000
0.95514172,0.00000000
0.95015616,0.00000000
0.95132142,0.00000000
0.95331400,0.00000000
0.96553910,0.00000000
0.94953227,0.00000000
0.96517514,0.00000000
0.93917327,0.00000000
0.94763828,0.00000000
0.95545696,0.00000000
0.95551484,0.00000000
0.92812614,0.00000000
0.90149716,0.00000000
0.94597142,0.00000000
0.95093369,0.00000000
0.95921158,0.00000000
0.94410038,0.00000000
0.93840988,0.00000000
0.93122299,0.00000000
0.96015699,0.00000000
0.97179901,0.00000000
0.95401745,0.00000000
0.97165883,0.00000000
0.97960975,0.00000000
0.93636471,0.00000000
0.96397684,0.00000000
0.97529545,0.00000000
0.95042100,0.00000000
0.94209919,0.00000000
0.96942616,0.00000000
0.96659573,0.00000000
0.96227234,0.00000000
0.94494224,0.00000000
0.93382907,0.00000000
0.95352964,0.00000000
0.97174384,0.00000000
0.97922049,0.00000000
0.97041408,0.00000000
0.97342771,0.00000000
0.98780578,0.00000000
0.98257169,0.00000000
0.96471558,0.00000000
0.95564292,0.00000000
0.95656997,0.00000000
0.94140497,0.00000000
0.84896297,0.00000000
0.62984725,0.00000000
0.79006458,0.00000000
0.60787800,0.00000000
0.58981555,0.00000000
0.56776200,0.00000000
0.55768550,0.00000000
0.55865900,0.00000000
0.84182198,0.00000000
0.92961547,0.00000000
0.90985020,0.00000000
0.96636687,0.00000000
0.95717210,0.00000000
0.97309003,0.00000000
0.96004010,0.00000000
0.94521853,0.00000000
0.94182941,0.00000000
0.93431601,0.00000000
0.94208368,0.00000000
0.87897490,0.00000000
0.93955151,0.00000000
0.95277384,0.00000000
0.97227117,0.00000000
0.95834626,0.00000000
0.94600042,0.00000000
0.96774686,0.00000000
0.96371171,0.00000000
0.95878226,0.00000000
0.93850777,0.00000000
0.94046915,0.00000000
0.96072900,0.00000000
0.92948895,0.00000000
0.93577581,0.00000000
0.95253936,0.00000000
0.95814991,0.00000000
0.94232518,0.00000000
0.93133205,0.00000000
0.98450255,0.00000000
0.95411145,0.00000000
0.93316628,0.00000000
0.52392799,0.00000000
0.56165965,0.00000000
0.55297988,0.00000000
0.88186281,0.00000000
0.96577195,0.00000000
0.95656221,0.00000000
0.93459929,0.00000000
0.97345183,0.00000000
0.97671236,0.00000000
0.97867828,0.00000000
0.97640552,0.00000000
0.93100840,0.00000000
0.96047545,0.00000000
0.97065452,0.00000000
0.96963768,0.00000000
0.96677713,0.00000000
0.94058910,0.00000000
0.95631375,0.00000000
0.93554079,0.00000000
0.94195999,0.00000000
0.92276913,0.00000000
0.93552012,0.00000000
0.94657364,0.00000000
0.95000358,0.00000000
0.95288557,0.00000000
0.96070835,0.00000000
0.90887659,0.00000000
0.90662592,0.00000000
0.81708770,0.00000000
0.90154014,0.00000000
0.92316538,0.00000000
0.92086053,0.00000000
0.91922037,0.00000000
0.93779484,0.00000000
0.95221550,0.00000000
0.92114816,0.00000000
0.96557225,0.00000000
0.94767724,0.00000000
0.93414137,0.00000000
0.94142048,0.00000000
0.95819538,0.00000000
0.88787955,0.00000000
0.95934470,0.00000000
0.92799669,0.00000000
0.93463097,0.00000000
0.95827071,0.00000000
0.95762905,0.00000000
0.92819781,0.00000000
0.96664308,0.00000000
0.96564587,0.00000000
0.94835694,0.00000000
0.93907212,0.00000000
0.96084521,0.00000000
0.98321569,0.00000000
0.94421277,0.00000000
0.93852076,0.00000000
0.92753418,0.00000000
0.44510590,0.00000000
0.43127786,0.00000000
0.43126114,0.00000000
0.45032106,0.00000000
0.45689137,0.00000000
0.50410174,0.00000000
0.43926776,0.00000000
0.95018468,0.00000000
0.97261019,0.00000000
0.94022201,0.00000000
0.97478305,0.00000000
0.96593032,0.00000000
0.95206394,0.00000000
0.94585106,0.00000000
0.93756109,0.00000000
0.98981559,0.00000000
0.95733688,0.00000000
0.96238433,0.00000000
0.97799537,0.00000000
0.96837022,0.00000000
0.97264087,0.00000000
0.97960188,0.00000000
0.97489338,0.00000000
0.98327126,0.00000000
0.94962897,0.00000000
0.94700287,0.00000000
0.97312604,0.00000000
0.94716063,0.00000000
0.97195239,0.00000000
0.97950248,0.00000000
0.97784402,0.00000000
0.97040698,0.00000000
0.97471301,0.00000000
0.95599621,0.00000000
0.96552151,0.00000000
0.97465009,0.00000000
0.97232520,0.00000000
0.94884863,0.00000000
0.97498590,0.00000000
0.96375280,0.00000000
0.95381011,0.00000000
0.93795384,0.00000000
0.95290906,0.00000000
0.95845799,0.00000000
0.96609574,0.00000000
0.98102427,0.00000000
0.98027312,0.00000000
0.96309609,0.00000000
0.96257059,0.00000000
0.97050223,0.00000000
0.97003362,0.00000000
0.90981811,0.00000000
0.92479799,0.00000000
0.95248648,0.00000000
0.96448010,0.00000000
0.96318440,0.00000000
0.96206861,0.00000000
0.96148409,0.00000000
0.95464783,0.00000000
0.96914380,0.00000000
0.97395890,0.00000000
0.95848093,0.00000000
0.96790263,0.00000000
0.95141265,0.00000000
0.95628441,0.00000000
0.94893333,0.00000000
0.96156806,0.00000000
0.93697372,0.00000000
0.95830756,0.00000000
0.94824425,0.00000000
0.95365265,0.00000000
0.97145133,0.00000000
0.96907540,0.00000000
0.96159749,0.00000000
0.96977641,0.00000000
0.97802344,0.00000000
0.97357914,0.00000000
0.96891842,0.00000000
0.98462090,0.00000000
0.96091340,0.00000000
0.98050242,0.00000000
0.94902179,0.00000000
0.97176229,0.00000000
0.96976534,0.00000000
0.96920521,0.00000000
0.90909560,0.00000000
0.97025803,0.00000000
0.96666674,0.00000000
0.98266879,0.00000000
0.96432038,0.00000000
0.97217183,0.00000000
0.94343740,0.00000000
0.94461241,0.00000000
0.98319534,0.00000000
0.96432464,0.00000000
0.95520090,0.00000000
0.92723967,0.00000000
0.97039846,0.00000000
0.96933646,0.00000000
0.97026625,0.00000000
0.97339090,0.00000000
0.98228208,0.00000000
0.96048788,0.00000000
0.95320904,0.00000000
0.96233618,0.00000000
0.97331794,0.00000000
0.97474129,0.00000000
0.97587747,0.00000000
0.95760822,0.00000000
0.95687413,0.00000000
0.95165253,0.00000000
0.95671921,0.00000000
0.96575374,0.00000000
0.94730421,0.00000000
0.92883289,0.00000000
0.93427207,0.00000000
0.95221230,0.00000000
0.95733235,0.00000000
0.94165240,0.00000000
0.93950696,0.00000000
0.94896799,0.00000000
0.96024765,0.00000000
0.95809392,0.00000000
0.93928797,0.00000000
0.96324978,0.00000000
0.95007417,0.00000000
0.95635466,0.00000000
0.96088426,0.00000000
0.97495993,0.00000000
0.97241205,0.00000000
0.96592675,0.00000000
0.97795737,0.00000000
0.96501900,0.00000000
0.92999372,0.00000000
0.97864768,0.00000000
0.97011461,0.00000000
0.94317414,0.00000000
0.96564589,0.00000000
0.96127410,0.00000000
0.96737929,0.00000000
0.95148233,0.00000000
0.96428961,0.00000000
0.96684492,0.00000000
0.97227309,0.00000000
0.97516276,0.00000000
0.95240227,0.00000000
0.96000748,0.00000000
0.97749985,0.00000000
0.96653759,0.00000000
0.94165829,0.00000000
0.95515568,0.00000000
0.95078743,0.00000000
0.94627514,0.00000000
0.93295962,0.00000000
0.95184575,0.00000000
0.95911547,0.00000000
0.94352972,0.00000000
0.95317621,0.00000000
0.96205763,0.00000000
0.97158160,0.00000000
0.98424602,0.00000000
0.97714125,0.00000000
0.95616868,0.00000000
0.95048886,0.00000000
0.96353451,0.00000000
0.95881282,0.00000000
0.94397601,0.00000000
0.93180984,0.00000000
0.96610341,0.00000000
0.95396452,0.00000000
0.93813869,0.00000000
0.92995657,0.00000000
0.98301102,0.00000000
0.97362924,0.00000000
0.95791716,0.00000000
0.97092109,0.00000000
0.95926606,0.00000000
0.97085840,0.00000000
0.88138577,0.00000000
0.88439581,0.00000000
0.96923653,0.00000000
0.96647590,0.00000000
0.97293056,0.00000000
0.97787720,0.00000000
0.96349535,0.00000000
0.94950558,0.00000000
0.95313579,0.00000000
0.95617250,0.00000000
0.92974000,0.00000000
0.95186543,0.00000000
0.92972980,0.00000000
0.93621847,0.00000000
0.95001751,0.00000000
0.90893836,0.00000000
0.95691624,0.00000000
0.96447778,0.00000000
0.94371320,0.00000000
0.95506403,0.00000000
0.95207940,0.00000000
0.94553454,0.00000000
0.96972969,0.00000000
0.96106116,0.00000000
0.95510518,0.00000000
0.96841363,0.00000000
0.97129941,0.00000000
0.96208413,0.00000000
0.95572765,0.00000000
0.98328833,0.00000000
0.97908328,0.00000000
0.95959277,0.00000000
0.97409110,0.00000000
0.97351700,0.00000000
0.95751687,0.00000000
0.96699993,0.00000000
0.94627021,0.00000000
0.96171052,0.00000000
0.94186040,0.00000000
0.92360779,0.00000000
0.97131946,0.00000000
0.97023152,0.00000000
0.96788271,0.00000000
0.94917385,0.00000000
0.96102473,0.00000000
0.94999449,0.00000000
0.96206861,0.00000000
0.97059554,0.00000000
0.96732972,0.00000000
0.96589654,0.00000000
0.96960676,0.00000000
0.96917159,0.00000000
0.96345779,0.00000000
0.98172977,0.00000000
0.96200617,0.00000000
0.98024255,0.00000000
0.94745886,0.00000000
0.98168843,0.00000000
0.96408951,0.00000000
0.97530439,0.00000000
0.96866140,0.00000000
0.96909989,0.00000000
0.95420855,0.00000000
0.97164898,0.00000000
0.96150484,0.00000000
0.97030194,0.00000000
0.93289995,0.00000000
0.96484069,0.00000000
0.96259420,0.00000000
0.97156244,0.00000000
0.95223951,0.00000000
0.97511698,0.00000000
0.95495047,0.00000000
0.97469075,0.00000000
0.96626165,0.00000000
0.95223504,0.00000000
0.93520081,0.00000000
0.95513235,0.00000000
0.93819393,0.00000000
0.93883156,0.00000000
0.94847062,0.00000000
0.95789417,0.00000000
0.92562835,0.00000000
0.96356024,0.00000000
0.94830541,0.00000000
0.95821506,0.00000000
0.94219615,0.00000000
0.97266473,0.00000000
0.95284264,0.00000000
0.95768399,0.00000000
0.95908345,0.00000000
0.97083948,0.00000000
0.97605156,0.00000000
0.96153144,0.00000000
0.97726446,0.00000000
0.95318747,0.00000000
0.97089795,0.00000000
0.97487850,0.00000000
0.97603156,0.00000000
0.97865464,0.00000000
0.96453514,0.00000000
0.95082539,0.00000000
0.95038454,0.00000000
0.93152218,0.00000000
0.95244416,0.00000000
0.95563341,0.00000000
0.97336173,0.00000000
0.98745632,0.00000000
0.97538894,0.00000000
0.96174249,0.00000000
0.94666907,0.00000000
0.96145483,0.00000000
0.96632083,0.00000000
0.95203544,0.00000000
0.94167611,0.00000000
0.97385109,0.00000000
0.97556571,0.00000000
0.93708739,0.00000000
0.95946133,0.00000000
0.96473986,0.00000000
0.96156044,0.00000000
0.97194529,0.00000000
0.96338104,0.00000000
0.97679534,0.00000000
0.95806838,0.00000000
0.97429032,0.00000000
0.96428489,0.00000000
0.97964385,0.00000000
0.96421605,0.00000000
0.96119929,0.00000000
0.97100713,0.00000000
0.97136769,0.00000000
0.92617939,0.00000000
0.95321643,0.00000000
0.97353820,0.00000000
0.95794057,0.00000000
0.97907414,0.00000000
0.95660769,0.00000000
0.95589256,0.00000000
0.93278760,0.00000000
0.94467755,0.00000000
0.96407327,0.00000000
0.97109792,0.00000000
0.94444144,0.00000000
0.92358498,0.00000000
0.95073073,0.00000000
0.91560318,0.00000000
0.95603767,0.00000000
0.96607279,0.00000000
0.96291604,0.00000000
0.96611333,0.00000000
0.97086375,0.00000000
0.95978998,0.00000000
0.96344082,0.00000000
0.96988835,0.00000000
0.94511470,0.00000000
0.97472881,0.00000000
0.96453167,0.00000000
0.95058324,0.00000000
0.96575713,0.00000000
0.96924964,0.00000000
0.97541895,0.00000000
0.96326046,0.00000000
0.96007173,0.00000000
0.83660328,0.00000000
0.93803993,0.00000000
0.96403273,0.00000000
0.95410064,0.00000000
0.95968122,0.00000000
0.96387995,0.00000000
0.96902920,0.00000000
0.95267818,0.00000000
0.97036085,0.00000000
0.96076885,0.00000000
0.93653717,0.00000000
0.97566870,0.00000000
0.96412034,0.00000000
0.95787540,0.00000000
0.95975805,0.00000000
0.97097383,0.00000000
0.96460095,0.00000000
0.95298730,0.00000000
0.96409307,0.00000000
0.95402743,0.00000000
0.96861739,0.00000000
0.96229712,0.00000000
0.96209844,0.00000000
0.95260016,0.00000000
0.94027914,0.00000000
0.93864412,0.00000000
0.95824849,0.00000000
0.93655988,0.00000000
0.97270513,0.00000000
0.95851064,0.00000000
0.94322616,0.00000000
0.94072919,0.00000000
0.96587852,0.00000000
0.96415612,0.00000000
0.94132912,0.00000000
0.94370871,0.00000000
0.95113819,0.00000000
0.93284169,0.00000000
0.94141865,0.00000000
0.94852787,0.00000000
0.92502364,0.00000000
0.96958418,0.00000000
0.96468315,0.00000000
0.94855334,0.00000000
0.95630900,0.00000000
0.93633321,0.00000000
0.95443272,0.00000000
0.96474366,0.00000000
0.99035750,0.00000000
0.96046902,0.00000000
0.95397027,0.00000000
0.94770922,0.00000000
0.93769404,0.00000000
0.96285654,0.00000000
0.95475078,0.00000000
0.95538520,0.00000000
0.96290431,0.00000000
0.94810440,0.00000000
0.96322852,0.00000000
0.98413644,0.00000000
0.95396686,0.00000000
0.94453565,0.00000000
0.93808222,0.00000000
0.97081789,0.00000000
0.97426063,0.00000000
0.96441314,0.00000000
0.95486369,0.00000000
0.96336121,0.00000000
0.95338704,0.00000000
0.96957155,0.00000000
0.96312754,0.00000000
0.96239685,0.00000000
0.95884597,0.00000000
0.96158359,0.00000000
0.95350569,0.00000000
0.93695707,0.00000000
0.93804339,0.00000000
0.94412474,0.00000000
0.96151224,0.00000000
0.96700619,0.00000000
0.95628196,0.00000000
0.93654031,0.00000000
0.95989339,0.00000000
0.98157537,0.00000000
0.95747304,0.00000000
0.97063103,0.00000000
0.97373763,0.00000000
0.98103466,0.00000000
0.96914547,0.00000000
0.97109689,0.00000000
0.98060770,0.00000000
0.95737082,0.00000000
0.95889142,0.00000000
0.94998912,0.00000000
0.94496331,0.00000000
0.94595000,0.00000000
0.93965703,0.00000000
0.95110906,0.00000000
0.95282931,0.00000000
0.95885902,0.00000000
0.96953857,0.00000000
0.95155595,0.00000000
0.95671778,0.00000000
0.95247765,0.00000000
0.94344137,0.00000000
0.96074351,0.00000000
0.94899095,0.00000000
0.97107673,0.00000000
0.95335296,0.00000000
0.94859966,0.00000000
0.95693630,0.00000000
0.96584143,0.00000000
0.95292681,0.00000000
0.96378177,0.00000000
0.97124022,0.00000000
0.97585137,0.00000000
0.96360827,0.00000000
0.95446176,0.00000000
0.95567507,0.00000000
0.96534472,0.00000000
0.95057018,0.00000000
0.94706842,0.00000000
0.93811300,0.00000000
0.95336200,0.00000000
0.95451961,0.00000000
0.95830909,0.00000000
0.95816371,0.00000000
0.93844888,0.00000000
0.96693225,0.00000000
0.96314338,0.00000000
0.93707130,0.00000000
0.95384137,0.00000000
0.96874381,0.00000000
0.96746654,0.00000000
0.94590135,0.00000000
0.95594370,0.00000000
0.95559034,0.00000000
0.96362430,0.00000000
0.97600419,0.00000000
0.98002160,0.00000000
0.97976772,0.00000000
0.97115320,0.00000000
0.94735329,0.00000000
0.97371608,0.00000000
0.96570004,0.00000000
0.97251697,0.00000000
0.98110533,0.00000000
0.95446679,0.00000000
0.96402525,0.00000000
0.96739646,0.00000000
0.95478707,0.00000000
0.93931086,0.00000000
0.94128747,0.00000000
0.94910198,0.00000000
0.95837568,0.00000000
0.98271237,0.00000000
0.95885305,0.00000000
0.96499659,0.00000000
0.98272894,0.00000000
0.96959632,0.00000000
0.96854923,0.00000000
0.94455904,0.00000000
0.94052406,0.00000000
0.97571821,0.00000000
0.95704959,0.00000000
0.96037770,0.00000000
0.97868146,0.00000000
0.96978112,0.00000000
0.97021071,0.00000000
0.95715545,0.00000000
0.95701312,0.00000000
0.97780453,0.00000000
0.97135476,0.00000000
0.96873587,0.00000000
0.97133041,0.00000000
0.95607353,0.00000000
0.93371598,0.00000000
0.92818798,0.00000000
0.95034315,0.00000000
0.95394500,0.00000000
0.95196680,0.00000000
0.95413660,0.00000000
0.96916575,0.00000000
0.96616946,0.00000000
0.98306465,0.00000000
0.97354770,0.00000000
0.94326420,0.00000000
0.93516027,0.00000000
0.93845542,0.00000000
0.92996086,0.00000000
0.93357972,0.00000000
0.95086150,0.00000000
0.79528304,0.00000000
0.89795529,0.00000000
0.93287676,0.00000000
0.98974201,0.00000000
0.59584803,0.00000000
0.59305968,0.00000000
0.57742568,0.00000000
0.59116362,0.00000000
0.57841461,0.00000000
0.57815771,0.00000000
0.87023371,0.00000000
0.95458401,0.00000000
0.90369482,0.00000000
0.96743906,0.00000000
0.93938422,0.00000000
0.93039292,0.00000000
0.98514021,0.00000000
0.96723519,0.00000000
0.94726132,0.00000000
0.95828378,0.00000000
0.96415202,0.00000000
0.92611700,0.00000000
0.95978621,0.00000000
0.95063344,0.00000000
0.94495066,0.00000000
0.94618537,0.00000000
0.95693486,0.00000000
0.94757736,0.00000000
0.93023857,0.00000000
0.94888280,0.00000000
0.94355004,0.00000000
0.92428998,0.00000000
0.91054058,0.00000000
0.92211260,0.00000000
0.95990882,0.00000000
0.96221128,0.00000000
0.95941242,0.00000000
0.96295560,0.00000000
0.91555285,0.00000000
0.86859047,0.00000000
0.97004807,0.00000000
0.94071866,0.00000000
0.94554136,0.00000000
0.94521812,0.00000000
0.96064612,0.00000000
0.96553896,0.00000000
0.93046460,0.00000000
0.97039292,0.00000000
0.92497309,0.00000000
0.94534413,0.00000000
0.95894996,0.00000000
0.95548255,0.00000000
0.95907302,0.00000000
0.96133170,0.00000000
0.96906682,0.00000000
0.97196381,0.00000000
0.95154175,0.00000000
0.93091444,0.00000000
0.94120310,0.00000000
0.95508774,0.00000000
0.94702111,0.00000000
0.95862249,0.00000000
0.93108827,0.00000000
0.92831902,0.00000000
0.93202921,0.00000000
0.94255049,0.00000000
0.97130047,0.00000000
0.97733071,0.00000000
0.96415459,0.00000000
0.98192782,0.00000000
0.96487706,0.00000000
0.97426416,0.00000000
0.92446185,0.00000000
0.92542114,0.00000000
0.96199142,0.00000000
0.93831219,0.00000000
0.96567421,0.00000000
0.93510120,0.00000000
0.95474306,0.00000000
0.95542468,0.00000000
0.93808425,0.00000000
0.94412837,0.00000000
0.95693208,0.00000000
0.96114569,0.00000000
0.93911854,0.00000000
0.89133103,0.00000000
0.82958822,0.00000000
0.93650646,0.00000000
0.97481340,0.00000000
0.93839271,0.00000000
0.97290610,0.00000000
0.95956811,0.00000000
0.95404845,0.00000000
0.96701018,0.00000000
0.96969382,0.00000000
0.96035103,0.00000000
0.96377343,0.00000000
0.93945355,0.00000000
0.96966956,0.00000000
0.96749857,0.00000000
0.95237093,0.00000000
0.97843596,0.00000000
0.95236695,0.00000000
0.96101641,0.00000000
0.96804116,0.00000000
0.96787306,0.00000000
0.94902125,0.00000000
0.97418101,0.00000000
0.97314220,0.00000000
0.96645897,0.00000000
0.98279886,0.00000000
0.96285541,0.00000000
0.97663972,0.00000000
0.94429013,0.00000000
0.96550217,0.00000000
0.96242148,0.00000000
0.97042195,0.00000000
0.98125415,0.00000000
0.97875959,0.00000000
0.98731540,0.00000000
0.97635453,0.00000000
0.97388106,0.00000000
0.95197655,0.00000000
0.95346180,0.00000000
0.96979311,0.00000000
0.96678070,0.00000000
0.96856059,0.00000000
0.95957691,0.00000000
0.95013241,0.00000000
0.94800314,0.00000000
0.94960050,0.00000000
0.94631843,0.00000000
0.96517936,0.00000000
0.96736580,0.00000000
0.93397361,0.00000000
0.95223493,0.00000000
0.96320847,0.00000000
0.96418174,0.00000000
0.94888034,0.00000000
0.95763623,0.00000000
0.96705548,0.00000000
0.95459756,0.00000000
0.95629273,0.00000000
0.95958349,0.00000000
0.93435371,0.00000000
0.92638981,0.00000000
0.88596464,0.00000000
0.94717154,0.00000000
0.95077136,0.00000000
0.96337664,0.00000000
0.94418354,0.00000000
0.94760625,0.00000000
0.98491159,0.00000000
0.96556136,0.00000000
0.96926605,0.00000000
0.97532767,0.00000000
0.96858042,0.00000000
0.96968059,0.00000000
0.97323750,0.00000000
0.96378281,0.00000000
0.94529860,0.00000000
0.93949096,0.00000000
0.94923366,0.00000000
0.94277740,0.00000000
0.95225497,0.00000000
0.94707072,0.00000000
0.94125534,0.00000000
0.96056118,0.00000000
0.96419543,0.00000000
0.97049450,0.00000000
0.96462725,0.00000000
0.93836735,0.00000000
0.96058188,0.00000000
0.96502110,0.00000000
0.95004397,0.00000000
0.94756780,0.00000000
0.95325733,0.00000000
0.95519916,0.00000000
0.93977932,0.00000000
0.97250157,0.00000000
0.95434989,0.00000000
0.93785574,0.00000000
0.92862275,0.00000000
0.96154471,0.00000000
0.95580842,0.00000000
0.93272313,0.00000000
0.95725625,0.00000000
0.95220143,0.00000000
0.94201380,0.00000000
0.93269102,0.00000000
0.90168964,0.00000000
0.91640189,0.00000000
0.94770498,0.00000000
0.96261906,0.00000000
0.94706251,0.00000000
0.95083431,0.00000000
0.94889265,0.00000000
0.95455146,0.00000000
0.97838008,0.00000000
0.96297293,0.00000000
0.97059849,0.00000000
0.96159329,0.00000000
0.94571348,0.00000000
0.97883870,0.00000000
0.96154688,0.00000000
0.93596684,0.00000000
0.94579045,0.00000000
0.95519072,0.00000000
0.90879901,0.00000000
0.93601687,0.00000000
0.90083876,0.00000000
0.93683025,0.00000000
0.97320077,0.00000000
0.94842781,0.00000000
0.94736920,0.00000000
0.95654781,0.00000000
0.97733851,0.00000000
0.94298762,0.00000000
0.95345031,0.00000000
0.95964296,0.00000000
0.95469698,0.00000000
0.97924410,0.00000000
0.98675655,0.00000000
0.97670300,0.00000000
0.95079982,0.00000000
0.98230647,0.00000000
0.98369102,0.00000000
0.96639893,0.00000000
0.94513564,0.00000000
0.95377451,0.00000000
0.94653561,0.00000000
0.97826253,0.00000000
0.96780222,0.00000000
0.96567809,0.00000000
0.95397900,0.00000000
0.95769822,0.00000000
0.96645712,0.00000000
0.96367646,0.00000000
0.97146556,0.00000000
0.97306733,0.00000000
0.95134114,0.00000000
0.98533849,0.00000000
0.96117242,0.00000000
0.96595244,0.00000000
0.94523060,0.00000000
0.96165019,0.00000000
0.94587434,0.00000000
0.96415205,0.00000000
0.95228398,0.00000000
0.95957144,0.00000000
0.97498611,0.00000000
0.97019199,0.00000000
0.97434772,0.00000000
0.97327961,0.00000000
0.96894075,0.00000000
0.95318190,0.00000000
0.96230294,0.00000000
0.95602711,0.00000000
0.96418799,0.00000000
0.97655000,0.00000000
0.95350542,0.00000000
0.98481703,0.00000000
0.96286535,0.00000000
0.95622336,0.00000000
0.97495835,0.00000000
0.98411335,0.00000000
0.95484945,0.00000000
0.96608576,0.00000000
0.97738184,0.00000000
0.96398515,0.00000000
0.94350098,0.00000000
0.97328147,0.00000000
0.95864992,0.00000000
0.96239901,0.00000000
0.95522593,0.00000000
0.96546060,0.00000000
0.96381156,0.00000000
0.97488190,0.00000000
0.96350159,0.00000000
0.95481245,0.00000000
0.94985512,0.00000000
0.96218244,0.00000000
0.96011947,0.00000000
0.95587065,0.00000000
0.94684483,0.00000000
0.92234050,0.00000000
0.94908039,0.00000000
0.95030525,0.00000000
0.96265950,0.00000000
0.94870593,0.00000000
0.97066825,0.00000000
0.95564891,0.00000000
0.95062268,0.00000000
0.97173232,0.00000000
0.97833206,0.00000000
0.95519893,0.00000000
0.94862769,0.00000000
0.95075678,0.00000000
0.97711178,0.00000000
0.95578212,0.00000000
0.95710550,0.00000000
0.95897446,0.00000000
0.94116722,0.00000000
0.94071454,0.00000000
0.94920037,0.00000000
0.94422664,0.00000000
0.92639130,0.00000000
0.94504418,0.00000000
0.95251001,0.00000000
0.95498041,0.00000000
0.94630001,0.00000000
0.95847898,0.00000000
0.96752325,0.00000000
0.96878069,0.00000000
0.95923387,0.00000000
0.96081377,0.00000000
0.97855587,0.00000000
0.97216610,0.00000000
0.97523845,0.00000000
0.97754850,0.00000000
0.96806436,0.00000000
0.97751164,0.00000000
0.96340053,0.00000000
0.97698406,0.00000000
0.96186480,0.00000000
0.98199898,0.00000000
0.95850940,0.00000000
0.94690335,0.00000000
0.95544374,0.00000000
0.95197267,0.00000000
0.94813613,0.00000000
0.95882797,0.00000000
0.97071274,0.00000000
0.94622189,0.00000000
0.95864027,0.00000000
0.96881751,0.00000000
0.97470831,0.00000000
0.97448472,0.00000000
0.96660521,0.00000000
0.96072205,0.00000000
0.93954338,0.00000000
0.96317873,0.00000000
0.96539411,0.00000000
0.96298078,0.00000000
0.96106920,0.00000000
0.93534784,0.00000000
0.94317965,0.00000000
0.95197920,0.00000000
0.95426438,0.00000000
0.94552802,0.00000000
0.95435549,0.00000000
0.95066550,0.00000000
0.96544014,0.00000000
0.94936627,0.00000000
0.95372516,0.00000000
0.96026261,0.00000000
0.96351391,0.00000000
0.94889192,0.00000000
0.94225444,0.00000000
0.96367941,0.00000000
0.96088943,0.00000000
0.98117442,0.00000000
0.94315691,0.00000000
0.94360244,0.00000000
0.95664197,0.00000000
0.95517724,0.00000000
0.95897668,0.00000000
0.95749544,0.00000000
0.96180204,0.00000000
0.93927434,0.00000000
0.96054749,0.00000000
0.95332967,0.00000000
0.95099066,0.00000000
0.96051125,0.00000000
0.94713925,0.00000000
0.96548546,0.00000000
0.94320661,0.00000000
0.96995158,0.00000000
0.95292135,0.00000000
0.95025502,0.00000000
0.96174770,0.00000000
0.95381728,0.00000000
0.96920955,0.00000000
0.97249125,0.00000000
0.95752937,0.00000000
0.97183554,0.00000000
0.86454841,0.00000000
0.89193196,0.00000000
0.95044044,0.00000000
0.91746867,0.00000000
0.95536104,0.00000000
0.92608211,0.00000000
0.90723006,0.00000000
0.92835058,0.00000000
0.89620706,0.00000000
0.91925527,0.00000000
0.94508696,0.00000000
0.92020418,0.00000000
0.89446634,0.00000000
0.92258563,0.00000000
0.93836944,0.00000000
0.94592252,0.00000000
0.94164446,0.00000000
0.96195670,0.00000000
0.95717678,0.00000000
0.97624963,0.00000000
0.96470138,0.00000000
0.96730484,0.00000000
0.96986214,0.00000000
0.94891035,0.00000000
0.95318394,0.00000000
0.97561806,0.00000000
0.96566015,0.00000000
0.96173146,0.00000000
0.95021295,0.00000000
0.90270589,0.00000000
0.95144157,0.00000000
0.97515516,0.00000000
0.94153992,0.00000000
0.97938531,0.00000000
0.96265082,0.00000000
0.96935313,0.00000000
0.96178709,0.00000000
0.96719948,0.00000000
0.96952925,0.00000000
0.95896601,0.00000000
0.95270471,0.00000000
0.97628467,0.00000000
0.95808137,0.00000000
0.94408125,0.00000000
0.97938545,0.00000000
0.94870831,0.00000000
0.93516442,0.00000000
0.97850203,0.00000000
0.95183965,0.00000000
0.95766692,0.00000000
0.96842599,0.00000000
0.95985585,0.00000000
0.98067067,0.00000000
0.96026292,0.00000000
0.96678881,0.00000000
0.97745867,0.00000000
0.96220582,0.00000000
0.96933397,0.00000000
0.97076670,0.00000000
0.96771778,0.00000000
0.97454948,0.00000000
0.97927413,0.00000000
0.96670871,0.00000000
0.95729113,0.00000000
0.96257042,0.00000000
0.97191268,0.00000000
0.97234169,0.00000000
0.96121656,0.00000000
0.98230541,0.00000000
0.97771342,0.00000000
0.92638988,0.00000000
0.97350475,0.00000000
0.97418821,0.00000000
0.97588122,0.00000000
0.95429166,0.00000000
0.94980349,0.00000000
0.94739462,0.00000000
0.94810473,0.00000000
0.96177454,0.00000000
0.97826130,0.00000000
0.97812263,0.00000000
0.94806995,0.00000000
0.96067486,0.00000000
0.96935177,0.00000000
0.93738570,0.00000000
0.97372483,0.00000000
0.96469955,0.00000000
0.96823169,0.00000000
0.96473607,0.00000000
0.98320683,0.00000000
0.97683066,0.00000000
0.95289692,0.00000000
0.97199394,0.00000000
0.95863377,0.00000000
0.94382546,0.00000000
0.94331314,0.00000000
0.96913423,0.00000000
0.95951193,0.00000000
0.98045338,0.00000000
0.98106657,0.00000000
0.97393271,0.00000000
0.96806000,0.00000000
0.97247421,0.00000000
0.96487162,0.00000000
0.94714484,0.00000000
0.95762893,0.00000000
0.94604011,0.00000000
0.97144696,0.00000000
0.96326908,0.00000000
0.95297950,0.00000000
0.96821328,0.00000000
0.96751994,0.00000000
0.96833191,0.00000000
0.95011651,0.00000000
0.94743756,0.00000000
0.95516593,0.00000000
0.92963967,0.00000000
0.94492986,0.00000000
0.97591329,0.00000000
0.97556142,0.00000000
0.93155535,0.00000000
0.93315226,0.00000000
0.96459947,0.00000000
0.96631236,0.00000000
0.81818522,0.00000000
0.95458684,0.00000000
0.97106496,0.00000000
0.96582344,0.00000000
0.91601055,0.00000000
0.94511057,0.00000000
0.98704835,0.00000000
0.83910332,0.00000000
0.87280417,0.00000000
0.94426812,0.00000000
0.97761201,0.00000000
0.94860250,0.00000000
0.89310027,0.00000000
0.91800290,0.00000000
0.96549487,0.00000000
0.93052399,0.00000000
0.94078516,0.00000000
0.92217729,0.00000000
0.96123551,0.00000000
0.96379346,0.00000000
0.93702556,0.00000000
0.91088692,0.00000000
0.94036985,0.00000000
0.96433696,0.00000000
0.94812587,0.00000000
0.93350105,0.00000000
0.93427918,0.00000000
0.92365524,0.00000000
0.95212769,0.00000000
0.95317318,0.00000000
0.93581776,0.00000000
0.93811364,0.00000000
0.91144973,0.00000000
0.95835403,0.00000000
0.93760413,0.00000000
0.94861168,0.00000000
0.90315062,0.00000000
0.86899195,0.00000000
0.84829383,0.00000000
0.93857589,0.00000000
0.96651998,0.00000000
0.90751989,0.00000000
0.95471208,0.00000000
0.96530696,0.00000000
0.95730597,0.00000000
0.92654241,0.00000000
0.87959935,0.00000000
0.83763235,0.00000000
0.87042756,0.00000000
0.88918809,0.00000000
0.92463669,0.00000000
0.90615163,0.00000000
0.90639493,0.00000000
0.94046564,0.00000000
0.94804352,0.00000000
0.98500845,0.00000000
0.92983799,0.00000000
0.92426757,0.00000000
0.93173507,0.00000000
0.93259471,0.00000000
0.94203576,0.00000000
0.92468029,0.00000000
0.94084337,0.00000000
0.93999933,0.00000000
0.94479819,0.00000000
0.95792421,0.00000000
0.96076628,0.00000000
0.97388986,0.00000000
0.97227125,0.00000000
0.96936126,0.00000000
0.97111980,0.00000000
0.97624340,0.00000000
0.97642028,0.00000000
0.97519032,0.00000000
0.98259236,0.00000000
0.98025887,0.00000000
0.95833266,0.00000000
0.95513700,0.00000000
0.98011984,0.00000000
0.98494661,0.00000000
0.97336821,0.00000000
0.95831366,0.00000000
0.97625106,0.00000000
0.96989881,0.00000000
0.92406967,0.00000000
0.95575944,0.00000000
0.94479701,0.00000000
0.95003857,0.00000000
0.92544301,0.00000000
0.94965172,0.00000000
0.94477322,0.00000000
0.94839474,0.00000000
0.94159615,0.00000000
0.95575074,0.00000000
0.94943121,0.00000000
0.95812617,0.00000000
0.92804161,0.00000000
0.95876175,0.00000000
0.95315934,0.00000000
0.98487192,0.00000000
0.92125035,0.00000000
0.95281596,0.00000000
0.92145581,0.00000000
0.93216708,0.00000000
0.96946319,0.00000000
0.95255145,0.00000000
0.91757972,0.00000000
0.95990010,0.00000000
0.95681083,0.00000000
0.95854203,0.00000000
0.91956860,0.00000000
0.95016739,0.00000000
0.97676013,0.00000000
0.96406005,0.00000000
0.92976811,0.00000000
0.96596807,0.00000000
0.93927033,0.00000000
0.97479330,0.00000000
0.95703273,0.00000000
0.96047652,0.00000000
0.99373949,0.00000000
0.79831895,0.00000000
0.81907574,0.00000000
0.95951515,0.00000000
0.90018406,0.00000000
0.93094600,0.00000000
0.95357560,0.00000000
0.88657960,0.00000000
0.95958120,0.00000000
0.94657893,0.00000000
0.83374688,0.00000000
0.83695874,0.00000000
0.94877123,0.00000000
0.94648552,0.00000000
0.95283468,0.00000000
0.93473826,0.00000000
0.93620084,0.00000000
0.96751011,0.00000000
0.95962684,0.00000000
0.94662487,0.00000000
0.93093704,0.00000000
0.58619169,0.00000000
0.95390690,0.00000000
0.98181249,0.00000000
0.98836737,0.00000000
0.95320905,0.00000000
0.98882905,0.00000000
0.90460584,0.00000000
0.94237841,0.00000000
0.95720267,0.00000000
0.94482441,0.00000000
0.93183630,0.00000000
0.94359032,0.00000000
0.94436850,0.00000000
0.94074710,0.00000000
0.97047908,0.00000000
0.95750982,0.00000000
0.95229680,0.00000000
0.94908081,0.00000000
0.93190095,0.00000000
0.92985371,0.00000000
0.93134340,0.00000000
0.89245759,0.00000000
0.92358581,0.00000000
0.91698881,0.00000000
0.94787123,0.00000000
0.96339059,0.00000000
0.95606045,0.00000000
0.95947802,0.00000000
0.94033943,0.00000000
0.95227489,0.00000000
0.92491876,0.00000000
0.95955312,0.00000000
0.95408278,0.00000000
0.87787844,0.00000000
0.40364460,0.00000000
0.41361837,0.00000000
0.42115993,0.00000000
0.60161406,0.00000000
0.00000000,0.00000000
0.00000000,0.00000000
0.11733682,0.00000000
0.13003375,0.00000000
0.07502909,0.00000000
0.11815647,0.00000000
0.12379367,0.00000000
0.11983207,0.00000000
0.11429396,0.00000000
0.11019355,0.00000000
0.10107493,0.00000000
0.10442710,0.00000000
0.10326449,0.00000000
0.10488459,0.00000000
0.10794468,0.00000000
0.09401325,0.00000000
0.09907661,0.00000000
0.10806554,0.00000000
0.10652136,0.00000000
0.11173754,0.00000000
0.10713187,0.00000000
0.10079466,0.00000000
0.10178575,0.00000000
0.10686132,0.00000000
0.10493208,0.00000000
0.14060072,0.00000000
0.12916857,0.00000000
0.10543639,0.00000000
0.10293148,0.00000000
0.09603628,0.00000000
0.09787100,0.00000000
0.03794654,0.00000000
0.07164186,0.00000000
0.07029041,0.00000000
0.07777251,0.00000000
0.07998827,0.00000000
0.07836089,0.00000000
0.08682416,0.00000000
0.07504629,0.00000000
0.07549424,0.00000000
0.10276943,0.00000000
0.11521900,0.00000000
0.11202629,0.00000000
0.13759685,0.00000000
0.03504616,0.00000000
0.13911522,0.00000000
0.00701905,0.00000000
0.00947228,0.00000000
0.00602863,0.00000000
0.13660993,0.00000000
0.03571046,0.00000000
0.05809287,0.00000000
0.05018589,0.00000000
0.00897878,0.00000000
0.05603401,0.00000000
0.05132889,0.00000000
0.17773134,0.00000000
0.03985748,0.00000000
0.17201106,0.00000000
0.03839358,0.00000000
0.00000000,0.00000000
0.00000000,0.00000000
0.00000000,0.00000000
0.00000000,0.00000000
0.01118895,0.00000000
0.01341819,0.00000000
0.01827522,0.00000000
0.00000000,0.00000000
0.00245748,0.00000000
0.00648018,0.00000000
0.00456646,0.00000000
0.01106315,0.00000000
0.00969209,0.00000000
0.00848731,0.00000000
0.01370099,0.00000000
0.00848818,0.00000000
0.00723176,0.00000000
0.00000000,0.00000000
0.00000000,0.00000000
0.00000000,0.00000000
0.00000000,0.00000000
0.00000000,0.00000000
0.00000000,0.00000000
0.00000000,0.00000000
0.00000000,0.00000000
0.00000000,0.00000000
0.00000000,0.00000000
0.00000000,0.00000000
0.00000000,0.00000000
0.00000000,0.00000000
0.00000000,0.00000000
0.00000000,0.00000000
0.00000000,0.00000000
0.00000000,0.00000000
0.00000000,0.00000000
0.05940979,0.00000000
0.05654225,0.00000000
0.05899379,0.00000000
0.06664425,0.00000000
0.06744763,0.00000000
0.06941746,0.00000000
0.00000000,0.00000000
0.00000000,0.00000000
0.00000000,0.00000000
0.00000000,0.00000000
0.00000000,0.00000000
0.00000000,0.00000000
0.00000000,0.00000000
0.00000000,0.00000000
0.00000000,0.00000000
0.00000000,0.00000000
0.06964747,0.00000000
0.07830501,0.00000000
0.08032786,0.00000000
0.08096508,0.00000000
0.08390019,0.00000000
0.08274198,0.00000000
0.08041188,0.00000000
0.07846630,0.00000000
0.08114294,0.00000000
0.08207779,0.00000000
0.07894004,0.00000000
0.07925993,0.00000000
0.07987986,0.00000000
0.06994100,0.00000000
0.06852355,0.00000000
0.07505969,0.00000000
0.06620962,0.00000000
0.07280232,0.00000000
0.06462158,0.00000000
0.06595472,0.00000000
0.07125934,0.00000000
0.06959733,0.00000000
0.07155609,0.00000000
0.06961008,0.00000000
0.06634780,0.00000000
0.07286644,0.00000000
0.08301885,0.00000000
0.08244796,0.00000000
0.08965379,0.00000000
0.08053130,0.00000000
0.05853715,0.00000000
0.01600207,0.00000000
0.02403435,0.00000000
0.03019225,0.00000000
0.03614409,0.00000000
0.04281846,0.00000000
0.01663576,0.00000000
0.02915683,0.00000000
0.02651846,0.00000000
0.01864982,0.00000000
0.01632520,0.00000000
0.00492753,0.00000000
0.04172049,0.00000000
0.03617009,0.00000000
0.03927046,0.00000000
0.03202434,0.00000000
0.03495619,0.00000000
0.03384130,0.00000000
0.02939860,0.00000000
0.01896287,0.00000000
0.01552876,0.00000000
0.01392480,0.00000000
0.01986802,0.00000000
0.01687883,0.00000000
0.01545895,0.00000000
0.01336542,0.00000000
0.01417195,0.00000000
0.01569981,0.00000000
0.02155314,0.00000000
0.02871374,0.00000000
0.01598836,0.00000000
0.02220999,0.00000000
0.01868346,0.00000000
0.01893674,0.00000000
0.01805285,0.00000000
0.01426705,0.00000000
0.03236670,0.00000000
0.00527337,0.00000000
0.00883846,0.00000000
0.00929419,0.00000000
0.00000000,0.00000000
0.00097822,0.00000000
0.00296281,0.00000000
0.00903645,0.00000000
0.02402475,0.00000000
0.02501687,0.00000000
0.01895832,0.00000000
0.01519556,0.00000000
0.01018305,0.00000000
0.02068881,0.00000000
0.03282340,0.00000000
0.03075860,0.00000000
0.03698860,0.00000000
0.03661484,0.00000000
0.03618009,0.00000000
0.03263486,0.00000000
0.05195187,0.00000000
0.05273876,0.00000000
0.06967823,0.00000000
0.06756174,0.00000000
0.02686824,0.00000000
0.05414277,0.00000000
0.06165816,0.00000000
0.06004159,0.00000000
0.07502218,0.00000000
0.03887540,0.00000000
0.01672278,0.00000000
0.01569171,0.00000000
0.01249325,0.00000000
0.01386725,0.00000000
0.01364526,0.00000000
0.01120948,0.00000000
0.01565853,0.00000000
0.02152469,0.00000000
0.02960187,0.00000000
0.02897067,0.00000000
0.03053865,0.00000000
0.03226591,0.00000000
0.02690968,0.00000000
0.01777921,0.00000000
0.02635188,0.00000000
0.02499602,0.00000000
0.03106278,0.00000000
0.02963444,0.00000000
0.04808567,0.00000000
0.05770555,0.00000000
0.06072258,0.00000000
0.05976801,0.00000000
0.04338653,0.00000000
0.04760923,0.00000000
0.06806132,0.00000000
0.05598781,0.00000000
0.04614658,0.00000000
0.05927129,0.00000000
0.05427780,0.00000000
0.05379145,0.00000000
0.05054057,0.00000000
0.05490854,0.00000000
0.06964131,0.00000000
0.06795227,0.00000000
0.08877458,0.00000000
0.09116650,0.00000000
0.09541634,0.00000000
0.10866663,0.00000000
0.13109711,0.00000000
0.12069071,0.00000000
0.10372468,0.00000000
0.10356589,0.00000000
0.07217348,0.00000000
0.09341342,0.00000000
0.10027630,0.00000000
0.11615316,0.00000000
0.11235850,0.00000000
0.11425304,0.00000000
0.11018543,0.00000000
0.08542000,0.00000000
0.06276818,0.00000000
0.06387221,0.00000000
0.06386119,0.00000000
0.05427694,0.00000000
0.06484459,0.00000000
0.06347945,0.00000000
0.06344519,0.00000000
0.06311217,0.00000000
0.06284364,0.00000000
0.06454384,0.00000000
0.06758561,0.00000000
0.00884783,0.00000000
0.02661894,0.00000000
0.02683918,0.00000000
0.03726190,0.00000000
0.03461182,0.00000000
0.03380359,0.00000000
0.03161459,0.00000000
0.01610369,0.00000000
0.01506399,0.00000000
0.01387092,0.00000000
0.01160737,0.00000000
0.01080427,0.00000000
0.01038793,0.00000000
0.01297280,0.00000000
0.01255727,0.00000000
0.01326041,0.00000000
0.01376933,0.00000000
0.01406997,0.00000000
0.01364652,0.00000000
0.01369463,0.00000000
0.01398292,0.00000000
0.01372265,0.00000000
0.01369458,0.00000000
0.01376197,0.00000000
0.01365260,0.00000000
0.01441039,0.00000000
0.01395425,0.00000000
0.01804821,0.00000000
0.05353881,0.00000000
0.06870630,0.00000000
0.09079757,0.00000000
0.09783594,0.00000000
0.09723384,0.00000000
0.08782728,0.00000000
0.09142995,0.00000000
0.09419021,0.00000000
0.07622540,0.00000000
0.05061087,0.00000000
0.05478539,0.00000000
0.02011928,0.00000000
0.01760694,0.00000000
0.05052196,0.00000000
0.05600206,0.00000000
0.05594569,0.00000000
0.05388855,0.00000000
0.05869823,0.00000000
0.05135901,0.00000000
0.03570395,0.00000000
0.04585744,0.00000000
0.04160421,0.00000000
0.05485489,0.00000000
0.05254110,0.00000000
0.06436739,0.00000000
0.07100809,0.00000000
0.02328916,0.00000000
0.03792860,0.00000000
0.03369185,0.00000000
0.09429218,0.00000000
0.08322798,0.00000000
0.07228235,0.00000000
0.05861771,0.00000000
0.04733654,0.00000000
0.05025122,0.00000000
0.04027685,0.00000000
0.02966326,0.00000000
0.02370620,0.00000000
0.02069797,0.00000000
0.02243701,0.00000000
0.02306869,0.00000000
0.02252931,0.00000000
0.01527613,0.00000000
0.01388144,0.00000000
0.01215988,0.00000000
0.02995455,0.00000000
0.03052463,0.00000000
0.07081885,0.00000000
0.07940679,0.00000000
0.08451494,0.00000000
0.08080839,0.00000000
0.08317020,0.00000000
0.08801344,0.00000000
0.08890832,0.00000000
0.09193889,0.00000000
0.09448030,0.00000000
0.09782508,0.00000000
0.09191831,0.00000000
0.09435435,0.00000000
0.09311651,0.00000000
0.08662546,0.00000000
0.08225696,0.00000000
0.08285089,0.00000000
0.07764345,0.00000000
0.07616249,0.00000000
0.08241851,0.00000000
0.08608308,0.00000000
0.06691649,0.00000000
0.05915917,0.00000000
0.06854129,0.00000000
0.06947849,0.00000000
0.07294532,0.00000000
0.07199385,0.00000000
0.07176154,0.00000000
0.06949441,0.00000000
0.07975139,0.00000000
0.08066511,0.00000000
0.08072941,0.00000000
0.07905482,0.00000000
0.05813711,0.00000000
0.11431954,0.00000000
0.14689156,0.00000000
0.15366803,0.00000000
0.05100201,0.00000000
0.02604707,0.00000000
0.02373077,0.00000000
0.08074143,0.00000000
0.08623692,0.00000000
0.08798871,0.00000000
0.07514705,0.00000000
0.06981980,0.00000000
0.07109805,0.00000000
0.06253436,0.00000000
0.05620051,0.00000000
0.05786835,0.00000000
0.07311548,0.00000000
0.10232679,0.00000000
0.09834942,0.00000000
0.09760923,0.00000000
0.09510818,0.00000000
0.08245483,0.00000000
0.06910819,0.00000000
0.06771479,0.00000000
0.05080201,0.00000000
0.04428664,0.00000000
0.10091416,0.00000000
0.18765727,0.00000000
0.19951624,0.00000000
0.07349530,0.00000000
0.12663000,0.00000000
0.03701231,0.00000000
0.00513802,0.00000000
0.01187715,0.00000000
0.01586967,0.00000000
0.01227586,0.00000000
0.01332086,0.00000000
0.01086603,0.00000000
0.00415391,0.00000000
0.00295515,0.00000000
0.00000000,0.00000000
0.00000000,0.00000000
0.01358012,0.00000000
0.01541343,0.00000000
0.01550112,0.00000000
0.01506520,0.00000000
0.01442087,0.00000000
0.01444522,0.00000000
0.01085756,0.00000000
0.01124729,0.00000000
0.00898139,0.00000000
0.00838989,0.00000000
0.00663154,0.00000000
0.00692136,0.00000000
0.00695755,0.00000000
0.00926825,0.00000000
0.01142578,0.00000000
0.01198179,0.00000000
0.01707490,0.00000000
0.01652046,0.00000000
0.00515414,0.00000000
0.00651016,0.00000000
0.00652394,0.00000000
0.00907053,0.00000000
0.05655409,0.00000000
0.05835498,0.00000000
0.07485707,0.00000000
0.06950733,0.00000000
0.06166258,0.00000000
0.06030814,0.00000000
0.05921270,0.00000000
0.06299195,0.00000000
0.06533589,0.00000000
0.06264487,0.00000000
0.06762206,0.00000000
0.06268055,0.00000000
0.06900385,0.00000000
0.06599074,0.00000000
0.07442727,0.00000000
0.07559802,0.00000000
0.07776862,0.00000000
0.07899038,0.00000000
0.07608170,0.00000000
0.07927765,0.00000000
0.05579209,0.00000000
0.05147087,0.00000000
0.04695878,0.00000000
0.04858041,0.00000000
0.03548119,0.00000000
0.03617357,0.00000000
0.03109709,0.00000000
0.03391319,0.00000000
0.04474445,0.00000000
0.04522655,0.00000000
0.04870923,0.00000000
0.04417080,0.00000000
0.05658723,0.00000000
0.05809077,0.00000000
0.06957136,0.00000000
0.07100819,0.00000000
0.08288420,0.00000000
0.08053503,0.00000000
0.08044120,0.00000000
0.08831678,0.00000000
0.08035555,0.00000000
0.08036558,0.00000000
0.07448004,0.00000000
0.07248377,0.00000000
0.13983729,0.00000000
0.11451817,0.00000000
0.13275962,0.00000000
0.12178726,0.00000000
0.03818988,0.00000000
0.03429332,0.00000000
0.04009677,0.00000000
0.04099252,0.00000000
0.04196078,0.00000000
0.04119883,0.00000000
0.03754585,0.00000000
0.03897795,0.00000000
0.11930175,0.00000000
0.16338423,0.00000000
0.19330888,0.00000000
0.19425502,0.00000000
0.12613324,0.00000000
0.13256157,0.00000000
0.09254933,0.00000000
0.07793974,0.00000000
0.08939197,0.00000000
0.09709784,0.00000000
0.10088662,0.00000000
0.09610995,0.00000000
0.18048599,0.00000000
0.18615826,0.00000000
0.09737111,0.00000000
0.11379103,0.00000000
0.09389715,0.00000000
0.09208872,0.00000000
0.08076351,0.00000000
0.08573462,0.00000000
0.09583109,0.00000000
0.09218821,0.00000000
0.09112109,0.00000000
0.06874063,0.00000000
0.06891244,0.00000000
0.06726241,0.00000000
0.06293419,0.00000000
0.06371982,0.00000000
0.07492738,0.00000000
0.08372287,0.00000000
0.07240265,0.00000000
0.05788114,0.00000000
0.06271876,0.00000000
0.06891605,0.00000000
0.08539893,0.00000000
0.09114527,0.00000000
0.09620675,0.00000000
0.09171343,0.00000000
0.09045464,0.00000000
0.09220512,0.00000000
0.08421248,0.00000000
0.08324862,0.00000000
0.06753019,0.00000000
0.05180340,0.00000000
0.03300672,0.00000000
0.03564774,0.00000000
0.02870104,0.00000000
