0.00000000,0.00000000
0.92452162,0.00000000
0.88053975,0.00000000
0.86837568,0.00000000
0.74939460,0.00000000
0.79989449,0.00000000
0.84772976,0.00000000
0.91144146,0.00000000
0.88331864,0.00000000
0.78155344,0.00000000
0.82876362,0.00000000
0.79857147,0.00000000
0.72244068,0.00000000
0.77150940,0.00000000
0.74883793,0.00000000
0.71221258,0.00000000
0.78436210,0.00000000
0.75713521,0.00000000
0.77784227,0.00000000
0.74902981,0.00000000
0.70227433,0.00000000
0.76169356,0.00000000
0.77411819,0.00000000
0.75830411,0.00000000
0.75982832,0.00000000
0.77395986,0.00000000
0.67287535,0.00000000
0.71771160,0.00000000
0.77307394,0.00000000
0.77475912,0.00000000
0.80645920,0.00000000
0.79218349,0.00000000
0.88497285,0.00000000
0.82014977,0.00000000
0.84000871,0.00000000
0.75743336,0.00000000
0.84511730,0.00000000
0.75873793,0.00000000
0.80663988,0.00000000
0.81727388,0.00000000
0.86615340,0.00000000
0.92020840,0.00000000
0.87290149,0.00000000
0.88354489,0.00000000
0.83939244,0.00000000
0.80130444,0.00000000
0.79288089,0.00000000
0.77212512,0.00000000
0.92418438,0.00000000
0.92072680,0.00000000
0.86810693,0.00000000
0.76580404,0.00000000
0.84598623,0.00000000
0.87993015,0.00000000
0.87331419,0.00000000
0.91012344,0.00000000
0.91735871,0.00000000
0.88062533,0.00000000
0.92707513,0.00000000
0.90009185,0.00000000
0.88629978,0.00000000
0.88879755,0.00000000
0.87913270,0.00000000
0.92572432,0.00000000
0.94333709,0.00000000
0.89753634,0.00000000
0.87922334,0.00000000
0.95682006,0.00000000
0.91359086,0.00000000
0.90939274,0.00000000
0.87487600,0.00000000
0.79773280,0.00000000
0.90770413,0.00000000
0.72573822,0.00000000
0.83420740,0.00000000
0.92384950,0.00000000
0.87608131,0.00000000
0.81329405,0.00000000
0.84716831,0.00000000
0.90953398,0.00000000
0.89786402,0.00000000
0.87684933,0.00000000
0.88451759,0.00000000
0.95683461,0.00000000
0.93506718,0.00000000
0.93000189,0.00000000
0.87654623,0.00000000
0.87614984,0.00000000
0.88386077,0.00000000
0.87725375,0.00000000
0.81063508,0.00000000
0.86694036,0.00000000
0.82587142,0.00000000
0.91038387,0.00000000
0.89606657,0.00000000
0.85667645,0.00000000
0.93767135,0.00000000
0.87205347,0.00000000
0.92720763,0.00000000
0.88456638,0.00000000
0.92087631,0.00000000
0.92399804,0.00000000
0.87872551,0.00000000
0.90624345,0.00000000
0.92870942,0.00000000
0.93119519,0.00000000
0.91020150,0.00000000
0.94608718,0.00000000
0.94790639,0.00000000
0.91564467,0.00000000
0.86373321,0.00000000
0.88865792,0.00000000
0.88607011,0.00000000
0.92194674,0.00000000
0.95887102,0.00000000
0.90453496,0.00000000
0.92509874,0.00000000
0.95380009,0.00000000
0.89632350,0.00000000
0.95815211,0.00000000
0.95036025,0.00000000
0.93160011,0.00000000
0.91549749,0.00000000
0.88301420,0.00000000
0.87553248,0.00000000
0.88317492,0.00000000
0.86618385,0.00000000
0.86092441,0.00000000
0.84979968,0.00000000
0.89344327,0.00000000
0.85955691,0.00000000
0.84928033,0.00000000
0.89509998,0.00000000
0.86709977,0.00000000
0.82889506,0.00000000
0.79961612,0.00000000
0.78101360,0.00000000
0.87573296,0.00000000
0.84683240,0.00000000
0.81926200,0.00000000
0.78043620,0.00000000
0.74762577,0.00000000
0.91953253,0.00000000
0.88333544,0.00000000
0.89987513,0.00000000
0.89182659,0.00000000
0.74375588,0.00000000
0.70083922,0.00000000
0.59069844,0.00000000
0.60135354,0.00000000
0.65354393,0.00000000
0.65119726,0.00000000
0.74656165,0.00000000
0.76578414,0.00000000
0.81037252,0.00000000
0.92011836,0.00000000
0.92615789,0.00000000
0.89576710,0.00000000
0.93242602,0.00000000
0.83007665,0.00000000
0.72472618,0.00000000
0.45615039,0.00000000
0.40756519,0.00000000
0.36062746,0.00000000
0.32835397,0.00000000
0.31803333,0.00000000
0.27260211,0.00000000
0.23947117,0.00000000
0.00504814,0.00000000
0.00000000,0.00000000
0.00000000,0.00000000
0.00000000,0.00000000
0.00000000,0.00000000
0.00000000,0.00000000
0.00000000,0.00000000
0.00000000,0.00000000
0.00000000,0.00000000
0.00000000,0.00000000
0.00000000,0.00000000
0.00000000,0.00000000
0.00000000,0.00000000
0.00000000,0.00000000
0.00000000,0.00000000
0.00000000,0.00000000
0.00000000,0.00000000
0.00000000,0.00000000
0.00000000,0.00000000
0.00000000,0.00000000
0.00000000,0.00000000
0.00000000,0.00000000
0.00000000,0.00000000
0.00000000,0.00000000
0.00000000,0.00000000
0.00000000,0.00000000
0.00000000,0.00000000
0.00000000,0.00000000
0.00000000,0.00000000
0.00000000,0.00000000
0.00000000,0.00000000
0.00000000,0.00000000
0.00000000,0.00000000
0.00000000,0.00000000
0.00000000,0.00000000
0.00000000,0.00000000
0.00000000,0.00000000
0.00000000,0.00000000
0.00000000,0.00000000
0.00000000,0.00000000
0.00000000,0.00000000
0.00000000,0.00000000
0.00000000,0.00000000
0.00000000,0.00000000
0.00000000,0.00000000
0.00000000,0.00000000
0.00000000,0.00000000
0.00000000,0.00000000
0.00000000,0.00000000
0.00000000,0.00000000
0.00000000,0.00000000
0.00000000,0.00000000
0.00000000,0.00000000
0.00000000,0.00000000
0.00000000,0.00000000
0.00000000,0.00000000
0.00000000,0.00000000
0.00000000,0.00000000
0.00000000,0.00000000
0.00000000,0.00000000
0.00000000,0.00000000
0.00000000,0.00000000
0.00000000,0.00000000
0.00000000,0.00000000
0.00000000,0.00000000
0.00000000,0.00000000
0.00000000,0.00000000
0.00000000,0.00000000
0.00000000,0.00000000
0.00000000,0.00000000
0.04472447,0.00000000
0.22833655,0.00000000
0.79133972,0.00000000
0.81749411,0.00000000
0.79561102,0.00000000
0.84488175,0.00000000
0.82487453,0.00000000
0.81617379,0.00000000
0.85777402,0.00000000
0.81623006,0.00000000
0.76509551,0.00000000
0.84175544,0.00000000
0.86019952,0.00000000
0.83823557,0.00000000
0.83257817,0.00000000
0.83067515,0.00000000
0.85316632,0.00000000
0.82257834,0.00000000
0.84354528,0.00000000
0.83271264,0.00000000
0.89235139,0.00000000
0.89039786,0.00000000
0.94461249,0.00000000
0.92037769,0.00000000
0.91373103,0.00000000
0.93087011,0.00000000
0.92115722,0.00000000
0.91861144,0.00000000
0.95505693,0.00000000
0.89199786,0.00000000
0.92005789,0.00000000
0.88822492,0.00000000
0.85409040,0.00000000
0.88266625,0.00000000
0.86452374,0.00000000
0.85768595,0.00000000
0.93058234,0.00000000
0.93983233,0.00000000
0.93695439,0.00000000
0.93182221,0.00000000
0.94394352,0.00000000
0.87959315,0.00000000
0.89091787,0.00000000
0.93402621,0.00000000
0.97608115,0.00000000
0.95409688,0.00000000
0.94159677,0.00000000
0.89214740,0.00000000
0.96034214,0.00000000
0.94362854,0.00000000
0.97260371,0.00000000
0.93757902,0.00000000
0.92375404,0.00000000
0.88031582,0.00000000
0.84279890,0.00000000
0.87961816,0.00000000
0.79684998,0.00000000
0.78325975,0.00000000
0.82464117,0.00000000
0.80757790,0.00000000
0.83671257,0.00000000
0.82951188,0.00000000
0.82707953,0.00000000
0.91097320,0.00000000
0.85315557,0.00000000
0.86620116,0.00000000
0.88175553,0.00000000
0.91909742,0.00000000
0.87395778,0.00000000
0.91632720,0.00000000
0.92880293,0.00000000
0.96788919,0.00000000
0.93539969,0.00000000
0.92590414,0.00000000
0.93180016,0.00000000
0.95766914,0.00000000
0.89659937,0.00000000
0.89480157,0.00000000
0.88326701,0.00000000
0.83404159,0.00000000
0.90710164,0.00000000
0.92184417,0.00000000
0.94828955,0.00000000
0.92764948,0.00000000
0.91105821,0.00000000
0.84778964,0.00000000
0.87227408,0.00000000
0.81396709,0.00000000
0.82628318,0.00000000
0.74112033,0.00000000
0.92594482,0.00000000
0.94938758,0.00000000
0.92117974,0.00000000
0.88941177,0.00000000
0.89278094,0.00000000
0.96447592,0.00000000
0.89109318,0.00000000
0.87457134,0.00000000
0.82130677,0.00000000
0.86949043,0.00000000
0.88020793,0.00000000
0.86320742,0.00000000
0.87005610,0.00000000
0.89587486,0.00000000
0.89546541,0.00000000
0.91911005,0.00000000
0.94528517,0.00000000
0.85663282,0.00000000
0.82119045,0.00000000
0.86917959,0.00000000
0.91839662,0.00000000
0.83620184,0.00000000
0.94016042,0.00000000
0.93900734,0.00000000
0.89253212,0.00000000
0.90116733,0.00000000
0.94834669,0.00000000
0.93613272,0.00000000
0.87890677,0.00000000
0.80413422,0.00000000
0.00000000,0.00000000
0.00000000,0.00000000
0.00000000,0.00000000
0.00651155,0.00000000
0.00000000,0.00000000
0.00000000,0.00000000
0.88460959,0.00000000
0.92760248,0.00000000
0.86877250,0.00000000
0.92243503,0.00000000
0.90547042,0.00000000
0.92963515,0.00000000
0.96315456,0.00000000
0.91079051,0.00000000
0.87798002,0.00000000
0.87403984,0.00000000
0.86503558,0.00000000
0.92227484,0.00000000
0.88869997,0.00000000
0.79894505,0.00000000
0.81431337,0.00000000
0.83669969,0.00000000
0.88603561,0.00000000
0.89946978,0.00000000
0.93002785,0.00000000
0.90684262,0.00000000
0.83861083,0.00000000
0.86606755,0.00000000
0.86251955,0.00000000
0.83350324,0.00000000
0.85509243,0.00000000
0.80834470,0.00000000
0.86184103,0.00000000
0.88880827,0.00000000
0.86039865,0.00000000
0.92310453,0.00000000
0.93738594,0.00000000
0.95247935,0.00000000
0.88444253,0.00000000
0.96733646,0.00000000
0.92972399,0.00000000
0.87874726,0.00000000
0.93421078,0.00000000
0.82387182,0.00000000
0.89106458,0.00000000
0.85928471,0.00000000
0.88101148,0.00000000
0.88960444,0.00000000
0.91999210,0.00000000
0.92938131,0.00000000
0.89421245,0.00000000
0.87881680,0.00000000
0.91905207,0.00000000
0.96358056,0.00000000
0.95956143,0.00000000
0.96307775,0.00000000
0.92442800,0.00000000
0.90833915,0.00000000
0.92040849,0.00000000
0.85859781,0.00000000
0.86867501,0.00000000
0.82616239,0.00000000
0.81183642,0.00000000
0.78441584,0.00000000
0.88361435,0.00000000
0.87621871,0.00000000
0.82759067,0.00000000
0.89906733,0.00000000
0.95476878,0.00000000
0.86474255,0.00000000
0.91429848,0.00000000
0.86168113,0.00000000
0.91518993,0.00000000
0.89783151,0.00000000
0.88949921,0.00000000
0.88481404,0.00000000
0.84550316,0.00000000
0.89862975,0.00000000
0.87378609,0.00000000
0.85816600,0.00000000
0.84659046,0.00000000
0.87626893,0.00000000
0.87614746,0.00000000
0.83182781,0.00000000
0.91001576,0.00000000
0.85662466,0.00000000
0.81023889,0.00000000
0.93006520,0.00000000
0.95569754,0.00000000
0.94808255,0.00000000
0.94776135,0.00000000
0.90799067,0.00000000
0.84714847,0.00000000
0.89841591,0.00000000
0.83440165,0.00000000
0.86067499,0.00000000
0.89378829,0.00000000
0.90775959,0.00000000
0.91895817,0.00000000
0.91249447,0.00000000
0.88594064,0.00000000
0.85998347,0.00000000
0.82388242,0.00000000
0.85214690,0.00000000
0.84505039,0.00000000
0.71187726,0.00000000
0.74082188,0.00000000
0.70750757,0.00000000
0.79212187,0.00000000
0.87978866,0.00000000
0.53350853,0.00000000
0.52907158,0.00000000
0.48834036,0.00000000
0.49159322,0.00000000
0.47870119,0.00000000
0.79157933,0.00000000
0.81235428,0.00000000
0.78220740,0.00000000
0.63475007,0.00000000
0.64479494,0.00000000
0.87509210,0.00000000
0.81059380,0.00000000
0.77137800,0.00000000
0.83015462,0.00000000
0.87568434,0.00000000
0.85125034,0.00000000
0.91637794,0.00000000
0.87096578,0.00000000
0.85840139,0.00000000
0.88923901,0.00000000
0.90801716,0.00000000
0.96620360,0.00000000
0.94683596,0.00000000
0.87179765,0.00000000
0.92650688,0.00000000
0.94163109,0.00000000
0.86571941,0.00000000
0.84920746,0.00000000
0.84974436,0.00000000
0.84856571,0.00000000
0.82691042,0.00000000
0.81246871,0.00000000
0.84288977,0.00000000
0.79209531,0.00000000
0.86192330,0.00000000
0.80790006,0.00000000
0.70416605,0.00000000
0.83357218,0.00000000
0.87624115,0.00000000
0.89247633,0.00000000
0.91031951,0.00000000
0.86829521,0.00000000
0.83977913,0.00000000
0.85887700,0.00000000
0.79867742,0.00000000
0.85557165,0.00000000
0.78962750,0.00000000
0.78814932,0.00000000
0.82708220,0.00000000
0.80309679,0.00000000
0.80533134,0.00000000
0.84693689,0.00000000
0.78663719,0.00000000
0.83683001,0.00000000
0.77020880,0.00000000
0.80698779,0.00000000
0.82182607,0.00000000
0.73291425,0.00000000
0.82241374,0.00000000
0.82772680,0.00000000
0.79630606,0.00000000
0.75638627,0.00000000
0.78503342,0.00000000
0.82526077,0.00000000
0.81151708,0.00000000
0.81255428,0.00000000
0.74753617,0.00000000
0.77247781,0.00000000
0.80195060,0.00000000
0.79778428,0.00000000
0.80033354,0.00000000
0.81420662,0.00000000
0.86546394,0.00000000
0.94860853,0.00000000
0.93071119,0.00000000
0.91353860,0.00000000
0.93588560,0.00000000
0.89014797,0.00000000
0.90308744,0.00000000
0.86419638,0.00000000
0.80882185,0.00000000
0.85947170,0.00000000
0.76829619,0.00000000
0.94068066,0.00000000
0.89832976,0.00000000
0.81883051,0.00000000
0.88682364,0.00000000
0.83799190,0.00000000
0.75969628,0.00000000
0.77984976,0.00000000
0.77846995,0.00000000
0.82516576,0.00000000
0.92610935,0.00000000
0.85937178,0.00000000
0.82224967,0.00000000
0.84447613,0.00000000
0.84514184,0.00000000
0.86487623,0.00000000
0.84720562,0.00000000
0.94867755,0.00000000
0.88073849,0.00000000
0.89595106,0.00000000
0.90164856,0.00000000
0.92884050,0.00000000
0.87878677,0.00000000
0.90772535,0.00000000
0.89602823,0.00000000
0.94521803,0.00000000
0.87322532,0.00000000
0.79637023,0.00000000
0.88264701,0.00000000
0.88443198,0.00000000
0.91191940,0.00000000
0.94373499,0.00000000
0.94519475,0.00000000
0.90680754,0.00000000
0.85607421,0.00000000
0.93598762,0.00000000
0.86813580,0.00000000
0.91043860,0.00000000
0.86025203,0.00000000
0.80258572,0.00000000
0.81706557,0.00000000
0.79950312,0.00000000
0.73522653,0.00000000
0.70285726,0.00000000
0.80667455,0.00000000
0.85511447,0.00000000
0.87283816,0.00000000
0.89375422,0.00000000
0.85200357,0.00000000
0.83082457,0.00000000
0.86332266,0.00000000
0.93755662,0.00000000
0.91762587,0.00000000
0.93308026,0.00000000
0.87747073,0.00000000
0.86105646,0.00000000
0.91528931,0.00000000
0.90310277,0.00000000
0.90953063,0.00000000
0.80437784,0.00000000
0.87346435,0.00000000
0.89557644,0.00000000
0.85398131,0.00000000
0.87705837,0.00000000
0.89132557,0.00000000
0.83621589,0.00000000
0.87010494,0.00000000
0.84066210,0.00000000
0.56883905,0.00000000
0.40588587,0.00000000
0.42089046,0.00000000
0.84487120,0.00000000
0.52588039,0.00000000
0.49732720,0.00000000
0.67852009,0.00000000
0.70056398,0.00000000
0.72905366,0.00000000
0.71906788,0.00000000
0.71067712,0.00000000
0.66664646,0.00000000
0.50897639,0.00000000
0.60744886,0.00000000
0.62243875,0.00000000
0.81369868,0.00000000
0.80019736,0.00000000
0.53049639,0.00000000
0.36145665,0.00000000
0.73383936,0.00000000
0.48020688,0.00000000
0.00000000,0.00000000
0.00000000,0.00000000
0.00000000,0.00000000
0.00000000,0.00000000
0.00000000,0.00000000
0.39876367,0.00000000
0.38993169,0.00000000
0.93557619,0.00000000
0.38635160,0.00000000
0.42070092,0.00000000
0.49352203,0.00000000
0.81865870,0.00000000
0.41936509,0.00000000
0.79677959,0.00000000
0.89859242,0.00000000
0.88177515,0.00000000
0.00926790,0.00000000
0.29236224,0.00000000
0.00000000,0.00000000
0.00000000,0.00000000
0.00000000,0.00000000
0.00000000,0.00000000
0.00000000,0.00000000
0.00000000,0.00000000
0.00000000,0.00000000
0.00000000,0.00000000
0.00000000,0.00000000
0.00089372,0.00000000
0.00000000,0.00000000
0.00000000,0.00000000
0.00000000,0.00000000
0.00000000,0.00000000
0.00000000,0.00000000
0.00000000,0.00000000
0.00000000,0.00000000
0.00000000,0.00000000
0.00000000,0.00000000
0.00000000,0.00000000
0.00000000,0.00000000
0.00000000,0.00000000
0.00000000,0.00000000
0.00000000,0.00000000
0.00000000,0.00000000
0.00000000,0.00000000
0.00000000,0.00000000
0.00000000,0.00000000
0.00000000,0.00000000
0.00000000,0.00000000
0.00000000,0.00000000
0.00000000,0.00000000
0.00000000,0.00000000
0.00000000,0.00000000
0.00000000,0.00000000
0.00000000,0.00000000
0.00000000,0.00000000
0.00000000,0.00000000
0.00000000,0.00000000
0.00000000,0.00000000
0.00000000,0.00000000
0.00000000,0.00000000
0.00000000,0.00000000
0.00000000,0.00000000
0.00000000,0.00000000
0.00000000,0.00000000
0.00000000,0.00000000
0.00000000,0.00000000
0.00000000,0.00000000
0.00000000,0.00000000
0.00000000,0.00000000
0.00000000,0.00000000
0.00000000,0.00000000
0.00000000,0.00000000
0.00000000,0.00000000
0.00000000,0.00000000
0.00000000,0.00000000
0.00000000,0.00000000
0.00000000,0.00000000
0.00000000,0.00000000
0.00000000,0.00000000
0.00000000,0.00000000
0.00000000,0.00000000
0.02030254,0.00000000
0.04239188,0.00000000
0.09006401,0.00000000
0.15470845,0.00000000
0.18513488,0.00000000
0.20085621,0.00000000
0.21370125,0.00000000
0.21061270,0.00000000
0.20773331,0.00000000
0.25948945,0.00000000
0.23413018,0.00000000
0.20179141,0.00000000
0.15258917,0.00000000
0.13024165,0.00000000
0.12588168,0.00000000
0.04785513,0.00000000
0.04704804,0.00000000
0.00000000,0.00000000
0.01583038,0.00000000
0.00000000,0.00000000
0.00000000,0.00000000
0.00000000,0.00000000
0.00000000,0.00000000
0.00000000,0.00000000
0.00000000,0.00000000
0.00000000,0.00000000
0.00000000,0.00000000
0.00000000,0.00000000
0.00000000,0.00000000
0.00000000,0.00000000
0.00000000,0.00000000
0.02059115,0.00000000
0.04504343,0.00000000
0.15178653,0.00000000
0.18374411,0.00000000
0.24720585,0.00000000
0.19129894,0.00000000
0.18822942,0.00000000
0.17453442,0.00000000
0.51398219,0.00000000
0.52804264,0.00000000
0.56306501,0.00000000
0.58789191,0.00000000
0.51667518,0.00000000
0.47756325,0.00000000
0.51660301,0.00000000
0.67778373,0.00000000
0.48263325,0.00000000
0.69472282,0.00000000
0.67141796,0.00000000
0.51291747,0.00000000
0.56528476,0.00000000
0.67854725,0.00000000
0.66444844,0.00000000
0.70536197,0.00000000
0.66764004,0.00000000
0.84244958,0.00000000
0.66362901,0.00000000
0.93278934,0.00000000
0.85905127,0.00000000
0.84928475,0.00000000
0.86820087,0.00000000
0.89651286,0.00000000
0.87353575,0.00000000
0.93118401,0.00000000
0.92847291,0.00000000
0.96868485,0.00000000
0.89575459,0.00000000
0.87864606,0.00000000
0.91373223,0.00000000
0.93092492,0.00000000
0.91316852,0.00000000
0.88612354,0.00000000
0.87146063,0.00000000
0.83402230,0.00000000
0.89679254,0.00000000
0.90276937,0.00000000
0.93075267,0.00000000
0.92092139,0.00000000
0.89540182,0.00000000
0.87081191,0.00000000
0.81915716,0.00000000
0.86078071,0.00000000
0.79493845,0.00000000
0.80104571,0.00000000
0.80232807,0.00000000
0.90174392,0.00000000
0.92427492,0.00000000
0.83670791,0.00000000
0.91312618,0.00000000
0.89758715,0.00000000
0.88974283,0.00000000
0.92650585,0.00000000
0.88185201,0.00000000
0.88311251,0.00000000
0.86410314,0.00000000
0.95511864,0.00000000
0.89256387,0.00000000
0.87929053,0.00000000
0.80454577,0.00000000
0.93843638,0.00000000
0.82657732,0.00000000
0.80249103,0.00000000
0.70000700,0.00000000
0.73881569,0.00000000
0.68562067,0.00000000
0.34906552,0.00000000
0.46939242,0.00000000
0.47506346,0.00000000
0.79708662,0.00000000
0.73041004,0.00000000
0.44103845,0.00000000
0.40700660,0.00000000
0.87512827,0.00000000
0.84946585,0.00000000
0.90720087,0.00000000
0.79203884,0.00000000
0.54227419,0.00000000
0.84198719,0.00000000
0.67795913,0.00000000
0.55439954,0.00000000
0.83574805,0.00000000
0.90459317,0.00000000
0.89387951,0.00000000
0.82160253,0.00000000
0.83614220,0.00000000
0.85519852,0.00000000
0.80996535,0.00000000
0.79579601,0.00000000
0.76467476,0.00000000
0.81312037,0.00000000
0.74269765,0.00000000
0.83420549,0.00000000
0.70655888,0.00000000
0.68741437,0.00000000
0.67139422,0.00000000
0.66030794,0.00000000
0.66223303,0.00000000
0.63049959,0.00000000
0.74783382,0.00000000
0.77182700,0.00000000
0.77202964,0.00000000
0.72081793,0.00000000
0.73442559,0.00000000
0.68481887,0.00000000
0.73946183,0.00000000
0.78952975,0.00000000
0.81961444,0.00000000
0.76277737,0.00000000
0.82426927,0.00000000
0.82646631,0.00000000
0.82293342,0.00000000
0.75651610,0.00000000
0.79062908,0.00000000
0.84373648,0.00000000
0.85402154,0.00000000
0.84943270,0.00000000
0.92695582,0.00000000
0.90383001,0.00000000
0.80425319,0.00000000
0.81255610,0.00000000
0.85503513,0.00000000
0.87061854,0.00000000
0.89143437,0.00000000
0.89065779,0.00000000
0.96456865,0.00000000
0.93419508,0.00000000
0.90261454,0.00000000
0.89465102,0.00000000
0.89485304,0.00000000
0.83741407,0.00000000
0.86282269,0.00000000
0.89207764,0.00000000
0.86724725,0.00000000
0.80589700,0.00000000
0.79690804,0.00000000
0.89155258,0.00000000
0.92595346,0.00000000
0.86882139,0.00000000
0.84478200,0.00000000
0.83378550,0.00000000
0.82591190,0.00000000
0.88690379,0.00000000
0.85591194,0.00000000
0.93181026,0.00000000
0.94114769,0.00000000
0.90690873,0.00000000
0.86818046,0.00000000
0.86299647,0.00000000
0.91173590,0.00000000
0.92186836,0.00000000
0.91552979,0.00000000
0.93808653,0.00000000
0.86745182,0.00000000
0.80784317,0.00000000
0.75420796,0.00000000
0.76895395,0.00000000
0.81597302,0.00000000
0.81154836,0.00000000
0.76945030,0.00000000
0.83481691,0.00000000
0.80624222,0.00000000
0.87617887,0.00000000
0.89041404,0.00000000
0.86719415,0.00000000
0.90091236,0.00000000
0.93280416,0.00000000
0.86472611,0.00000000
0.82048254,0.00000000
0.81753048,0.00000000
0.88619835,0.00000000
0.83663256,0.00000000
0.89339846,0.00000000
0.93160886,0.00000000
0.88271044,0.00000000
0.94646380,0.00000000
0.89942811,0.00000000
0.82427432,0.00000000
0.87574874,0.00000000
0.83400044,0.00000000
0.74525016,0.00000000
0.92048350,0.00000000
0.85238045,0.00000000
0.85469307,0.00000000
0.87425427,0.00000000
0.84721504,0.00000000
0.84898070,0.00000000
0.72179800,0.00000000
0.93629570,0.00000000
0.94592012,0.00000000
0.94817219,0.00000000
0.94605002,0.00000000
0.90444786,0.00000000
0.86178443,0.00000000
0.94233351,0.00000000
0.89979733,0.00000000
0.93285870,0.00000000
0.86366446,0.00000000
0.91508907,0.00000000
0.85992634,0.00000000
0.87016742,0.00000000
0.88079326,0.00000000
0.81483176,0.00000000
0.88403700,0.00000000
0.91050190,0.00000000
0.89658698,0.00000000
0.90107332,0.00000000
0.85103658,0.00000000
0.91395473,0.00000000
0.93522297,0.00000000
0.92851459,0.00000000
0.86407843,0.00000000
0.89582696,0.00000000
0.88102780,0.00000000
0.90527096,0.00000000
0.86532671,0.00000000
0.86913529,0.00000000
0.88747698,0.00000000
0.85933315,0.00000000
0.95096171,0.00000000
0.94803062,0.00000000
0.95564490,0.00000000
0.78915312,0.00000000
0.89152448,0.00000000
0.91461036,0.00000000
0.93788256,0.00000000
0.89452654,0.00000000
0.92020714,0.00000000
0.86275954,0.00000000
0.90850684,0.00000000
0.87619258,0.00000000
0.88434714,0.00000000
0.92189674,0.00000000
0.83353757,0.00000000
0.87186059,0.00000000
0.94450814,0.00000000
0.93368177,0.00000000
0.91310158,0.00000000
0.93957151,0.00000000
0.91920738,0.00000000
0.92677505,0.00000000
0.93504363,0.00000000
0.89783698,0.00000000
0.93070526,0.00000000
0.91444988,0.00000000
0.93147837,0.00000000
0.92173331,0.00000000
0.94804968,0.00000000
0.94351580,0.00000000
0.95413580,0.00000000
0.95658162,0.00000000
0.90569808,0.00000000
0.97130889,0.00000000
0.87249037,0.00000000
0.81769782,0.00000000
0.90918194,0.00000000
0.95503572,0.00000000
0.67754597,0.00000000
0.68636609,0.00000000
0.87265191,0.00000000
0.89822836,0.00000000
0.89954110,0.00000000
0.85273274,0.00000000
0.53621013,0.00000000
0.63826758,0.00000000
0.63193666,0.00000000
0.70341074,0.00000000
0.88235684,0.00000000
0.55487490,0.00000000
0.62284733,0.00000000
0.62383724,0.00000000
0.62036262,0.00000000
0.64507609,0.00000000
0.78909349,0.00000000
0.83145921,0.00000000
0.51064367,0.00000000
0.53170475,0.00000000
0.71364703,0.00000000
0.57158318,0.00000000
0.66555877,0.00000000
0.70081723,0.00000000
0.69292056,0.00000000
0.74437693,0.00000000
0.83582254,0.00000000
0.90904467,0.00000000
0.83941904,0.00000000
0.91512294,0.00000000
0.88810119,0.00000000
0.96156510,0.00000000
0.88851525,0.00000000
0.87136271,0.00000000
0.86502811,0.00000000
0.87144131,0.00000000
0.85808623,0.00000000
0.83279686,0.00000000
0.80373508,0.00000000
0.80381267,0.00000000
0.77007299,0.00000000
0.79613354,0.00000000
0.73049946,0.00000000
0.75125786,0.00000000
0.81649162,0.00000000
0.71904806,0.00000000
0.69731966,0.00000000
0.73153199,0.00000000
0.80408756,0.00000000
0.86983072,0.00000000
0.86978244,0.00000000
0.80859068,0.00000000
0.86693366,0.00000000
0.79938007,0.00000000
0.82740954,0.00000000
0.77984507,0.00000000
0.77523354,0.00000000
0.73667238,0.00000000
0.79735966,0.00000000
0.73405439,0.00000000
0.73792050,0.00000000
0.73840920,0.00000000
0.78577832,0.00000000
0.75734822,0.00000000
0.81306705,0.00000000
0.80653693,0.00000000
0.84177419,0.00000000
0.82937238,0.00000000
0.82661392,0.00000000
0.76580030,0.00000000
0.81982614,0.00000000
0.78200781,0.00000000
0.91080412,0.00000000
0.93525900,0.00000000
0.87979201,0.00000000
0.94909459,0.00000000
0.90414201,0.00000000
0.92929332,0.00000000
0.96403843,0.00000000
0.87460743,0.00000000
0.88731949,0.00000000
0.93292233,0.00000000
0.94311481,0.00000000
0.86554434,0.00000000
0.94827299,0.00000000
0.89883230,0.00000000
0.91590573,0.00000000
0.85555788,0.00000000
0.80779930,0.00000000
0.80496637,0.00000000
0.69896435,0.00000000
0.80089199,0.00000000
0.81286440,0.00000000
0.83857850,0.00000000
0.87449052,0.00000000
0.88026311,0.00000000
0.88437819,0.00000000
0.89038391,0.00000000
0.96053442,0.00000000
0.88785538,0.00000000
0.88080453,0.00000000
0.88719380,0.00000000
0.82266928,0.00000000
0.95372381,0.00000000
0.92743704,0.00000000
0.93681958,0.00000000
0.89053925,0.00000000
0.86816116,0.00000000
0.90912863,0.00000000
0.85807227,0.00000000
0.87118614,0.00000000
0.87593186,0.00000000
0.89386571,0.00000000
0.91739873,0.00000000
0.92940374,0.00000000
0.90115159,0.00000000
0.92933079,0.00000000
0.88474102,0.00000000
0.92148453,0.00000000
0.93145725,0.00000000
0.88266300,0.00000000
0.87608858,0.00000000
0.88759212,0.00000000
0.91749417,0.00000000
0.92329105,0.00000000
0.84295045,0.00000000
0.89262138,0.00000000
0.87386572,0.00000000
0.92273958,0.00000000
0.93786062,0.00000000
0.88737161,0.00000000
0.87159879,0.00000000
0.86191691,0.00000000
0.86101337,0.00000000
0.84910559,0.00000000
0.95299380,0.00000000
0.86707878,0.00000000
0.84856779,0.00000000
0.83896639,0.00000000
0.87323710,0.00000000
0.85453155,0.00000000
0.85342506,0.00000000
0.85783109,0.00000000
0.78351502,0.00000000
0.91586859,0.00000000
0.95188658,0.00000000
0.91675699,0.00000000
0.90159241,0.00000000
0.91341471,0.00000000
0.94774135,0.00000000
0.79189398,0.00000000
0.79685342,0.00000000
0.90744702,0.00000000
0.94514880,0.00000000
0.93111439,0.00000000
0.89908869,0.00000000
0.92898778,0.00000000
0.91543653,0.00000000
0.93140755,0.00000000
0.95725110,0.00000000
0.86599259,0.00000000
0.91981868,0.00000000
0.93726455,0.00000000
0.94666826,0.00000000
0.84543794,0.00000000
0.93111919,0.00000000
0.94915460,0.00000000
0.92970287,0.00000000
0.88819225,0.00000000
0.97117663,0.00000000
0.90949770,0.00000000
0.91220809,0.00000000
0.92086733,0.00000000
0.90952948,0.00000000
0.91753953,0.00000000
0.90373870,0.00000000
0.91493103,0.00000000
0.91177486,0.00000000
0.89290706,0.00000000
0.93152354,0.00000000
0.95820116,0.00000000
0.93561826,0.00000000
0.89189231,0.00000000
0.90885937,0.00000000
0.92575168,0.00000000
0.85194780,0.00000000
0.82780605,0.00000000
0.86113938,0.00000000
0.89223558,0.00000000
0.89137795,0.00000000
0.93268095,0.00000000
0.90693470,0.00000000
0.93002828,0.00000000
0.94782051,0.00000000
0.90325531,0.00000000
0.84849798,0.00000000
0.81988395,0.00000000
0.81759668,0.00000000
0.77335125,0.00000000
0.78935563,0.00000000
0.84189391,0.00000000
0.81651768,0.00000000
0.78064456,0.00000000
0.76753270,0.00000000
0.80413218,0.00000000
0.72648057,0.00000000
0.80333492,0.00000000
0.86034612,0.00000000
0.77142681,0.00000000
0.91563388,0.00000000
0.82205216,0.00000000
0.87264963,0.00000000
0.91557363,0.00000000
0.89963407,0.00000000
0.92965827,0.00000000
0.89941276,0.00000000
0.94325682,0.00000000
0.89735510,0.00000000
0.89793853,0.00000000
0.92886763,0.00000000
0.69584448,0.00000000
0.54656155,0.00000000
0.53429986,0.00000000
0.62782058,0.00000000
0.72582983,0.00000000
0.84533391,0.00000000
0.79063375,0.00000000
0.86258909,0.00000000
0.83228714,0.00000000
0.79493136,0.00000000
0.81733240,0.00000000
0.80190222,0.00000000
0.74965560,0.00000000
0.90155514,0.00000000
0.89992790,0.00000000
0.91730603,0.00000000
0.81690012,0.00000000
0.79856031,0.00000000
0.76810474,0.00000000
0.78166382,0.00000000
0.79290668,0.00000000
0.74823064,0.00000000
0.85067808,0.00000000
0.89179938,0.00000000
0.84192785,0.00000000
0.82540957,0.00000000
0.87204756,0.00000000
0.62200463,0.00000000
0.71295200,0.00000000
0.77175288,0.00000000
0.57442713,0.00000000
0.00000000,0.00000000
0.00512264,0.00000000
0.15955669,0.00000000
0.21073205,0.00000000
0.17617881,0.00000000
0.18419227,0.00000000
0.19635929,0.00000000
0.15242366,0.00000000
0.54384475,0.00000000
0.83869937,0.00000000
0.63890270,0.00000000
0.93019784,0.00000000
0.85713234,0.00000000
0.88174394,0.00000000
0.94128067,0.00000000
0.88256259,0.00000000
0.93672122,0.00000000
0.92883168,0.00000000
0.89308967,0.00000000
0.87792119,0.00000000
0.90955911,0.00000000
0.91379008,0.00000000
0.68472435,0.00000000
0.70841299,0.00000000
0.80716174,0.00000000
0.83424358,0.00000000
0.88479536,0.00000000
0.86179486,0.00000000
0.85210070,0.00000000
0.88905805,0.00000000
0.88443777,0.00000000
0.81425013,0.00000000
0.81005285,0.00000000
0.77567085,0.00000000
0.76803030,0.00000000
0.79425628,0.00000000
0.80196434,0.00000000
0.89089101,0.00000000
0.89848287,0.00000000
0.81441995,0.00000000
0.76822530,0.00000000
0.87527703,0.00000000
0.84792653,0.00000000
0.83571027,0.00000000
0.84076495,0.00000000
0.90579778,0.00000000
0.84677660,0.00000000
0.89981024,0.00000000
0.90741842,0.00000000
0.91555007,0.00000000
0.78062216,0.00000000
0.72654680,0.00000000
0.86577981,0.00000000
0.87621170,0.00000000
0.84279217,0.00000000
0.88033818,0.00000000
0.79150799,0.00000000
0.67850525,0.00000000
0.66595660,0.00000000
0.83235534,0.00000000
0.81539572,0.00000000
0.89840888,0.00000000
0.86711376,0.00000000
0.88732854,0.00000000
0.84949413,0.00000000
0.85642573,0.00000000
0.89552189,0.00000000
0.90540705,0.00000000
0.83946528,0.00000000
0.82612007,0.00000000
0.79747762,0.00000000
0.77882020,0.00000000
0.81854844,0.00000000
0.81553968,0.00000000
0.83999025,0.00000000
0.92259776,0.00000000
0.86823399,0.00000000
0.88036536,0.00000000
0.87778130,0.00000000
0.91727163,0.00000000
0.87048867,0.00000000
0.93820929,0.00000000
0.87811936,0.00000000
0.85162746,0.00000000
0.84384108,0.00000000
0.82800076,0.00000000
0.86098113,0.00000000
0.93096383,0.00000000
0.92088001,0.00000000
0.82383918,0.00000000
0.87965856,0.00000000
0.92247423,0.00000000
0.85043700,0.00000000
0.87649496,0.00000000
0.87289857,0.00000000
0.90041071,0.00000000
0.89211095,0.00000000
0.88762901,0.00000000
0.85519922,0.00000000
0.89840950,0.00000000
0.85384921,0.00000000
0.88082921,0.00000000
0.83861427,0.00000000
0.88477831,0.00000000
0.81220686,0.00000000
0.82027829,0.00000000
0.86991662,0.00000000
0.85910537,0.00000000
0.83757171,0.00000000
0.82210393,0.00000000
0.88040177,0.00000000
0.84352356,0.00000000
0.84858393,0.00000000
0.82945692,0.00000000
0.81774334,0.00000000
0.82090405,0.00000000
0.81587073,0.00000000
0.78841697,0.00000000
0.78151709,0.00000000
0.80320661,0.00000000
0.77296111,0.00000000
0.78419423,0.00000000
0.78639352,0.00000000
0.79062033,0.00000000
0.78269252,0.00000000
0.82096050,0.00000000
0.81998796,0.00000000
0.84356374,0.00000000
0.79822640,0.00000000
0.77782195,0.00000000
0.85085040,0.00000000
0.86276474,0.00000000
0.86710425,0.00000000
0.82365634,0.00000000
0.83211678,0.00000000
0.82058915,0.00000000
0.84032792,0.00000000
0.83623173,0.00000000
0.78115422,0.00000000
0.92126676,0.00000000
0.88742644,0.00000000
0.81263297,0.00000000
0.90517729,0.00000000
0.81862574,0.00000000
0.89560360,0.00000000
0.75961049,0.00000000
0.89783748,0.00000000
0.91816457,0.00000000
0.94359249,0.00000000
0.90233751,0.00000000
0.92560187,0.00000000
0.88353808,0.00000000
0.92404118,0.00000000
0.87494121,0.00000000
0.88503530,0.00000000
0.81647742,0.00000000
0.81961927,0.00000000
0.86587717,0.00000000
0.78970641,0.00000000
0.76595653,0.00000000
0.85743423,0.00000000
0.89162011,0.00000000
0.71158286,0.00000000
0.72665664,0.00000000
0.59028364,0.00000000
0.79906742,0.00000000
0.91217442,0.00000000
0.87298119,0.00000000
0.85804567,0.00000000
0.90611183,0.00000000
0.92082910,0.00000000
0.56649889,0.00000000
0.80638623,0.00000000
0.82700546,0.00000000
0.94277344,0.00000000
0.87441402,0.00000000
0.84487230,0.00000000
0.84885975,0.00000000
0.78939557,0.00000000
0.81989208,0.00000000
0.80061326,0.00000000
0.82309630,0.00000000
0.91001050,0.00000000
0.86650834,0.00000000
0.92041054,0.00000000
0.89931342,0.00000000
0.87739953,0.00000000
0.87270570,0.00000000
0.80282049,0.00000000
0.88836682,0.00000000
0.76090261,0.00000000
0.77417853,0.00000000
0.86666495,0.00000000
0.85285006,0.00000000
0.92221498,0.00000000
0.90520153,0.00000000
0.87688637,0.00000000
0.94047252,0.00000000
0.87801893,0.00000000
0.91527662,0.00000000
0.88478316,0.00000000
0.90487511,0.00000000
0.83718842,0.00000000
0.86100012,0.00000000
0.87914577,0.00000000
0.90868600,0.00000000
0.90207468,0.00000000
0.79713347,0.00000000
0.89203598,0.00000000
0.80565099,0.00000000
0.86746145,0.00000000
0.93580193,0.00000000
0.92673263,0.00000000
0.95315474,0.00000000
0.95097808,0.00000000
0.94578400,0.00000000
0.87669910,0.00000000
0.93435511,0.00000000
0.89278744,0.00000000
0.86366727,0.00000000
0.89546562,0.00000000
0.87425667,0.00000000
0.89189075,0.00000000
0.88928000,0.00000000
0.88303641,0.00000000
0.74408760,0.00000000
0.93836794,0.00000000
0.87575465,0.00000000
0.84079440,0.00000000
0.89766659,0.00000000
0.96089047,0.00000000
0.81739493,0.00000000
0.91708339,0.00000000
0.87052206,0.00000000
0.97432114,0.00000000
0.92409940,0.00000000
0.85531884,0.00000000
0.83262327,0.00000000
0.91877051,0.00000000
0.86743171,0.00000000
0.88020347,0.00000000
0.84692257,0.00000000
0.90193836,0.00000000
0.85690327,0.00000000
0.88930257,0.00000000
0.83202106,0.00000000
0.73821795,0.00000000
0.75631007,0.00000000
0.77334808,0.00000000
0.81181467,0.00000000
0.84067088,0.00000000
0.81582931,0.00000000
0.79839764,0.00000000
0.78602851,0.00000000
0.80726777,0.00000000
0.81931073,0.00000000
0.85109929,0.00000000
0.73199824,0.00000000
0.82239285,0.00000000
0.88756619,0.00000000
0.90825888,0.00000000
0.85103005,0.00000000
0.85966831,0.00000000
0.95053131,0.00000000
0.74988885,0.00000000
0.77981726,0.00000000
0.80870847,0.00000000
0.72578503,0.00000000
0.70369762,0.00000000
0.85113678,0.00000000
0.80627797,0.00000000
0.88247804,0.00000000
0.86777026,0.00000000
0.88027829,0.00000000
0.90129194,0.00000000
0.87207093,0.00000000
0.90310074,0.00000000
0.85592450,0.00000000
0.86110622,0.00000000
0.82516951,0.00000000
0.76535710,0.00000000
0.82635737,0.00000000
0.89356190,0.00000000
0.79143083,0.00000000
0.72817634,0.00000000
0.86797470,0.00000000
0.92390273,0.00000000
0.84063272,0.00000000
0.80626218,0.00000000
0.81226109,0.00000000
0.82360885,0.00000000
0.82001951,0.00000000
0.77768306,0.00000000
0.84933788,0.00000000
0.83343092,0.00000000
0.70613508,0.00000000
0.81913560,0.00000000
0.83997177,0.00000000
0.90091322,0.00000000
0.88507913,0.00000000
0.84198321,0.00000000
0.78556043,0.00000000
0.81847458,0.00000000
0.82421322,0.00000000
0.93745702,0.00000000
0.84467927,0.00000000
0.58346456,0.00000000
0.67225192,0.00000000
0.87899041,0.00000000
0.90759217,0.00000000
0.85598964,0.00000000
0.87056421,0.00000000
0.80741857,0.00000000
0.85978470,0.00000000
0.92897415,0.00000000
0.92421118,0.00000000
0.90355373,0.00000000
0.91759386,0.00000000
0.92150271,0.00000000
0.90488655,0.00000000
0.91619559,0.00000000
0.88120856,0.00000000
0.88686664,0.00000000
0.82201998,0.00000000
0.81509984,0.00000000
0.93655493,0.00000000
0.94189270,0.00000000
0.89602513,0.00000000
0.84741827,0.00000000
0.84640069,0.00000000
0.84916512,0.00000000
0.89664836,0.00000000
0.87990214,0.00000000
0.87877340,0.00000000
0.96550957,0.00000000
0.92880273,0.00000000
0.86683095,0.00000000
0.83930803,0.00000000
0.88584636,0.00000000
0.82822628,0.00000000
0.86097133,0.00000000
0.83158375,0.00000000
0.82365055,0.00000000
0.78665741,0.00000000
0.08122890,0.00000000
0.03633711,0.00000000
0.03975442,0.00000000
0.70788383,0.00000000
0.06836211,0.00000000
0.87896747,0.00000000
0.08669185,0.00000000
0.03711958,0.00000000
0.10388588,0.00000000
0.03340176,0.00000000
0.03157822,0.00000000
0.02378776,0.00000000
0.02117044,0.00000000
0.02069733,0.00000000
0.06224615,0.00000000
0.10822262,0.00000000
0.10195293,0.00000000
0.10173335,0.00000000
0.14099860,0.00000000
0.17386392,0.00000000
0.22583177,0.00000000
0.39330878,0.00000000
0.16113185,0.00000000
0.11416460,0.00000000
0.11704510,0.00000000
0.08769547,0.00000000
0.01599015,0.00000000
0.00000000,0.00000000
0.00000000,0.00000000
0.00000000,0.00000000
0.00000000,0.00000000
0.00000000,0.00000000
0.00000000,0.00000000
0.00000000,0.00000000
0.00000000,0.00000000
0.00000000,0.00000000
0.00000000,0.00000000
0.00000000,0.00000000
0.00000000,0.00000000
0.00000000,0.00000000
0.00000000,0.00000000
0.00000000,0.00000000
0.00000000,0.00000000
0.00000000,0.00000000
0.00000000,0.00000000
0.00000000,0.00000000
0.00000000,0.00000000
0.00000000,0.00000000
0.00000000,0.00000000
0.00000000,0.00000000
0.00000000,0.00000000
0.00000000,0.00000000
0.00000000,0.00000000
0.00000000,0.00000000
0.00000000,0.00000000
0.00000000,0.00000000
0.00000000,0.00000000
0.00000000,0.00000000
0.00000000,0.00000000
0.00000000,0.00000000
0.00000000,0.00000000
0.00000000,0.00000000
0.00000000,0.00000000
0.00000000,0.00000000
0.00000000,0.00000000
0.00000000,0.00000000
0.00000000,0.00000000
0.00000000,0.00000000
0.00000000,0.00000000
0.00000000,0.00000000
0.00000000,0.00000000
0.00000000,0.00000000
0.00000000,0.00000000
0.00000000,0.00000000
0.00000000,0.00000000
0.00000000,0.00000000
0.00000000,0.00000000
0.00000000,0.00000000
0.00000000,0.00000000
0.00000000,0.00000000
0.00000000,0.00000000
0.00000000,0.00000000
0.00000000,0.00000000
0.00000000,0.00000000
0.00000000,0.00000000
0.00000000,0.00000000
0.00000000,0.00000000
0.00000000,0.00000000
0.00000000,0.00000000
0.00000000,0.00000000
0.00000000,0.00000000
0.00000000,0.00000000
0.00000000,0.00000000
0.00000000,0.00000000
0.00000000,0.00000000
0.00000000,0.00000000
0.00000000,0.00000000
0.00000000,0.00000000
0.00000000,0.00000000
0.00000000,0.00000000
0.00000000,0.00000000
0.00000000,0.00000000
0.00000000,0.00000000
0.00000000,0.00000000
0.00000000,0.00000000
0.00000000,0.00000000
0.00000000,0.00000000
0.00000000,0.00000000
0.00000000,0.00000000
0.00000000,0.00000000
0.00000000,0.00000000
0.00000000,0.00000000
0.00000000,0.00000000
0.00000000,0.00000000
0.00000000,0.00000000
0.00000000,0.00000000
0.00000000,0.00000000
0.00000000,0.00000000
0.00000000,0.00000000
0.00000000,0.00000000
0.00000000,0.00000000
0.00000000,0.00000000
0.00000000,0.00000000
0.00000000,0.00000000
0.00000000,0.00000000
0.00000000,0.00000000
0.00000000,0.00000000
0.00000000,0.00000000
0.00000000,0.00000000
0.00000000,0.00000000
0.00000000,0.00000000
0.00000000,0.00000000
0.00000000,0.00000000
0.00000000,0.00000000
0.00000000,0.00000000
0.00000000,0.00000000
0.00000000,0.00000000
0.00000000,0.00000000
0.00000000,0.00000000
0.00000000,0.00000000
0.00000000,0.00000000
0.00000000,0.00000000
0.00000000,0.00000000
0.00000000,0.00000000
0.00000000,0.00000000
0.00000000,0.00000000
0.00000000,0.00000000
0.00000000,0.00000000
0.00000000,0.00000000
0.00000000,0.00000000
0.00000000,0.00000000
0.00000000,0.00000000
0.00000000,0.00000000
0.00000000,0.00000000
0.00000000,0.00000000
0.00000000,0.00000000
0.00000000,0.00000000
0.00000000,0.00000000
0.00000000,0.00000000
0.00000000,0.00000000
0.00000000,0.00000000
0.00000000,0.00000000
0.00000000,0.00000000
0.00000000,0.00000000
0.00000000,0.00000000
0.00000000,0.00000000
0.00000000,0.00000000
0.00000000,0.00000000
0.00000000,0.00000000
0.00000000,0.00000000
0.00000000,0.00000000
0.00000000,0.00000000
0.00000000,0.00000000
0.00000000,0.00000000
0.00000000,0.00000000
0.00000000,0.00000000
0.00000000,0.00000000
0.00000000,0.00000000
0.00000000,0.00000000
0.00000000,0.00000000
0.00000000,0.00000000
0.00000000,0.00000000
0.00000000,0.00000000
0.00000000,0.00000000
0.00000000,0.00000000
0.00000000,0.00000000
0.00000000,0.00000000
0.00000000,0.00000000
0.00000000,0.00000000
0.00000000,0.00000000
0.00000000,0.00000000
0.00000000,0.00000000
0.00000000,0.00000000
0.00000000,0.00000000
0.00000000,0.00000000
0.00000000,0.00000000
0.00000000,0.00000000
0.00000000,0.00000000
0.00000000,0.00000000
0.00000000,0.00000000
0.00000000,0.00000000
0.00000000,0.00000000
0.00000000,0.00000000
0.00000000,0.00000000
0.00000000,0.00000000
0.00000000,0.00000000
0.00000000,0.00000000
0.00000000,0.00000000
0.00000000,0.00000000
0.00000000,0.00000000
0.00000000,0.00000000
0.00000000,0.00000000
0.00000000,0.00000000
0.00000000,0.00000000
0.00000000,0.00000000
0.00000000,0.00000000
0.00000000,0.00000000
0.00000000,0.00000000
0.00000000,0.00000000
0.00000000,0.00000000
0.00000000,0.00000000
0.00000000,0.00000000
0.00000000,0.00000000
0.00000000,0.00000000
0.00000000,0.00000000
0.00000000,0.00000000
0.00000000,0.00000000
0.00000000,0.00000000
0.00000000,0.00000000
0.00000000,0.00000000
0.15588108,0.00000000
0.88577869,0.00000000
0.93857972,0.00000000
0.88453210,0.00000000
0.92576055,0.00000000
0.89591243,0.00000000
0.88835477,0.00000000
0.89672481,0.00000000
0.91776979,0.00000000
0.94548130,0.00000000
0.86457715,0.00000000
0.91559948,0.00000000
0.89607659,0.00000000
0.90145891,0.00000000
0.87027460,0.00000000
0.93199997,0.00000000
0.95772989,0.00000000
0.93253566,0.00000000
0.79210532,0.00000000
0.91118972,0.00000000
0.89920709,0.00000000
0.85005938,0.00000000
0.89618596,0.00000000
0.82749466,0.00000000
0.93748017,0.00000000
0.85013086,0.00000000
0.75837717,0.00000000
0.91411459,0.00000000
0.97240740,0.00000000
0.89423656,0.00000000
0.83746402,0.00000000
0.88017699,0.00000000
0.93370181,0.00000000
0.87541723,0.00000000
0.91072815,0.00000000
0.90266651,0.00000000
0.76840701,0.00000000
0.72522953,0.00000000
0.76614348,0.00000000
0.68637652,0.00000000
0.70005631,0.00000000
0.85672265,0.00000000
0.94185686,0.00000000
0.91198941,0.00000000
0.87442590,0.00000000
0.87965577,0.00000000
0.90677714,0.00000000
0.91018358,0.00000000
0.87293367,0.00000000
0.86782910,0.00000000
0.94189499,0.00000000
0.87778353,0.00000000
0.81918377,0.00000000
0.82182186,0.00000000
0.83258933,0.00000000
0.87212197,0.00000000
0.89674858,0.00000000
0.87501370,0.00000000
0.88451613,0.00000000
0.94633918,0.00000000
0.78814174,0.00000000
0.83797541,0.00000000
0.87481885,0.00000000
0.83959501,0.00000000
0.90495531,0.00000000
0.79608914,0.00000000
0.82625372,0.00000000
0.78369810,0.00000000
0.86763865,0.00000000
0.87155406,0.00000000
0.84608008,0.00000000
0.82740512,0.00000000
0.75930205,0.00000000
0.77052502,0.00000000
0.77734741,0.00000000
0.78401061,0.00000000
0.73326536,0.00000000
0.84096025,0.00000000
0.88691824,0.00000000
0.85836752,0.00000000
0.81688397,0.00000000
0.84313867,0.00000000
0.79619913,0.00000000
0.86309665,0.00000000
0.92226171,0.00000000
0.84333449,0.00000000
0.82292110,0.00000000
0.92403577,0.00000000
0.82636167,0.00000000
0.80320141,0.00000000
0.86126696,0.00000000
0.83304175,0.00000000
0.83053735,0.00000000
0.84735515,0.00000000
0.77392520,0.00000000
0.85477084,0.00000000
0.81230770,0.00000000
0.86567864,0.00000000
0.85055413,0.00000000
0.76677514,0.00000000
0.79943290,0.00000000
0.76463124,0.00000000
0.85145694,0.00000000
0.86143315,0.00000000
0.81867626,0.00000000
0.82294755,0.00000000
0.77892496,0.00000000
0.82340541,0.00000000
0.81348365,0.00000000
0.77201428,0.00000000
0.85807894,0.00000000
0.83872519,0.00000000
0.82144509,0.00000000
0.86349050,0.00000000
0.91937399,0.00000000
0.92358352,0.00000000
0.89742061,0.00000000
0.90880654,0.00000000
0.88151218,0.00000000
0.88650088,0.00000000
0.93994809,0.00000000
0.85326370,0.00000000
0.96838304,0.00000000
0.94386797,0.00000000
0.91188970,0.00000000
0.90940111,0.00000000
0.86923498,0.00000000
0.92182116,0.00000000
0.88235751,0.00000000
0.90997905,0.00000000
0.87638925,0.00000000
0.86234820,0.00000000
0.87182910,0.00000000
0.83852234,0.00000000
0.88650932,0.00000000
0.00000000,0.00000000
0.00000000,0.00000000
0.00000000,0.00000000
0.00000000,0.00000000
0.00000000,0.00000000
0.00000000,0.00000000
0.00000000,0.00000000
0.00000000,0.00000000
0.71727367,0.00000000
0.78286319,0.00000000
0.84818577,0.00000000
0.00000000,0.00000000
0.00000000,0.00000000
0.00000000,0.00000000
0.00000000,0.00000000
0.00000000,0.00000000
0.00000000,0.00000000
0.00000000,0.00000000
0.00000000,0.00000000
0.00000000,0.00000000
0.00000000,0.00000000
0.00000000,0.00000000
0.00000000,0.00000000
0.00000000,0.00000000
0.00000000,0.00000000
0.82230888,0.00000000
0.83112682,0.00000000
0.82696996,0.00000000
0.74667064,0.00000000
0.75566439,0.00000000
0.82619489,0.00000000
0.83463791,0.00000000
0.83492933,0.00000000
0.88329180,0.00000000
0.91151051,0.00000000
0.89808677,0.00000000
0.90411730,0.00000000
0.90948712,0.00000000
0.86044736,0.00000000
0.89559955,0.00000000
0.91914405,0.00000000
0.91969463,0.00000000
0.96127316,0.00000000
0.97565939,0.00000000
0.93772748,0.00000000
0.92712224,0.00000000
0.87505832,0.00000000
0.87138134,0.00000000
0.84009316,0.00000000
0.84155783,0.00000000
0.88022259,0.00000000
0.88847936,0.00000000
0.86701163,0.00000000
0.83723257,0.00000000
0.83703956,0.00000000
0.80526616,0.00000000
0.89518674,0.00000000
0.89025216,0.00000000
0.86977193,0.00000000
0.92006320,0.00000000
0.95157065,0.00000000
0.88551901,0.00000000
0.91221303,0.00000000
0.90752729,0.00000000
0.85371095,0.00000000
0.94438914,0.00000000
0.88089158,0.00000000
0.89725402,0.00000000
0.89001126,0.00000000
0.92996768,0.00000000
0.89629637,0.00000000
0.85225816,0.00000000
0.83725871,0.00000000
0.83440579,0.00000000
0.82674506,0.00000000
0.86533167,0.00000000
0.85849255,0.00000000
0.83776381,0.00000000
0.85467094,0.00000000
0.85560923,0.00000000
0.88042683,0.00000000
0.76657957,0.00000000
0.85741716,0.00000000
0.88616401,0.00000000
0.88545765,0.00000000
0.93230850,0.00000000
0.92355924,0.00000000
0.90213381,0.00000000
0.95080297,0.00000000
0.86393360,0.00000000
0.90196936,0.00000000
0.89979838,0.00000000
0.91227455,0.00000000
0.88430838,0.00000000
0.90003078,0.00000000
0.93212199,0.00000000
0.90569423,0.00000000
0.95435479,0.00000000
0.91192072,0.00000000
0.90240264,0.00000000
0.89153169,0.00000000
0.90553032,0.00000000
0.92216639,0.00000000
0.89782925,0.00000000
0.89634587,0.00000000
0.94578833,0.00000000
0.88615480,0.00000000
0.96768378,0.00000000
0.91992965,0.00000000
0.91664886,0.00000000
0.90758801,0.00000000
0.88714666,0.00000000
0.90624943,0.00000000
0.84566532,0.00000000
0.90983608,0.00000000
0.87253964,0.00000000
0.96149841,0.00000000
0.92824638,0.00000000
0.87246420,0.00000000
0.85619099,0.00000000
0.89561909,0.00000000
0.92472587,0.00000000
0.90126262,0.00000000
0.94597887,0.00000000
0.84167018,0.00000000
0.84336905,0.00000000
0.81781201,0.00000000
0.84243162,0.00000000
0.86401079,0.00000000
0.89037378,0.00000000
0.81399263,0.00000000
0.80692487,0.00000000
0.86059346,0.00000000
0.86029312,0.00000000
0.91837298,0.00000000
0.90494855,0.00000000
0.83607575,0.00000000
0.82878988,0.00000000
0.86973841,0.00000000
0.85959127,0.00000000
0.86036436,0.00000000
0.89287572,0.00000000
0.86689575,0.00000000
0.85831951,0.00000000
0.89983963,0.00000000
0.90868188,0.00000000
0.95363684,0.00000000
0.91995360,0.00000000
0.87026799,0.00000000
0.88764115,0.00000000
0.91248540,0.00000000
0.88850870,0.00000000
0.91899267,0.00000000
0.91644569,0.00000000
0.86973580,0.00000000
0.95388427,0.00000000
0.93490262,0.00000000
0.90669723,0.00000000
0.86253959,0.00000000
0.94198640,0.00000000
0.96746086,0.00000000
0.89487482,0.00000000
0.89761046,0.00000000
0.90482584,0.00000000
0.85121870,0.00000000
0.87068124,0.00000000
0.94099854,0.00000000
0.92730183,0.00000000
0.85295954,0.00000000
0.85213990,0.00000000
0.84307803,0.00000000
0.59719946,0.00000000
0.84092738,0.00000000
0.89511187,0.00000000
0.92749754,0.00000000
0.94800275,0.00000000
0.88685808,0.00000000
0.92406355,0.00000000
0.95649093,0.00000000
0.94029543,0.00000000
0.92633370,0.00000000
0.92835606,0.00000000
0.92947489,0.00000000
0.88845189,0.00000000
0.97253336,0.00000000
0.93575206,0.00000000
0.94493515,0.00000000
0.97570799,0.00000000
0.95194049,0.00000000
0.91541288,0.00000000
0.93427505,0.00000000
0.94915948,0.00000000
0.92664051,0.00000000
0.89423098,0.00000000
0.89374715,0.00000000
0.81921696,0.00000000
0.80475047,0.00000000
0.85753722,0.00000000
0.88542291,0.00000000
0.86338487,0.00000000
0.86160204,0.00000000
0.86055240,0.00000000
0.87004083,0.00000000
0.81794963,0.00000000
0.82159124,0.00000000
0.87241357,0.00000000
0.91095925,0.00000000
0.94973781,0.00000000
0.89692801,0.00000000
0.90689022,0.00000000
0.93400777,0.00000000
0.88748464,0.00000000
0.94767190,0.00000000
0.89864574,0.00000000
0.92819261,0.00000000
0.73381357,0.00000000
0.76116786,0.00000000
0.73471398,0.00000000
0.78416247,0.00000000
0.79273411,0.00000000
0.82424032,0.00000000
0.80556703,0.00000000
0.78450469,0.00000000
0.80491355,0.00000000
0.74169240,0.00000000
0.74530426,0.00000000
0.72114184,0.00000000
0.71811463,0.00000000
0.74533817,0.00000000
0.75534606,0.00000000
0.80266267,0.00000000
0.82701117,0.00000000
0.88960788,0.00000000
0.80131173,0.00000000
0.81069741,0.00000000
0.88198709,0.00000000
0.85920510,0.00000000
0.91984494,0.00000000
0.86538398,0.00000000
0.89982380,0.00000000
0.87112117,0.00000000
0.87379869,0.00000000
0.90007004,0.00000000
0.85871993,0.00000000
0.85136943,0.00000000
0.85266650,0.00000000
0.85734691,0.00000000
0.83916220,0.00000000
0.00000000,0.00000000
0.00000000,0.00000000
0.00000000,0.00000000
0.00000000,0.00000000
0.00000000,0.00000000
0.00000000,0.00000000
0.00000000,0.00000000
0.00000000,0.00000000
0.00000000,0.00000000
0.00000000,0.00000000
0.00000000,0.00000000
0.00000000,0.00000000
0.00000000,0.00000000
0.00000000,0.00000000
0.00000000,0.00000000
0.00000000,0.00000000
0.00000000,0.00000000
0.00000000,0.00000000
0.00000000,0.00000000
0.00000000,0.00000000
0.00000000,0.00000000
0.00000000,0.00000000
0.00000000,0.00000000
0.00000000,0.00000000
0.00000000,0.00000000
0.00000000,0.00000000
0.00000000,0.00000000
0.00000000,0.00000000
0.00000000,0.00000000
0.00000000,0.00000000
0.00000000,0.00000000
0.00000000,0.00000000
0.00000000,0.00000000
0.00000000,0.00000000
0.00000000,0.00000000
0.00000000,0.00000000
0.00000000,0.00000000
0.00000000,0.00000000
0.00000000,0.00000000
0.00000000,0.00000000
0.00000000,0.00000000
0.00000000,0.00000000
0.00000000,0.00000000
0.00000000,0.00000000
0.00000000,0.00000000
0.00000000,0.00000000
0.00000000,0.00000000
0.00000000,0.00000000
0.00000000,0.00000000
0.00000000,0.00000000
0.00000000,0.00000000
0.00000000,0.00000000
0.00000000,0.00000000
0.00000000,0.00000000
0.00000000,0.00000000
0.00000000,0.00000000
0.00000000,0.00000000
0.00000000,0.00000000
0.00000000,0.00000000
0.00000000,0.00000000
0.00000000,0.00000000
0.00000000,0.00000000
0.00000000,0.00000000
0.00000000,0.00000000
0.00000000,0.00000000
0.00000000,0.00000000
0.00000000,0.00000000
0.00000000,0.00000000
0.00000000,0.00000000
0.00000000,0.00000000
0.00000000,0.00000000
0.00000000,0.00000000
0.00000000,0.00000000
0.00000000,0.00000000
0.00000000,0.00000000
0.00000000,0.00000000
0.00000000,0.00000000
0.00000000,0.00000000
0.00000000,0.00000000
0.00000000,0.00000000
0.00000000,0.00000000
0.00000000,0.00000000
0.00000000,0.00000000
0.00000000,0.00000000
0.00000000,0.00000000
0.00000000,0.00000000
0.00000000,0.00000000
0.00000000,0.00000000
0.00000000,0.00000000
0.00000000,0.00000000
0.00000000,0.00000000
0.00000000,0.00000000
0.00000000,0.00000000
0.00000000,0.00000000
0.00000000,0.00000000
0.00000000,0.00000000
0.00000000,0.00000000
0.00000000,0.00000000
0.00000000,0.00000000
0.00000000,0.00000000
0.00000000,0.00000000
0.00000000,0.00000000
0.00000000,0.00000000
0.00000000,0.00000000
0.00000000,0.00000000
0.00000000,0.00000000
0.00000000,0.00000000
0.00000000,0.00000000
0.00000000,0.00000000
0.00000000,0.00000000
0.00000000,0.00000000
0.00000000,0.00000000
0.00000000,0.00000000
0.00000000,0.00000000
0.00000000,0.00000000
0.00000000,0.00000000
0.00000000,0.00000000
0.00000000,0.00000000
0.00000000,0.00000000
0.00000000,0.00000000
0.00000000,0.00000000
0.00000000,0.00000000
0.00000000,0.00000000
0.00000000,0.00000000
0.00000000,0.00000000
0.00000000,0.00000000
0.00000000,0.00000000
0.00000000,0.00000000
0.00000000,0.00000000
0.00000000,0.00000000
0.00000000,0.00000000
0.00000000,0.00000000
0.16467479,0.00000000
0.84802427,0.00000000
0.89787348,0.00000000
0.88430979,0.00000000
0.85255849,0.00000000
0.89981338,0.00000000
0.96117255,0.00000000
0.92173409,0.00000000
0.96202561,0.00000000
0.93771808,0.00000000
0.91335258,0.00000000
0.95634212,0.00000000
0.98040448,0.00000000
0.96004005,0.00000000
0.96812087,0.00000000
0.95907150,0.00000000
0.96684048,0.00000000
0.94409278,0.00000000
0.89918037,0.00000000
0.89325818,0.00000000
0.96053309,0.00000000
0.95514851,0.00000000
0.90010185,0.00000000
0.90123391,0.00000000
0.94867577,0.00000000
0.91916458,0.00000000
0.83205214,0.00000000
0.88216967,0.00000000
0.84670873,0.00000000
0.83256853,0.00000000
0.86079942,0.00000000
0.91476727,0.00000000
0.83991182,0.00000000
0.90942530,0.00000000
0.90770792,0.00000000
0.93851899,0.00000000
0.92563105,0.00000000
0.94979869,0.00000000
0.92574077,0.00000000
0.95955400,0.00000000
0.86052494,0.00000000
0.89504126,0.00000000
0.86718254,0.00000000
0.87759790,0.00000000
0.89733819,0.00000000
0.94159336,0.00000000
0.96048345,0.00000000
0.89126105,0.00000000
0.90040609,0.00000000
0.78239582,0.00000000
0.80160567,0.00000000
0.86607242,0.00000000
0.85498607,0.00000000
0.89528002,0.00000000
0.88259458,0.00000000
0.93314443,0.00000000
0.92375147,0.00000000
0.87323504,0.00000000
0.83410762,0.00000000
0.84952917,0.00000000
0.81245792,0.00000000
0.85583972,0.00000000
0.82635220,0.00000000
0.78054991,0.00000000
0.86033551,0.00000000
0.90073054,0.00000000
0.83861260,0.00000000
0.88609321,0.00000000
0.83698292,0.00000000
0.91507362,0.00000000
0.92773542,0.00000000
0.94276872,0.00000000
0.93439605,0.00000000
0.93352306,0.00000000
0.92944561,0.00000000
0.89348901,0.00000000
0.84126031,0.00000000
0.82185357,0.00000000
0.85050683,0.00000000
0.90454057,0.00000000
0.85886917,0.00000000
0.88389229,0.00000000
0.92540202,0.00000000
0.90707391,0.00000000
0.92911563,0.00000000
0.92436486,0.00000000
0.90385590,0.00000000
0.91129689,0.00000000
0.85276788,0.00000000
0.93146732,0.00000000
0.88199072,0.00000000
0.88418241,0.00000000
0.89762284,0.00000000
0.84815926,0.00000000
0.89688040,0.00000000
0.82827349,0.00000000
0.76237435,0.00000000
0.84261864,0.00000000
0.85812859,0.00000000
0.84891588,0.00000000
0.83433959,0.00000000
0.88021741,0.00000000
0.89085588,0.00000000
0.89850918,0.00000000
0.86169935,0.00000000
0.91328886,0.00000000
0.91238290,0.00000000
0.92166663,0.00000000
0.90573704,0.00000000
0.92809775,0.00000000
0.93962265,0.00000000
0.87997017,0.00000000
0.86455404,0.00000000
0.90049156,0.00000000
0.93092246,0.00000000
0.91251241,0.00000000
0.88522785,0.00000000
0.86437409,0.00000000
0.81471773,0.00000000
0.79045754,0.00000000
0.83896859,0.00000000
0.82824326,0.00000000
0.78600307,0.00000000
0.79887826,0.00000000
0.81477473,0.00000000
0.80342140,0.00000000
0.77211811,0.00000000
0.88493960,0.00000000
0.91574026,0.00000000
0.94494856,0.00000000
0.92056674,0.00000000
0.90027653,0.00000000
0.93664580,0.00000000
0.88132388,0.00000000
0.85197212,0.00000000
0.85874965,0.00000000
0.86841509,0.00000000
0.85644723,0.00000000
0.87557274,0.00000000
0.88089217,0.00000000
0.94093003,0.00000000
0.88792356,0.00000000
0.97172149,0.00000000
0.94438741,0.00000000
0.94446144,0.00000000
0.89586243,0.00000000
0.93199329,0.00000000
0.95292894,0.00000000
0.93001718,0.00000000
0.94484345,0.00000000
0.91105206,0.00000000
0.86280836,0.00000000
0.83203366,0.00000000
0.83069062,0.00000000
0.90772167,0.00000000
0.93305577,0.00000000
0.88045864,0.00000000
0.91163892,0.00000000
0.94437539,0.00000000
0.92764041,0.00000000
0.96821891,0.00000000
0.86893626,0.00000000
0.94234019,0.00000000
0.89996866,0.00000000
0.92610034,0.00000000
0.92462446,0.00000000
0.90981814,0.00000000
0.88547180,0.00000000
0.87276009,0.00000000
0.87276089,0.00000000
0.92460781,0.00000000
0.87932464,0.00000000
0.91277676,0.00000000
0.86098284,0.00000000
0.81570437,0.00000000
0.86749352,0.00000000
0.79919419,0.00000000
0.77925815,0.00000000
0.82030847,0.00000000
0.88014737,0.00000000
0.93924298,0.00000000
0.87334218,0.00000000
0.81301390,0.00000000
0.81940021,0.00000000
0.91974049,0.00000000
0.79866840,0.00000000
0.79809221,0.00000000
0.72197331,0.00000000
0.74125092,0.00000000
0.80929664,0.00000000
0.80033038,0.00000000
0.81133813,0.00000000
0.86759772,0.00000000
0.81861228,0.00000000
0.90696047,0.00000000
0.86321583,0.00000000
0.92691629,0.00000000
0.88098202,0.00000000
0.74870593,0.00000000
0.86613414,0.00000000
0.88994215,0.00000000
0.86059199,0.00000000
0.93302048,0.00000000
0.93409459,0.00000000
0.82417970,0.00000000
0.78592289,0.00000000
0.86500695,0.00000000
0.82377408,0.00000000
0.85744140,0.00000000
0.82038541,0.00000000
0.79498109,0.00000000
0.75030874,0.00000000
0.90243794,0.00000000
0.88436694,0.00000000
0.91429480,0.00000000
0.94444381,0.00000000
0.88500038,0.00000000
0.85068900,0.00000000
0.78289897,0.00000000
0.88741935,0.00000000
0.85540378,0.00000000
0.83440339,0.00000000
0.89410353,0.00000000
0.87083983,0.00000000
0.91192204,0.00000000
0.89930888,0.00000000
0.89200591,0.00000000
0.87572977,0.00000000
0.86112821,0.00000000
0.79090196,0.00000000
0.85812500,0.00000000
0.81554571,0.00000000
0.82029748,0.00000000
0.85515845,0.00000000
0.87095347,0.00000000
0.85210426,0.00000000
0.87622450,0.00000000
0.79687482,0.00000000
0.82090781,0.00000000
0.82760013,0.00000000
0.87866949,0.00000000
0.88445652,0.00000000
0.90192708,0.00000000
0.90552086,0.00000000
0.92556045,0.00000000
0.93945021,0.00000000
0.91374228,0.00000000
0.88391360,0.00000000
0.90841429,0.00000000
0.87126752,0.00000000
0.97082056,0.00000000
0.90101073,0.00000000
0.90944221,0.00000000
0.91517044,0.00000000
0.93542273,0.00000000
0.92011277,0.00000000
0.90421867,0.00000000
0.90585568,0.00000000
0.90794825,0.00000000
0.84150752,0.00000000
0.94545714,0.00000000
0.95496031,0.00000000
0.94714450,0.00000000
0.91567695,0.00000000
0.83544537,0.00000000
0.90302009,0.00000000
0.91894122,0.00000000
0.92735570,0.00000000
0.90352539,0.00000000
0.87788900,0.00000000
0.92422273,0.00000000
0.89587158,0.00000000
0.95705283,0.00000000
0.94970598,0.00000000
0.97155385,0.00000000
0.92459298,0.00000000
0.93778678,0.00000000
0.95752498,0.00000000
0.96489356,0.00000000
0.93505813,0.00000000
0.86981463,0.00000000
0.86502325,0.00000000
0.88891417,0.00000000
0.86417557,0.00000000
0.87240027,0.00000000
0.83168199,0.00000000
0.81888305,0.00000000
0.85608553,0.00000000
0.89717492,0.00000000
0.93034021,0.00000000
0.90556885,0.00000000
0.95778379,0.00000000
0.89072276,0.00000000
0.88295699,0.00000000
0.90068996,0.00000000
0.89740687,0.00000000
0.87327172,0.00000000
0.89216290,0.00000000
0.86198621,0.00000000
0.87169510,0.00000000
0.83948514,0.00000000
0.85855900,0.00000000
0.87183221,0.00000000
0.82822354,0.00000000
0.82799215,0.00000000
0.76901379,0.00000000
0.79365559,0.00000000
0.82758489,0.00000000
0.80235009,0.00000000
0.78137104,0.00000000
0.86000780,0.00000000
0.88329734,0.00000000
0.90252028,0.00000000
0.88965131,0.00000000
0.89324802,0.00000000
0.85854448,0.00000000
0.88455691,0.00000000
0.85085914,0.00000000
0.90130036,0.00000000
0.87738364,0.00000000
0.90987510,0.00000000
0.93494383,0.00000000
0.93462950,0.00000000
0.90044382,0.00000000
0.94158373,0.00000000
0.93723916,0.00000000
0.93021638,0.00000000
0.88669755,0.00000000
0.84733703,0.00000000
0.89684593,0.00000000
0.88791285,0.00000000
0.88690808,0.00000000
0.91401354,0.00000000
0.93812554,0.00000000
0.94580203,0.00000000
0.92729795,0.00000000
0.91409244,0.00000000
0.88463044,0.00000000
0.86155723,0.00000000
0.87791004,0.00000000
0.86305309,0.00000000
0.90534433,0.00000000
0.91026666,0.00000000
0.91472260,0.00000000
0.90870957,0.00000000
0.88511749,0.00000000
0.86864905,0.00000000
0.82412277,0.00000000
0.80150711,0.00000000
0.77731713,0.00000000
0.79776085,0.00000000
0.85699204,0.00000000
0.84975634,0.00000000
0.90430781,0.00000000
0.89570537,0.00000000
0.86938916,0.00000000
0.93869546,0.00000000
0.92164022,0.00000000
0.88808468,0.00000000
0.93426045,0.00000000
0.89887450,0.00000000
0.90339961,0.00000000
0.85607865,0.00000000
0.94060558,0.00000000
0.95273816,0.00000000
0.93754124,0.00000000
0.95540571,0.00000000
0.90879497,0.00000000
0.87889480,0.00000000
0.90119410,0.00000000
0.90972182,0.00000000
0.72618029,0.00000000
0.66940729,0.00000000
0.80064044,0.00000000
0.90604501,0.00000000
0.93545247,0.00000000
0.88719951,0.00000000
0.92951945,0.00000000
0.91298501,0.00000000
0.89303625,0.00000000
0.91154061,0.00000000
0.93400082,0.00000000
0.94986002,0.00000000
0.90167725,0.00000000
0.84961396,0.00000000
0.89914788,0.00000000
0.87855623,0.00000000
0.87961261,0.00000000
0.89896786,0.00000000
0.87812375,0.00000000
0.90003541,0.00000000
0.88836872,0.00000000
0.93766577,0.00000000
0.95703845,0.00000000
0.94098325,0.00000000
0.96264936,0.00000000
0.93807904,0.00000000
0.92344141,0.00000000
0.89519661,0.00000000
0.91752031,0.00000000
0.87348923,0.00000000
0.84600114,0.00000000
0.87186513,0.00000000
0.83647586,0.00000000
0.91945433,0.00000000
0.79779090,0.00000000
0.79640882,0.00000000
0.84362834,0.00000000
0.75723503,0.00000000
0.75706543,0.00000000
0.82333677,0.00000000
0.92638528,0.00000000
0.88522816,0.00000000
0.87219148,0.00000000
0.84406806,0.00000000
0.84101964,0.00000000
0.81763547,0.00000000
0.86976539,0.00000000
0.82844086,0.00000000
0.85261034,0.00000000
0.86255500,0.00000000
0.87036214,0.00000000
0.94374890,0.00000000
0.91857238,0.00000000
0.90175065,0.00000000
0.84803577,0.00000000
0.89072512,0.00000000
0.86457027,0.00000000
0.80633381,0.00000000
0.88053874,0.00000000
0.91355881,0.00000000
0.91825140,0.00000000
0.88574894,0.00000000
0.83499040,0.00000000
0.83785909,0.00000000
0.83082219,0.00000000
0.86268887,0.00000000
0.34301288,0.00000000
0.17416083,0.00000000
0.87455694,0.00000000
0.00000000,0.00000000
0.00000000,0.00000000
0.00000000,0.00000000
0.00000000,0.00000000
0.00000000,0.00000000
0.00000000,0.00000000
0.00000000,0.00000000
0.00000000,0.00000000
0.00000000,0.00000000
0.00000000,0.00000000
0.00000000,0.00000000
0.00000000,0.00000000
0.00000000,0.00000000
0.00000000,0.00000000
0.00000000,0.00000000
0.00000000,0.00000000
0.00000000,0.00000000
0.00000000,0.00000000
0.00000000,0.00000000
0.00000000,0.00000000
0.00000000,0.00000000
0.00000000,0.00000000
0.00000000,0.00000000
0.00000000,0.00000000
0.00000000,0.00000000
0.00000000,0.00000000
0.00000000,0.00000000
0.00000000,0.00000000
0.00000000,0.00000000
0.00000000,0.00000000
0.00000000,0.00000000
0.00000000,0.00000000
0.00000000,0.00000000
0.00000000,0.00000000
0.00000000,0.00000000
0.00000000,0.00000000
0.00000000,0.00000000
0.00000000,0.00000000
0.00000000,0.00000000
0.00000000,0.00000000
0.00000000,0.00000000
0.00000000,0.00000000
0.00000000,0.00000000
0.00000000,0.00000000
0.00000000,0.00000000
0.00000000,0.00000000
0.00000000,0.00000000
0.00000000,0.00000000
0.00000000,0.00000000
0.00000000,0.00000000
0.00000000,0.00000000
0.00000000,0.00000000
0.00000000,0.00000000
0.00000000,0.00000000
0.00000000,0.00000000
0.00000000,0.00000000
0.00000000,0.00000000
0.00000000,0.00000000
0.00000000,0.00000000
0.00000000,0.00000000
0.00000000,0.00000000
0.00000000,0.00000000
0.00000000,0.00000000
0.00000000,0.00000000
0.00000000,0.00000000
0.00000000,0.00000000
0.00000000,0.00000000
0.00000000,0.00000000
0.00000000,0.00000000
0.00000000,0.00000000
0.00000000,0.00000000
0.00000000,0.00000000
0.00000000,0.00000000
0.00000000,0.00000000
0.00000000,0.00000000
0.00000000,0.00000000
0.00000000,0.00000000
0.00000000,0.00000000
0.00000000,0.00000000
0.00000000,0.00000000
0.00272439,0.00000000
0.00241625,0.00000000
0.00864347,0.00000000
0.01647729,0.00000000
0.02103893,0.00000000
0.02459945,0.00000000
0.04590594,0.00000000
0.06125639,0.00000000
0.07096905,0.00000000
0.08463115,0.00000000
0.08373101,0.00000000
0.10402704,0.00000000
0.13102964,0.00000000
0.15553645,0.00000000
0.19000037,0.00000000
0.64410883,0.00000000
0.69155895,0.00000000
0.63032122,0.00000000
0.61180898,0.00000000
0.59796945,0.00000000
0.56187972,0.00000000
0.61936237,0.00000000
0.51885869,0.00000000
0.53916333,0.00000000
0.51654726,0.00000000
0.46647193,0.00000000
0.41280209,0.00000000
0.38203973,0.00000000
0.33056329,0.00000000
0.34933213,0.00000000
0.28254840,0.00000000
0.26345130,0.00000000
0.21311581,0.00000000
0.18856092,0.00000000
0.15316086,0.00000000
0.12312022,0.00000000
0.11048262,0.00000000
0.13093219,0.00000000
0.13160999,0.00000000
0.15168673,0.00000000
0.16722449,0.00000000
0.15578427,0.00000000
0.15607303,0.00000000
0.15694655,0.00000000
0.17141730,0.00000000
0.19641530,0.00000000
0.45868026,0.00000000
0.78495135,0.00000000
0.86290342,0.00000000
0.88420029,0.00000000
0.88082868,0.00000000
0.88141901,0.00000000
0.89361508,0.00000000
0.88180139,0.00000000
0.90847233,0.00000000
0.88576514,0.00000000
0.90955477,0.00000000
0.85095465,0.00000000
0.89370535,0.00000000
0.87311747,0.00000000
0.96034222,0.00000000
0.91690815,0.00000000
0.85622211,0.00000000
0.94012173,0.00000000
0.89091860,0.00000000
0.88917792,0.00000000
0.93310414,0.00000000
0.95165985,0.00000000
0.89625184,0.00000000
0.93058150,0.00000000
0.88465394,0.00000000
0.88874186,0.00000000
0.91584467,0.00000000
0.87654276,0.00000000
0.90771980,0.00000000
0.91676807,0.00000000
0.89993941,0.00000000
0.84851993,0.00000000
0.92119358,0.00000000
0.90066095,0.00000000
0.92758166,0.00000000
0.92077888,0.00000000
0.83982597,0.00000000
0.84507149,0.00000000
0.91353216,0.00000000
0.92034766,0.00000000
0.89293973,0.00000000
0.89132342,0.00000000
0.93752713,0.00000000
0.93561611,0.00000000
0.80773372,0.00000000
0.83912710,0.00000000
0.73182485,0.00000000
0.78200717,0.00000000
0.82065300,0.00000000
0.86817894,0.00000000
0.89435505,0.00000000
0.84904165,0.00000000
0.86388872,0.00000000
0.88468997,0.00000000
0.90993062,0.00000000
0.86511160,0.00000000
0.86932665,0.00000000
0.86572456,0.00000000
0.85000001,0.00000000
0.93693778,0.00000000
0.84350976,0.00000000
0.76715457,0.00000000
0.80389191,0.00000000
0.84921109,0.00000000
0.87709503,0.00000000
0.89850842,0.00000000
0.87448259,0.00000000
0.85511744,0.00000000
0.77970226,0.00000000
0.82746866,0.00000000
0.85530728,0.00000000
0.84225062,0.00000000
0.91706175,0.00000000
0.90796921,0.00000000
0.92011094,0.00000000
0.92685245,0.00000000
0.93021876,0.00000000
0.94720147,0.00000000
0.93304583,0.00000000
0.85824895,0.00000000
0.95010910,0.00000000
0.88643082,0.00000000
0.85697561,0.00000000
0.00000000,0.00000000
0.00000000,0.00000000
0.00000000,0.00000000
0.00000000,0.00000000
0.00000000,0.00000000
0.00000000,0.00000000
0.00000000,0.00000000
0.00000000,0.00000000
0.00000000,0.00000000
0.00000000,0.00000000
0.00000000,0.00000000
0.00000000,0.00000000
0.00000000,0.00000000
0.00000000,0.00000000
0.00000000,0.00000000
0.00000000,0.00000000
0.00000000,0.00000000
0.00000000,0.00000000
0.00000000,0.00000000
0.00000000,0.00000000
0.00000000,0.00000000
0.00000000,0.00000000
0.00000000,0.00000000
0.00000000,0.00000000
0.00000000,0.00000000
0.00000000,0.00000000
0.00372177,0.00000000
0.00801844,0.00000000
0.02359787,0.00000000
0.03746061,0.00000000
0.06057920,0.00000000
0.07055631,0.00000000
0.08764473,0.00000000
0.21084876,0.00000000
0.20789740,0.00000000
0.19415433,0.00000000
0.20152194,0.00000000
0.19660433,0.00000000
0.21196215,0.00000000
0.20817260,0.00000000
0.21134110,0.00000000
0.37354216,0.00000000
0.29836488,0.00000000
0.55217539,0.00000000
0.23920496,0.00000000
0.22556564,0.00000000
0.23903369,0.00000000
0.24679636,0.00000000
0.24702625,0.00000000
0.25962794,0.00000000
0.32110012,0.00000000
0.32339160,0.00000000
0.41536223,0.00000000
0.43946603,0.00000000
0.43686808,0.00000000
0.44156008,0.00000000
0.43224720,0.00000000
0.44717308,0.00000000
0.44700263,0.00000000
0.38384531,0.00000000
0.33944334,0.00000000
0.35536504,0.00000000
0.34315015,0.00000000
0.30576233,0.00000000
0.28376032,0.00000000
0.28361996,0.00000000
0.13612348,0.00000000
0.29608544,0.00000000
0.29802531,0.00000000
0.27937176,0.00000000
0.28198975,0.00000000
0.27896174,0.00000000
0.28305777,0.00000000
0.27861162,0.00000000
0.25076319,0.00000000
0.25756980,0.00000000
0.22693790,0.00000000
0.24635613,0.00000000
0.26379668,0.00000000
0.27337676,0.00000000
0.28847585,0.00000000
0.28122022,0.00000000
0.28550496,0.00000000
0.27856174,0.00000000
0.27976632,0.00000000
0.28684828,0.00000000
0.26917528,0.00000000
0.25333498,0.00000000
0.26707559,0.00000000
0.25940479,0.00000000
0.26047336,0.00000000
0.25413996,0.00000000
0.27610021,0.00000000
0.26952498,0.00000000
0.27017791,0.00000000
0.26536227,0.00000000
0.26732954,0.00000000
0.27376731,0.00000000
0.26579349,0.00000000
0.25420939,0.00000000
0.26330854,0.00000000
0.23402162,0.00000000
0.25912987,0.00000000
0.27371554,0.00000000
0.29246172,0.00000000
0.29318255,0.00000000
0.28283585,0.00000000
0.30725563,0.00000000
0.29424141,0.00000000
0.29274024,0.00000000
0.29002717,0.00000000
0.30115511,0.00000000
0.30544493,0.00000000
0.30621261,0.00000000
0.32026936,0.00000000
0.30666926,0.00000000
0.32783989,0.00000000
0.29164216,0.00000000
0.29059690,0.00000000
0.31077223,0.00000000
0.30265834,0.00000000
0.31045833,0.00000000
0.32216355,0.00000000
0.33504971,0.00000000
0.35025550,0.00000000
0.33021842,0.00000000
0.31462266,0.00000000
0.35633111,0.00000000
0.36307419,0.00000000
0.32535477,0.00000000
0.39233647,0.00000000
0.36936515,0.00000000
0.39955927,0.00000000
0.41571596,0.00000000
0.41140917,0.00000000
0.47477182,0.00000000
0.47315018,0.00000000
0.49330189,0.00000000
0.49925250,0.00000000
0.77896389,0.00000000
0.79977050,0.00000000
0.90459417,0.00000000
0.82557108,0.00000000
0.79299468,0.00000000
0.87297715,0.00000000
0.85479669,0.00000000
0.86984544,0.00000000
0.68529483,0.00000000
0.70486437,0.00000000
0.72589833,0.00000000
0.38216830,0.00000000
0.32819582,0.00000000
0.34095984,0.00000000
0.32720132,0.00000000
0.33730023,0.00000000
0.05692473,0.00000000
0.31909086,0.00000000
0.29283857,0.00000000
0.27595531,0.00000000
0.22863016,0.00000000
0.19109952,0.00000000
0.29065519,0.00000000
0.09273667,0.00000000
0.09296845,0.00000000
0.06889184,0.00000000
0.04305862,0.00000000
0.02728914,0.00000000
0.01046585,0.00000000
0.00000000,0.00000000
0.00000000,0.00000000
0.00000000,0.00000000
0.00000000,0.00000000
0.00000000,0.00000000
0.00000000,0.00000000
0.00000000,0.00000000
0.00000000,0.00000000
0.00000000,0.00000000
0.00000000,0.00000000
0.00000000,0.00000000
0.00000000,0.00000000
0.00000000,0.00000000
0.00000000,0.00000000
0.00000000,0.00000000
0.00000000,0.00000000
0.00000000,0.00000000
0.00000000,0.00000000
0.00000000,0.00000000
0.00000000,0.00000000
0.00000000,0.00000000
0.00000000,0.00000000
0.00000000,0.00000000
0.00000000,0.00000000
0.00000000,0.00000000
0.00000000,0.00000000
0.00000000,0.00000000
0.00000000,0.00000000
0.00000000,0.00000000
0.00000000,0.00000000
0.00000000,0.00000000
0.00000000,0.00000000
0.00000000,0.00000000
0.00000000,0.00000000
0.00000000,0.00000000
0.00000000,0.00000000
0.00000000,0.00000000
0.00000000,0.00000000
0.00000000,0.00000000
0.00000000,0.00000000
0.00000000,0.00000000
0.00000000,0.00000000
0.00000000,0.00000000
0.00000000,0.00000000
0.00000000,0.00000000
0.00000000,0.00000000
0.00000000,0.00000000
0.00000000,0.00000000
0.00000000,0.00000000
0.00000000,0.00000000
0.00000000,0.00000000
0.00000000,0.00000000
0.00000000,0.00000000
0.00000000,0.00000000
0.00000000,0.00000000
0.00000000,0.00000000
0.00000000,0.00000000
0.00000000,0.00000000
0.00000000,0.00000000
0.00000000,0.00000000
0.00000000,0.00000000
0.00000000,0.00000000
0.00000000,0.00000000
0.00000000,0.00000000
0.00000000,0.00000000
0.00000000,0.00000000
0.00000000,0.00000000
0.00000000,0.00000000
0.00000000,0.00000000
0.00000000,0.00000000
0.00000000,0.00000000
0.00000000,0.00000000
0.00000000,0.00000000
0.00000000,0.00000000
0.00000000,0.00000000
0.00000000,0.00000000
0.00000000,0.00000000
0.00000000,0.00000000
0.00000000,0.00000000
0.00000000,0.00000000
0.00000000,0.00000000
0.00000000,0.00000000
0.00000000,0.00000000
0.00000000,0.00000000
0.00000000,0.00000000
0.00000000,0.00000000
0.00000000,0.00000000
0.00000000,0.00000000
0.00000000,0.00000000
0.00000000,0.00000000
0.00000000,0.00000000
0.00000000,0.00000000
0.00000000,0.00000000
0.00000000,0.00000000
0.00000000,0.00000000
0.00000000,0.00000000
0.04092680,0.00000000
0.00000000,0.00000000
0.00000000,0.00000000
0.10368198,0.00000000
0.70656617,0.00000000
0.86042243,0.00000000
0.63630156,0.00000000
0.67875645,0.00000000
0.72656183,0.00000000
0.68207508,0.00000000
0.68283809,0.00000000
0.77249860,0.00000000
0.23042305,0.00000000
0.66404720,0.00000000
0.70805551,0.00000000
0.70049827,0.00000000
0.79499208,0.00000000
0.90462842,0.00000000
0.91056746,0.00000000
0.85841781,0.00000000
0.85772022,0.00000000
0.85614065,0.00000000
0.91214235,0.00000000
0.86475415,0.00000000
0.84552351,0.00000000
0.78938407,0.00000000
0.75513035,0.00000000
0.71409246,0.00000000
0.82517751,0.00000000
0.88266788,0.00000000
0.86179012,0.00000000
0.79010401,0.00000000
0.85639227,0.00000000
0.73853591,0.00000000
0.80526722,0.00000000
0.84348546,0.00000000
0.77310456,0.00000000
0.85694857,0.00000000
0.86449630,0.00000000
0.82707303,0.00000000
0.86020042,0.00000000
0.84808061,0.00000000
0.84231760,0.00000000
0.86414966,0.00000000
0.92638530,0.00000000
0.88885691,0.00000000
0.95781809,0.00000000
0.88982369,0.00000000
0.90065036,0.00000000
0.86816858,0.00000000
0.91092596,0.00000000
0.87916017,0.00000000
0.90699009,0.00000000
0.95736015,0.00000000
0.92631878,0.00000000
0.89910381,0.00000000
0.86241772,0.00000000
0.90663965,0.00000000
0.78216035,0.00000000
0.76982938,0.00000000
0.00000000,0.00000000
0.00000000,0.00000000
0.00000000,0.00000000
0.00000000,0.00000000
0.00000000,0.00000000
0.00000000,0.00000000
0.00000000,0.00000000
0.00000000,0.00000000
0.00000000,0.00000000
0.00000000,0.00000000
0.00000000,0.00000000
0.00000000,0.00000000
0.00000000,0.00000000
0.00000000,0.00000000
0.00000000,0.00000000
0.00000000,0.00000000
0.00000000,0.00000000
0.00000000,0.00000000
0.00000000,0.00000000
0.00000000,0.00000000
0.00000000,0.00000000
0.00000000,0.00000000
0.00000000,0.00000000
0.00000000,0.00000000
0.00000000,0.00000000
0.00000000,0.00000000
0.00000000,0.00000000
0.00000000,0.00000000
0.00000000,0.00000000
0.00000000,0.00000000
0.00000000,0.00000000
0.00000000,0.00000000
0.00000000,0.00000000
0.00000000,0.00000000
0.00000000,0.00000000
0.00000000,0.00000000
0.00000000,0.00000000
0.00000000,0.00000000
0.00000000,0.00000000
0.00000000,0.00000000
0.00000000,0.00000000
0.00000000,0.00000000
0.00000000,0.00000000
0.00000000,0.00000000
0.00000000,0.00000000
0.00000000,0.00000000
0.00000000,0.00000000
0.00000000,0.00000000
0.00000000,0.00000000
0.00000000,0.00000000
0.00000000,0.00000000
0.00000000,0.00000000
0.00000000,0.00000000
0.00000000,0.00000000
0.00000000,0.00000000
0.00000000,0.00000000
0.00000000,0.00000000
0.00000000,0.00000000
0.00000000,0.00000000
0.00000000,0.00000000
0.00000000,0.00000000
0.00000000,0.00000000
0.00000000,0.00000000
0.00000000,0.00000000
0.00000000,0.00000000
0.79050004,0.00000000
0.89227775,0.00000000
0.91244888,0.00000000
0.93781434,0.00000000
0.91814064,0.00000000
0.92380567,0.00000000
0.89783357,0.00000000
0.92589340,0.00000000
0.89149655,0.00000000
0.90080146,0.00000000
0.88946224,0.00000000
0.91272276,0.00000000
0.92084493,0.00000000
0.89210375,0.00000000
0.85075852,0.00000000
0.85409257,0.00000000
0.81156661,0.00000000
0.84333633,0.00000000
0.83743285,0.00000000
0.91534550,0.00000000
0.91316310,0.00000000
0.94477352,0.00000000
0.77087930,0.00000000
0.81440781,0.00000000
0.77528325,0.00000000
0.74196221,0.00000000
0.78660541,0.00000000
0.89286953,0.00000000
0.87901728,0.00000000
0.85557276,0.00000000
0.87222011,0.00000000
0.89948561,0.00000000
0.92765396,0.00000000
0.89615984,0.00000000
0.86793060,0.00000000
0.91723662,0.00000000
0.89290697,0.00000000
0.91581270,0.00000000
0.90553099,0.00000000
0.79209910,0.00000000
0.90026096,0.00000000
0.86662277,0.00000000
0.84128274,0.00000000
0.85481789,0.00000000
0.86503019,0.00000000
0.84485280,0.00000000
0.81819446,0.00000000
0.85831683,0.00000000
0.84097702,0.00000000
0.82936656,0.00000000
0.87801217,0.00000000
0.88671351,0.00000000
0.96168836,0.00000000
0.90735764,0.00000000
0.90068888,0.00000000
0.88039293,0.00000000
0.90087576,0.00000000
0.93093326,0.00000000
0.96575940,0.00000000
0.90654520,0.00000000
