0.00000000,0.00000000
0.95446877,0.00000000
0.95965891,0.00000000
0.95684376,0.00000000
0.96988627,0.00000000
0.98251428,0.00000000
0.97685827,0.00000000
0.97047294,0.00000000
0.97463369,0.00000000
0.98211785,0.00000000
0.95580737,0.00000000
0.95214879,0.00000000
0.93995689,0.00000000
0.95291759,0.00000000
0.97162241,0.00000000
0.96625717,0.00000000
0.94517532,0.00000000
0.95678866,0.00000000
0.96997760,0.00000000
0.94161601,0.00000000
0.94926884,0.00000000
0.94645226,0.00000000
0.93337863,0.00000000
0.89756011,0.00000000
0.89412212,0.00000000
0.86860982,0.00000000
0.80690707,0.00000000
0.82509149,0.00000000
0.84642633,0.00000000
0.77369590,0.00000000
0.81292737,0.00000000
0.81599180,0.00000000
0.75276720,0.00000000
0.94087196,0.00000000
0.96892572,0.00000000
0.93764542,0.00000000
0.81452500,0.00000000
0.87754455,0.00000000
0.78154679,0.00000000
0.73976760,0.00000000
0.74790793,0.00000000
0.98551844,0.00000000
0.97678328,0.00000000
0.85496228,0.00000000
0.72989034,0.00000000
0.95525132,0.00000000
0.97389414,0.00000000
0.94238474,0.00000000
0.93265174,0.00000000
0.93630430,0.00000000
0.94527316,0.00000000
0.95269975,0.00000000
0.98569210,0.00000000
0.96475390,0.00000000
0.87549982,0.00000000
0.83304689,0.00000000
0.78952376,0.00000000
0.92833660,0.00000000
0.79086071,0.00000000
0.76414039,0.00000000
0.80089308,0.00000000
0.84296944,0.00000000
0.85147748,0.00000000
0.92419909,0.00000000
0.95167715,0.00000000
0.97609851,0.00000000
0.95547432,0.00000000
0.94917538,0.00000000
0.94748463,0.00000000
0.94767384,0.00000000
0.95712972,0.00000000
0.97412696,0.00000000
0.94415464,0.00000000
0.94824938,0.00000000
0.93630601,0.00000000
0.95098768,0.00000000
0.96473509,0.00000000
0.96772234,0.00000000
0.96085670,0.00000000
0.96115289,0.00000000
0.97325386,0.00000000
0.97306797,0.00000000
0.96877007,0.00000000
0.96419418,0.00000000
0.95857893,0.00000000
0.93351363,0.00000000
0.96190162,0.00000000
0.94357436,0.00000000
0.95903746,0.00000000
0.97374249,0.00000000
0.97152336,0.00000000
0.98159243,0.00000000
0.97082278,0.00000000
0.98212324,0.00000000
0.98462905,0.00000000
0.97985379,0.00000000
0.96891969,0.00000000
0.98702180,0.00000000
0.98312107,0.00000000
0.97640346,0.00000000
0.97500833,0.00000000
0.97837452,0.00000000
0.95280332,0.00000000
0.97450326,0.00000000
0.97134612,0.00000000
0.95972194,0.00000000
0.95843482,0.00000000
0.96650889,0.00000000
0.97369212,0.00000000
0.97523375,0.00000000
0.96820552,0.00000000
0.96312930,0.00000000
0.97522800,0.00000000
0.96513374,0.00000000
0.96750038,0.00000000
0.96979101,0.00000000
0.96866623,0.00000000
0.98242628,0.00000000
0.95947274,0.00000000
0.97552249,0.00000000
0.95264015,0.00000000
0.96037286,0.00000000
0.95709679,0.00000000
0.97722197,0.00000000
0.95321965,0.00000000
0.94601899,0.00000000
0.93608147,0.00000000
0.94186368,0.00000000
0.94106318,0.00000000
0.94528513,0.00000000
0.96688908,0.00000000
0.95707944,0.00000000
0.96792562,0.00000000
0.95318929,0.00000000
0.95748028,0.00000000
0.95817914,0.00000000
0.95397893,0.00000000
0.94344312,0.00000000
0.95951485,0.00000000
0.97532067,0.00000000
0.98757106,0.00000000
0.97260482,0.00000000
0.96043840,0.00000000
0.97250364,0.00000000
0.97961489,0.00000000
0.98207252,0.00000000
0.97750028,0.00000000
0.96840514,0.00000000
0.97340052,0.00000000
0.97912237,0.00000000
0.99640266,0.00000000
0.98299376,0.00000000
0.98388622,0.00000000
0.97168204,0.00000000
0.98918456,0.00000000
0.98295282,0.00000000
0.97125000,0.00000000
0.97864103,0.00000000
0.97965326,0.00000000
0.98719722,0.00000000
0.98340160,0.00000000
0.97156923,0.00000000
0.97612575,0.00000000
0.97337272,0.00000000
0.98046583,0.00000000
0.97118165,0.00000000
0.96175194,0.00000000
0.97512439,0.00000000
0.97518898,0.00000000
0.97185597,0.00000000
0.96967258,0.00000000
0.97955117,0.00000000
0.97125167,0.00000000
0.98728794,0.00000000
0.97157618,0.00000000
0.97043735,0.00000000
0.95376633,0.00000000
0.96852058,0.00000000
0.97641064,0.00000000
0.96140442,0.00000000
0.98082778,0.00000000
0.96963944,0.00000000
0.95979349,0.00000000
0.94375437,0.00000000
0.90777553,0.00000000
0.89189603,0.00000000
0.88354318,0.00000000
0.87663049,0.00000000
0.88333795,0.00000000
0.94108893,0.00000000
0.93757680,0.00000000
0.93394810,0.00000000
0.94211914,0.00000000
0.92280118,0.00000000
0.91321868,0.00000000
0.91255482,0.00000000
0.93071209,0.00000000
0.91279899,0.00000000
0.91645164,0.00000000
0.90105609,0.00000000
0.90327783,0.00000000
0.93068934,0.00000000
0.91577079,0.00000000
0.92886848,0.00000000
0.93154353,0.00000000
0.93541706,0.00000000
0.95512270,0.00000000
0.91553781,0.00000000
0.91869407,0.00000000
0.94066660,0.00000000
0.93598891,0.00000000
0.97704098,0.00000000
0.82895769,0.00000000
0.75502471,0.00000000
0.66723982,0.00000000
0.49803479,0.00000000
0.53770082,0.00000000
0.35039620,0.00000000
0.42378597,0.00000000
0.23001451,0.00000000
0.39665730,0.00000000
0.16781742,0.00000000
0.19369196,0.00000000
0.34149600,0.00000000
0.75128046,0.00000000
0.81604165,0.00000000
0.82628915,0.00000000
0.82295754,0.00000000
0.81144453,0.00000000
0.80672442,0.00000000
0.75405828,0.00000000
0.69369183,0.00000000
0.64702925,0.00000000
0.49939244,0.00000000
0.42679334,0.00000000
0.30295777,0.00000000
0.20953456,0.00000000
0.16693444,0.00000000
0.17066225,0.00000000
0.17440503,0.00000000
0.13083532,0.00000000
0.13287703,0.00000000
0.10914241,0.00000000
0.09929779,0.00000000
0.07177942,0.00000000
0.07128019,0.00000000
0.08252107,0.00000000
0.08302343,0.00000000
0.13295145,0.00000000
0.14971272,0.00000000
0.14839201,0.00000000
0.15406112,0.00000000
0.16432335,0.00000000
0.16427783,0.00000000
0.14554287,0.00000000
0.09595700,0.00000000
0.12581084,0.00000000
0.13349259,0.00000000
0.94820243,0.00000000
0.96771039,0.00000000
0.96561238,0.00000000
0.96545675,0.00000000
0.97273531,0.00000000
0.96227799,0.00000000
0.96451651,0.00000000
0.96802085,0.00000000
0.97141042,0.00000000
0.97544532,0.00000000
0.96736602,0.00000000
0.97857897,0.00000000
0.97455866,0.00000000
0.96553786,0.00000000
0.98270442,0.00000000
0.96948923,0.00000000
0.96033342,0.00000000
0.97080784,0.00000000
0.97358390,0.00000000
0.95968693,0.00000000
0.96912766,0.00000000
0.96744709,0.00000000
0.98148540,0.00000000
0.97016650,0.00000000
0.95886526,0.00000000
0.96309383,0.00000000
0.97703561,0.00000000
0.97116890,0.00000000
0.95925667,0.00000000
0.95266939,0.00000000
0.93394973,0.00000000
0.95046615,0.00000000
0.95878293,0.00000000
0.96695778,0.00000000
0.96348174,0.00000000
0.98269682,0.00000000
0.96968834,0.00000000
0.95380722,0.00000000
0.90851955,0.00000000
0.89300442,0.00000000
0.00000000,0.00000000
0.95113655,0.00000000
0.95626197,0.00000000
0.95667146,0.00000000
0.94707471,0.00000000
0.95395857,0.00000000
0.94652701,0.00000000
0.97380074,0.00000000
0.97062122,0.00000000
0.98158770,0.00000000
0.95164983,0.00000000
0.93414788,0.00000000
0.94389168,0.00000000
0.89773964,0.00000000
0.89709883,0.00000000
0.93873800,0.00000000
0.95768857,0.00000000
0.95457333,0.00000000
0.97390737,0.00000000
0.94866401,0.00000000
0.95654046,0.00000000
0.92759186,0.00000000
0.96598730,0.00000000
0.93703318,0.00000000
0.93506400,0.00000000
0.97495187,0.00000000
0.95997431,0.00000000
0.94574831,0.00000000
0.90879182,0.00000000
0.95570435,0.00000000
0.94668459,0.00000000
0.97408522,0.00000000
0.96152060,0.00000000
0.97128297,0.00000000
0.98206464,0.00000000
0.97096925,0.00000000
0.92655871,0.00000000
0.94227168,0.00000000
0.96317029,0.00000000
0.95922080,0.00000000
0.95414177,0.00000000
0.94563475,0.00000000
0.95945119,0.00000000
0.96086434,0.00000000
0.95348121,0.00000000
0.93941073,0.00000000
0.95861633,0.00000000
0.96667245,0.00000000
0.97493097,0.00000000
0.97260510,0.00000000
0.96613154,0.00000000
0.95566894,0.00000000
0.97044845,0.00000000
0.94909988,0.00000000
0.95877207,0.00000000
0.98414927,0.00000000
0.98244909,0.00000000
0.97386132,0.00000000
0.97372596,0.00000000
0.97815089,0.00000000
0.96976746,0.00000000
0.96586890,0.00000000
0.95978625,0.00000000
0.96328864,0.00000000
0.96450010,0.00000000
0.96848227,0.00000000
0.96851030,0.00000000
0.97573001,0.00000000
0.96651764,0.00000000
0.96352807,0.00000000
0.96844447,0.00000000
0.97071306,0.00000000
0.98037440,0.00000000
0.95688607,0.00000000
0.97167425,0.00000000
0.97637790,0.00000000
0.97655265,0.00000000
0.98183478,0.00000000
0.98115527,0.00000000
0.97988172,0.00000000
0.98129007,0.00000000
0.97373301,0.00000000
0.98049597,0.00000000
0.98109384,0.00000000
0.99127093,0.00000000
0.97313706,0.00000000
0.97868640,0.00000000
0.98223998,0.00000000
0.96765623,0.00000000
0.96378306,0.00000000
0.96013866,0.00000000
0.95074302,0.00000000
0.96643466,0.00000000
0.93023172,0.00000000
0.95573280,0.00000000
0.97368000,0.00000000
0.97535984,0.00000000
0.94616119,0.00000000
0.89746799,0.00000000
0.90150306,0.00000000
0.89417122,0.00000000
0.97845653,0.00000000
0.98452279,0.00000000
0.97587426,0.00000000
0.96035020,0.00000000
0.93649376,0.00000000
0.95292280,0.00000000
0.95263521,0.00000000
0.94472554,0.00000000
0.89612077,0.00000000
0.90441761,0.00000000
0.91924786,0.00000000
0.93647293,0.00000000
0.95267328,0.00000000
0.96770054,0.00000000
0.96483248,0.00000000
0.93262341,0.00000000
0.94717009,0.00000000
0.97335649,0.00000000
0.95611656,0.00000000
0.96365137,0.00000000
0.97897319,0.00000000
0.97498746,0.00000000
0.97367602,0.00000000
0.96909332,0.00000000
0.97206530,0.00000000
0.96465743,0.00000000
0.98015345,0.00000000
0.96590244,0.00000000
0.95562498,0.00000000
0.95862479,0.00000000
0.96995304,0.00000000
0.95690152,0.00000000
0.96752926,0.00000000
0.97192490,0.00000000
0.94924357,0.00000000
0.97636097,0.00000000
0.95466930,0.00000000
0.94348378,0.00000000
0.94386759,0.00000000
0.95632150,0.00000000
0.97014023,0.00000000
0.96743055,0.00000000
0.97831271,0.00000000
0.96482727,0.00000000
0.87358038,0.00000000
0.96800706,0.00000000
0.94987627,0.00000000
0.95300874,0.00000000
0.92030734,0.00000000
0.93005754,0.00000000
0.92356172,0.00000000
0.83934966,0.00000000
0.88712756,0.00000000
0.83946482,0.00000000
0.00000000,0.00000000
0.00000000,0.00000000
0.00000000,0.00000000
0.00000000,0.00000000
0.00000000,0.00000000
0.00000000,0.00000000
0.00000000,0.00000000
0.00000000,0.00000000
0.00000000,0.00000000
0.00000000,0.00000000
0.00000000,0.00000000
0.18164367,0.00000000
0.67647626,0.00000000
0.85348490,0.00000000
0.84537382,0.00000000
0.56618332,0.00000000
0.84042672,0.00000000
0.97504529,0.00000000
0.95748886,0.00000000
0.92822255,0.00000000
0.94353963,0.00000000
0.96933479,0.00000000
0.94054134,0.00000000
0.96996807,0.00000000
0.88943561,0.00000000
0.94958899,0.00000000
0.96289821,0.00000000
0.97756047,0.00000000
0.96613003,0.00000000
0.95418125,0.00000000
0.93756435,0.00000000
0.93415666,0.00000000
0.95148522,0.00000000
0.94558156,0.00000000
0.96147652,0.00000000
0.94562445,0.00000000
0.94895760,0.00000000
0.97312951,0.00000000
0.98261083,0.00000000
0.96704535,0.00000000
0.96578121,0.00000000
0.98299769,0.00000000
0.97471083,0.00000000
0.98024768,0.00000000
0.96281129,0.00000000
0.96883744,0.00000000
0.94740661,0.00000000
0.97904926,0.00000000
0.96777315,0.00000000
0.96543552,0.00000000
0.96345392,0.00000000
0.96949384,0.00000000
0.96830307,0.00000000
0.97191141,0.00000000
0.96575136,0.00000000
0.96629556,0.00000000
0.97040889,0.00000000
0.96223101,0.00000000
0.97096830,0.00000000
0.98078427,0.00000000
0.98873885,0.00000000
0.98342906,0.00000000
0.98019193,0.00000000
0.98207268,0.00000000
0.97658127,0.00000000
0.96603563,0.00000000
0.97691617,0.00000000
0.97602822,0.00000000
0.96234566,0.00000000
0.98698308,0.00000000
0.97239761,0.00000000
0.97581866,0.00000000
0.97821588,0.00000000
0.98215092,0.00000000
0.99115818,0.00000000
0.96634646,0.00000000
0.97091651,0.00000000
0.97094746,0.00000000
0.97809257,0.00000000
0.97035444,0.00000000
0.98166291,0.00000000
0.98486116,0.00000000
0.96977447,0.00000000
0.99247510,0.00000000
0.96545680,0.00000000
0.97713711,0.00000000
0.97538963,0.00000000
0.97719863,0.00000000
0.97253029,0.00000000
0.98578899,0.00000000
0.98130417,0.00000000
0.98052121,0.00000000
0.98939806,0.00000000
0.96913030,0.00000000
0.96623958,0.00000000
0.98013708,0.00000000
0.96548775,0.00000000
0.98349337,0.00000000
0.95626059,0.00000000
0.97042782,0.00000000
0.96163390,0.00000000
0.97641170,0.00000000
0.98183941,0.00000000
0.98472958,0.00000000
0.97355735,0.00000000
0.97226070,0.00000000
0.98701989,0.00000000
0.96799037,0.00000000
0.97098117,0.00000000
0.97752510,0.00000000
0.96703118,0.00000000
0.97006477,0.00000000
0.97970669,0.00000000
0.96129870,0.00000000
0.97792955,0.00000000
0.95318420,0.00000000
0.95631628,0.00000000
0.96728766,0.00000000
0.96545075,0.00000000
0.97004563,0.00000000
0.97106330,0.00000000
0.96472165,0.00000000
0.95693126,0.00000000
0.95361978,0.00000000
0.99413742,0.00000000
0.97274462,0.00000000
0.96931070,0.00000000
0.97738955,0.00000000
0.96881772,0.00000000
0.97133581,0.00000000
0.95863887,0.00000000
0.97426970,0.00000000
0.98267296,0.00000000
0.94816821,0.00000000
0.97962865,0.00000000
0.96686637,0.00000000
0.97263167,0.00000000
0.97462749,0.00000000
0.97878907,0.00000000
0.95219385,0.00000000
0.97229956,0.00000000
0.96090406,0.00000000
0.98550631,0.00000000
0.97880436,0.00000000
0.95617824,0.00000000
0.96643184,0.00000000
0.98061470,0.00000000
0.98617845,0.00000000
0.97853947,0.00000000
0.97514004,0.00000000
0.98077902,0.00000000
0.96713795,0.00000000
0.97062953,0.00000000
0.98707523,0.00000000
0.96638451,0.00000000
0.97334480,0.00000000
0.97895128,0.00000000
0.89053537,0.00000000
0.98037950,0.00000000
0.96868143,0.00000000
0.95776810,0.00000000
0.96983819,0.00000000
0.96850417,0.00000000
0.98122406,0.00000000
0.97021000,0.00000000
0.93693470,0.00000000
0.95834603,0.00000000
0.96866844,0.00000000
0.98314879,0.00000000
0.94233551,0.00000000
0.92254060,0.00000000
0.91077558,0.00000000
0.92943688,0.00000000
0.93333730,0.00000000
0.91321534,0.00000000
0.91760507,0.00000000
0.92574677,0.00000000
0.89650560,0.00000000
0.95049284,0.00000000
0.93180022,0.00000000
0.97222090,0.00000000
0.97182613,0.00000000
0.95546343,0.00000000
0.96877490,0.00000000
0.96011167,0.00000000
0.94579069,0.00000000
0.97485254,0.00000000
0.96841527,0.00000000
0.95656843,0.00000000
0.97358140,0.00000000
0.97105363,0.00000000
0.97752592,0.00000000
0.96735110,0.00000000
0.96179382,0.00000000
0.97092646,0.00000000
0.96059046,0.00000000
0.98757079,0.00000000
0.98616456,0.00000000
0.94906468,0.00000000
0.98207797,0.00000000
0.97908110,0.00000000
0.97474793,0.00000000
0.98040399,0.00000000
0.97917098,0.00000000
0.96836754,0.00000000
0.96347088,0.00000000
0.96453651,0.00000000
0.96911049,0.00000000
0.96272884,0.00000000
0.94936779,0.00000000
0.96606024,0.00000000
0.97498547,0.00000000
0.97445315,0.00000000
0.98764916,0.00000000
0.97111309,0.00000000
0.97873332,0.00000000
0.96904237,0.00000000
0.96581896,0.00000000
0.97644203,0.00000000
0.98146783,0.00000000
0.96156640,0.00000000
0.98626043,0.00000000
0.95198444,0.00000000
0.98201289,0.00000000
0.97351564,0.00000000
0.97756183,0.00000000
0.97526077,0.00000000
0.98113380,0.00000000
0.97780321,0.00000000
0.98522356,0.00000000
0.96794852,0.00000000
0.91409197,0.00000000
0.96933647,0.00000000
0.98405270,0.00000000
0.89022134,0.00000000
0.98407963,0.00000000
0.86839536,0.00000000
0.87975314,0.00000000
0.98111400,0.00000000
0.89974821,0.00000000
0.96668035,0.00000000
0.96994531,0.00000000
0.89150253,0.00000000
0.85459425,0.00000000
0.96223634,0.00000000
0.96734629,0.00000000
0.97894571,0.00000000
0.87064157,0.00000000
0.86059997,0.00000000
0.87847639,0.00000000
0.88293246,0.00000000
0.91241026,0.00000000
0.98317067,0.00000000
0.86554635,0.00000000
0.95295550,0.00000000
0.89756892,0.00000000
0.97589335,0.00000000
0.88579680,0.00000000
0.89797256,0.00000000
0.97872403,0.00000000
0.95670454,0.00000000
0.94526277,0.00000000
0.87223654,0.00000000
0.95536579,0.00000000
0.96329469,0.00000000
0.96857666,0.00000000
0.90598621,0.00000000
0.97901774,0.00000000
0.88280583,0.00000000
0.95000673,0.00000000
0.91093764,0.00000000
0.84758040,0.00000000
0.92422289,0.00000000
0.91437488,0.00000000
0.90939863,0.00000000
0.89872611,0.00000000
0.87902085,0.00000000
0.96380949,0.00000000
0.96570738,0.00000000
0.96748432,0.00000000
0.95210072,0.00000000
0.93415340,0.00000000
0.92590910,0.00000000
0.92983382,0.00000000
0.96127232,0.00000000
0.98719899,0.00000000
0.97283622,0.00000000
0.97580338,0.00000000
0.98335774,0.00000000
0.98121740,0.00000000
0.98237005,0.00000000
0.96349578,0.00000000
0.98035770,0.00000000
0.96858522,0.00000000
0.98135403,0.00000000
0.98998701,0.00000000
0.95592325,0.00000000
0.96475886,0.00000000
0.93464774,0.00000000
0.94611088,0.00000000
0.95799702,0.00000000
0.95912149,0.00000000
0.97565875,0.00000000
0.97596199,0.00000000
0.95098556,0.00000000
0.95934367,0.00000000
0.96567271,0.00000000
0.96440522,0.00000000
0.96410401,0.00000000
0.96568243,0.00000000
0.96308351,0.00000000
0.95190211,0.00000000
0.94963467,0.00000000
0.94824825,0.00000000
0.96551257,0.00000000
0.96945913,0.00000000
0.96759271,0.00000000
0.95427053,0.00000000
0.96960169,0.00000000
0.97883182,0.00000000
0.95922186,0.00000000
0.96752953,0.00000000
0.96603764,0.00000000
0.95654443,0.00000000
0.94592403,0.00000000
0.96036391,0.00000000
0.94996004,0.00000000
0.96264395,0.00000000
0.96815888,0.00000000
0.95135403,0.00000000
0.96998242,0.00000000
0.97054725,0.00000000
0.96157872,0.00000000
0.97691645,0.00000000
0.96929544,0.00000000
0.97123145,0.00000000
0.96936526,0.00000000
0.97131752,0.00000000
0.97396744,0.00000000
0.97961168,0.00000000
0.97738481,0.00000000
0.97746732,0.00000000
0.97233164,0.00000000
0.96288395,0.00000000
0.97190832,0.00000000
0.97987757,0.00000000
0.96390030,0.00000000
0.95758746,0.00000000
0.97702327,0.00000000
0.98092418,0.00000000
0.97306816,0.00000000
0.96613453,0.00000000
0.96662237,0.00000000
0.97342810,0.00000000
0.95567110,0.00000000
0.95682098,0.00000000
0.97016907,0.00000000
0.96427966,0.00000000
0.95497925,0.00000000
0.95886333,0.00000000
0.96104957,0.00000000
0.93706807,0.00000000
0.96258066,0.00000000
0.95179676,0.00000000
0.96020870,0.00000000
0.96729028,0.00000000
0.93546766,0.00000000
0.93168239,0.00000000
0.93043753,0.00000000
0.92553799,0.00000000
0.96092597,0.00000000
0.95305310,0.00000000
0.93573544,0.00000000
0.93326207,0.00000000
0.94728891,0.00000000
0.96614280,0.00000000
0.94445094,0.00000000
0.96502957,0.00000000
0.97940022,0.00000000
0.96381107,0.00000000
0.96371708,0.00000000
0.96371087,0.00000000
0.96151029,0.00000000
0.96757586,0.00000000
0.98668142,0.00000000
0.93460275,0.00000000
0.95337545,0.00000000
0.97185544,0.00000000
0.97529946,0.00000000
0.96186879,0.00000000
0.97033257,0.00000000
0.97569255,0.00000000
0.95578532,0.00000000
0.98014058,0.00000000
0.96291560,0.00000000
0.98259879,0.00000000
0.96320355,0.00000000
0.96834924,0.00000000
0.97331501,0.00000000
0.97519834,0.00000000
0.97213390,0.00000000
0.97053122,0.00000000
0.95925785,0.00000000
0.97082130,0.00000000
0.97546052,0.00000000
0.95398671,0.00000000
0.97022840,0.00000000
0.97874477,0.00000000
0.97101330,0.00000000
0.97354144,0.00000000
0.97432914,0.00000000
0.95938587,0.00000000
0.97521221,0.00000000
0.96734194,0.00000000
0.96940697,0.00000000
0.96325628,0.00000000
0.96363737,0.00000000
0.94754284,0.00000000
0.95923475,0.00000000
0.97069856,0.00000000
0.96874925,0.00000000
0.95757901,0.00000000
0.98014618,0.00000000
0.96362585,0.00000000
0.96693576,0.00000000
0.96647664,0.00000000
0.95590849,0.00000000
0.95911823,0.00000000
0.95327158,0.00000000
0.88441866,0.00000000
0.91376253,0.00000000
0.92202575,0.00000000
0.93808499,0.00000000
0.94543811,0.00000000
0.93004783,0.00000000
0.91852193,0.00000000
0.94434285,0.00000000
0.94359166,0.00000000
0.94934630,0.00000000
0.96638715,0.00000000
0.95591928,0.00000000
0.80753049,0.00000000
0.81636832,0.00000000
0.97662607,0.00000000
0.96012931,0.00000000
0.96090437,0.00000000
0.96021786,0.00000000
0.95428601,0.00000000
0.94363765,0.00000000
0.95215296,0.00000000
0.95842636,0.00000000
0.95578244,0.00000000
0.97812249,0.00000000
0.98840271,0.00000000
0.96466075,0.00000000
0.97925964,0.00000000
0.96967503,0.00000000
0.99146033,0.00000000
0.97948985,0.00000000
0.96249041,0.00000000
0.94383298,0.00000000
0.95847134,0.00000000
0.95889704,0.00000000
0.95023355,0.00000000
0.95498131,0.00000000
0.95008226,0.00000000
0.95687910,0.00000000
0.96292107,0.00000000
0.92639264,0.00000000
0.85608264,0.00000000
0.87007988,0.00000000
0.88735248,0.00000000
0.89408654,0.00000000
0.90960081,0.00000000
0.90878845,0.00000000
0.92530227,0.00000000
0.94775706,0.00000000
0.98012441,0.00000000
0.96560733,0.00000000
0.96627898,0.00000000
0.95365040,0.00000000
0.96643561,0.00000000
0.97970331,0.00000000
0.97086544,0.00000000
0.97670117,0.00000000
0.97533653,0.00000000
0.97683841,0.00000000
0.97010147,0.00000000
0.97653291,0.00000000
0.96608832,0.00000000
0.95795511,0.00000000
0.95902780,0.00000000
0.95643010,0.00000000
0.95837671,0.00000000
0.96421263,0.00000000
0.95561842,0.00000000
0.95324873,0.00000000
0.88359402,0.00000000
0.97681652,0.00000000
0.98091844,0.00000000
0.98467320,0.00000000
0.97579773,0.00000000
0.92369492,0.00000000
0.97506164,0.00000000
0.98241535,0.00000000
0.99264863,0.00000000
0.96102668,0.00000000
0.94951817,0.00000000
0.92177505,0.00000000
0.92904865,0.00000000
0.93053259,0.00000000
0.95684780,0.00000000
0.97656970,0.00000000
0.97561049,0.00000000
0.97154099,0.00000000
0.95582340,0.00000000
0.97220625,0.00000000
0.95699759,0.00000000
0.94915280,0.00000000
0.95513277,0.00000000
0.94759373,0.00000000
0.96303136,0.00000000
0.95531251,0.00000000
0.98488029,0.00000000
0.97121847,0.00000000
0.96822762,0.00000000
0.96037948,0.00000000
0.96848944,0.00000000
0.94884975,0.00000000
0.95549833,0.00000000
0.95278344,0.00000000
0.95666415,0.00000000
0.94840432,0.00000000
0.97600477,0.00000000
0.95239390,0.00000000
0.94865321,0.00000000
0.97107704,0.00000000
0.95262709,0.00000000
0.97099431,0.00000000
0.96260889,0.00000000
0.95800065,0.00000000
0.97850206,0.00000000
0.96589076,0.00000000
0.96911781,0.00000000
0.97070566,0.00000000
0.96703923,0.00000000
0.96766997,0.00000000
0.97992919,0.00000000
0.96734043,0.00000000
0.97949488,0.00000000
0.96028594,0.00000000
0.93446370,0.00000000
0.94939357,0.00000000
0.96896808,0.00000000
0.94869620,0.00000000
0.96701429,0.00000000
0.96231279,0.00000000
0.96275960,0.00000000
0.95927662,0.00000000
0.97162519,0.00000000
0.96653701,0.00000000
0.96021480,0.00000000
0.97300690,0.00000000
0.97841613,0.00000000
0.97491762,0.00000000
0.96530204,0.00000000
0.97704327,0.00000000
0.95823898,0.00000000
0.97040673,0.00000000
0.96686912,0.00000000
0.95651738,0.00000000
0.97064411,0.00000000
0.96060723,0.00000000
0.95911302,0.00000000
0.96089313,0.00000000
0.96928461,0.00000000
0.97214092,0.00000000
0.97414554,0.00000000
0.96823431,0.00000000
0.97191482,0.00000000
0.96825534,0.00000000
0.95630723,0.00000000
0.93013928,0.00000000
0.93285150,0.00000000
0.94982677,0.00000000
0.96451792,0.00000000
0.93024869,0.00000000
0.93559475,0.00000000
0.93977402,0.00000000
0.96321557,0.00000000
0.95148106,0.00000000
0.97289566,0.00000000
0.95631225,0.00000000
0.95875986,0.00000000
0.96549792,0.00000000
0.95392514,0.00000000
0.96951965,0.00000000
0.95018873,0.00000000
0.93669533,0.00000000
0.92953140,0.00000000
0.93368758,0.00000000
0.93774235,0.00000000
0.94946658,0.00000000
0.95374617,0.00000000
0.95276777,0.00000000
0.97034776,0.00000000
0.97649377,0.00000000
0.96176324,0.00000000
0.96176555,0.00000000
0.95532675,0.00000000
0.97446587,0.00000000
0.97372587,0.00000000
0.96493869,0.00000000
0.97395283,0.00000000
0.94269967,0.00000000
0.95378685,0.00000000
0.94317009,0.00000000
0.94386382,0.00000000
0.95134410,0.00000000
0.95105292,0.00000000
0.94890041,0.00000000
0.96751554,0.00000000
0.97451773,0.00000000
0.97688629,0.00000000
0.95289657,0.00000000
0.96960794,0.00000000
0.96879954,0.00000000
0.97402072,0.00000000
0.97636222,0.00000000
0.98483007,0.00000000
0.97128107,0.00000000
0.96647196,0.00000000
0.97023180,0.00000000
0.94779526,0.00000000
0.95542686,0.00000000
0.95199720,0.00000000
0.97407165,0.00000000
0.94084229,0.00000000
0.92236281,0.00000000
0.93666782,0.00000000
0.93116040,0.00000000
0.95325302,0.00000000
0.91912743,0.00000000
0.91430429,0.00000000
0.86553729,0.00000000
0.94157833,0.00000000
0.95964047,0.00000000
0.81622283,0.00000000
0.83877967,0.00000000
0.84238052,0.00000000
0.82810551,0.00000000
0.81248565,0.00000000
0.82363474,0.00000000
0.80282965,0.00000000
0.31704382,0.00000000
0.33271101,0.00000000
0.32366228,0.00000000
0.29854984,0.00000000
0.31245924,0.00000000
0.30494115,0.00000000
0.30248415,0.00000000
0.29546911,0.00000000
0.27257326,0.00000000
0.26646452,0.00000000
0.27275300,0.00000000
0.27433797,0.00000000
0.23877682,0.00000000
0.22636702,0.00000000
0.21961827,0.00000000
0.21390533,0.00000000
0.21785091,0.00000000
0.20940000,0.00000000
0.20217788,0.00000000
0.21057332,0.00000000
0.91681462,0.00000000
0.95929861,0.00000000
0.97993018,0.00000000
0.98808703,0.00000000
0.95312358,0.00000000
0.96221934,0.00000000
0.95744226,0.00000000
0.94783390,0.00000000
0.97869771,0.00000000
0.97103365,0.00000000
0.99199761,0.00000000
0.97098375,0.00000000
0.98215563,0.00000000
0.98078924,0.00000000
0.97315308,0.00000000
0.96984545,0.00000000
0.98457867,0.00000000
0.95741627,0.00000000
0.94793806,0.00000000
0.93060735,0.00000000
0.97686618,0.00000000
0.96661945,0.00000000
0.98169881,0.00000000
0.98833657,0.00000000
0.98293802,0.00000000
0.98348656,0.00000000
0.97706869,0.00000000
0.97978632,0.00000000
0.98209108,0.00000000
0.96777895,0.00000000
0.96204253,0.00000000
0.96365848,0.00000000
0.97303940,0.00000000
0.97518385,0.00000000
0.96044906,0.00000000
0.95791641,0.00000000
0.96645973,0.00000000
0.94884592,0.00000000
0.95199662,0.00000000
0.94451992,0.00000000
0.96404921,0.00000000
0.97281507,0.00000000
0.97750235,0.00000000
0.96635760,0.00000000
0.97063461,0.00000000
0.96651289,0.00000000
0.97013743,0.00000000
0.96388823,0.00000000
0.98320649,0.00000000
0.97323741,0.00000000
0.97690085,0.00000000
0.98901999,0.00000000
0.97667729,0.00000000
0.97200739,0.00000000
0.97005180,0.00000000
0.97328692,0.00000000
0.98021739,0.00000000
0.96983651,0.00000000
0.96634266,0.00000000
0.97977688,0.00000000
0.97088420,0.00000000
0.96656543,0.00000000
0.97027847,0.00000000
0.79446215,0.00000000
0.91332357,0.00000000
0.76761600,0.00000000
0.90973238,0.00000000
0.96334605,0.00000000
0.91431941,0.00000000
0.94799763,0.00000000
0.94346918,0.00000000
0.97555649,0.00000000
0.96720944,0.00000000
0.96071352,0.00000000
0.97366602,0.00000000
0.96890274,0.00000000
0.97100588,0.00000000
0.96184641,0.00000000
0.96581093,0.00000000
0.96845094,0.00000000
0.97609757,0.00000000
0.97636583,0.00000000
0.96067336,0.00000000
0.96727735,0.00000000
0.96540932,0.00000000
0.96451413,0.00000000
0.97278759,0.00000000
0.97653626,0.00000000
0.97017698,0.00000000
0.97723146,0.00000000
0.97429676,0.00000000
0.96793142,0.00000000
0.97143907,0.00000000
0.95678981,0.00000000
0.95351780,0.00000000
0.96382437,0.00000000
0.96835165,0.00000000
0.96371194,0.00000000
0.96116717,0.00000000
0.96412079,0.00000000
0.97126769,0.00000000
0.96617643,0.00000000
0.97544253,0.00000000
0.96692688,0.00000000
0.97919407,0.00000000
0.96846914,0.00000000
0.95494396,0.00000000
0.97233528,0.00000000
0.96986189,0.00000000
0.96327258,0.00000000
0.94998549,0.00000000
0.95607097,0.00000000
0.94991406,0.00000000
0.94940190,0.00000000
0.96879097,0.00000000
0.98265825,0.00000000
0.98084809,0.00000000
0.97146685,0.00000000
0.97549980,0.00000000
0.98499079,0.00000000
0.96743525,0.00000000
0.96300591,0.00000000
0.95839739,0.00000000
0.96143376,0.00000000
0.97656897,0.00000000
0.97463901,0.00000000
0.96475875,0.00000000
0.97000471,0.00000000
0.95140095,0.00000000
0.96887207,0.00000000
0.96214470,0.00000000
0.98110289,0.00000000
0.97916038,0.00000000
0.94413089,0.00000000
0.97961902,0.00000000
0.96192271,0.00000000
0.96013235,0.00000000
0.95660564,0.00000000
0.96843025,0.00000000
0.97585327,0.00000000
0.95998307,0.00000000
0.95887470,0.00000000
0.95816593,0.00000000
0.89292051,0.00000000
0.88895049,0.00000000
0.93787014,0.00000000
0.93827848,0.00000000
0.88537848,0.00000000
0.98156206,0.00000000
0.96312521,0.00000000
0.90060941,0.00000000
0.93937979,0.00000000
0.95753532,0.00000000
0.95843237,0.00000000
0.79156438,0.00000000
0.95619538,0.00000000
0.93025393,0.00000000
0.85161769,0.00000000
0.87088939,0.00000000
0.88165491,0.00000000
0.91768359,0.00000000
0.94527502,0.00000000
0.82442132,0.00000000
0.78613874,0.00000000
0.75302290,0.00000000
0.70906627,0.00000000
0.72722766,0.00000000
0.56628255,0.00000000
0.84424065,0.00000000
0.80315919,0.00000000
0.75805016,0.00000000
0.85630236,0.00000000
0.88080854,0.00000000
0.96661852,0.00000000
0.96562026,0.00000000
0.97229335,0.00000000
0.97131184,0.00000000
0.97052435,0.00000000
0.98061278,0.00000000
0.98609921,0.00000000
0.96369992,0.00000000
0.98329577,0.00000000
0.95949523,0.00000000
0.97372123,0.00000000
0.96537128,0.00000000
0.97489379,0.00000000
0.98632175,0.00000000
0.94947005,0.00000000
0.95034583,0.00000000
0.95746363,0.00000000
0.95878835,0.00000000
0.97544095,0.00000000
0.97430458,0.00000000
0.96673709,0.00000000
0.93606415,0.00000000
0.78692931,0.00000000
0.79918033,0.00000000
0.00000000,0.00000000
0.00000000,0.00000000
0.00000000,0.00000000
0.00000000,0.00000000
0.00000000,0.00000000
0.00000000,0.00000000
0.00000000,0.00000000
0.00000000,0.00000000
0.00446155,0.00000000
0.89284441,0.00000000
0.93958676,0.00000000
0.80933222,0.00000000
0.02637191,0.00000000
0.25786648,0.00000000
0.06828994,0.00000000
0.76896313,0.00000000
0.96008261,0.00000000
0.82840618,0.00000000
0.86315729,0.00000000
0.87079103,0.00000000
0.92662581,0.00000000
0.96039451,0.00000000
0.94387853,0.00000000
0.94954698,0.00000000
0.95955541,0.00000000
0.97681037,0.00000000
0.97796499,0.00000000
0.97904431,0.00000000
0.96892687,0.00000000
0.97219421,0.00000000
0.96084429,0.00000000
0.96056103,0.00000000
0.96763422,0.00000000
0.94708759,0.00000000
0.88343972,0.00000000
0.93962574,0.00000000
0.04409739,0.00000000
0.93154641,0.00000000
0.74274671,0.00000000
0.94373486,0.00000000
0.53114237,0.00000000
0.04870911,0.00000000
0.09008305,0.00000000
0.88316639,0.00000000
0.94621766,0.00000000
0.74398271,0.00000000
0.93253051,0.00000000
0.38738587,0.00000000
0.49118770,0.00000000
0.49381095,0.00000000
0.70481678,0.00000000
0.70817825,0.00000000
0.68532157,0.00000000
0.67793735,0.00000000
0.65803439,0.00000000
0.79381879,0.00000000
0.95216031,0.00000000
0.71881344,0.00000000
0.76116219,0.00000000
0.78180168,0.00000000
0.78243398,0.00000000
0.93427836,0.00000000
0.92403641,0.00000000
0.76219932,0.00000000
0.59541598,0.00000000
0.51453421,0.00000000
0.45466508,0.00000000
0.40418758,0.00000000
0.48281403,0.00000000
0.85916348,0.00000000
0.95163443,0.00000000
0.93277252,0.00000000
0.93447677,0.00000000
0.89808299,0.00000000
0.87542399,0.00000000
0.84040566,0.00000000
0.85328816,0.00000000
0.85993821,0.00000000
0.82774248,0.00000000
0.85437993,0.00000000
0.89709183,0.00000000
0.93415232,0.00000000
0.94740625,0.00000000
0.97305479,0.00000000
0.95556407,0.00000000
0.96774113,0.00000000
0.97169135,0.00000000
0.96287455,0.00000000
0.95489713,0.00000000
0.95970954,0.00000000
0.96285659,0.00000000
0.97523366,0.00000000
0.97086948,0.00000000
0.91945547,0.00000000
0.93580539,0.00000000
0.93368286,0.00000000
0.96870138,0.00000000
0.95879257,0.00000000
0.95150256,0.00000000
0.96829782,0.00000000
0.96189121,0.00000000
0.96972132,0.00000000
0.91814385,0.00000000
0.96805671,0.00000000
0.93731967,0.00000000
0.95767491,0.00000000
0.92003513,0.00000000
0.93788057,0.00000000
0.97927489,0.00000000
0.96360415,0.00000000
0.97545319,0.00000000
0.95386208,0.00000000
0.95759346,0.00000000
0.96407504,0.00000000
0.94509252,0.00000000
0.98736859,0.00000000
0.96505896,0.00000000
0.96534847,0.00000000
0.95943954,0.00000000
0.97673514,0.00000000
0.96373807,0.00000000
0.97676071,0.00000000
0.97302812,0.00000000
0.95110459,0.00000000
0.94009157,0.00000000
0.78318501,0.00000000
0.93728550,0.00000000
0.88176984,0.00000000
0.90385470,0.00000000
0.94571380,0.00000000
0.96310910,0.00000000
0.96961977,0.00000000
0.93930243,0.00000000
0.93088776,0.00000000
0.98369318,0.00000000
0.74524231,0.00000000
0.86872010,0.00000000
0.83209043,0.00000000
0.81217002,0.00000000
0.86143916,0.00000000
0.95625782,0.00000000
0.95992537,0.00000000
0.85091949,0.00000000
0.85165479,0.00000000
0.97332043,0.00000000
0.95918100,0.00000000
0.96544613,0.00000000
0.97597375,0.00000000
0.97520712,0.00000000
0.97390095,0.00000000
0.97538369,0.00000000
0.97750449,0.00000000
0.96979004,0.00000000
0.97043280,0.00000000
0.96390712,0.00000000
0.95099295,0.00000000
0.98035737,0.00000000
0.98090971,0.00000000
0.96346078,0.00000000
0.97056210,0.00000000
0.96844153,0.00000000
0.96878147,0.00000000
0.97288275,0.00000000
0.96886823,0.00000000
0.95407915,0.00000000
0.94947090,0.00000000
0.97584504,0.00000000
0.96045366,0.00000000
0.96946228,0.00000000
0.97504618,0.00000000
0.98275608,0.00000000
0.97832032,0.00000000
0.98117145,0.00000000
0.98249660,0.00000000
0.98281945,0.00000000
0.97740043,0.00000000
0.95794373,0.00000000
0.97395360,0.00000000
0.96367876,0.00000000
0.96669959,0.00000000
0.96587835,0.00000000
0.99104134,0.00000000
0.97941461,0.00000000
0.96927021,0.00000000
0.96681169,0.00000000
0.97724321,0.00000000
0.96456887,0.00000000
0.94118343,0.00000000
0.95829277,0.00000000
0.95378392,0.00000000
0.97390039,0.00000000
0.97286017,0.00000000
0.97285872,0.00000000
0.98243958,0.00000000
0.98183659,0.00000000
0.96901852,0.00000000
0.95825942,0.00000000
0.97573461,0.00000000
0.94414270,0.00000000
0.98121749,0.00000000
0.95495611,0.00000000
0.96758827,0.00000000
0.96551165,0.00000000
0.96706680,0.00000000
0.93137949,0.00000000
0.93769660,0.00000000
0.92481609,0.00000000
0.94682684,0.00000000
0.96936230,0.00000000
0.96573678,0.00000000
0.98043208,0.00000000
0.96738912,0.00000000
0.95079676,0.00000000
0.82231168,0.00000000
0.85080617,0.00000000
0.85533529,0.00000000
0.79362862,0.00000000
0.71979030,0.00000000
0.78182600,0.00000000
0.75866522,0.00000000
0.75853182,0.00000000
0.59009099,0.00000000
0.32145173,0.00000000
0.34725223,0.00000000
0.41206820,0.00000000
0.52787879,0.00000000
0.62232102,0.00000000
0.53831361,0.00000000
0.48333147,0.00000000
0.50120943,0.00000000
0.45057230,0.00000000
0.42842006,0.00000000
0.39671217,0.00000000
0.34337818,0.00000000
0.21803162,0.00000000
0.95699918,0.00000000
0.95871879,0.00000000
0.96258403,0.00000000
0.95783829,0.00000000
0.97103164,0.00000000
0.95492271,0.00000000
0.96934609,0.00000000
0.95819080,0.00000000
0.94155627,0.00000000
0.96423869,0.00000000
0.96535911,0.00000000
0.95605631,0.00000000
0.97795456,0.00000000
0.94747010,0.00000000
0.94993444,0.00000000
0.97145182,0.00000000
0.96465361,0.00000000
0.95076228,0.00000000
0.98259527,0.00000000
0.97587649,0.00000000
0.96480332,0.00000000
0.96358693,0.00000000
0.92000422,0.00000000
0.92708810,0.00000000
0.97187126,0.00000000
0.92285260,0.00000000
0.82317270,0.00000000
0.93870078,0.00000000
0.91690593,0.00000000
0.94231201,0.00000000
0.96978945,0.00000000
0.91256030,0.00000000
0.00000000,0.00000000
0.96658698,0.00000000
0.96084331,0.00000000
0.97206317,0.00000000
0.93710036,0.00000000
0.94730301,0.00000000
0.95625640,0.00000000
0.98435083,0.00000000
0.96075873,0.00000000
0.97524211,0.00000000
0.98912071,0.00000000
0.98153327,0.00000000
0.97751233,0.00000000
0.97859138,0.00000000
0.97616497,0.00000000
0.96385920,0.00000000
0.96101648,0.00000000
0.98901446,0.00000000
0.93685704,0.00000000
0.98166114,0.00000000
0.97116687,0.00000000
0.97544002,0.00000000
0.98621852,0.00000000
0.97663201,0.00000000
0.97170830,0.00000000
0.95383775,0.00000000
0.98716415,0.00000000
0.97128341,0.00000000
0.96925324,0.00000000
0.97110105,0.00000000
0.86583226,0.00000000
0.87954888,0.00000000
0.96370021,0.00000000
0.97671752,0.00000000
0.95248178,0.00000000
0.95195902,0.00000000
0.93530419,0.00000000
0.88525912,0.00000000
0.89334756,0.00000000
0.96656595,0.00000000
0.89598212,0.00000000
0.92877351,0.00000000
0.89463149,0.00000000
0.96290100,0.00000000
0.96445928,0.00000000
0.97115301,0.00000000
0.96691287,0.00000000
0.97199081,0.00000000
0.96754664,0.00000000
0.97431525,0.00000000
0.97353173,0.00000000
0.97290059,0.00000000
0.97507975,0.00000000
0.96837962,0.00000000
0.95925939,0.00000000
0.97603786,0.00000000
0.97517767,0.00000000
0.96394681,0.00000000
0.98450452,0.00000000
0.97574341,0.00000000
0.95492377,0.00000000
0.97351858,0.00000000
0.98229630,0.00000000
0.96740039,0.00000000
0.96710605,0.00000000
0.96412726,0.00000000
0.94594265,0.00000000
0.94416272,0.00000000
0.95857621,0.00000000
0.92371542,0.00000000
0.96301992,0.00000000
0.98334395,0.00000000
0.96875707,0.00000000
0.95922164,0.00000000
0.97038910,0.00000000
0.95375195,0.00000000
0.96236712,0.00000000
0.97535163,0.00000000
0.97376168,0.00000000
0.98333671,0.00000000
0.97823641,0.00000000
0.95506019,0.00000000
0.98064823,0.00000000
0.97422427,0.00000000
0.98326440,0.00000000
0.97701943,0.00000000
0.96813474,0.00000000
0.96258922,0.00000000
0.96101237,0.00000000
0.98467500,0.00000000
0.96288801,0.00000000
0.97472007,0.00000000
0.94251998,0.00000000
0.96580487,0.00000000
0.94859972,0.00000000
0.94559138,0.00000000
0.96654958,0.00000000
0.92941581,0.00000000
0.93483382,0.00000000
0.93812131,0.00000000
0.97032762,0.00000000
0.97702221,0.00000000
0.68720602,0.00000000
0.84506727,0.00000000
0.55839094,0.00000000
0.20911470,0.00000000
0.31096944,0.00000000
0.60880189,0.00000000
0.70138115,0.00000000
0.73496742,0.00000000
0.67214727,0.00000000
0.55288771,0.00000000
0.45312768,0.00000000
0.36809795,0.00000000
0.33411185,0.00000000
0.30352211,0.00000000
0.23949996,0.00000000
0.21003547,0.00000000
0.21086692,0.00000000
0.18231970,0.00000000
0.13886925,0.00000000
0.06023306,0.00000000
0.43462311,0.00000000
0.97885041,0.00000000
0.96130513,0.00000000
0.96458626,0.00000000
0.97514301,0.00000000
0.94605047,0.00000000
0.98087508,0.00000000
0.97834236,0.00000000
0.96860661,0.00000000
0.96302068,0.00000000
0.96020604,0.00000000
0.98279083,0.00000000
0.96272759,0.00000000
0.95445805,0.00000000
0.96878841,0.00000000
0.97136907,0.00000000
0.98525494,0.00000000
0.96919724,0.00000000
0.96862973,0.00000000
0.97633853,0.00000000
0.96345526,0.00000000
0.99006419,0.00000000
0.97732697,0.00000000
0.96308176,0.00000000
0.97015737,0.00000000
0.96515036,0.00000000
0.98832653,0.00000000
0.96935283,0.00000000
0.98476559,0.00000000
0.97580285,0.00000000
0.98413219,0.00000000
0.97831378,0.00000000
0.96549906,0.00000000
0.96576641,0.00000000
0.97845248,0.00000000
0.87804074,0.00000000
0.95102017,0.00000000
0.94857608,0.00000000
0.96470121,0.00000000
0.95600856,0.00000000
0.93505043,0.00000000
0.94583578,0.00000000
0.91815726,0.00000000
0.96411141,0.00000000
0.97905933,0.00000000
0.92088057,0.00000000
0.96107920,0.00000000
0.96696810,0.00000000
0.89234709,0.00000000
0.96248776,0.00000000
0.94382783,0.00000000
0.96399676,0.00000000
0.86177374,0.00000000
0.65957037,0.00000000
0.42640209,0.00000000
0.23031144,0.00000000
0.29817099,0.00000000
0.73732481,0.00000000
0.86905575,0.00000000
0.95319336,0.00000000
0.92279165,0.00000000
0.97894549,0.00000000
0.96049448,0.00000000
0.97474952,0.00000000
0.95537342,0.00000000
0.90500844,0.00000000
0.87274672,0.00000000
0.96100072,0.00000000
0.97369252,0.00000000
0.97487662,0.00000000
0.97233849,0.00000000
0.95582125,0.00000000
0.97377809,0.00000000
0.98342086,0.00000000
0.96827678,0.00000000
0.96098406,0.00000000
0.97951497,0.00000000
0.97526857,0.00000000
0.97408751,0.00000000
0.97582242,0.00000000
0.98204369,0.00000000
0.97324169,0.00000000
0.98010374,0.00000000
0.96884476,0.00000000
0.96587692,0.00000000
0.95846269,0.00000000
0.98087832,0.00000000
0.98133615,0.00000000
0.96374364,0.00000000
0.96263873,0.00000000
0.96844606,0.00000000
0.93052086,0.00000000
0.82197843,0.00000000
0.00000000,0.00000000
0.00000000,0.00000000
0.00000000,0.00000000
0.00000000,0.00000000
0.00000000,0.00000000
0.00000000,0.00000000
0.00000000,0.00000000
0.00000000,0.00000000
0.00000000,0.00000000
0.00000000,0.00000000
0.00000000,0.00000000
0.00000000,0.00000000
0.00000000,0.00000000
0.00000000,0.00000000
0.00000000,0.00000000
0.00000000,0.00000000
0.00000000,0.00000000
0.00000000,0.00000000
0.00000000,0.00000000
0.00000000,0.00000000
0.00000000,0.00000000
0.00000000,0.00000000
0.00000000,0.00000000
0.00000000,0.00000000
0.00000000,0.00000000
0.00000000,0.00000000
0.00000000,0.00000000
0.00000000,0.00000000
0.00000000,0.00000000
0.00000000,0.00000000
0.00000000,0.00000000
0.00000000,0.00000000
0.00000000,0.00000000
0.00000000,0.00000000
0.00000000,0.00000000
0.00000000,0.00000000
0.00000000,0.00000000
0.00000000,0.00000000
0.00000000,0.00000000
0.00000000,0.00000000
0.00000000,0.00000000
0.00000000,0.00000000
0.00000000,0.00000000
0.00000000,0.00000000
0.00000000,0.00000000
0.00000000,0.00000000
0.00000000,0.00000000
0.00000000,0.00000000
0.00000000,0.00000000
0.00000000,0.00000000
0.00000000,0.00000000
0.00000000,0.00000000
0.00000000,0.00000000
0.00000000,0.00000000
0.00000000,0.00000000
0.00000000,0.00000000
0.00000000,0.00000000
0.07883992,0.00000000
0.10065515,0.00000000
0.11690860,0.00000000
0.13972363,0.00000000
0.14983790,0.00000000
0.15155434,0.00000000
0.20101694,0.00000000
0.19444054,0.00000000
0.19799254,0.00000000
0.18275962,0.00000000
0.00000000,0.00000000
0.00000000,0.00000000
0.35286216,0.00000000
0.39169601,0.00000000
0.53364923,0.00000000
0.47628296,0.00000000
0.37296449,0.00000000
0.28051436,0.00000000
0.55693127,0.00000000
0.34709768,0.00000000
0.50124390,0.00000000
0.27721836,0.00000000
0.73555691,0.00000000
0.62500672,0.00000000
0.48785453,0.00000000
0.44274446,0.00000000
0.63804100,0.00000000
0.42024999,0.00000000
0.75056893,0.00000000
0.96753689,0.00000000
0.77331761,0.00000000
0.82245843,0.00000000
0.93220214,0.00000000
0.86823369,0.00000000
0.93392957,0.00000000
0.91471603,0.00000000
0.91573105,0.00000000
0.90372864,0.00000000
0.94343889,0.00000000
0.94447318,0.00000000
0.87645345,0.00000000
0.79017463,0.00000000
0.95902954,0.00000000
0.85680397,0.00000000
0.86060551,0.00000000
0.80506726,0.00000000
0.84513781,0.00000000
0.86730364,0.00000000
0.95981333,0.00000000
0.94131454,0.00000000
0.97051604,0.00000000
0.94682838,0.00000000
0.95807970,0.00000000
0.96571952,0.00000000
0.96410242,0.00000000
0.95555657,0.00000000
0.96565668,0.00000000
0.95443893,0.00000000
0.99019931,0.00000000
0.96939257,0.00000000
0.96638341,0.00000000
0.97193504,0.00000000
0.95635623,0.00000000
0.96722101,0.00000000
0.94654071,0.00000000
0.95044559,0.00000000
0.95376110,0.00000000
0.96744092,0.00000000
0.95529739,0.00000000
0.95888701,0.00000000
0.94347020,0.00000000
0.95178887,0.00000000
0.94010692,0.00000000
0.94570798,0.00000000
0.94699403,0.00000000
0.94232510,0.00000000
0.94337686,0.00000000
0.96663950,0.00000000
0.95386328,0.00000000
0.95241444,0.00000000
0.94538191,0.00000000
0.95469215,0.00000000
0.95907146,0.00000000
0.97654886,0.00000000
0.97563090,0.00000000
0.96288794,0.00000000
0.95037844,0.00000000
0.96451063,0.00000000
0.94282145,0.00000000
0.94252224,0.00000000
0.96260541,0.00000000
0.97925927,0.00000000
0.93457672,0.00000000
0.94875433,0.00000000
0.89788576,0.00000000
0.97031805,0.00000000
0.97084539,0.00000000
0.94369145,0.00000000
0.96351920,0.00000000
0.98019795,0.00000000
0.97039421,0.00000000
0.95254284,0.00000000
0.93469822,0.00000000
0.97362966,0.00000000
0.96733432,0.00000000
0.95633018,0.00000000
0.95822430,0.00000000
0.96851382,0.00000000
0.94851923,0.00000000
0.94767689,0.00000000
0.97551087,0.00000000
0.95965950,0.00000000
0.97282090,0.00000000
0.97489156,0.00000000
0.93674140,0.00000000
0.92435218,0.00000000
0.95487841,0.00000000
0.94505623,0.00000000
0.93132474,0.00000000
0.96133336,0.00000000
0.87648504,0.00000000
0.88481373,0.00000000
0.79231243,0.00000000
0.88399837,0.00000000
0.89219608,0.00000000
0.97163924,0.00000000
0.97721517,0.00000000
0.95413047,0.00000000
0.94672465,0.00000000
0.93131200,0.00000000
0.94166570,0.00000000
0.97405062,0.00000000
0.76468044,0.00000000
0.91418718,0.00000000
0.96557023,0.00000000
0.96399847,0.00000000
0.88991874,0.00000000
0.90806041,0.00000000
0.90305455,0.00000000
0.94591092,0.00000000
0.95758083,0.00000000
0.96658584,0.00000000
0.97615177,0.00000000
0.96754091,0.00000000
0.96169167,0.00000000
0.97689759,0.00000000
0.96076985,0.00000000
0.96601038,0.00000000
0.97077148,0.00000000
0.97449043,0.00000000
0.97443455,0.00000000
0.96047883,0.00000000
0.96530170,0.00000000
0.93454933,0.00000000
0.95412854,0.00000000
0.96216559,0.00000000
0.96461211,0.00000000
0.93219951,0.00000000
0.96063789,0.00000000
0.94313341,0.00000000
0.94738511,0.00000000
0.91683530,0.00000000
0.77967691,0.00000000
0.79641165,0.00000000
0.93002175,0.00000000
0.95096852,0.00000000
0.95956738,0.00000000
0.97571393,0.00000000
0.96729393,0.00000000
0.94959958,0.00000000
0.89073460,0.00000000
0.96063584,0.00000000
0.88368717,0.00000000
0.91752951,0.00000000
0.96695212,0.00000000
0.69165078,0.00000000
0.00000000,0.00000000
0.00000000,0.00000000
0.00000000,0.00000000
0.00000000,0.00000000
0.00000000,0.00000000
0.00000000,0.00000000
0.00000000,0.00000000
0.00000000,0.00000000
0.00000000,0.00000000
0.00000000,0.00000000
0.00000000,0.00000000
0.00000000,0.00000000
0.00000000,0.00000000
0.00000000,0.00000000
0.00000000,0.00000000
0.00000000,0.00000000
0.00000000,0.00000000
0.00000000,0.00000000
0.00000000,0.00000000
0.00000000,0.00000000
0.00000000,0.00000000
0.00000000,0.00000000
0.00000000,0.00000000
0.00000000,0.00000000
0.00000000,0.00000000
0.00000000,0.00000000
0.00000000,0.00000000
0.00000000,0.00000000
0.00000000,0.00000000
0.00000000,0.00000000
0.76152314,0.00000000
0.00000000,0.00000000
0.00000000,0.00000000
0.00000000,0.00000000
0.00000000,0.00000000
0.00000000,0.00000000
0.95531886,0.00000000
0.96463527,0.00000000
0.95670264,0.00000000
0.95469753,0.00000000
0.93604027,0.00000000
0.93251958,0.00000000
0.95428660,0.00000000
0.92764411,0.00000000
0.88785975,0.00000000
0.97141262,0.00000000
0.97392709,0.00000000
0.96980199,0.00000000
0.96973045,0.00000000
0.96330279,0.00000000
0.95981285,0.00000000
0.97251021,0.00000000
0.96079913,0.00000000
0.98272753,0.00000000
0.98087210,0.00000000
0.96368217,0.00000000
0.95118031,0.00000000
0.97958731,0.00000000
