0.00000000,0.00000000
0.93927829,0.00000000
0.92157974,0.00000000
0.96013718,0.00000000
0.94146994,0.00000000
0.92683259,0.00000000
0.97159440,0.00000000
0.91954647,0.00000000
0.94182605,0.00000000
0.95324035,0.00000000
0.94693889,0.00000000
0.90743789,0.00000000
0.96860854,0.00000000
0.98393919,0.00000000
0.97839688,0.00000000
0.95367174,0.00000000
0.93091967,0.00000000
0.90487799,0.00000000
0.97083379,0.00000000
0.91427689,0.00000000
0.95463486,0.00000000
0.90599467,0.00000000
0.90601766,0.00000000
0.92158710,0.00000000
0.92496017,0.00000000
0.94408270,0.00000000
0.96766811,0.00000000
0.88950391,0.00000000
0.88911154,0.00000000
0.90700098,0.00000000
0.97654043,0.00000000
0.95079576,0.00000000
0.96873193,0.00000000
0.96236227,0.00000000
0.94312956,0.00000000
0.92590723,0.00000000
0.83664878,0.00000000
0.77439196,0.00000000
0.85100649,0.00000000
0.87610919,0.00000000
0.86357529,0.00000000
0.88480870,0.00000000
0.90904034,0.00000000
0.94010122,0.00000000
0.92212904,0.00000000
0.92546843,0.00000000
0.99151157,0.00000000
0.91798321,0.00000000
0.93278960,0.00000000
0.90986737,0.00000000
0.89920876,0.00000000
0.92045877,0.00000000
0.89712647,0.00000000
0.86663508,0.00000000
0.81423514,0.00000000
0.87876137,0.00000000
0.85370403,0.00000000
0.88931983,0.00000000
0.90767176,0.00000000
0.91281264,0.00000000
0.89980644,0.00000000
0.87925834,0.00000000
0.84902123,0.00000000
0.92843492,0.00000000
0.90894903,0.00000000
0.90482307,0.00000000
0.87097263,0.00000000
0.85560549,0.00000000
0.92469895,0.00000000
0.88250946,0.00000000
0.95172902,0.00000000
0.89263469,0.00000000
0.86987203,0.00000000
0.89891946,0.00000000
0.94843176,0.00000000
0.89453121,0.00000000
0.92221931,0.00000000
0.92826897,0.00000000
0.89613482,0.00000000
0.94125707,0.00000000
0.92992156,0.00000000
0.94151705,0.00000000
0.94007652,0.00000000
0.91838677,0.00000000
0.92967182,0.00000000
0.95260791,0.00000000
0.97081274,0.00000000
0.94271794,0.00000000
0.97396792,0.00000000
0.96380307,0.00000000
0.97338619,0.00000000
0.96327379,0.00000000
0.93507974,0.00000000
0.91275440,0.00000000
0.94461221,0.00000000
0.94743798,0.00000000
0.93211069,0.00000000
0.94384632,0.00000000
0.93638001,0.00000000
0.95531832,0.00000000
0.95285833,0.00000000
0.96103806,0.00000000
0.95339794,0.00000000
0.94957687,0.00000000
0.95364825,0.00000000
0.94634422,0.00000000
0.95227640,0.00000000
0.95207854,0.00000000
0.91784785,0.00000000
0.92778892,0.00000000
0.95291997,0.00000000
0.94976386,0.00000000
0.93302901,0.00000000
0.93982436,0.00000000
0.96382721,0.00000000
0.97283540,0.00000000
0.97711007,0.00000000
0.94548780,0.00000000
0.96827747,0.00000000
0.96631467,0.00000000
0.93426046,0.00000000
0.97155661,0.00000000
0.93981092,0.00000000
0.96021488,0.00000000
0.94015557,0.00000000
0.92597482,0.00000000
0.97763278,0.00000000
0.91001536,0.00000000
0.96596949,0.00000000
0.94298760,0.00000000
0.97378511,0.00000000
0.95487628,0.00000000
0.97479053,0.00000000
0.91351173,0.00000000
0.94188048,0.00000000
0.90992100,0.00000000
0.92705140,0.00000000
0.94135330,0.00000000
0.93335849,0.00000000
0.96263639,0.00000000
0.97134020,0.00000000
0.94384991,0.00000000
0.94742582,0.00000000
0.97485216,0.00000000
0.95390501,0.00000000
0.97718061,0.00000000
0.97738795,0.00000000
0.92832721,0.00000000
0.96588626,0.00000000
0.94071431,0.00000000
0.93978855,0.00000000
0.93862824,0.00000000
0.94044798,0.00000000
0.87873768,0.00000000
0.89372471,0.00000000
0.91131053,0.00000000
0.91225533,0.00000000
0.89954927,0.00000000
0.91412649,0.00000000
0.92743135,0.00000000
0.89133816,0.00000000
0.95122195,0.00000000
0.92220280,0.00000000
0.90823207,0.00000000
0.88040875,0.00000000
0.91018652,0.00000000
0.91140231,0.00000000
0.92911451,0.00000000
0.89844670,0.00000000
0.89682539,0.00000000
0.92659525,0.00000000
0.94585917,0.00000000
0.94620669,0.00000000
0.96232800,0.00000000
0.92650214,0.00000000
0.93461481,0.00000000
0.88082335,0.00000000
0.94988827,0.00000000
0.92950564,0.00000000
0.91141126,0.00000000
0.88547240,0.00000000
0.89205460,0.00000000
0.94657909,0.00000000
0.94840184,0.00000000
0.95484555,0.00000000
0.95462197,0.00000000
0.94183393,0.00000000
0.95272966,0.00000000
0.93531996,0.00000000
0.93357961,0.00000000
0.96013733,0.00000000
0.96471372,0.00000000
0.90492271,0.00000000
0.92316745,0.00000000
0.90377543,0.00000000
0.97815950,0.00000000
0.95102040,0.00000000
0.92839407,0.00000000
0.89940411,0.00000000
0.95844993,0.00000000
0.94191079,0.00000000
0.95978337,0.00000000
0.93472871,0.00000000
0.93221732,0.00000000
0.90686333,0.00000000
0.94043301,0.00000000
0.92243850,0.00000000
0.93727980,0.00000000
0.94935728,0.00000000
0.95822960,0.00000000
0.95232204,0.00000000
0.93994962,0.00000000
0.94242648,0.00000000
0.93153224,0.00000000
0.97752019,0.00000000
0.95012263,0.00000000
0.94638409,0.00000000
0.91125545,0.00000000
0.92267133,0.00000000
0.92473637,0.00000000
0.97445325,0.00000000
0.93222335,0.00000000
0.93376662,0.00000000
0.91896722,0.00000000
0.94867241,0.00000000
0.93409775,0.00000000
0.92053384,0.00000000
0.95946242,0.00000000
0.91925767,0.00000000
0.94211301,0.00000000
0.91033017,0.00000000
0.94068870,0.00000000
0.88834398,0.00000000
0.94105554,0.00000000
0.94541153,0.00000000
0.93341682,0.00000000
0.92318950,0.00000000
0.89025866,0.00000000
0.84674282,0.00000000
0.85059952,0.00000000
0.96178565,0.00000000
0.95773137,0.00000000
0.92314716,0.00000000
0.97060494,0.00000000
0.96484314,0.00000000
0.95973663,0.00000000
0.88933815,0.00000000
0.89522488,0.00000000
0.94150143,0.00000000
0.93659023,0.00000000
0.95783609,0.00000000
0.95618915,0.00000000
0.90502861,0.00000000
0.90203666,0.00000000
0.95385423,0.00000000
0.96366775,0.00000000
0.96724211,0.00000000
0.95521003,0.00000000
0.93556590,0.00000000
0.93418277,0.00000000
0.80831783,0.00000000
0.88875253,0.00000000
0.92058743,0.00000000
0.93116121,0.00000000
0.95568871,0.00000000
0.97567532,0.00000000
0.97156384,0.00000000
0.94613865,0.00000000
0.95840612,0.00000000
0.90474094,0.00000000
0.96401596,0.00000000
0.93282796,0.00000000
0.93252966,0.00000000
0.92123299,0.00000000
0.95309725,0.00000000
0.93358183,0.00000000
0.95386127,0.00000000
0.94259679,0.00000000
0.85107834,0.00000000
0.96045194,0.00000000
0.95164422,0.00000000
0.95252887,0.00000000
0.93732652,0.00000000
0.97796534,0.00000000
0.95626739,0.00000000
0.96366982,0.00000000
0.93834389,0.00000000
0.92914861,0.00000000
0.97167921,0.00000000
0.95543269,0.00000000
0.96182506,0.00000000
0.97686722,0.00000000
0.93149686,0.00000000
0.93020735,0.00000000
0.94747809,0.00000000
0.94476930,0.00000000
0.95672010,0.00000000
0.92959587,0.00000000
0.95170854,0.00000000
0.93858369,0.00000000
0.92820458,0.00000000
0.96925574,0.00000000
0.95898101,0.00000000
0.93168837,0.00000000
0.94655074,0.00000000
0.97236101,0.00000000
0.93507995,0.00000000
0.94775573,0.00000000
0.93435505,0.00000000
0.94316752,0.00000000
0.91266198,0.00000000
0.96007968,0.00000000
0.96404750,0.00000000
0.97105696,0.00000000
0.97754767,0.00000000
0.92342268,0.00000000
0.98756526,0.00000000
0.95207554,0.00000000
0.95622108,0.00000000
0.97218540,0.00000000
0.93592129,0.00000000
0.95586268,0.00000000
0.91050338,0.00000000
0.93134242,0.00000000
0.95170472,0.00000000
0.96194689,0.00000000
0.94745663,0.00000000
0.93263333,0.00000000
0.94203532,0.00000000
0.89273062,0.00000000
0.93030976,0.00000000
0.93203018,0.00000000
0.94961292,0.00000000
0.92951750,0.00000000
0.92066840,0.00000000
0.93763556,0.00000000
0.95134045,0.00000000
0.92366576,0.00000000
0.95304520,0.00000000
0.91946374,0.00000000
0.89079541,0.00000000
0.93678076,0.00000000
0.93643735,0.00000000
0.94184454,0.00000000
0.93842366,0.00000000
0.96805653,0.00000000
0.93315355,0.00000000
0.94671675,0.00000000
0.97473152,0.00000000
0.94877493,0.00000000
0.97054723,0.00000000
0.96067213,0.00000000
0.95292646,0.00000000
0.94314508,0.00000000
0.95049028,0.00000000
0.94737574,0.00000000
0.97442022,0.00000000
0.94921567,0.00000000
0.93772281,0.00000000
0.91494203,0.00000000
0.96460231,0.00000000
0.93098587,0.00000000
0.97553858,0.00000000
0.93046564,0.00000000
0.95063166,0.00000000
0.96816762,0.00000000
0.95406571,0.00000000
0.96716784,0.00000000
0.95651783,0.00000000
0.93345084,0.00000000
0.93306492,0.00000000
0.91853515,0.00000000
0.93360813,0.00000000
0.93513034,0.00000000
0.93319122,0.00000000
0.95907927,0.00000000
0.94972644,0.00000000
0.95171715,0.00000000
0.94969387,0.00000000
0.94274442,0.00000000
0.92297403,0.00000000
0.95017571,0.00000000
0.96328289,0.00000000
0.95081470,0.00000000
0.96026595,0.00000000
0.93305247,0.00000000
0.96297043,0.00000000
0.95266434,0.00000000
0.92747354,0.00000000
0.97294462,0.00000000
0.93430669,0.00000000
0.96384694,0.00000000
0.92747844,0.00000000
0.94405952,0.00000000
0.94954308,0.00000000
0.97414514,0.00000000
0.95530411,0.00000000
0.93070600,0.00000000
0.95578122,0.00000000
0.90598825,0.00000000
0.93103720,0.00000000
0.97321091,0.00000000
0.92286805,0.00000000
0.86750729,0.00000000
0.96031424,0.00000000
0.94047249,0.00000000
0.93375828,0.00000000
0.94930705,0.00000000
0.92847574,0.00000000
0.92407514,0.00000000
0.93190785,0.00000000
0.89514073,0.00000000
0.92459766,0.00000000
0.94531485,0.00000000
0.86012168,0.00000000
0.92954305,0.00000000
0.87913803,0.00000000
0.88476659,0.00000000
0.87907908,0.00000000
0.84655601,0.00000000
0.87573548,0.00000000
0.89045945,0.00000000
0.90545842,0.00000000
0.87213651,0.00000000
0.94884728,0.00000000
0.91831152,0.00000000
0.92352714,0.00000000
0.90785689,0.00000000
0.92422657,0.00000000
0.93219040,0.00000000
0.81561718,0.00000000
0.86738571,0.00000000
0.86587157,0.00000000
0.88415252,0.00000000
0.90331882,0.00000000
0.93739325,0.00000000
0.90211298,0.00000000
0.90971970,0.00000000
0.88250776,0.00000000
0.87286246,0.00000000
0.87089410,0.00000000
0.81224276,0.00000000
0.92121216,0.00000000
0.83388966,0.00000000
0.91694526,0.00000000
0.80599259,0.00000000
0.84604634,0.00000000
0.85642497,0.00000000
0.92247874,0.00000000
0.83990783,0.00000000
0.81870004,0.00000000
0.90543322,0.00000000
0.93906464,0.00000000
0.91163531,0.00000000
0.90242470,0.00000000
0.91000139,0.00000000
0.91984794,0.00000000
0.89753203,0.00000000
0.98510706,0.00000000
0.94286959,0.00000000
0.90899339,0.00000000
0.90488422,0.00000000
0.93261871,0.00000000
0.94058492,0.00000000
0.93399505,0.00000000
0.86438920,0.00000000
0.91884249,0.00000000
0.96361719,0.00000000
0.93071961,0.00000000
0.90794382,0.00000000
0.94419452,0.00000000
0.93029806,0.00000000
0.85744830,0.00000000
0.83291241,0.00000000
0.89512920,0.00000000
0.91620211,0.00000000
0.93749067,0.00000000
0.89178035,0.00000000
0.91701040,0.00000000
0.91853462,0.00000000
0.93713047,0.00000000
0.88482345,0.00000000
0.93321052,0.00000000
0.86619174,0.00000000
0.86180691,0.00000000
0.95823847,0.00000000
0.92667394,0.00000000
0.91753806,0.00000000
0.92498500,0.00000000
0.94259884,0.00000000
0.91843568,0.00000000
0.88703909,0.00000000
0.83618900,0.00000000
0.84839261,0.00000000
0.92192051,0.00000000
0.87653859,0.00000000
0.91812771,0.00000000
0.94837802,0.00000000
0.91436503,0.00000000
0.90318932,0.00000000
0.88898280,0.00000000
0.92651564,0.00000000
0.94908278,0.00000000
0.93650022,0.00000000
0.93336027,0.00000000
0.94685615,0.00000000
0.90595396,0.00000000
0.93373314,0.00000000
0.95899429,0.00000000
0.94595136,0.00000000
0.94991224,0.00000000
0.95734829,0.00000000
0.94438153,0.00000000
0.94181408,0.00000000
0.87672803,0.00000000
0.93348754,0.00000000
0.94097555,0.00000000
0.91989405,0.00000000
0.91479319,0.00000000
0.92514142,0.00000000
0.92757613,0.00000000
0.93130526,0.00000000
0.91917503,0.00000000
0.93008297,0.00000000
0.93232464,0.00000000
0.94640999,0.00000000
0.90981809,0.00000000
0.91645668,0.00000000
0.92850967,0.00000000
0.92150379,0.00000000
0.89751225,0.00000000
0.90029960,0.00000000
0.90186338,0.00000000
0.92650064,0.00000000
0.93652096,0.00000000
0.91545620,0.00000000
0.91378985,0.00000000
0.89134611,0.00000000
0.92332544,0.00000000
0.92511181,0.00000000
0.93720523,0.00000000
0.90657098,0.00000000
0.92728048,0.00000000
0.92811176,0.00000000
0.93992455,0.00000000
0.95257356,0.00000000
0.97772683,0.00000000
0.94492919,0.00000000
0.92917259,0.00000000
0.93108161,0.00000000
0.94562857,0.00000000
0.91957776,0.00000000
0.95333631,0.00000000
0.91884439,0.00000000
0.92410904,0.00000000
0.91645444,0.00000000
0.93027173,0.00000000
0.91240876,0.00000000
0.92735495,0.00000000
0.94657427,0.00000000
0.96408466,0.00000000
0.89857494,0.00000000
0.95458656,0.00000000
0.93854594,0.00000000
0.89538487,0.00000000
0.91542507,0.00000000
0.93297997,0.00000000
0.95258801,0.00000000
0.91528509,0.00000000
0.95116851,0.00000000
0.93846623,0.00000000
0.97427004,0.00000000
0.96450953,0.00000000
0.93622322,0.00000000
0.94307106,0.00000000
0.94582504,0.00000000
0.95873368,0.00000000
0.93842492,0.00000000
0.95329168,0.00000000
0.95798544,0.00000000
0.96708886,0.00000000
0.94894885,0.00000000
0.92414973,0.00000000
0.92250424,0.00000000
0.96601824,0.00000000
0.95458889,0.00000000
0.97444326,0.00000000
0.91952216,0.00000000
0.92322022,0.00000000
0.97227313,0.00000000
0.94438739,0.00000000
0.94748910,0.00000000
0.94719702,0.00000000
0.92970451,0.00000000
0.97424126,0.00000000
0.97072077,0.00000000
0.97183449,0.00000000
0.98766934,0.00000000
0.96699582,0.00000000
0.96659584,0.00000000
0.93946916,0.00000000
0.95251019,0.00000000
0.96224016,0.00000000
0.94563760,0.00000000
0.97580472,0.00000000
0.96538908,0.00000000
0.96494233,0.00000000
0.93229934,0.00000000
0.95783068,0.00000000
0.94529865,0.00000000
0.94729522,0.00000000
0.94668380,0.00000000
0.97668223,0.00000000
0.95468623,0.00000000
0.95425198,0.00000000
0.90843177,0.00000000
0.86393562,0.00000000
0.92672546,0.00000000
0.93715575,0.00000000
0.96361433,0.00000000
0.97075027,0.00000000
0.95975415,0.00000000
0.94934542,0.00000000
0.95629997,0.00000000
0.90823865,0.00000000
0.97720311,0.00000000
0.95405580,0.00000000
0.93458967,0.00000000
0.94992268,0.00000000
0.95730234,0.00000000
0.96543232,0.00000000
0.96687281,0.00000000
0.92648739,0.00000000
0.93115703,0.00000000
0.93131084,0.00000000
0.94364246,0.00000000
0.97317526,0.00000000
0.97164440,0.00000000
0.93264900,0.00000000
0.93294319,0.00000000
0.92488762,0.00000000
0.95686209,0.00000000
0.94560153,0.00000000
0.94517144,0.00000000
0.91017271,0.00000000
0.92898502,0.00000000
0.91065012,0.00000000
0.89653153,0.00000000
0.94451703,0.00000000
0.94174876,0.00000000
0.93844050,0.00000000
0.92877896,0.00000000
0.96461887,0.00000000
0.95951962,0.00000000
0.95885021,0.00000000
0.97542648,0.00000000
0.94655459,0.00000000
0.92820736,0.00000000
0.95930280,0.00000000
0.93753626,0.00000000
0.97405492,0.00000000
0.94479617,0.00000000
0.92793319,0.00000000
0.90034937,0.00000000
0.85822397,0.00000000
0.86479672,0.00000000
0.91967703,0.00000000
0.87835029,0.00000000
0.83722641,0.00000000
0.82283450,0.00000000
0.85039406,0.00000000
0.78828235,0.00000000
0.74920785,0.00000000
0.84302638,0.00000000
0.88344639,0.00000000
0.92916712,0.00000000
0.92212898,0.00000000
0.90392245,0.00000000
0.92301738,0.00000000
0.90660714,0.00000000
0.90446958,0.00000000
0.86316363,0.00000000
0.86212076,0.00000000
0.86861693,0.00000000
0.82150028,0.00000000
0.89712678,0.00000000
0.93076531,0.00000000
0.83321170,0.00000000
0.91767572,0.00000000
0.87318327,0.00000000
0.83395413,0.00000000
0.79978799,0.00000000
0.81532043,0.00000000
0.86224873,0.00000000
0.85954026,0.00000000
0.87660387,0.00000000
0.87968374,0.00000000
0.91710768,0.00000000
0.90600310,0.00000000
0.89165292,0.00000000
0.89700927,0.00000000
0.92090178,0.00000000
0.87194643,0.00000000
0.91829145,0.00000000
0.81823875,0.00000000
0.84326278,0.00000000
0.90076132,0.00000000
0.88544370,0.00000000
0.95291606,0.00000000
0.87919547,0.00000000
0.92926503,0.00000000
0.93299568,0.00000000
0.90748973,0.00000000
0.89008257,0.00000000
0.85762643,0.00000000
0.87802570,0.00000000
0.93068426,0.00000000
0.87940263,0.00000000
0.87377660,0.00000000
0.89966636,0.00000000
0.89169731,0.00000000
0.92974648,0.00000000
0.92616519,0.00000000
0.89211445,0.00000000
0.94622476,0.00000000
0.82731847,0.00000000
0.92240540,0.00000000
0.83283265,0.00000000
0.87704015,0.00000000
0.90347035,0.00000000
0.89709189,0.00000000
0.94641120,0.00000000
0.93090007,0.00000000
0.93356152,0.00000000
0.92421521,0.00000000
0.88052742,0.00000000
0.89964427,0.00000000
0.89879769,0.00000000
0.95547526,0.00000000
0.94154609,0.00000000
0.92532315,0.00000000
0.93538155,0.00000000
0.92424110,0.00000000
0.93154764,0.00000000
0.93243465,0.00000000
0.93777115,0.00000000
0.92823509,0.00000000
0.84310962,0.00000000
0.83838664,0.00000000
0.87356882,0.00000000
0.93246960,0.00000000
0.91245054,0.00000000
0.83517082,0.00000000
0.90221734,0.00000000
0.92321808,0.00000000
0.82368340,0.00000000
0.94229868,0.00000000
0.90835300,0.00000000
0.88879999,0.00000000
0.88748508,0.00000000
0.82965686,0.00000000
0.87413743,0.00000000
0.86881319,0.00000000
0.84569831,0.00000000
0.87420334,0.00000000
0.84067081,0.00000000
0.84338659,0.00000000
0.89284176,0.00000000
0.85165970,0.00000000
0.96091574,0.00000000
0.92505629,0.00000000
0.88919291,0.00000000
0.87434178,0.00000000
0.90016299,0.00000000
0.84580863,0.00000000
0.90494747,0.00000000
0.88347023,0.00000000
0.87776106,0.00000000
0.92241746,0.00000000
0.80207754,0.00000000
0.76994081,0.00000000
0.71001119,0.00000000
0.78169057,0.00000000
0.75923335,0.00000000
0.75287269,0.00000000
0.85761416,0.00000000
0.87132971,0.00000000
0.74027033,0.00000000
0.79298052,0.00000000
0.86107217,0.00000000
0.80254256,0.00000000
0.75790336,0.00000000
0.71527959,0.00000000
0.78700839,0.00000000
0.81928484,0.00000000
0.94540256,0.00000000
0.83340294,0.00000000
0.84049916,0.00000000
0.86983210,0.00000000
0.50365428,0.00000000
0.53066961,0.00000000
0.73640751,0.00000000
0.86972427,0.00000000
0.74374956,0.00000000
0.89159532,0.00000000
0.88273829,0.00000000
0.94001836,0.00000000
0.93650158,0.00000000
0.90253485,0.00000000
0.93948771,0.00000000
0.84611822,0.00000000
0.90248361,0.00000000
0.85362979,0.00000000
0.78154438,0.00000000
0.84491316,0.00000000
0.78848234,0.00000000
0.79211359,0.00000000
0.81388759,0.00000000
0.90534860,0.00000000
0.83548712,0.00000000
0.67833792,0.00000000
0.85060823,0.00000000
0.66135046,0.00000000
0.73605710,0.00000000
0.58447178,0.00000000
0.89322765,0.00000000
0.87327234,0.00000000
0.53215153,0.00000000
0.90896912,0.00000000
0.69584743,0.00000000
0.78680879,0.00000000
0.63885388,0.00000000
0.75444915,0.00000000
0.78605067,0.00000000
0.45491389,0.00000000
0.58651681,0.00000000
0.62723088,0.00000000
0.94580094,0.00000000
0.97235166,0.00000000
0.94776049,0.00000000
0.93741409,0.00000000
0.94447794,0.00000000
0.88279052,0.00000000
0.95946151,0.00000000
0.96081126,0.00000000
0.96379560,0.00000000
0.91079706,0.00000000
0.85964566,0.00000000
0.89061269,0.00000000
0.94663582,0.00000000
0.88743850,0.00000000
0.86690087,0.00000000
0.87467738,0.00000000
0.69020946,0.00000000
0.88889848,0.00000000
0.70471097,0.00000000
0.86914743,0.00000000
0.93471282,0.00000000
0.93579241,0.00000000
0.95180117,0.00000000
0.92754791,0.00000000
0.87608991,0.00000000
0.90169192,0.00000000
0.92731636,0.00000000
0.89561931,0.00000000
0.87390340,0.00000000
0.89091929,0.00000000
0.85126486,0.00000000
0.93747612,0.00000000
0.88878507,0.00000000
0.88316694,0.00000000
0.89692750,0.00000000
0.93431035,0.00000000
0.90953367,0.00000000
0.90281376,0.00000000
0.95874796,0.00000000
0.95484360,0.00000000
0.95143110,0.00000000
0.92208549,0.00000000
0.93538674,0.00000000
0.88832794,0.00000000
0.91506918,0.00000000
0.94278364,0.00000000
0.94740249,0.00000000
0.85816885,0.00000000
0.93894362,0.00000000
0.92780060,0.00000000
0.89635969,0.00000000
0.92664546,0.00000000
0.89311854,0.00000000
0.91860717,0.00000000
0.87466170,0.00000000
0.87653327,0.00000000
0.71768927,0.00000000
0.68107026,0.00000000
0.72212021,0.00000000
0.80086210,0.00000000
0.82957436,0.00000000
0.82687952,0.00000000
0.88656663,0.00000000
0.91008463,0.00000000
0.85157434,0.00000000
0.87878598,0.00000000
0.85627696,0.00000000
0.86895824,0.00000000
0.94372057,0.00000000
0.91943635,0.00000000
0.91592356,0.00000000
0.83394155,0.00000000
0.91219609,0.00000000
0.93959737,0.00000000
0.94162037,0.00000000
0.91821113,0.00000000
0.97321658,0.00000000
0.93277384,0.00000000
0.80031345,0.00000000
0.95416199,0.00000000
0.95511942,0.00000000
0.90733622,0.00000000
0.89875120,0.00000000
0.89112914,0.00000000
0.94853238,0.00000000
0.90093897,0.00000000
0.81401937,0.00000000
0.92896470,0.00000000
0.95907222,0.00000000
0.94421263,0.00000000
0.93882186,0.00000000
0.91550325,0.00000000
0.92263461,0.00000000
0.96386930,0.00000000
0.93900922,0.00000000
0.91380416,0.00000000
0.90682332,0.00000000
0.88806961,0.00000000
0.95161931,0.00000000
0.92487204,0.00000000
0.96557378,0.00000000
0.95531237,0.00000000
0.87139468,0.00000000
0.94367930,0.00000000
0.97090276,0.00000000
0.92602697,0.00000000
0.93519765,0.00000000
0.95836110,0.00000000
0.91716506,0.00000000
0.91823369,0.00000000
0.94228122,0.00000000
0.94783982,0.00000000
0.94609180,0.00000000
0.93807212,0.00000000
0.87637520,0.00000000
0.91113779,0.00000000
0.89112382,0.00000000
0.86332021,0.00000000
0.88438064,0.00000000
0.85581117,0.00000000
0.94798777,0.00000000
0.91915966,0.00000000
0.89871155,0.00000000
0.92441612,0.00000000
0.94397664,0.00000000
0.97961223,0.00000000
0.84880624,0.00000000
0.86422510,0.00000000
0.86430095,0.00000000
0.93679854,0.00000000
0.90558559,0.00000000
0.82060521,0.00000000
0.87148949,0.00000000
0.87961971,0.00000000
0.81712733,0.00000000
0.86747455,0.00000000
0.85519498,0.00000000
0.87899429,0.00000000
0.70044680,0.00000000
0.73249229,0.00000000
0.72743465,0.00000000
0.75796687,0.00000000
0.89499113,0.00000000
0.87338870,0.00000000
0.83186435,0.00000000
0.86190506,0.00000000
0.85542378,0.00000000
0.90373295,0.00000000
0.86200795,0.00000000
0.82434134,0.00000000
0.92059634,0.00000000
0.89655734,0.00000000
0.90749642,0.00000000
0.89702133,0.00000000
0.88781843,0.00000000
0.88841640,0.00000000
0.90535553,0.00000000
0.91906439,0.00000000
0.93180704,0.00000000
0.92540570,0.00000000
0.93406733,0.00000000
0.85321478,0.00000000
0.85770428,0.00000000
