978.000,496.000,56.000,25.000
965.855,512.402,55.003,24.537
952.617,521.067,56.476,23.385
943.095,510.557,58.137,26.001
934.393,512.554,59.544,26.455
925.667,523.395,62.836,23.782
926.613,522.415,61.101,22.564
929.808,508.205,53.294,35.480
936.609,465.014,47.874,72.594
943.900,439.685,45.925,87.954
944.921,409.675,49.240,114.297
948.310,393.945,53.454,127.838
949.868,384.345,57.954,131.142
931.009,396.667,82.405,118.370
907.631,427.920,108.756,99.248
861.287,445.912,170.229,110.503
819.244,474.249,209.548,108.207
784.354,489.741,223.825,98.338
742.641,497.013,244.553,95.088
712.341,489.934,251.446,108.329
679.014,483.256,256.927,118.378
644.413,474.356,269.912,129.544
607.617,477.013,292.989,131.714
577.566,487.429,313.378,125.823
541.769,497.049,343.214,124.480
513.142,507.990,365.303,128.249
470.087,510.597,398.559,142.095
445.059,504.494,416.708,160.968
420.715,488.064,444.148,189.683
402.134,474.204,449.919,216.821
406.359,467.558,429.590,231.366
415.345,467.078,419.825,233.587
434.706,466.031,393.639,234.428
459.984,458.543,357.075,237.847
474.033,457.891,323.727,235.067
480.154,452.819,296.020,231.956
494.350,450.726,253.985,230.371
507.546,448.240,221.783,231.468
516.349,442.829,191.926,229.132
525.012,435.680,170.402,222.866
526.712,432.005,156.078,220.070
525.317,424.374,139.937,211.947
540.138,414.882,119.257,210.250
549.021,413.759,117.983,200.127
550.173,418.143,118.754,189.515
542.806,422.705,122.665,177.083
532.418,422.997,122.486,165.873
517.395,423.097,125.397,154.247
509.040,419.416,118.979,144.614
508.124,406.105,102.426,141.821
507.631,392.689,85.775,138.207
503.843,381.747,73.939,132.610
498.312,370.003,69.113,131.076
500.086,360.637,65.374,130.177
504.639,359.647,59.970,125.493
514.952,361.637,56.926,124.298
529.929,363.601,55.127,121.718
551.421,367.196,54.639,120.764
572.726,373.601,54.140,123.074
593.743,380.829,55.945,125.304
608.309,394.881,62.006,126.023
619.301,401.756,68.356,130.160
638.351,420.318,67.885,133.879
665.223,435.471,68.794,134.722
686.683,439.883,61.984,130.147
701.107,453.811,66.813,108.054
718.015,438.443,71.606,111.406
740.565,459.223,92.947,95.634
749.977,456.552,89.820,105.137
761.416,459.498,98.466,98.272
765.316,443.197,113.923,104.462
768.500,430.939,120.672,101.872
766.201,423.459,103.948,102.393
761.565,419.493,108.054,101.236
764.658,409.535,110.252,102.078
769.397,400.619,106.941,105.028
764.750,393.319,105.417,107.114
755.658,382.091,103.996,110.389
747.136,376.766,93.140,119.107
735.863,383.332,91.620,123.075
730.010,393.206,91.208,124.587
721.144,399.962,91.210,127.096
711.769,404.434,86.028,127.209
698.818,406.833,86.148,127.440
690.837,407.732,82.991,129.215
684.584,409.228,79.305,132.659
677.975,415.932,81.007,131.175
676.125,427.183,81.402,125.202
673.577,435.823,86.499,121.059
672.934,444.461,87.784,116.703
673.469,443.653,94.817,115.685
676.023,436.728,96.628,117.169
678.732,432.446,95.046,117.209
687.319,425.664,92.683,119.346
694.909,417.312,90.771,120.677
701.728,409.528,87.196,125.344
706.758,404.079,87.196,125.763
709.273,399.258,85.938,125.344
711.454,398.666,92.814,123.406
716.013,406.502,96.573,121.682
717.838,418.494,104.863,120.929
719.507,432.483,108.068,115.514
716.520,431.430,112.924,114.713
710.479,432.214,115.426,113.601
703.441,432.070,118.022,114.348
703.134,427.135,118.402,120.263
713.077,427.248,115.973,125.777
725.544,429.364,112.828,127.356
732.494,434.692,110.695,125.343
744.396,444.237,109.323,125.143
755.980,454.132,118.697,122.911
767.873,458.932,123.966,120.334
777.506,459.655,129.650,118.397
786.503,461.041,134.235,117.611
792.476,460.966,138.143,117.258
799.551,459.130,140.065,115.828
804.526,462.191,145.678,112.256
807.186,460.691,148.554,112.952
808.248,456.673,148.249,113.977
805.634,455.133,153.737,110.035
799.882,454.115,155.336,107.640
789.964,452.222,158.328,109.094
779.137,455.458,161.826,107.095
767.252,454.697,164.770,106.507
758.696,456.250,164.912,106.318
750.477,460.625,167.564,105.523
745.903,464.418,165.535,106.453
742.074,468.768,167.614,105.722
738.959,473.901,165.846,104.787
735.775,479.015,166.931,103.804
733.297,485.573,174.261,101.762
733.504,490.593,179.711,100.787
728.179,494.609,177.689,99.765
720.769,492.498,180.511,98.921
714.408,492.714,183.329,96.348
712.128,493.250,186.559,97.139
710.227,497.060,189.014,98.147
708.766,499.240,190.845,97.604
705.586,503.794,190.103,95.052
699.174,503.145,191.624,95.004
695.846,500.132,189.635,93.737
689.954,494.909,191.268,95.634
693.031,496.177,186.738,94.993
693.345,497.812,189.043,91.455
695.244,499.860,192.349,88.675
695.400,499.197,197.270,87.646
694.835,497.762,195.244,88.149
693.444,496.664,194.872,87.194
691.129,492.213,197.154,88.001
690.316,486.914,194.297,88.580
692.655,482.092,190.670,91.133
693.959,479.059,185.949,93.767
693.783,478.573,186.830,96.591
694.885,477.347,182.473,96.888
692.443,476.823,183.898,96.606
693.032,473.035,181.918,97.771
692.631,469.830,180.849,97.771
692.039,463.892,176.978,100.332
691.840,461.967,178.178,101.778
693.028,463.243,178.229,99.765
691.851,463.973,174.705,98.839
691.844,464.187,178.929,96.306
688.423,463.135,176.035,96.306
682.353,462.550,173.580,97.215
675.236,462.513,176.108,97.029
670.934,462.887,169.798,98.373
668.417,470.176,174.058,97.245
663.704,476.576,179.053,97.476
658.757,477.945,178.098,93.944
654.260,478.533,175.431,94.582
653.437,477.554,176.044,94.475
655.760,476.521,178.625,96.282
659.455,476.338,180.165,100.325
670.143,480.210,177.629,97.965
678.661,489.044,180.402,96.144
688.718,491.772,182.170,92.535
693.440,484.452,181.311,92.346
696.509,488.646,182.168,95.360
701.486,503.574,184.628,95.088
713.200,513.734,183.207,92.001
718.440,508.749,187.034,81.681
714.641,493.874,191.166,77.506
711.069,487.801,196.359,75.035
713.702,483.501,196.928,72.207
713.378,473.074,195.191,74.688
716.016,463.302,188.464,81.185
712.932,452.884,183.489,83.944
710.946,442.148,177.021,92.488
715.958,435.630,166.227,96.560
716.389,434.453,167.647,94.856
717.857,432.619,166.986,94.482
719.320,430.793,166.325,95.869
719.963,432.152,167.317,93.657
716.654,438.379,166.165,94.235
711.266,446.149,169.423,93.483
703.447,451.037,178.001,93.791
692.099,453.449,179.489,92.589
680.399,452.248,180.432,92.410
668.974,453.969,183.368,92.589
658.034,456.916,190.103,93.485
648.102,457.711,191.268,95.634
641.706,460.602,192.692,95.264
632.038,464.310,197.929,97.609
630.594,468.056,197.201,100.130
627.522,473.904,203.063,99.983
626.117,480.553,202.166,99.800
624.445,486.049,208.927,100.763
622.241,488.184,207.811,102.307
618.930,489.088,208.884,102.543
615.787,486.421,213.118,104.946
612.374,485.257,214.250,105.776
608.793,482.641,215.680,109.499
608.032,484.474,219.357,111.986
610.126,486.518,222.069,116.053
612.439,489.219,224.519,117.085
613.340,491.920,224.342,116.229
611.434,492.188,230.414,117.954
611.414,494.377,234.087,118.199
617.846,498.171,239.547,119.274
618.069,501.588,245.874,119.212
617.302,507.395,247.066,117.536
615.625,512.599,252.466,121.116
609.842,512.927,250.725,125.363
604.855,506.349,250.755,127.154
602.899,503.040,248.587,130.910
607.281,500.954,256.799,134.720
613.066,504.212,261.626,133.422
619.649,506.563,263.802,129.469
615.692,507.625,259.870,129.935
609.031,503.742,259.938,132.914
602.408,497.623,261.275,141.803
597.457,493.412,264.627,144.062
602.241,489.160,253.886,149.046
606.430,487.693,253.302,148.474
606.530,489.337,256.596,144.796
606.612,489.517,252.956,144.050
608.496,491.219,257.597,143.704
610.566,492.196,260.775,147.144
616.627,493.603,260.810,147.466
619.406,497.044,266.641,148.047
626.656,497.890,259.300,144.365
627.758,494.570,259.807,144.810
624.511,495.547,258.537,143.632
621.872,495.239,256.486,141.164
619.367,491.488,258.447,142.565
618.734,490.927,253.183,143.304
618.770,491.296,249.680,142.184
614.234,488.837,250.830,143.709
613.426,486.554,242.561,144.852
607.893,488.820,241.246,144.447
602.210,488.175,236.917,146.859
598.847,492.846,247.007,147.980
597.593,496.421,252.959,149.250
600.698,498.266,253.755,147.505
607.158,496.516,255.161,144.810
617.792,498.138,255.436,142.336
621.078,497.930,255.351,142.371
622.033,490.487,257.641,145.042
622.305,490.603,259.807,152.167
622.396,489.038,258.431,154.103
630.102,484.151,260.604,156.283
641.165,486.706,266.773,157.639
653.394,492.009,264.083,154.836
666.048,502.652,276.007,152.573
674.680,512.404,272.298,151.140
678.406,518.107,278.655,150.295
684.170,516.639,276.141,157.736
683.561,514.054,284.042,159.147
686.800,515.297,286.930,166.028
697.351,523.109,290.313,167.892
704.976,527.898,294.077,166.717
711.514,531.920,294.742,161.776
704.984,532.359,302.118,158.710
697.846,531.082,305.001,156.882
687.953,527.670,300.713,158.016
678.217,519.871,300.991,161.401
669.432,510.121,298.706,165.899
661.890,503.035,300.863,172.940
660.688,505.467,298.244,174.470
660.916,508.664,293.220,178.124
658.306,512.131,293.862,176.226
656.670,511.377,294.856,179.101
660.967,516.245,299.150,178.109
664.014,518.862,307.384,177.959
669.744,520.282,310.907,177.461
671.901,524.840,312.706,177.279
671.804,529.128,314.314,177.656
671.847,529.461,309.970,176.517
671.378,530.160,312.312,174.651
669.440,530.019,308.237,180.078
666.942,531.844,314.648,181.618
665.324,536.958,312.617,180.485
663.688,538.238,317.317,180.305
660.533,538.866,313.095,178.570
650.501,535.870,318.488,180.303
647.593,536.310,316.148,178.943
642.318,531.010,313.841,186.209
641.538,529.301,310.562,187.692
639.283,523.600,313.624,192.813
646.452,527.956,308.638,189.515
650.172,528.287,312.820,187.886
655.671,531.489,315.408,186.818
655.023,534.064,321.076,185.068
656.394,526.508,316.870,190.903
658.787,521.050,315.038,192.468
661.090,515.778,313.387,193.157
664.540,506.416,318.314,190.200
663.061,497.054,316.343,188.722
661.739,487.695,314.095,189.827
663.855,481.927,304.488,185.723
657.988,469.064,303.840,188.590
653.675,461.760,289.940,190.737
655.542,457.333,287.149,187.353
654.740,455.842,286.431,184.300
654.824,453.645,283.962,182.711
654.918,452.842,289.249,182.491
654.570,458.025,292.706,177.189
652.812,461.398,300.780,179.101
652.164,464.044,297.893,178.922
650.885,467.068,296.290,177.959
649.159,466.400,295.147,175.157
653.335,468.851,290.435,175.263
658.066,468.396,295.429,172.108
665.449,471.424,295.102,172.368
672.513,473.135,286.394,168.494
672.362,475.155,282.300,166.654
671.957,473.809,270.083,165.437
675.380,465.537,265.354,169.708
678.944,459.503,254.827,169.885
683.429,455.269,254.609,166.683
688.985,453.594,261.656,161.781
694.654,448.849,257.728,162.212
699.120,454.662,263.119,156.316
704.350,456.454,262.407,151.920
702.853,454.472,255.008,152.286
699.318,449.307,255.764,149.985
688.755,440.370,257.673,147.858
687.880,438.113,249.264,142.994
689.222,431.704,249.983,148.250
694.263,436.790,250.700,148.492
697.190,441.907,251.798,148.684
692.218,449.652,249.353,143.262
683.596,453.497,249.178,142.766
669.573,457.274,250.408,145.410
654.512,458.509,246.896,147.144
643.605,457.651,247.336,150.005
639.223,457.444,235.658,151.577
633.762,455.704,232.586,154.301
634.782,455.120,225.239,152.813
637.754,459.048,223.012,151.276
637.484,467.033,224.287,149.647
641.456,470.353,220.377,149.973
638.383,474.324,224.700,151.136
635.917,480.855,227.787,148.781
637.731,483.352,228.584,150.055
631.179,482.018,233.532,147.533
630.121,475.872,227.843,144.586
625.482,466.336,226.210,149.473
626.659,465.227,220.910,146.537
630.861,467.901,220.070,144.792
635.381,470.549,218.542,145.575
639.284,477.616,225.023,141.443
646.428,482.617,229.666,139.300
647.718,488.153,233.533,135.034
646.399,494.493,232.969,127.333
638.457,496.463,235.067,127.873
630.661,496.520,235.036,132.620
623.331,496.692,233.073,136.166
621.450,499.146,231.128,136.251
621.582,500.854,237.259,134.612
626.827,502.347,234.637,132.341
627.057,505.388,239.820,128.727
630.210,511.374,247.931,123.790
630.738,515.407,249.681,118.879
630.972,517.548,250.595,117.359
626.894,517.202,248.799,114.963
619.890,516.432,251.293,112.438
616.929,514.744,249.808,112.784
609.718,510.962,249.101,117.659
605.082,506.740,245.353,124.390
595.931,500.399,238.828,128.331
586.647,489.169,232.498,136.413
580.555,480.689,221.854,138.748
576.999,474.561,221.943,145.036
578.780,469.855,222.691,148.341
587.426,466.819,219.966,152.228
594.145,471.161,220.808,149.403
601.991,470.944,220.027,146.927
605.752,470.211,220.070,145.513
611.915,473.122,228.518,145.779
621.223,483.114,238.425,144.445
635.620,495.123,245.684,143.099
648.762,505.811,252.087,142.010
654.760,515.469,251.828,139.358
649.734,522.867,258.129,139.570
644.592,527.259,261.571,138.389
637.767,528.220,265.309,141.422
633.566,526.432,262.081,141.896
632.142,518.211,261.839,146.367
635.206,514.916,264.340,149.427
641.305,515.260,260.891,148.342
641.043,512.660,267.714,147.243
638.489,513.105,269.640,141.183
626.017,511.808,270.752,138.697
610.774,514.387,278.335,134.315
597.774,512.237,279.554,141.326
587.430,514.410,283.518,147.334
585.149,514.829,288.898,154.270
589.258,516.299,287.444,154.290
584.538,517.957,295.198,150.972
579.538,520.737,295.898,151.331
571.985,526.066,299.141,149.147
562.193,527.933,304.352,151.331
558.382,526.680,305.527,162.002
556.654,527.986,303.642,167.849
558.336,523.727,301.635,175.012
557.737,516.425,296.848,180.410
559.317,511.205,283.961,181.587
558.059,508.324,282.386,183.710
557.364,502.090,276.930,190.703
560.062,498.492,268.774,193.757
561.998,493.977,267.643,198.220
565.752,493.923,270.742,196.945
570.774,493.016,276.414,194.599
578.068,494.684,286.431,194.977
581.679,499.891,289.148,196.393
581.172,499.777,286.343,201.395
582.525,501.442,284.118,206.238
587.887,504.703,289.876,203.592
591.814,506.333,297.581,208.598
599.957,512.878,301.245,204.487
610.496,518.255,300.036,199.196
611.784,521.961,293.547,196.676
612.260,516.833,285.376,198.752
610.020,513.710,286.043,203.567
610.485,515.946,277.381,202.961
608.980,515.251,280.865,202.926
608.480,518.300,288.077,199.695
606.525,524.501,297.749,192.576
609.711,531.171,300.004,186.424
609.697,527.370,299.559,190.714
607.716,521.234,303.042,193.411
601.211,518.083,293.269,195.836
595.768,517.174,290.722,193.815
591.430,516.183,282.291,198.649
588.407,514.970,273.635,201.077
589.001,515.924,267.279,200.577
591.869,516.510,268.037,198.014
595.820,516.352,258.750,200.635
590.608,518.581,261.875,199.828
588.659,519.976,257.983,197.497
590.264,518.441,253.418,199.663
590.010,516.972,252.576,201.701
588.911,512.570,242.125,205.987
590.565,510.466,244.184,205.723
592.848,504.288,242.311,209.106
596.815,499.314,232.124,205.981
605.198,490.687,227.176,209.230
609.170,489.179,227.094,206.568
612.119,488.371,227.268,206.449
612.986,486.202,229.436,206.016
611.501,481.276,226.748,205.858
610.205,479.055,225.013,201.646
609.633,480.454,225.305,195.435
607.147,480.262,228.174,191.616
603.159,481.860,234.896,186.326
597.087,482.070,240.339,181.720
593.885,481.342,244.234,177.739
592.926,477.591,243.650,178.565
591.527,475.396,246.866,177.526
596.743,474.029,246.076,176.487
602.128,476.327,249.491,176.062
608.515,482.515,258.961,176.278
613.958,494.093,267.321,172.796
620.706,506.495,272.756,169.935
625.994,512.118,286.327,168.174
629.925,514.071,288.128,163.829
629.497,514.600,292.031,167.559
631.185,516.919,287.326,172.661
634.446,516.334,284.371,178.735
634.495,514.554,280.211,184.100
633.181,521.570,285.114,178.708
635.251,519.675,293.622,180.690
638.619,523.770,289.192,172.039
637.583,517.765,281.882,175.116
630.877,513.709,273.949,172.108
626.133,509.342,265.178,176.495
622.259,495.784,257.331,187.583
626.923,495.475,246.683,187.321
630.235,492.337,244.792,185.423
635.711,491.598,240.666,183.914
640.633,496.786,240.090,180.699
643.025,501.190,241.147,177.731
641.260,501.308,245.092,178.324
645.730,500.867,246.201,180.045
646.534,504.017,255.557,177.119
644.744,501.367,255.728,175.600
640.678,501.779,254.952,173.503
637.157,498.391,255.675,176.908
639.409,503.831,255.853,174.968
638.527,500.641,262.701,177.959
642.227,502.212,259.630,173.087
637.566,498.822,252.830,168.836
629.113,494.293,257.326,163.000
624.049,487.600,250.225,164.492
622.833,482.512,243.722,167.762
618.831,477.763,238.774,168.761
616.101,471.761,234.192,175.543
613.367,468.137,233.161,171.824
608.135,469.101,240.420,167.493
601.809,474.114,249.055,161.484
595.382,472.507,253.875,161.885
593.711,469.875,252.753,159.036
589.297,466.745,249.547,159.678
583.768,460.649,248.613,160.280
577.772,454.054,246.215,163.477
573.541,449.427,239.414,169.116
570.826,446.599,234.775,170.343
570.155,438.523,236.518,175.688
570.035,438.603,242.881,178.793
573.823,442.055,241.147,179.817
573.550,446.122,244.191,178.768
572.274,444.754,244.234,173.557
569.081,438.786,244.438,174.363
560.313,436.302,242.139,177.266
549.921,434.944,237.213,181.227
542.304,432.135,235.423,186.013
532.576,435.012,233.919,184.452
523.160,437.861,231.965,187.069
516.066,440.026,235.306,189.830
514.373,443.951,234.882,192.984
511.622,448.807,234.843,198.189
510.754,450.766,226.219,201.180
506.807,451.388,223.860,206.771
506.751,451.402,219.665,208.466
499.253,451.579,213.679,207.256
490.680,449.062,209.342,207.657
481.036,441.078,199.009,211.108
471.836,434.236,195.668,214.947
469.869,433.694,183.585,220.959
466.102,436.519,181.038,222.164
464.230,443.159,177.552,218.525
462.341,444.412,171.082,219.962
458.597,441.428,166.147,221.271
450.735,440.025,164.604,219.088
445.594,438.554,162.721,220.890
445.701,436.991,147.320,224.397
444.339,433.743,133.291,223.244
443.232,431.639,120.294,217.428
440.265,432.897,118.784,217.177
444.332,443.701,119.015,209.723
441.872,456.877,113.501,203.606
446.222,468.807,109.066,195.891
443.689,474.569,111.498,188.464
446.051,471.313,107.354,186.273
444.233,469.314,101.648,189.705
447.217,464.870,99.574,190.803
449.508,467.490,94.715,186.393
456.413,467.806,89.953,183.100
457.164,471.161,88.195,177.676
459.657,471.528,84.461,173.433
460.157,472.841,86.858,169.835
455.934,489.199,87.281,153.167
459.737,503.940,85.698,132.716
456.874,523.946,90.997,109.580
471.957,520.307,79.840,107.854
472.053,513.567,79.648,105.515
472.588,491.419,82.433,118.600
468.242,471.282,82.409,127.180
465.554,454.676,82.041,131.471
465.995,445.286,74.501,133.187
470.910,449.006,66.666,123.951
478.568,457.264,61.729,112.532
485.874,464.241,56.641,100.250
492.893,469.799,61.941,89.286
496.434,448.252,65.295,101.222
494.182,439.012,75.181,104.372
499.096,439.698,73.344,102.824
503.736,446.717,76.250,100.274
507.544,445.729,78.789,102.951
509.737,443.931,75.487,101.853
513.065,441.478,71.991,102.368
515.332,438.111,70.211,102.563
512.168,435.476,71.946,101.371
508.791,434.151,71.172,99.059
503.533,434.096,72.108,92.446
497.873,430.590,68.377,89.152
489.160,423.182,68.425,88.780
483.572,421.529,70.703,87.716
478.614,424.918,71.610,83.940
476.613,424.260,71.099,81.523
473.256,420.012,71.558,83.154
471.473,416.761,70.642,86.409
476.104,415.810,64.197,86.275
480.773,416.909,59.332,80.649
484.388,418.157,58.199,76.075
488.911,418.528,57.567,74.397
495.938,422.305,55.179,69.858
505.964,422.107,54.434,69.132
517.921,423.324,52.793,68.914
530.638,423.642,51.935,69.126
544.720,422.787,49.825,70.235
560.147,429.095,46.949,70.069
569.355,432.603,43.607,67.884
573.055,434.374,45.040,65.433
574.200,442.553,42.967,63.797
575.094,451.970,41.391,64.607
571.972,455.073,41.628,65.238
566.125,454.757,39.730,66.286
556.518,452.657,38.747,66.777
544.153,452.165,39.086,66.129
527.468,451.348,38.473,63.476
514.414,444.160,39.422,60.123
503.788,433.543,40.483,58.139
496.130,417.058,38.044,61.163
491.691,403.323,34.371,61.598
490.737,394.513,36.833,59.230
490.819,393.631,42.096,47.896
495.929,382.191,41.061,48.714
502.849,366.791,47.011,55.786
511.894,361.252,50.148,58.762
525.299,342.213,49.620,75.357
541.040,358.688,48.534,59.932
562.497,373.419,43.114,44.734
577.539,367.084,42.877,47.544
588.746,368.853,35.494,45.725
597.822,370.078,36.144,45.626
603.499,373.076,35.144,48.191
606.874,374.555,31.861,48.039
605.526,381.768,37.228,46.103
601.968,393.110,36.455,40.607
598.471,399.778,36.054,37.364
593.628,399.708,37.430,40.519
584.639,404.671,39.566,37.069
579.307,405.872,38.904,38.827
573.319,403.903,40.892,42.687
569.729,401.547,40.676,42.945
566.367,391.336,41.769,45.131
567.232,382.827,42.825,48.309
569.161,386.496,57.086,52.169
568.452,401.296,62.775,49.409
561.576,408.487,65.818,51.650
552.695,411.368,53.964,49.048
546.082,408.790,65.129,49.156
546.624,419.286,67.907,49.965
537.800,429.816,67.720,48.954
520.931,422.630,69.219,50.152
512.921,424.685,55.606,50.883
509.823,424.873,54.662,51.891
503.861,415.919,66.052,53.741
499.704,410.031,63.845,54.997
496.504,409.788,65.364,53.220
496.837,413.377,62.335,51.474
496.890,415.721,59.958,51.782
498.980,421.086,56.224,51.539
497.486,425.676,40.520,50.029
498.369,431.314,41.922,47.989
496.369,436.759,40.790,46.103
495.612,441.880,44.566,43.696
497.973,443.009,44.538,43.298
500.432,444.848,44.374,40.500
503.485,447.579,46.518,41.161
506.934,450.022,44.374,40.500
508.456,448.587,42.266,42.691
507.903,446.631,39.715,44.902
511.190,442.789,34.493,45.653
512.847,440.561,31.339,46.451
512.137,438.835,43.015,47.607
513.159,444.793,44.339,40.970
514.542,446.972,46.963,36.441
519.339,448.917,47.583,34.047
523.559,450.799,47.599,35.035
528.899,449.611,44.876,33.965
533.666,445.623,41.704,35.578
537.072,430.536,44.430,49.470
543.675,427.809,45.895,52.102
544.562,426.995,49.417,53.241
551.030,427.749,49.156,52.041
555.704,432.038,47.221,50.065
560.195,438.731,44.677,43.117
565.277,439.687,43.318,45.167
572.237,431.988,43.210,54.455
575.893,430.048,45.165,55.798
583.192,430.397,43.337,57.314
589.653,431.640,44.822,54.727
589.666,430.930,48.481,53.359
590.945,433.015,48.882,51.025
595.776,432.415,47.524,51.526
597.252,431.038,48.930,52.298
603.742,427.230,49.049,51.689
611.493,424.073,49.313,53.961
617.820,420.817,51.672,52.397
627.764,419.100,51.335,54.472
637.312,422.156,47.936,53.769
641.380,427.201,46.637,51.332
647.344,430.806,42.259,48.436
649.097,430.848,42.375,44.910
651.550,429.930,41.671,44.998
652.801,430.406,41.694,44.131
652.739,428.896,44.054,45.431
654.619,427.076,46.653,47.280
659.512,427.862,43.732,48.528
660.555,427.417,43.682,50.530
661.235,428.606,44.672,51.256
659.079,430.894,48.216,50.137
661.014,432.803,46.515,49.669
659.652,433.018,49.143,50.591
661.712,440.605,48.724,45.023
663.221,444.683,46.741,41.099
663.084,455.811,45.871,31.432
665.185,454.191,43.342,32.392
663.519,467.010,42.396,20.110
666.514,468.169,33.537,18.261
665.603,453.329,30.656,32.686
661.172,446.356,32.338,37.865
658.642,444.348,29.135,38.309
655.311,441.650,31.171,37.204
654.105,439.760,31.526,36.186
651.431,435.674,32.180,36.602
647.915,438.235,34.379,32.791
645.925,435.586,32.551,33.362
644.636,433.646,32.686,35.394
645.902,431.125,32.485,39.270
646.406,429.657,33.407,39.273
646.789,425.647,31.843,37.139
649.180,423.230,32.791,36.795
655.772,416.804,33.377,40.747
662.021,413.041,33.021,38.795
667.582,408.955,31.048,42.861
675.729,408.548,30.894,45.356
680.596,415.168,30.765,46.073
682.079,425.363,31.197,46.456
681.299,441.779,32.758,45.005
681.192,453.419,32.972,40.676
683.265,449.784,33.092,39.710
682.184,437.433,33.149,41.853
680.646,427.948,33.914,43.753
684.267,430.052,34.195,46.756
686.637,433.981,35.058,51.466
685.031,434.286,35.973,50.940
682.109,429.039,39.150,52.572
682.200,427.647,38.785,52.715
683.936,427.294,36.852,51.973
682.552,426.955,38.475,52.386
678.829,425.775,42.051,53.397
675.617,425.670,43.057,54.937
673.441,421.337,43.019,57.846
668.237,420.746,45.323,59.130
667.487,420.968,44.014,58.373
666.645,421.517,47.932,59.103
666.103,423.897,47.097,57.965
666.127,428.415,49.349,55.413
666.640,431.644,50.110,55.573
665.924,434.614,52.708,54.405
663.561,433.852,57.649,55.283
660.504,429.951,60.598,55.737
657.933,424.367,62.475,59.445
656.581,418.082,63.594,62.129
657.744,412.966,59.502,65.805
653.970,411.464,60.396,68.683
656.548,411.346,60.402,68.920
661.484,414.710,61.414,70.613
666.438,420.698,61.279,69.731
671.388,423.714,62.256,71.693
669.938,426.983,66.631,72.262
671.963,430.154,65.641,71.204
673.258,434.916,69.768,71.413
673.740,440.184,72.484,69.087
673.754,442.762,75.866,67.484
672.348,443.482,77.960,68.914
669.854,444.848,77.802,73.243
670.230,448.988,76.897,74.480
673.816,448.182,77.152,73.817
673.868,445.811,79.164,73.876
674.416,445.552,76.844,75.467
673.931,442.547,77.661,78.882
674.591,437.692,78.068,81.210
677.720,434.572,70.056,83.620
678.807,431.077,71.874,83.699
680.206,427.031,67.832,85.412
681.471,429.610,65.303,84.375
682.327,436.585,63.590,85.579
688.653,439.838,63.080,86.327
692.355,439.320,64.412,84.846
690.504,436.729,71.668,82.033
687.944,438.583,79.706,81.856
686.466,440.612,82.499,83.958
688.236,442.111,81.959,86.790
688.128,444.419,84.035,90.122
687.721,448.626,85.548,91.484
687.462,452.753,86.773,90.846
684.545,454.900,90.291,91.894
685.321,457.025,90.748,93.669
683.624,459.004,92.665,95.619
684.129,462.117,92.411,97.126
684.263,465.177,93.470,100.296
683.832,468.159,95.108,101.319
681.253,468.489,95.154,103.214
680.571,467.070,94.335,102.676
679.843,465.783,95.001,107.419
681.758,462.359,95.628,108.797
683.537,462.128,96.572,111.508
685.000,463.151,98.849,112.584
686.925,469.833,101.120,111.886
688.471,473.992,103.357,113.586
690.214,478.678,110.291,112.462
689.359,479.578,112.671,111.110
684.288,478.881,116.762,111.160
681.762,471.957,118.847,116.338
683.224,461.326,117.809,120.636
684.144,452.444,112.628,125.514
686.882,451.623,114.297,124.298
692.966,452.925,115.253,126.468
703.476,455.512,112.112,127.093
712.904,460.952,111.908,124.820
718.222,465.154,120.675,120.439
719.845,469.076,130.234,116.703
720.710,474.296,137.401,112.688
722.894,477.078,146.983,111.359
726.207,476.666,151.116,111.416
726.327,473.844,152.436,113.677
726.092,468.202,152.906,118.371
724.351,462.675,152.344,122.953
721.023,462.471,153.243,126.103
721.297,462.829,147.122,129.846
720.996,462.188,148.278,132.233
723.571,460.109,148.178,133.304
726.969,458.323,148.988,134.906
731.564,458.434,149.175,133.263
734.205,462.430,152.074,131.760
736.495,468.178,160.258,127.072
738.358,472.871,168.529,127.682
739.814,476.221,172.371,130.379
737.455,477.779,171.086,132.666
729.184,479.257,174.958,132.726
723.897,477.877,170.580,133.657
717.333,474.304,173.133,135.666
714.825,473.027,172.620,135.455
712.351,471.870,174.201,137.157
712.129,474.802,173.716,133.771
712.934,476.995,171.191,129.385
704.016,478.480,175.908,124.626
701.789,477.903,176.209,125.779
697.169,476.691,175.908,127.310
696.726,476.820,173.497,130.348
698.551,478.150,171.957,133.711
698.899,479.113,169.134,134.214
698.401,478.349,166.210,131.821
693.994,478.403,168.496,128.745
691.174,478.729,167.644,122.486
685.694,479.098,172.286,122.897
681.135,483.676,179.945,119.866
678.452,486.250,182.371,119.718
673.093,488.360,182.427,118.755
666.484,487.041,183.271,115.502
653.016,482.195,184.586,116.749
639.122,477.328,181.195,117.953
630.805,470.459,173.539,126.131
625.472,461.561,167.620,134.747
626.767,458.465,157.803,141.541
627.890,461.927,152.566,142.096
629.038,464.322,148.797,146.145
628.173,468.035,148.164,144.622
623.985,469.111,148.918,144.521
615.636,466.492,151.815,144.181
610.399,463.065,154.293,149.555
609.987,462.412,148.122,151.468
610.211,459.207,148.874,151.276
613.395,455.774,147.619,150.025
620.121,455.951,147.286,150.863
626.567,458.810,148.727,151.117
636.699,461.432,147.674,149.475
643.565,465.627,148.229,150.610
650.371,473.623,154.062,145.985
659.868,482.084,158.779,146.173
670.599,495.666,165.087,146.168
675.042,501.851,173.002,144.687
672.246,503.897,177.645,141.546
662.277,506.373,187.101,138.182
648.870,506.199,194.907,137.563
635.573,501.257,202.169,138.602
627.393,492.463,202.776,140.435
622.258,480.506,195.462,141.016
618.858,466.184,188.622,146.706
621.881,453.580,176.245,154.589
621.716,437.627,169.962,161.365
626.102,424.780,150.908,165.170
623.782,418.208,144.800,168.196
622.082,414.137,140.383,166.333
621.858,410.969,142.361,164.404
618.644,406.836,146.341,164.404
611.044,408.889,158.434,161.851
602.400,413.818,168.026,162.254
593.166,420.545,170.954,164.341
579.621,427.190,179.918,163.806
565.103,425.581,187.301,166.337
551.236,422.806,191.693,169.058
535.633,417.886,188.636,173.127
527.956,416.561,185.904,176.500
521.534,414.866,180.978,183.879
523.283,418.067,178.939,190.625
530.683,425.764,176.340,194.454
535.449,432.915,177.929,197.205
541.122,438.471,178.964,199.600
545.399,446.249,178.741,199.569
542.870,448.461,176.236,201.575
539.331,450.048,184.822,206.322
536.682,452.280,177.994,203.813
538.005,449.741,173.442,204.699
537.972,448.741,168.603,202.550
538.982,443.032,168.064,206.563
541.287,441.075,161.590,209.358
546.236,437.140,153.901,210.969
552.853,430.453,148.600,212.801
560.192,424.658,142.471,215.132
565.501,416.852,135.361,216.717
574.156,411.277,126.974,215.512
582.669,405.443,116.570,215.920
589.493,401.587,110.545,216.326
593.363,400.752,108.998,218.616
594.688,404.020,114.387,219.500
597.330,410.693,117.349,217.254
597.187,417.988,122.110,216.410
598.320,420.352,124.403,219.171
595.712,421.149,130.282,220.884
590.201,418.821,137.906,217.728
586.942,415.548,131.926,218.025
582.933,410.432,125.338,217.728
584.760,402.902,117.717,215.594
590.638,398.354,105.004,213.199
594.596,400.376,104.278,212.452
597.243,409.405,104.948,204.530
599.210,425.044,108.649,194.394
605.204,442.759,102.483,180.801
615.005,463.637,108.782,160.583
617.528,435.959,107.970,184.449
619.507,428.693,112.491,181.173
626.536,418.558,110.451,180.556
633.148,406.802,109.100,183.717
644.584,396.266,103.246,181.531
654.812,388.068,99.512,183.672
666.408,390.053,96.076,181.596
675.810,394.581,94.738,181.538
680.633,400.520,98.224,179.377
684.056,407.597,102.003,180.099
683.990,413.168,103.222,182.268
683.969,417.241,110.404,185.929
682.891,429.232,117.729,185.782
680.749,438.609,124.382,188.350
686.516,444.161,122.048,191.045
691.300,442.792,126.235,187.060
691.040,434.180,129.215,189.515
686.127,433.738,135.910,187.894
683.006,426.835,138.950,191.776
679.962,419.824,133.279,195.671
680.030,415.864,135.082,193.574
680.896,415.876,138.851,192.579
686.100,419.764,137.291,189.390
694.085,423.468,141.326,186.498
699.715,428.598,141.446,182.091
701.710,429.077,149.019,181.777
698.089,424.692,148.679,181.975
698.366,415.613,150.428,182.357
698.955,407.624,150.576,182.085
693.649,402.815,156.546,183.080
689.504,406.849,167.211,183.830
694.095,419.749,166.808,180.504
693.014,427.603,178.009,179.400
686.518,430.387,186.708,176.336
680.361,432.481,198.660,173.601
674.876,435.652,199.595,173.206
669.717,438.513,198.003,173.439
664.044,435.034,197.471,176.313
663.005,423.416,193.196,183.480
663.420,414.447,182.559,189.726
668.982,411.294,178.889,191.188
675.135,413.971,177.689,196.198
679.900,419.396,179.370,198.801
679.954,426.897,186.069,199.306
679.265,435.140,199.018,197.475
677.616,437.480,207.870,195.572
673.762,434.744,208.714,194.181
667.642,429.018,205.230,197.972
663.276,420.216,201.851,205.081
665.251,417.698,200.751,206.859
666.433,418.668,201.245,212.266
673.971,422.202,198.579,209.749
681.303,425.718,203.535,208.848
682.782,429.854,205.528,203.464
681.199,430.104,216.060,200.101
678.934,430.264,223.920,198.947
678.030,431.246,228.264,198.252
675.517,429.478,235.419,196.679
675.210,426.600,238.186,201.144
674.231,428.573,237.953,199.390
666.705,430.119,235.558,195.426
663.304,423.411,228.608,196.380
657.980,414.699,227.802,198.531
658.216,410.517,230.736,201.362
661.338,408.881,232.695,210.246
668.776,414.392,228.002,206.308
669.880,419.847,221.451,200.174
668.009,417.458,218.025,200.313
666.196,412.226,204.923,204.086
669.099,406.517,195.839,206.491
676.411,405.865,191.283,209.807
681.782,408.463,190.570,211.433
684.676,416.566,200.449,211.696
690.093,426.370,205.691,213.111
696.520,435.250,210.862,214.216
701.058,446.572,219.242,207.748
703.448,458.595,226.423,198.654
703.261,466.609,231.893,193.669
699.580,467.996,237.983,190.895
698.239,461.033,236.826,190.314
691.214,455.414,233.867,188.369
684.185,447.488,229.015,185.313
679.008,439.857,222.861,187.781
681.047,436.647,210.588,188.464
684.673,433.996,208.919,192.970
691.398,435.159,199.894,193.861
694.372,434.329,197.098,192.762
693.422,433.942,197.049,188.854
693.467,432.593,188.076,186.531
689.956,427.184,185.718,187.219
692.131,425.631,185.474,185.101
691.700,427.983,187.449,179.654
694.974,431.404,190.828,178.327
696.246,437.501,187.915,175.363
697.465,443.354,190.569,170.930
696.314,442.136,186.730,173.728
693.378,443.519,187.914,173.848
690.766,442.554,182.649,171.798
687.392,440.494,176.984,171.309
688.366,439.677,174.686,170.502
691.711,440.929,171.799,167.306
695.071,442.042,175.270,164.400
700.166,445.099,173.911,161.003
705.676,447.507,172.946,156.858
712.040,451.762,172.085,151.646
721.375,450.877,168.628,148.884
728.619,451.421,170.948,144.624
733.856,450.418,169.600,140.652
731.475,448.711,173.436,137.574
728.538,447.938,175.909,135.101
722.661,443.572,178.094,131.178
718.638,436.603,175.426,129.503
714.649,427.148,178.879,130.313
717.894,414.975,171.471,129.597
721.800,412.577,168.140,128.718
727.788,413.587,165.297,126.993
736.450,417.604,162.771,126.793
741.034,420.020,164.820,125.125
750.095,421.602,165.683,125.125
756.002,424.807,165.107,121.885
762.689,427.216,165.655,120.192
768.073,426.544,166.758,121.253
775.453,426.827,165.946,120.688
780.708,421.082,167.349,122.250
783.549,417.712,168.546,121.250
783.410,417.675,174.833,121.325
782.167,421.175,182.862,118.992
781.651,423.019,185.371,116.190
773.444,423.756,187.960,117.953
768.439,424.593,187.238,121.347
761.909,429.763,189.437,123.375
763.557,434.200,186.753,125.523
766.471,437.164,184.299,126.341
768.453,440.426,180.641,124.706
770.081,444.153,180.390,125.672
771.290,450.580,180.991,124.280
777.142,450.889,176.488,130.565
782.049,456.558,176.104,130.177
784.612,459.501,177.950,131.568
787.111,463.340,183.379,130.328
791.478,465.025,185.174,130.674
792.126,466.161,187.305,133.700
789.514,467.780,189.995,132.996
785.564,469.055,185.805,135.218
784.758,471.544,182.019,136.593
786.751,474.815,180.241,136.049
788.420,475.403,184.117,139.264
792.618,478.979,185.662,140.449
799.165,488.773,185.172,135.405
802.312,494.629,183.318,134.475
801.147,497.362,188.794,132.471
797.063,500.266,195.062,133.946
796.201,501.859,194.197,132.054
798.705,501.830,195.923,132.112
796.474,501.521,198.451,130.153
794.377,500.336,194.605,132.524
790.356,503.874,192.675,130.916
787.746,503.791,191.214,131.082
784.716,498.923,198.858,129.401
784.265,494.574,201.368,128.785
779.761,499.597,207.149,125.838
782.832,508.871,212.963,125.710
787.410,518.644,215.930,123.202
796.070,521.772,221.151,119.232
798.691,525.460,221.111,114.132
797.255,527.803,230.665,113.901
793.436,532.158,236.030,110.710
784.899,531.843,239.186,111.016
777.941,528.968,231.902,114.157
765.907,522.543,230.895,119.193
756.127,517.367,223.548,121.573
754.655,508.158,219.230,131.406
758.632,507.625,212.973,133.490
762.467,508.187,211.718,133.042
762.434,508.819,212.122,130.433
757.883,508.735,212.227,133.933
751.891,506.142,215.095,139.120
746.586,504.390,215.320,139.854
746.119,503.044,214.167,140.113
747.814,502.032,211.124,139.709
746.494,504.871,211.702,137.812
743.877,500.210,209.751,141.317
741.559,503.313,216.110,142.005
746.165,505.934,216.016,142.725
747.263,504.851,211.005,144.890
743.862,498.507,204.502,148.124
737.675,489.933,197.350,154.463
737.742,485.690,187.426,156.305
739.961,490.168,187.099,147.691
744.689,497.813,187.291,140.385
749.377,501.125,187.979,139.280
760.705,503.988,181.855,139.066
766.551,505.009,182.592,137.342
770.945,503.271,183.635,138.281
770.206,506.665,189.900,134.685
772.310,506.134,190.815,131.266
778.279,503.577,195.687,127.181
782.856,496.032,199.180,129.941
789.019,488.516,197.485,130.153
787.880,487.434,203.616,125.895
789.963,485.608,203.299,124.416
790.597,485.359,203.942,121.728
784.297,478.356,204.862,122.791
779.360,474.314,207.749,121.346
774.424,469.446,210.939,119.946
774.099,461.863,212.546,119.497
770.900,461.929,220.539,114.259
766.494,462.198,225.220,111.181
764.791,465.223,234.327,106.714
767.641,469.814,240.660,102.914
769.157,470.216,244.562,99.590
768.564,469.361,243.872,100.675
765.351,468.886,244.025,104.448
757.262,470.923,241.343,107.406
751.127,472.355,239.092,107.446
739.961,468.590,238.301,107.589
736.619,467.231,237.930,106.459
743.098,468.838,241.225,108.663
756.088,469.358,241.501,114.105
766.394,464.202,244.842,115.435
769.971,464.013,246.441,110.427
764.757,465.740,251.586,104.332
755.166,474.401,256.483,99.022
741.701,478.592,256.604,97.344
725.924,477.548,259.660,100.381
710.654,475.386,261.438,102.765
695.668,476.888,263.844,103.372
689.702,476.659,265.855,108.458
684.181,474.420,270.095,114.637
678.710,471.165,261.315,120.796
669.586,470.386,263.557,123.065
668.995,469.882,260.051,129.124
669.948,475.041,268.046,127.606
678.848,482.946,265.423,124.752
687.009,489.966,265.489,127.464
689.785,492.579,269.511,125.919
687.758,489.545,265.084,129.039
680.740,487.801,268.384,125.493
676.316,482.894,263.262,130.528
673.948,479.860,258.345,132.884
669.123,478.004,259.830,137.339
669.697,481.624,257.547,135.392
672.165,480.562,252.986,138.264
674.261,480.752,254.787,138.634
672.623,482.731,256.560,137.309
676.174,482.259,259.600,139.004
679.752,480.666,258.529,138.009
683.457,480.083,271.918,136.148
683.443,484.216,266.553,132.891
683.749,489.638,270.462,131.088
676.780,500.112,273.462,129.753
671.311,506.901,273.462,128.244
660.593,508.742,273.137,132.066
648.507,509.383,271.076,132.306
636.919,504.627,266.949,132.716
628.382,497.531,268.202,137.868
630.748,494.434,265.783,140.980
632.599,495.527,272.549,141.508
638.332,502.584,279.563,138.012
639.315,506.319,287.820,138.405
638.933,510.770,283.387,136.298
638.502,513.565,283.855,135.825
636.127,513.848,285.854,134.866
626.493,510.899,289.393,134.473
622.200,505.420,286.518,135.948
612.123,499.492,285.728,138.319
600.486,486.622,282.721,150.121
592.859,476.665,274.862,155.590
592.774,473.690,276.276,157.813
594.576,475.646,281.873,154.737
596.667,483.592,284.382,147.210
601.197,486.728,303.182,146.674
600.370,487.445,288.792,151.152
597.556,486.070,287.310,159.756
598.878,477.633,285.953,168.056
598.832,471.285,272.883,168.907
609.797,468.936,256.540,166.729
612.148,471.530,256.808,168.582
613.873,477.480,253.775,164.183
613.653,479.875,256.258,163.890
611.747,486.342,262.531,162.441
608.144,493.509,275.115,155.967
616.728,500.163,280.342,153.442
625.693,505.468,296.873,148.644
631.930,507.428,288.607,147.669
630.785,510.192,289.245,145.035
634.707,512.154,299.450,143.982
631.867,515.138,297.231,146.329
629.689,513.532,285.295,147.451
631.876,513.742,278.048,149.907
630.714,512.268,272.197,149.586
628.575,503.795,268.390,158.447
628.228,498.001,272.386,158.892
634.825,500.773,256.692,159.183
637.309,505.899,266.699,157.834
645.804,514.174,267.780,151.961
648.087,517.892,287.839,152.196
648.218,521.886,276.259,147.143
640.611,516.736,275.728,148.966
635.668,507.644,271.009,152.950
635.815,500.132,266.638,153.704
637.038,493.512,267.839,158.839
642.450,496.902,282.633,152.886
648.083,504.255,268.454,146.505
658.781,509.189,277.245,142.197
661.391,514.270,264.470,139.990
657.653,515.315,270.020,145.218
660.959,513.741,266.185,145.192
663.344,509.566,264.171,144.093
654.388,502.692,271.924,145.729
650.008,501.000,269.122,142.734
650.438,507.263,270.615,142.759
647.164,516.832,275.588,145.274
645.114,526.559,279.288,137.440
643.175,530.175,287.872,140.406
639.320,531.114,287.931,141.348
635.127,526.295,288.647,141.296
633.533,518.124,289.005,143.492
630.855,513.629,285.393,142.696
625.209,502.116,283.750,148.746
620.283,496.304,279.620,150.501
621.275,491.467,276.405,153.604
619.982,483.252,269.910,158.892
617.255,481.830,268.730,158.003
617.078,486.957,264.957,162.194
623.333,493.732,265.318,162.346
626.707,498.415,270.210,162.126
631.438,507.374,276.259,158.461
639.349,511.655,278.442,157.853
648.040,513.355,276.589,155.293
651.140,510.134,274.122,158.003
645.686,507.877,269.610,158.766
645.460,501.934,261.365,162.369
641.600,494.386,260.418,165.495
651.254,495.655,257.323,163.789
660.665,501.888,258.648,163.660
673.889,517.022,259.375,158.507
680.090,526.408,259.564,153.545
679.570,534.432,259.405,147.889
671.220,535.036,261.987,146.289
667.690,523.858,258.457,154.525
661.651,515.078,251.326,157.679
663.318,509.393,245.599,158.682
665.978,507.324,245.022,159.660
668.045,509.895,245.643,158.875
666.221,508.215,245.333,159.466
659.727,510.689,246.435,155.706
655.089,507.750,247.868,153.741
655.172,508.435,250.045,148.855
654.296,503.306,255.274,151.388
659.493,497.899,249.604,151.573
661.541,497.695,248.625,148.474
660.444,501.148,254.282,146.952
661.360,499.122,255.548,141.713
654.954,495.646,261.497,141.422
651.271,500.104,268.479,137.899
655.315,502.800,273.872,142.521
656.922,511.936,277.780,140.473
656.527,518.070,276.988,145.617
649.826,524.113,285.161,146.401
652.459,520.792,278.668,152.633
646.520,508.377,283.529,156.003
640.019,499.609,281.369,158.796
631.733,496.481,278.050,158.281
631.248,497.042,272.296,161.781
627.886,499.353,272.296,161.781
622.003,501.665,274.817,161.781
616.705,495.579,276.126,165.507
610.031,498.257,280.052,164.862
607.226,496.796,281.791,169.075
598.592,496.076,283.318,166.580
587.231,486.336,285.609,167.366
580.336,479.850,283.642,171.586
575.505,479.507,277.401,173.596
571.020,480.657,277.587,172.613
566.954,481.073,276.954,178.793
566.811,479.097,275.011,179.626
565.853,473.632,274.702,183.432
566.639,468.765,273.578,185.530
570.317,464.967,271.187,192.222
573.314,471.462,277.081,191.579
581.787,477.311,284.579,189.566
589.159,481.374,285.188,190.280
594.214,480.936,280.206,195.352
591.974,477.942,269.703,193.381
581.884,471.755,261.078,187.921
577.684,458.013,256.625,201.666
581.264,460.972,251.741,199.390
587.325,464.191,252.632,196.541
594.499,466.524,251.224,192.322
607.855,468.038,246.963,192.816
619.973,470.552,244.562,188.226
624.513,480.440,249.235,180.051
629.502,487.320,261.739,174.775
639.615,494.632,265.921,170.857
642.855,501.545,274.377,163.004
639.537,507.293,277.204,154.472
628.610,503.758,280.418,151.600
619.832,499.081,279.402,151.051
611.088,486.608,274.274,153.791
603.481,470.982,266.461,156.669
582.441,457.246,268.438,162.045
585.082,444.284,252.714,166.666
590.281,435.208,242.727,173.728
598.974,437.364,234.387,176.407
604.594,439.240,235.771,177.134
610.357,448.012,236.929,168.183
610.911,463.355,239.820,157.881
609.625,475.269,244.339,151.202
612.155,484.702,241.202,149.261
612.395,488.331,240.344,149.218
606.676,492.031,241.544,145.988
602.553,495.807,240.008,143.704
599.157,498.153,240.852,146.073
594.855,497.931,239.313,145.391
592.690,494.768,236.170,149.848
599.652,496.238,230.157,151.052
604.640,494.887,220.553,153.753
607.998,488.810,211.625,158.903
607.328,482.707,206.724,158.256
603.846,475.999,199.200,155.376
601.315,469.164,198.275,159.184
600.152,464.461,190.643,161.122
602.412,461.793,206.140,161.541
608.708,460.397,186.974,159.585
609.901,459.648,180.441,155.207
608.285,458.487,177.304,153.507
603.831,460.953,183.242,153.857
603.341,468.631,185.565,154.973
603.054,476.146,187.498,154.889
605.711,483.310,190.032,157.280
612.452,486.138,184.856,159.240
615.526,480.527,176.991,161.869
613.463,470.903,175.351,166.193
615.379,470.974,170.152,163.319
615.370,468.215,170.170,163.163
616.705,467.048,167.167,163.163
617.292,468.278,165.663,163.018
620.136,469.800,162.278,162.278
626.488,467.047,153.152,163.557
631.703,466.998,149.699,161.117
634.987,464.478,150.910,159.312
636.817,459.014,151.289,159.987
638.599,456.419,151.776,160.503
644.139,459.132,154.452,159.767
648.994,462.554,152.609,159.217
655.064,466.308,155.454,161.697
659.729,468.377,152.476,158.194
660.356,472.797,159.312,160.245
662.213,476.081,159.440,158.479
662.075,478.008,165.443,158.443
662.135,478.458,169.861,161.433
662.491,478.580,169.150,163.511
660.442,479.376,171.581,164.251
656.476,481.830,179.850,163.714
652.235,486.361,181.802,163.244
650.975,487.558,188.464,166.718
652.861,495.619,195.348,164.092
657.278,503.777,197.274,163.558
664.197,508.225,193.867,160.777
666.699,512.573,194.876,158.094
670.239,512.493,192.015,158.254
670.573,505.025,187.507,162.017
673.541,495.946,178.079,165.509
674.944,491.064,168.399,166.681
684.626,486.124,159.778,167.498
697.016,486.319,158.917,165.470
709.594,483.668,161.033,168.175
722.199,486.658,156.591,172.744
735.978,493.043,153.062,173.470
742.384,503.782,157.863,168.626
741.936,511.656,170.518,159.738
736.593,514.480,182.527,153.759
728.835,511.807,190.659,154.407
724.500,502.749,192.113,160.495
724.197,490.505,186.037,170.914
722.563,481.310,178.589,175.018
721.542,477.441,166.109,174.963
718.963,476.901,169.903,173.315
722.464,480.046,169.087,173.898
729.794,479.486,170.899,175.018
733.201,482.875,168.586,175.164
735.925,488.888,169.333,169.333
738.173,497.241,173.655,165.515
736.687,503.573,181.044,163.042
735.315,507.655,185.853,160.384
730.762,507.306,190.466,161.775
726.822,504.846,188.850,158.606
720.712,503.374,193.790,155.656
715.043,502.975,196.088,155.758
714.338,506.617,196.098,156.528
716.302,505.980,193.924,160.259
716.493,506.644,195.307,158.223
714.833,510.038,194.049,150.379
710.917,511.661,194.353,146.107
705.442,506.038,193.484,150.263
705.833,498.143,190.311,155.460
711.374,494.186,185.778,156.137
717.265,491.397,180.138,153.868
722.376,487.371,175.579,151.591
720.660,482.154,178.685,145.692
718.871,479.703,181.294,145.100
717.963,479.204,182.136,143.176
717.899,484.221,181.294,141.545
718.120,488.937,179.890,139.487
718.626,487.320,177.926,139.867
720.962,489.280,180.210,138.477
721.910,490.544,180.526,135.632
723.863,493.850,183.823,134.344
717.917,501.867,190.997,127.436
711.489,507.118,194.472,125.375
706.799,508.838,194.472,122.874
697.824,500.602,192.605,123.552
688.086,489.109,189.203,130.772
683.413,477.912,178.064,138.984
681.049,472.712,170.185,144.972
679.926,471.253,159.217,146.001
675.922,472.848,154.407,143.117
669.189,473.864,152.992,139.597
659.354,477.817,160.663,134.617
650.113,478.830,168.833,133.770
640.872,477.956,168.042,132.807
627.370,473.461,169.618,134.318
617.001,466.291,166.183,136.572
608.391,463.086,160.780,136.648
605.126,461.104,159.003,136.458
605.823,462.925,154.067,132.226
610.018,461.341,149.677,133.395
612.655,459.235,144.119,133.643
612.399,460.138,141.017,131.560
613.385,462.393,145.588,127.866
611.339,462.686,148.313,124.550
610.931,463.730,150.491,122.461
611.611,471.895,157.567,122.189
609.734,473.189,161.321,121.825
601.431,473.764,167.262,117.308
588.803,477.693,172.874,112.537
574.470,473.946,175.858,115.285
559.463,467.432,175.648,124.607
554.000,468.729,168.508,129.713
550.891,470.210,167.028,134.747
552.026,472.944,158.743,137.097
553.643,472.606,157.285,140.137
565.427,475.816,149.763,138.471
578.250,482.993,145.765,135.374
587.876,490.235,141.695,132.136
589.915,492.429,138.439,129.941
585.528,488.898,138.347,128.407
579.370,484.982,137.307,131.163
572.269,485.286,132.705,137.541
572.857,485.044,123.139,147.496
583.641,489.638,108.054,147.494
592.448,488.860,89.177,149.302
597.285,488.167,85.513,148.376
591.760,488.805,92.952,144.843
588.456,488.883,95.838,145.850
589.998,492.006,97.013,146.230
591.736,494.729,85.664,143.410
593.699,503.798,79.072,135.266
588.915,507.022,78.078,129.854
588.440,506.227,72.375,129.428
583.091,510.577,79.968,125.193
583.757,510.786,79.037,125.776
584.353,518.984,76.646,120.359
589.550,524.852,74.342,112.091
587.540,529.265,110.038,105.827
587.235,477.582,127.504,158.623
595.197,504.520,135.205,137.767
604.348,500.476,137.661,142.577
614.806,507.779,139.478,134.146
618.478,516.186,142.277,129.667
616.956,501.556,149.947,148.586
622.527,533.669,144.190,128.634
620.737,552.729,147.224,121.323
618.876,550.764,148.537,123.914
613.012,574.420,147.227,102.135
614.167,547.626,140.005,128.461
617.011,582.038,134.317,92.142
618.499,546.187,125.553,125.998
624.547,576.914,119.004,92.278
624.799,571.998,113.667,92.656
626.737,578.233,111.026,83.680
633.010,575.275,106.396,85.735
637.351,570.052,102.312,86.027
640.543,562.844,109.847,85.207
651.907,553.757,104.736,87.699
661.054,550.928,107.382,89.517
671.493,557.153,106.949,87.093
677.924,559.270,101.058,89.829
679.723,561.188,97.268,94.401
685.135,574.387,92.014,90.861
699.651,560.130,80.743,105.461
708.186,554.186,81.626,108.464
708.640,546.936,86.942,109.573
718.468,542.261,81.955,109.144
718.873,540.903,84.559,112.051
722.913,538.594,80.185,110.425
720.572,535.154,79.775,106.556
720.957,534.531,76.052,105.402
721.988,534.791,72.554,101.827
721.438,528.573,70.899,97.573
721.239,523.053,68.632,94.453
720.977,523.906,66.571,91.455
720.755,526.730,64.510,89.250
720.466,526.949,64.784,85.315
720.956,526.077,63.506,84.227
721.342,528.029,62.440,81.055
722.052,529.635,60.735,78.699
722.766,528.522,59.031,78.292
721.666,527.528,57.557,77.287
720.392,527.170,56.499,74.664
720.807,524.052,55.408,72.576
719.922,520.823,53.748,70.901
720.354,515.992,52.637,70.801
719.831,513.276,52.824,68.389
718.515,509.977,51.600,64.379
718.314,505.303,50.499,62.632
718.238,502.402,49.187,62.019
717.404,503.893,47.318,53.177
716.629,503.635,45.750,48.365
716.529,494.064,44.626,53.797
713.840,494.097,44.416,45.103
711.376,481.261,43.762,48.714
708.547,467.859,43.034,49.327
706.465,454.764,41.923,50.808
706.141,447.129,40.905,47.846
706.671,446.791,41.793,43.033
706.902,443.985,41.671,45.328
708.153,443.060,38.995,42.216
706.858,443.701,38.080,41.178
704.103,440.110,36.827,38.974
695.523,431.616,38.551,40.148
683.737,418.730,35.173,34.066
665.373,391.331,39.565,30.873
651.259,355.782,43.002,31.796
643.663,330.441,41.609,30.799
642.569,311.119,43.942,30.687
644.905,304.476,45.225,29.635
657.149,303.336,44.196,28.900
669.161,305.124,43.923,27.970
675.252,312.832,43.732,29.836
681.232,329.346,43.957,26.476
684.432,346.147,42.628,25.563
685.520,363.719,43.380,29.408
680.956,389.297,46.212,26.826
672.745,417.875,45.566,28.426
663.544,443.037,46.535,29.967
657.472,457.870,48.399,26.263
655.418,460.915,48.144,25.395
656.658,463.738,50.775,25.913
651.809,466.396,50.614,29.945
646.446,475.594,50.491,28.874
641.613,475.948,51.434,28.319
640.158,462.937,51.816,32.146
642.603,456.530,50.865,31.012
642.106,459.946,51.065,30.305
636.575,469.803,51.139,30.746
625.000,482.233,51.383,29.509
618.929,491.135,51.584,29.655
615.897,496.223,50.265,31.573
616.137,497.282,49.385,31.696
619.036,497.541,49.474,31.339
622.669,497.718,48.609,32.406
629.077,494.593,48.042,34.123
633.405,490.989,47.895,34.604
639.903,492.309,46.723,33.432
644.970,493.435,47.962,32.611
649.623,496.060,46.292,33.884
650.021,496.617,47.088,33.407
649.385,501.230,48.519,32.293
651.214,505.287,47.565,30.861
651.577,507.467,48.226,30.892
653.824,510.042,48.152,31.171
656.654,511.360,47.531,29.620
658.816,507.814,47.891,30.442
664.163,505.431,48.219,29.850
669.795,503.247,49.197,30.491
675.551,498.721,48.849,30.085
681.256,495.659,49.844,29.583
687.457,493.964,48.534,28.812
687.262,490.136,48.624,30.240
686.460,491.081,48.688,28.504
687.993,488.450,48.924,29.115
695.459,486.842,48.193,27.420
703.122,484.923,50.030,26.512
709.513,483.133,51.126,26.731
711.458,483.246,52.270,25.321
711.665,482.176,51.345,24.613
709.367,480.461,52.865,23.535
707.882,480.011,51.998,23.584
706.161,483.056,52.267,22.712
704.197,484.679,52.121,21.884
701.411,485.280,54.223,21.975
698.762,487.645,53.333,22.390
