438.000,33.000,127.000,132.000
438.532,31.626,127.751,130.860
442.807,41.344,124.382,125.419
448.720,50.276,120.060,119.560
457.364,60.591,114.537,114.057
465.603,70.422,107.455,108.829
476.875,78.483,97.690,105.921
476.245,78.507,98.543,106.484
475.676,83.550,101.116,105.423
479.749,91.842,98.137,100.616
486.209,103.325,93.378,93.577
490.802,110.450,89.805,91.115
494.959,113.813,86.018,93.624
494.328,114.829,88.538,93.028
499.630,128.749,85.401,84.308
500.999,132.634,87.764,80.790
503.915,132.063,85.978,79.740
504.553,133.734,82.377,77.229
501.880,133.449,81.001,77.479
503.845,133.654,78.972,76.752
503.532,134.103,78.819,76.946
503.141,134.649,79.600,75.542
507.158,134.615,75.455,72.810
508.782,133.728,73.841,72.356
498.946,135.168,83.400,71.381
503.084,134.533,79.144,71.724
507.909,134.892,72.516,71.912
502.819,135.283,77.491,72.431
505.096,136.231,76.838,73.537
510.088,136.409,73.932,74.234
498.619,132.817,86.322,74.139
497.918,131.947,87.564,75.558
506.800,123.737,80.236,80.562
491.023,121.010,96.165,83.279
490.035,116.981,94.738,85.963
487.923,116.079,98.061,89.031
485.689,115.131,98.037,87.560
487.382,114.926,97.251,88.713
490.786,115.178,92.674,88.022
501.811,115.184,84.026,87.648
496.672,116.675,88.624,85.355
496.592,114.960,88.784,86.347
492.873,115.466,92.008,84.984
493.720,114.926,90.315,87.305
495.602,115.302,88.688,86.195
502.477,115.854,82.116,86.318
507.458,116.024,77.717,85.135
508.808,113.907,77.790,85.455
504.027,121.628,82.118,79.010
503.883,113.466,82.245,86.607
501.889,120.586,82.851,83.359
502.835,113.956,82.126,90.621
502.876,122.226,84.293,82.389
502.416,117.640,85.213,85.046
499.476,118.711,88.193,84.099
500.426,118.821,87.156,84.567
498.057,119.288,88.968,78.643
497.796,121.406,90.495,73.067
496.403,118.311,91.978,75.996
494.463,117.764,94.517,74.072
496.977,118.100,91.501,72.229
496.086,117.521,91.163,73.061
499.954,116.427,87.189,72.303
502.983,115.990,84.312,80.972
509.704,114.915,77.658,74.347
506.864,111.484,80.448,74.517
499.945,109.198,89.480,78.934
501.696,109.385,85.978,76.874
501.142,109.172,87.412,79.095
504.368,109.905,82.958,75.962
503.373,110.502,85.267,74.290
503.399,110.146,83.301,73.088
502.147,109.581,82.830,73.435
503.762,109.620,81.785,76.322
504.217,109.247,80.875,72.629
502.574,109.164,83.392,75.406
501.796,108.210,83.040,74.131
503.261,108.362,82.309,84.979
502.519,110.129,82.284,71.893
501.444,110.638,82.739,68.564
501.419,109.116,82.638,83.998
502.137,106.503,82.372,68.671
503.120,108.917,78.600,82.214
501.344,105.888,79.896,83.923
501.420,97.969,80.892,90.081
500.293,97.329,80.752,90.675
504.979,90.505,78.586,98.319
501.483,90.007,81.001,97.553
501.913,96.577,84.592,91.894
504.477,101.908,89.883,86.881
504.261,102.317,94.565,84.825
503.593,103.424,96.260,83.689
502.379,87.099,94.367,97.789
500.450,91.696,100.920,93.409
501.288,94.617,101.969,89.709
501.116,98.278,103.845,85.069
500.561,96.610,104.957,84.266
501.364,96.875,104.104,84.302
502.015,94.942,104.677,87.044
501.994,97.378,107.587,85.420
504.498,96.866,105.845,88.556
505.596,95.532,105.783,89.285
505.168,94.444,106.834,87.374
505.540,94.571,106.285,84.989
521.516,94.182,92.248,91.295
534.687,98.409,83.578,75.662
543.284,93.632,73.885,78.513
547.575,95.813,71.558,75.830
545.723,94.326,74.082,78.804
545.566,94.693,73.171,77.916
543.500,96.818,76.546,77.607
542.356,98.059,78.834,76.825
541.193,98.545,80.380,75.542
539.710,93.550,83.658,77.571
540.336,89.194,82.406,81.114
539.698,89.879,82.861,80.400
539.415,95.072,83.427,76.556
540.948,97.332,83.882,76.678
538.890,97.935,87.195,74.991
539.212,93.290,86.875,77.151
538.840,92.977,86.963,76.954
539.661,93.716,86.799,76.462
541.475,97.047,86.922,75.670
542.665,98.302,87.631,74.787
542.070,96.310,88.982,73.747
542.014,92.375,86.006,77.064
539.517,92.257,88.390,77.138
538.343,92.741,89.911,76.996
537.654,95.424,90.455,74.463
540.913,95.624,89.533,71.922
541.681,88.711,90.407,76.918
541.103,86.568,91.395,76.023
544.194,84.981,87.552,77.193
546.002,85.723,86.241,77.518
552.204,85.595,78.759,79.416
559.075,84.865,72.154,78.655
559.347,82.798,73.574,76.897
559.544,81.043,74.234,76.492
559.949,85.751,75.236,71.308
560.191,85.787,74.752,70.062
558.833,85.566,75.728,71.521
556.261,86.351,77.329,69.655
554.628,87.352,77.067,66.624
553.822,85.776,75.949,66.904
552.595,84.462,78.975,67.959
552.815,85.350,78.831,67.213
554.982,83.460,79.464,69.385
553.867,78.946,81.544,74.239
551.874,78.139,84.750,74.605
551.641,78.738,85.535,74.364
552.788,77.981,82.441,65.313
553.710,77.546,82.802,65.889
554.539,78.654,81.293,75.370
552.146,79.426,82.937,73.827
553.687,79.543,82.047,63.571
556.110,78.800,82.551,72.864
554.757,79.449,86.035,64.720
554.397,79.651,86.604,73.890
558.800,80.578,87.564,71.716
559.131,83.769,83.888,70.885
563.513,81.649,76.207,72.960
561.680,81.782,84.211,73.292
547.530,82.185,100.063,72.329
561.056,82.868,85.804,71.987
561.884,83.879,85.880,71.068
553.780,78.702,93.164,73.905
556.018,75.297,90.515,77.395
553.347,73.271,90.663,80.105
539.314,71.871,104.910,79.834
551.930,72.316,91.980,80.413
550.631,75.935,92.679,75.075
552.359,77.549,90.225,73.183
552.787,75.816,90.021,72.897
560.404,72.758,82.754,73.975
558.879,71.696,86.431,76.723
558.552,71.734,85.129,74.691
556.114,68.387,87.928,76.279
555.120,67.639,89.097,75.806
554.573,73.448,89.368,73.239
553.550,75.221,90.765,69.857
552.655,65.147,90.801,79.630
551.315,65.728,92.628,77.275
552.350,65.361,91.576,76.822
552.083,67.634,91.942,73.621
552.821,67.301,91.126,75.443
552.877,67.654,90.847,76.398
552.520,70.431,90.726,72.681
553.336,71.166,89.745,71.861
555.200,72.948,88.755,73.936
556.168,73.823,90.395,74.462
556.270,74.023,90.356,65.175
555.682,74.052,90.150,70.952
553.533,73.510,91.246,69.955
554.014,74.070,90.605,68.354
551.412,73.265,91.711,68.389
553.024,73.365,90.073,67.713
555.158,73.557,89.250,66.859
560.366,72.207,86.718,69.251
561.234,70.699,84.207,70.715
562.065,70.504,83.781,70.024
561.875,72.497,83.392,69.110
560.686,71.314,83.794,70.563
561.444,71.928,83.972,70.875
562.158,67.949,83.781,72.188
561.283,64.867,83.814,70.079
561.110,65.352,84.007,69.877
561.033,64.968,84.774,67.881
564.641,67.276,82.729,66.913
565.160,69.726,82.438,64.251
566.355,67.232,80.778,65.587
564.967,62.777,81.071,69.385
564.245,62.837,82.365,68.361
565.223,61.331,82.064,69.566
565.784,63.525,81.851,70.028
566.239,64.435,81.245,68.815
566.791,63.275,80.440,69.335
568.870,62.493,78.377,70.599
568.256,62.014,77.817,70.363
572.071,62.102,74.925,71.668
573.353,62.198,72.948,70.301
572.499,62.460,73.939,68.627
573.113,62.129,72.711,70.858
573.307,59.667,72.900,73.477
572.967,60.788,73.433,72.847
574.066,54.705,75.046,79.150
576.036,56.718,76.207,79.144
576.334,58.484,83.856,77.322
581.099,57.881,82.083,76.266
586.460,57.480,79.924,75.959
587.246,57.532,78.975,71.328
590.144,59.317,86.882,74.384
592.510,58.333,85.856,74.097
592.696,58.563,86.443,74.437
589.992,59.651,88.801,73.867
588.037,59.306,87.524,75.530
585.158,59.562,91.163,75.344
583.239,61.692,92.840,74.571
586.348,58.498,92.620,75.795
586.603,55.551,94.631,76.478
587.178,52.338,97.234,77.616
588.095,51.977,95.574,80.080
587.908,49.470,95.773,81.591
587.273,52.369,96.159,80.575
586.967,52.041,95.887,82.114
589.625,53.141,94.655,81.868
599.163,57.874,87.058,79.818
602.091,59.354,87.051,77.694
600.520,58.207,90.027,78.670
607.602,56.577,84.292,79.572
604.790,59.444,85.979,75.478
601.567,55.980,87.254,77.236
598.782,57.567,87.558,76.695
598.751,63.918,87.948,72.688
598.863,61.363,87.884,75.718
603.055,65.688,87.026,75.084
609.289,63.844,84.120,77.637
614.881,63.277,81.527,76.989
615.206,63.236,82.778,76.752
615.903,62.835,81.226,78.673
613.774,63.272,82.761,77.479
611.156,63.953,84.144,78.203
606.730,65.173,85.680,77.064
606.027,66.196,84.313,72.082
610.257,68.681,80.536,68.362
619.919,69.432,72.059,70.276
621.303,68.785,71.001,71.001
627.149,69.640,68.007,67.294
631.191,67.091,64.530,70.631
634.445,65.260,63.581,71.715
633.293,63.972,63.988,73.613
628.556,63.085,66.171,74.700
629.195,61.782,66.444,74.485
627.714,64.744,67.855,73.498
626.107,62.703,69.653,76.873
627.954,60.978,70.355,77.391
629.075,59.101,71.816,79.368
625.703,57.391,77.049,79.919
626.057,60.122,77.440,78.539
630.284,57.719,72.108,80.692
627.303,57.194,74.089,79.906
625.058,58.474,76.422,81.045
624.505,60.704,74.850,78.474
624.611,60.779,76.328,80.474
624.605,60.961,76.968,78.853
625.162,60.588,77.571,79.444
625.656,57.134,78.317,82.099
625.793,54.184,78.684,82.699
625.386,54.330,77.720,82.245
625.347,56.553,78.439,83.562
625.181,56.193,76.989,83.310
624.654,57.542,79.166,83.502
624.608,54.609,77.953,86.107
623.713,51.391,77.447,87.948
625.180,49.995,78.652,91.567
626.237,49.176,79.260,93.377
627.035,48.575,78.354,94.232
627.493,44.926,82.429,97.057
633.606,40.623,79.874,101.007
638.425,38.000,73.297,101.211
641.419,38.555,73.177,99.927
646.436,39.274,67.948,100.035
646.072,39.106,69.335,100.700
648.061,37.337,68.542,103.399
649.458,34.078,68.614,101.825
651.086,36.392,74.575,101.556
652.059,32.873,73.327,102.832
652.512,34.848,75.032,102.537
652.452,34.845,74.800,102.017
650.983,35.078,75.988,102.601
645.945,34.669,79.513,102.888
639.523,42.108,84.569,94.348
637.752,48.987,85.068,88.470
637.982,55.967,85.825,81.647
638.161,56.068,85.468,82.619
639.929,61.300,83.955,78.223
642.399,63.018,82.266,77.551
642.712,61.614,80.840,77.959
642.567,60.664,81.131,80.335
638.859,63.668,84.668,78.367
639.607,63.223,83.172,77.953
636.920,60.188,84.668,83.053
637.905,56.836,83.370,86.395
651.356,63.636,70.755,79.600
654.511,63.232,69.867,81.612
655.340,62.506,70.634,82.306
656.327,63.989,70.185,80.713
657.428,62.951,70.401,82.034
655.674,62.299,69.955,82.577
653.575,64.681,69.422,80.865
653.769,63.993,66.633,81.491
653.882,64.303,67.884,81.608
653.537,64.261,68.425,82.438
653.117,64.222,72.878,79.504
652.480,62.168,75.983,82.849
654.679,63.664,75.563,80.335
654.533,64.032,76.478,79.444
652.972,63.953,76.010,81.785
652.564,63.745,76.510,80.620
652.528,61.982,75.323,82.099
649.219,60.958,75.165,81.468
648.631,61.637,77.440,79.325
651.223,61.244,78.382,76.968
652.608,61.923,80.278,76.389
651.907,61.947,80.738,77.126
653.863,64.152,82.359,73.507
652.277,65.788,82.409,73.825
655.555,64.773,75.542,72.732
652.617,63.253,74.733,77.853
648.040,64.982,77.916,79.906
648.585,66.522,77.933,78.565
649.503,65.094,77.193,82.830
653.842,61.366,78.919,84.682
653.430,57.436,85.651,87.292
654.195,59.022,86.024,85.332
655.512,59.993,85.450,84.592
656.785,60.836,84.781,84.099
656.059,59.769,86.233,85.388
657.358,60.646,89.829,85.699
654.162,56.614,92.008,90.779
653.477,57.512,90.813,90.264
654.758,58.517,90.432,89.524
651.890,55.195,93.107,93.107
655.526,56.407,93.110,91.991
654.755,55.076,93.724,93.724
656.032,65.169,92.484,83.667
654.026,82.174,93.151,68.850
656.602,88.980,91.531,66.320
656.793,88.739,91.774,66.489
657.272,91.451,91.755,65.450
659.108,86.492,91.341,69.630
661.053,85.401,87.609,68.779
662.229,89.298,84.945,66.587
655.615,86.001,89.592,72.126
656.275,85.821,88.433,72.486
656.492,85.934,88.159,74.027
655.351,86.479,89.307,72.936
655.731,83.683,89.354,75.620
655.313,82.487,91.014,77.683
654.628,83.397,92.047,77.717
654.185,84.099,92.085,77.500
653.898,84.806,91.813,77.948
653.338,89.015,89.710,72.921
653.783,93.870,91.252,69.209
655.821,102.067,92.107,62.200
657.160,100.730,91.097,62.449
655.724,102.343,93.063,60.732
656.480,100.486,91.550,64.446
656.803,98.042,89.981,67.332
654.345,95.810,90.994,68.987
654.330,94.623,92.452,71.044
656.009,93.564,91.533,73.162
656.817,95.031,89.589,72.032
656.670,93.999,91.494,74.419
657.047,92.628,91.567,75.009
657.324,92.763,92.674,74.737
658.017,90.652,92.953,76.961
655.993,89.619,95.815,77.500
656.612,89.538,95.440,77.664
657.043,88.675,95.268,78.527
657.251,88.994,95.544,79.101
657.323,87.633,96.270,80.080
660.556,88.054,95.792,79.240
666.027,90.312,91.135,78.564
665.128,90.081,92.593,78.518
672.075,89.134,87.083,79.555
675.137,91.431,82.958,79.127
681.824,91.487,76.251,80.153
686.441,89.757,72.183,79.072
683.881,90.641,73.363,78.516
683.608,91.120,72.692,77.559
686.074,96.020,72.126,75.890
686.155,97.983,73.741,73.741
691.445,97.222,69.212,74.525
691.041,95.009,71.748,77.367
692.513,92.708,71.796,82.715
692.858,91.712,70.951,83.935
690.772,91.325,72.960,85.481
693.423,91.859,71.926,83.624
693.603,82.952,71.410,93.502
692.502,81.938,71.485,97.658
690.538,82.167,75.413,98.204
691.311,81.219,73.867,99.065
691.525,82.021,80.302,100.206
693.244,80.043,78.840,105.240
693.590,73.138,75.228,110.468
690.121,78.342,78.697,104.077
687.703,96.968,80.263,87.164
687.112,94.632,81.111,90.998
689.464,108.467,81.225,79.504
690.934,111.171,82.473,79.252
690.840,107.521,81.851,82.337
691.772,104.746,79.658,85.089
690.990,105.194,76.433,83.367
691.268,104.136,77.959,83.562
687.105,106.653,82.083,84.345
687.667,110.512,82.792,83.625
688.583,109.845,79.627,84.125
688.525,108.098,79.416,85.651
689.108,105.690,75.773,87.824
690.189,105.926,75.248,87.680
690.419,106.357,74.625,89.582
687.859,106.189,75.478,91.558
688.117,106.325,74.629,93.786
687.725,107.300,73.234,91.501
687.424,104.646,74.493,93.035
687.189,104.687,73.630,92.953
686.748,104.966,78.652,91.236
687.917,117.515,76.991,78.687
688.486,128.140,80.848,71.172
687.242,134.071,82.577,65.545
686.915,135.263,81.313,64.637
685.500,134.215,82.401,64.702
686.540,130.949,81.055,66.691
686.632,127.253,81.608,70.098
687.268,129.107,84.125,68.967
688.593,131.854,84.832,68.507
689.203,131.778,82.849,67.896
689.370,133.353,82.666,66.253
687.616,131.564,80.824,67.601
687.456,130.567,78.331,68.558
686.324,129.108,80.449,69.860
688.279,128.770,81.641,70.986
688.362,127.187,85.900,72.474
689.421,127.856,85.363,72.242
688.926,126.946,85.565,74.220
689.101,125.278,83.301,74.683
687.437,125.155,85.837,75.562
689.153,124.964,84.668,76.105
690.411,124.840,87.628,76.191
689.404,124.821,87.843,76.720
690.534,124.175,88.710,75.708
689.931,125.603,90.081,75.150
689.739,126.530,87.329,74.947
688.993,124.618,85.741,75.854
687.590,124.250,88.708,77.236
687.600,124.669,86.695,76.730
689.234,124.592,90.134,77.865
691.440,130.748,89.757,72.948
691.908,132.537,89.469,71.154
689.899,132.096,90.445,71.716
690.848,133.376,89.354,70.934
689.726,134.692,90.322,69.736
691.299,125.973,89.562,80.176
689.614,124.852,92.085,83.605
690.881,118.543,92.008,87.618
690.962,114.269,94.367,93.107
690.310,109.421,90.795,97.361
691.010,110.010,91.845,96.183
691.226,110.138,92.730,96.680
691.520,107.856,97.641,99.537
692.324,122.255,99.985,83.782
692.013,133.669,96.202,73.070
694.059,141.294,92.951,67.570
692.174,139.763,92.743,69.041
694.546,138.153,94.742,70.174
697.096,136.434,94.550,70.504
698.241,134.880,91.769,72.794
697.996,134.471,90.134,73.612
698.378,136.377,89.206,74.202
698.297,136.785,89.206,74.202
696.911,135.236,90.836,76.159
696.685,118.009,92.121,93.953
699.829,134.758,90.498,79.302
698.611,136.252,88.862,80.553
698.951,135.320,85.980,82.079
700.469,135.393,84.461,81.595
699.387,130.547,84.458,87.956
701.921,132.586,82.841,87.329
701.890,132.751,84.951,88.193
704.441,132.583,84.016,86.793
704.362,134.406,84.858,80.068
703.044,136.471,85.018,79.240
704.243,136.097,85.583,79.658
704.810,138.670,87.759,77.162
706.594,146.876,92.446,67.519
709.366,144.955,94.355,69.299
708.730,140.219,95.790,71.478
708.606,141.516,95.872,69.545
708.285,139.483,99.948,71.485
708.232,137.578,99.038,72.582
709.787,135.600,100.010,74.327
711.122,130.825,103.207,77.491
709.894,127.126,105.842,79.337
711.042,127.322,104.831,79.128
711.967,125.803,104.260,79.792
711.145,124.617,106.998,81.253
712.585,121.394,107.291,83.407
712.765,118.163,108.259,85.128
714.260,112.511,108.150,88.940
714.467,113.337,108.522,88.862
714.860,108.422,112.061,91.811
719.100,106.599,113.737,93.021
719.496,105.087,113.975,93.365
718.222,105.283,113.838,92.558
718.806,101.601,113.493,94.372
717.149,101.153,114.735,93.818
718.953,94.996,117.163,99.474
722.426,89.625,117.563,103.732
724.825,94.173,116.525,99.942
725.386,94.439,116.482,97.249
725.236,97.246,117.635,93.341
726.485,96.642,116.188,94.127
723.794,96.545,121.361,94.322
725.809,94.461,122.041,99.560
725.279,94.604,122.880,98.833
725.169,83.573,122.218,107.658
723.363,78.851,120.318,111.822
721.548,78.358,121.165,112.344
721.390,80.097,123.583,110.734
722.311,97.537,119.400,95.286
720.065,98.827,110.862,93.987
719.435,99.785,113.145,96.572
720.881,99.862,112.767,94.951
721.968,100.740,112.250,95.268
722.797,98.047,111.629,97.960
724.114,96.093,116.540,96.209
724.267,96.474,126.627,97.781
721.763,97.395,126.727,97.946
722.209,96.837,116.687,99.508
721.339,97.967,117.347,97.249
722.846,98.417,126.537,96.348
725.530,96.842,130.455,97.510
724.054,94.721,128.884,99.716
722.634,95.750,134.905,99.703
721.612,97.785,130.913,98.881
720.916,98.409,129.797,99.002
719.951,99.308,133.089,99.703
721.462,97.271,137.908,101.240
720.614,99.148,135.819,99.853
719.754,99.187,131.478,99.774
720.741,98.788,123.303,101.719
720.986,99.223,123.934,100.850
717.961,97.430,117.883,106.229
719.753,100.119,112.504,110.711
720.997,102.479,115.160,108.899
719.636,101.797,116.090,106.229
719.134,104.824,114.200,104.405
718.740,103.904,113.240,104.714
719.742,120.928,114.289,96.186
719.317,128.050,115.348,96.228
719.148,138.376,118.852,87.609
719.240,135.122,118.465,87.570
719.283,132.984,116.134,87.968
718.595,133.611,115.280,88.537
719.102,134.321,118.724,88.739
720.484,135.925,120.483,89.026
720.521,136.011,120.203,88.439
719.674,135.811,118.384,88.220
719.531,135.931,118.465,88.388
718.874,135.208,117.114,88.399
721.643,135.633,117.682,89.178
724.286,136.740,116.908,91.066
724.478,135.787,117.970,91.112
723.259,134.632,117.919,91.553
725.197,133.585,117.163,93.231
726.347,133.040,115.702,92.436
727.452,134.730,116.599,94.025
728.320,134.582,116.960,93.903
728.180,134.259,115.768,93.497
728.906,131.986,115.358,93.246
729.702,130.860,118.334,99.027
729.381,131.524,118.541,96.613
729.850,121.028,118.678,108.591
728.416,124.111,120.635,107.434
726.230,122.396,125.235,107.898
725.111,126.333,128.637,103.979
725.966,128.525,132.021,101.448
728.514,129.452,129.242,100.753
725.465,131.362,135.340,103.105
725.462,132.041,136.056,110.028
726.326,127.490,135.308,114.227
725.720,124.067,136.271,120.576
723.539,125.330,140.119,113.943
724.242,125.348,138.207,113.907
724.537,125.799,132.594,114.764
723.123,124.613,135.177,129.987
720.053,125.057,134.676,130.957
714.470,122.672,137.059,127.478
718.694,122.105,137.873,126.759
720.149,123.296,134.963,128.347
720.404,120.243,139.198,129.443
721.502,119.687,136.735,130.019
716.674,116.577,139.978,132.498
720.413,116.576,135.773,135.500
725.823,113.700,131.743,139.621
722.428,114.244,137.176,139.349
727.274,113.248,142.449,141.064
728.599,107.914,142.071,142.923
726.924,109.230,155.403,142.571
728.597,108.066,159.212,142.813
731.154,106.050,159.536,148.054
732.470,105.317,156.596,143.367
728.527,104.064,157.279,149.175
728.970,100.455,150.260,143.207
732.744,97.178,144.768,137.133
733.182,97.185,137.403,142.763
735.371,95.600,136.672,148.459
734.418,95.692,138.009,147.989
733.889,91.283,141.069,153.659
736.655,89.442,138.779,153.511
736.806,90.240,142.275,154.545
741.085,109.568,142.631,137.877
747.853,101.611,142.846,155.194
746.826,137.169,144.304,125.223
749.003,134.381,145.064,131.338
747.673,129.507,140.532,135.829
747.396,123.559,147.725,142.192
749.883,124.150,145.072,134.337
753.628,123.366,146.811,133.668
754.067,127.056,148.459,129.936
755.145,124.437,150.751,128.778
754.037,114.296,147.386,136.778
755.273,117.332,148.891,134.968
757.262,115.769,151.732,137.525
759.397,114.270,152.668,138.500
760.033,118.012,149.649,135.674
760.720,113.138,150.840,138.864
762.281,109.869,147.429,141.057
765.855,110.257,150.384,142.302
766.295,106.655,153.609,148.039
764.540,107.252,154.097,142.917
764.330,106.504,152.734,146.494
764.286,99.745,152.821,150.424
764.480,101.169,159.114,149.700
765.203,102.750,163.234,147.776
763.741,93.559,169.891,157.445
763.494,98.557,174.645,152.036
763.731,97.927,170.257,152.318
760.450,95.680,178.432,153.264
768.199,97.799,177.174,149.025
767.692,111.506,177.864,146.323
765.492,111.956,186.787,148.977
764.651,107.248,185.463,152.714
764.998,106.056,186.454,153.412
765.429,89.967,178.817,155.788
765.616,92.673,174.435,150.041
766.282,98.323,185.097,141.659
770.010,96.216,178.937,145.225
768.488,96.229,189.725,144.552
769.821,93.881,189.381,146.265
767.893,80.390,189.572,159.920
767.142,85.733,184.449,156.555
766.160,91.214,178.249,159.880
764.994,91.008,182.611,162.998
766.424,91.965,186.318,157.627
767.956,93.565,185.313,154.427
770.188,97.965,176.785,147.321
770.034,98.914,166.428,147.685
767.169,100.500,166.189,147.968
764.185,98.144,168.702,154.879
764.384,96.934,172.188,158.594
764.375,97.745,170.550,157.635
767.281,96.819,180.818,163.098
774.178,94.855,179.397,159.120
773.585,92.240,179.230,153.867
774.378,94.324,166.999,149.367
771.250,92.181,182.739,150.175
771.744,92.644,181.421,150.908
771.715,93.585,182.803,151.343
774.161,94.294,181.909,164.584
774.981,95.118,184.777,165.017
778.202,92.656,178.334,167.494
779.095,98.514,174.817,164.432
778.189,98.190,174.930,163.381
777.600,101.987,167.980,159.513
774.104,102.121,171.041,159.572
775.305,97.588,168.309,164.010
778.621,98.755,164.005,162.008
781.244,97.766,165.292,162.678
781.521,96.736,164.410,164.410
783.739,95.005,163.924,160.303
781.289,92.367,165.578,163.955
778.235,94.114,168.384,162.771
777.852,99.217,167.491,159.200
774.245,99.316,171.761,161.292
773.502,99.002,171.248,161.253
775.627,85.817,181.968,170.991
772.313,90.082,201.664,165.287
767.097,83.864,207.708,171.140
765.576,91.630,220.193,172.226
760.712,93.959,221.347,189.781
758.989,94.502,221.511,189.515
760.220,94.912,221.511,192.386
757.757,96.068,230.569,188.009
758.863,88.812,225.022,195.020
762.380,92.000,223.439,199.125
761.369,96.565,222.083,198.439
760.214,99.136,223.972,195.398
757.474,95.089,223.172,195.956
757.265,94.670,210.192,195.537
756.878,93.853,191.492,201.634
757.077,94.405,173.400,203.283
757.369,93.108,160.794,203.999
756.163,93.919,163.207,202.376
754.119,93.640,158.565,209.117
751.348,93.535,163.013,212.610
753.100,97.723,163.609,206.096
752.176,97.084,169.135,213.992
755.276,91.777,168.646,220.420
752.705,93.080,168.766,218.585
754.764,90.812,168.880,220.813
756.452,95.265,169.758,214.615
755.338,94.794,173.515,214.409
756.360,96.182,176.490,220.130
759.746,91.785,174.851,220.636
758.702,94.367,176.938,219.404
762.311,89.607,177.614,218.268
762.424,90.731,180.148,224.692
761.890,92.737,184.035,216.251
764.088,91.481,183.632,216.765
763.973,90.346,181.863,229.428
762.833,90.892,184.142,230.382
762.158,93.139,184.256,219.706
763.678,92.651,185.645,219.875
765.443,89.677,183.330,229.871
764.587,86.597,185.043,229.864
764.249,88.447,185.718,224.100
765.150,88.512,186.778,223.153
766.580,88.103,183.917,230.101
770.022,88.288,181.151,240.025
770.790,93.848,185.463,239.765
772.746,118.733,181.128,200.550
770.559,140.379,184.738,185.120
770.012,142.984,185.463,183.982
769.953,142.185,187.061,188.539
772.069,140.526,179.818,199.380
774.764,138.972,169.498,204.383
776.777,139.048,166.591,195.288
778.807,137.728,157.836,197.205
778.260,139.560,156.104,196.013
777.523,141.619,150.925,208.354
773.071,139.953,173.327,212.396
771.370,140.883,183.260,201.317
771.828,141.521,172.727,203.502
769.272,140.471,168.459,213.857
767.958,143.227,166.143,212.146
770.257,140.351,160.419,224.286
769.213,140.485,161.748,224.397
768.405,140.084,162.600,209.548
766.526,138.759,165.619,212.938
764.693,142.153,166.275,217.437
765.982,141.613,164.458,217.374
763.007,138.587,165.487,218.125
766.671,136.634,159.680,223.552
765.200,137.979,161.487,220.484
771.161,136.803,154.852,214.150
770.180,136.296,155.719,215.527
769.203,135.888,156.574,214.510
768.913,136.660,167.069,216.638
766.792,140.670,171.311,214.329
769.954,165.724,178.417,197.218
770.124,173.041,184.463,189.722
771.306,181.724,193.339,184.346
769.646,181.997,194.389,183.044
768.642,181.740,194.132,185.068
770.406,178.972,198.957,184.909
767.305,180.373,200.164,187.102
768.525,179.714,189.970,192.684
772.694,185.240,166.688,193.895
774.998,186.019,163.522,193.057
772.463,191.850,146.184,195.978
772.633,196.906,144.825,200.110
771.802,193.398,146.148,198.611
771.524,188.987,151.480,197.538
772.837,191.174,155.778,199.049
772.431,189.480,157.646,201.378
774.569,192.440,160.505,201.167
777.490,194.471,162.216,205.017
776.432,190.346,163.602,202.676
776.180,187.021,165.566,204.951
779.695,188.477,162.221,207.569
778.190,191.653,162.295,204.888
777.171,194.037,167.984,201.946
776.366,188.092,169.226,206.095
776.787,188.612,172.126,204.306
778.320,187.827,172.816,205.126
779.861,187.040,173.884,212.357
780.247,187.813,174.650,208.888
781.467,187.399,176.421,207.801
778.861,191.670,172.819,205.008
778.632,187.948,172.900,207.555
779.764,187.828,166.464,207.038
779.367,192.106,162.427,208.144
777.739,191.614,164.946,207.288
780.993,187.904,157.699,211.376
779.758,195.955,157.609,213.193
774.110,196.068,152.748,215.170
772.764,193.246,155.442,215.367
774.318,192.905,154.529,216.414
773.220,193.088,155.994,213.851
772.961,192.137,164.192,216.119
774.338,194.961,160.682,214.243
777.369,192.435,156.108,210.746
774.796,190.670,165.974,210.282
766.856,191.412,165.017,215.158
768.646,192.624,167.095,212.357
767.326,192.436,155.024,218.015
766.047,194.670,156.846,217.229
767.575,190.900,155.268,215.526
769.043,190.639,161.121,216.414
771.877,193.466,163.301,215.991
771.142,192.367,162.137,217.813
768.697,196.317,163.266,216.308
765.687,193.496,165.147,229.851
767.100,192.143,163.882,231.776
765.539,220.237,158.419,206.803
767.135,242.036,158.492,191.858
767.817,242.291,160.620,189.602
763.156,262.262,173.788,170.991
762.031,253.180,182.251,177.764
761.311,243.373,190.895,186.933
760.320,255.907,198.171,186.447
754.000,255.650,208.888,184.268
758.307,257.464,200.275,182.997
751.534,255.847,209.989,193.895
745.777,265.082,219.482,198.867
753.893,252.854,217.887,220.396
754.911,264.340,217.605,202.250
751.518,266.716,190.355,201.281
751.513,262.773,193.106,204.073
751.426,268.169,161.466,215.950
748.079,267.775,158.070,228.323
748.034,266.359,157.399,215.568
747.466,265.381,163.696,230.059
749.632,265.746,168.693,229.718
749.620,264.317,167.928,230.211
752.483,263.282,173.620,227.951
754.079,259.788,176.402,224.584
753.768,257.654,179.813,224.069
753.292,262.434,180.765,219.329
746.791,262.855,181.408,224.468
746.550,261.104,181.891,226.757
741.107,265.893,182.610,207.825
738.765,274.988,187.684,200.951
738.154,281.011,193.570,199.012
741.751,272.781,193.059,217.438
752.958,267.052,187.874,214.947
751.574,264.323,190.241,215.982
755.411,273.728,178.104,194.332
753.900,266.915,164.355,209.822
745.758,269.984,163.913,201.825
741.404,271.111,176.264,203.214
739.668,280.575,170.256,197.937
740.229,272.915,170.973,207.741
741.979,267.401,168.603,213.112
747.305,269.922,170.481,209.969
753.778,271.145,170.032,206.764
758.021,268.583,167.932,207.004
753.542,263.861,165.322,212.343
754.037,265.355,162.456,211.231
750.008,265.696,161.619,214.997
750.582,269.076,159.351,217.941
744.424,275.793,161.963,212.716
745.865,256.522,158.338,226.728
751.092,262.196,163.052,215.380
752.328,265.208,159.830,213.107
756.458,268.620,169.685,212.569
755.757,264.649,171.086,218.229
754.294,267.810,170.918,213.841
757.475,266.811,163.409,221.196
751.621,275.765,158.367,214.329
751.537,278.960,154.479,213.100
745.245,297.257,160.526,195.755
730.676,293.198,191.796,220.565
731.881,290.674,202.559,234.672
721.798,301.887,216.612,223.600
712.431,310.118,229.615,212.868
714.345,311.627,225.345,214.720
725.767,316.416,218.789,212.626
728.960,312.641,214.131,218.017
713.999,316.499,221.118,218.954
690.579,324.611,234.904,215.072
697.276,322.742,231.866,225.563
696.488,324.295,231.153,224.287
699.956,320.228,227.864,224.674
706.473,316.993,191.715,234.771
715.264,315.883,159.692,247.607
705.515,305.096,171.624,255.644
689.459,302.544,187.387,267.036
691.369,303.983,183.119,266.396
683.429,308.937,193.251,267.986
672.047,310.769,198.242,241.991
685.618,325.156,184.262,236.470
700.890,311.813,182.956,260.650
702.739,315.344,187.130,256.210
702.525,316.366,187.558,256.796
704.946,324.418,185.351,264.849
706.658,328.163,189.913,250.703
707.720,324.246,196.523,249.366
701.382,327.487,199.450,245.102
693.525,328.732,202.324,247.039
693.949,329.575,196.551,245.800
693.175,331.855,199.860,250.925
692.255,327.332,206.183,247.420
689.525,330.298,217.521,235.610
691.777,332.530,208.484,234.771
677.813,348.090,216.933,216.048
677.542,345.644,207.944,218.774
661.040,346.091,227.278,219.161
655.404,343.544,226.935,221.128
659.832,341.478,209.106,219.426
667.924,347.014,187.348,211.356
672.003,346.373,180.782,214.629
673.700,345.678,180.148,215.232
675.080,345.284,186.061,226.269
675.702,345.885,188.924,227.120
673.537,345.815,189.936,231.407
666.516,346.518,190.968,234.198
657.890,347.657,190.445,232.343
658.340,348.417,186.175,232.930
654.334,345.286,190.019,235.857
654.009,347.118,189.823,234.313
653.923,348.588,194.217,233.483
663.658,348.547,193.927,232.712
669.626,348.395,191.346,230.891
670.639,348.566,189.320,230.970
671.089,342.625,192.606,234.059
666.617,343.146,190.921,235.993
655.349,344.635,190.920,235.993
647.482,346.123,190.070,235.993
647.070,347.885,195.138,236.710
645.689,348.362,190.155,234.897
645.544,347.734,187.060,235.729
651.670,348.360,188.674,234.477
663.871,350.187,187.439,231.245
668.415,351.631,189.602,228.773
661.834,349.617,189.830,229.882
662.652,349.968,184.848,229.597
653.551,351.685,194.385,230.290
650.324,363.869,179.230,219.483
650.569,362.792,182.711,233.950
655.874,391.233,173.757,203.958
655.999,389.862,171.621,212.357
655.816,388.263,175.808,214.409
654.321,388.966,191.626,213.393
657.052,392.463,185.758,190.615
657.266,396.235,178.927,182.317
650.161,395.165,196.031,179.394
640.354,398.454,191.601,176.949
642.140,397.338,196.878,176.600
635.340,394.954,190.698,188.832
629.939,396.984,197.319,198.459
632.322,396.768,194.137,208.400
636.769,393.446,182.424,209.807
639.849,393.767,186.056,209.949
641.867,393.091,182.812,207.741
645.479,392.779,185.343,210.315
649.231,392.419,181.791,209.060
645.309,392.767,181.441,206.803
641.820,395.368,180.665,205.090
637.395,397.763,176.418,204.923
635.381,395.915,179.686,207.857
633.459,396.463,180.432,205.213
637.007,396.223,179.500,204.152
642.838,395.987,176.268,205.391
651.684,394.236,176.110,204.699
660.659,392.414,174.127,206.443
660.394,391.600,174.278,206.172
660.205,390.651,172.759,206.172
654.806,392.894,173.737,204.707
648.763,398.937,172.982,201.686
639.836,399.872,174.745,201.687
635.916,395.898,172.816,203.623
635.916,394.771,174.695,205.126
644.392,396.091,175.186,205.521
653.010,397.474,181.112,203.514
655.201,396.652,180.954,201.701
654.981,392.645,187.901,205.505
648.539,399.729,195.274,205.510
648.684,401.782,197.792,204.211
634.159,406.153,195.470,205.927
619.820,404.675,191.611,204.867
610.500,402.777,189.225,206.680
615.968,406.671,182.647,206.023
623.830,406.035,177.016,215.836
622.363,406.765,176.820,214.766
634.686,407.235,172.466,215.778
645.611,402.355,173.401,224.378
647.452,403.240,170.509,217.478
647.082,403.214,171.248,212.517
642.127,402.841,166.253,217.085
639.711,404.169,167.284,213.287
631.453,404.164,162.243,210.651
621.509,408.058,164.362,204.712
619.238,407.970,163.030,201.217
601.378,406.303,186.781,199.837
605.829,402.974,187.546,203.014
604.663,404.854,189.097,201.990
611.192,402.964,187.774,202.248
621.577,399.906,183.002,203.292
626.185,398.439,185.373,199.662
625.269,404.668,180.270,201.071
613.627,403.425,182.590,206.605
615.522,402.947,179.577,208.340
604.640,403.736,180.432,205.213
606.262,406.192,176.803,209.545
612.232,405.422,178.729,206.463
621.581,403.248,176.189,206.580
635.149,399.906,170.075,209.441
633.318,401.140,171.848,208.862
640.370,399.777,166.843,213.484
638.812,401.144,165.050,210.750
624.179,401.140,176.380,211.507
611.828,403.646,182.519,215.002
605.500,402.451,171.374,221.358
607.685,404.266,168.174,217.729
609.770,405.070,179.334,221.485
624.387,399.246,174.849,229.939
636.292,404.150,158.270,234.192
642.917,401.295,154.277,234.116
638.588,394.248,162.174,230.318
639.138,395.185,160.298,229.993
632.732,396.697,153.492,230.431
622.840,402.673,156.702,231.287
615.423,407.771,161.244,228.333
613.828,405.143,167.508,223.984
617.717,396.562,171.361,227.189
618.429,396.735,172.701,225.658
627.717,401.280,160.845,225.263
638.000,407.559,148.664,222.234
637.675,403.959,151.864,225.793
634.281,399.348,152.722,214.998
629.038,398.405,153.414,219.060
629.371,399.615,154.217,214.802
624.426,402.353,152.073,219.903
622.100,406.111,146.473,221.907
618.044,404.738,144.472,216.708
604.215,401.526,161.151,216.402
611.921,404.348,152.838,209.638
611.690,403.504,153.301,211.684
626.303,405.831,138.501,204.145
629.903,407.576,137.024,197.961
622.592,404.031,141.097,196.151
616.512,400.824,144.594,204.231
615.157,404.162,137.669,209.945
613.132,403.186,143.082,209.853
589.547,407.432,159.700,201.014
582.238,406.791,167.862,201.219
620.514,404.677,136.596,207.288
619.693,403.462,140.599,198.930
624.732,405.204,140.560,205.820
622.109,404.550,145.126,207.128
626.973,404.656,141.300,206.221
626.555,401.507,138.718,207.394
619.489,405.002,139.604,200.745
602.147,408.175,153.507,203.112
618.068,406.458,135.812,212.560
617.940,406.945,135.388,213.287
622.022,402.693,128.925,212.946
617.498,404.691,136.646,209.281
619.781,409.424,139.532,202.863
627.600,413.222,140.054,204.021
611.266,412.277,161.884,203.202
610.492,411.460,162.705,202.292
605.771,407.284,167.064,204.108
606.124,405.087,161.552,211.090
601.872,404.532,156.007,215.526
592.853,403.976,159.725,217.005
581.035,402.537,165.473,215.785
578.679,403.024,165.269,216.702
582.546,401.934,160.943,215.096
589.971,401.402,152.056,215.785
591.287,399.040,158.854,217.609
591.066,398.050,158.551,217.357
593.774,398.196,155.365,218.551
594.666,398.562,155.058,218.188
600.399,399.042,144.696,220.542
599.423,400.578,139.852,216.038
589.269,400.315,139.966,214.127
585.064,401.990,140.749,210.777
588.228,400.186,140.282,206.803
587.405,401.577,143.292,205.726
595.816,403.057,140.562,184.208
602.953,404.312,140.784,189.109
603.439,406.747,145.692,184.891
602.336,403.880,143.626,188.653
594.040,400.956,148.020,192.524
595.344,401.854,145.074,193.095
586.435,401.203,150.490,194.062
580.586,399.005,151.582,194.695
584.789,399.296,149.027,198.931
591.057,401.564,149.243,195.085
599.053,398.313,148.968,196.119
596.549,399.881,149.529,195.380
601.168,401.078,152.608,188.536
597.650,395.144,156.248,194.971
586.607,383.880,163.298,202.811
576.846,372.389,163.518,211.954
566.924,365.070,168.454,213.549
565.721,362.874,166.304,216.803
547.363,367.103,188.574,212.146
537.468,366.189,206.361,218.782
537.321,367.151,215.158,224.087
530.573,367.066,186.002,220.739
536.753,345.177,170.395,232.468
536.629,345.788,169.846,230.847
532.295,331.888,170.977,246.746
547.056,327.376,155.436,253.714
528.133,336.912,175.385,250.153
529.888,340.417,174.810,245.657
552.599,340.907,162.565,242.189
551.264,339.664,166.823,247.852
530.839,335.321,192.200,245.951
536.414,306.406,190.190,268.965
543.227,285.603,184.260,293.367
522.306,287.599,199.585,284.257
522.937,281.462,193.556,281.276
519.727,282.864,192.500,286.881
544.501,300.752,179.160,264.742
514.557,311.419,209.385,255.188
515.135,312.224,202.214,244.322
523.635,312.394,197.234,235.523
517.345,314.887,212.836,233.990
517.890,312.607,213.534,236.763
515.252,310.779,212.506,241.321
510.011,290.486,207.578,260.152
514.241,283.318,204.237,252.156
489.630,293.568,228.931,238.015
493.361,299.038,223.338,218.665
497.570,295.604,218.015,225.090
504.521,255.953,206.774,243.603
511.775,226.815,201.702,242.581
513.013,229.899,200.995,222.689
518.176,225.147,197.450,245.329
515.535,227.054,200.087,255.177
513.828,228.472,198.527,252.342
493.415,231.829,227.698,252.350
480.133,226.556,228.836,253.303
494.245,236.022,208.810,246.908
496.337,234.881,215.995,256.012
488.534,242.849,217.951,251.373
486.419,243.383,221.711,255.929
490.008,244.059,216.439,248.381
498.418,241.050,211.690,252.078
497.835,236.599,212.394,254.965
476.421,239.730,223.552,258.948
462.944,252.141,227.382,256.286
462.107,251.259,228.573,259.018
471.636,262.367,219.747,242.160
454.995,247.237,221.631,253.490
453.298,252.924,200.814,250.187
461.716,255.067,187.118,250.388
483.362,254.628,188.449,250.832
479.662,260.795,190.190,242.851
490.865,257.458,175.098,244.792
492.155,256.272,159.662,246.336
470.701,255.911,179.931,246.263
478.011,256.746,184.288,247.123
466.342,256.416,197.800,243.085
466.417,257.612,197.649,242.888
466.530,255.337,185.578,246.122
463.084,257.783,180.923,244.225
471.507,257.889,181.326,250.323
478.961,257.170,192.021,249.201
476.372,258.193,191.502,245.841
479.200,258.664,187.148,245.767
468.475,257.075,178.982,251.520
459.433,257.545,185.175,254.403
448.992,258.678,200.839,258.657
454.517,263.000,193.897,254.575
471.860,259.095,162.324,255.271
473.519,266.457,162.674,249.107
493.570,259.567,144.346,248.372
495.972,265.825,142.575,239.648
490.261,264.969,148.074,239.880
485.843,267.603,148.612,228.953
485.574,261.726,147.674,237.016
486.347,266.329,147.252,232.306
480.753,261.802,148.074,239.510
478.598,266.891,146.349,229.708
480.172,267.551,147.241,222.880
483.069,268.736,147.611,220.873
486.347,266.690,147.204,219.540
485.032,266.965,149.115,221.151
481.761,264.436,149.837,220.755
478.745,264.102,150.043,218.509
472.163,263.101,153.414,217.609
472.808,264.029,153.587,216.119
481.041,264.507,145.873,218.809
479.581,268.397,148.079,220.330
478.390,272.951,151.906,226.412
468.971,260.696,172.601,234.589
462.650,237.448,177.994,251.286
448.807,214.121,176.479,256.466
441.261,212.937,183.482,271.605
441.424,209.809,183.603,268.034
425.280,212.780,202.121,271.420
426.031,220.057,196.868,267.179
430.323,231.032,191.499,250.739
432.187,239.264,189.088,228.573
425.592,252.411,173.559,206.855
427.054,251.941,174.427,209.692
416.681,245.041,173.359,192.876
414.378,203.428,177.233,231.062
404.530,207.934,184.367,224.077
417.309,208.398,171.026,223.555
430.750,212.851,171.954,215.041
430.059,214.829,173.337,214.938
433.588,219.051,165.118,207.268
403.611,219.403,176.948,212.856
385.583,219.329,178.799,215.725
398.310,222.208,157.672,221.370
385.095,224.378,171.378,219.274
383.441,224.545,174.299,219.718
370.708,223.945,189.581,221.700
373.090,225.137,191.389,224.245
397.454,226.533,175.007,222.283
394.177,229.527,179.587,220.241
389.598,227.356,178.791,220.602
389.511,225.506,178.964,223.109
372.940,224.204,187.694,220.510
366.615,222.885,190.978,221.112
370.817,223.649,194.089,220.406
382.949,224.916,190.535,217.459
401.568,221.935,180.613,218.529
400.404,222.230,180.953,218.337
408.851,220.301,177.995,218.213
412.989,218.103,168.536,217.478
411.039,219.931,157.492,213.821
407.056,218.375,157.736,217.301
402.520,218.785,156.800,207.955
403.159,220.769,155.161,213.753
402.697,224.805,155.355,213.704
413.273,212.771,152.802,224.280
417.390,217.412,150.869,210.920
420.675,211.789,148.586,204.663
410.118,212.860,159.573,202.172
412.933,213.236,153.943,202.859
402.900,228.722,162.691,190.632
410.889,227.405,148.829,194.677
412.060,228.675,151.258,192.819
416.517,213.537,149.529,198.459
426.389,207.834,146.008,208.484
426.765,209.069,146.653,206.362
431.849,212.324,146.581,206.467
427.845,212.847,146.233,201.593
423.636,206.761,145.373,200.361
415.346,206.149,148.627,196.119
412.784,210.590,147.260,192.361
410.551,207.306,147.680,196.907
415.374,212.142,147.260,196.119
422.670,214.273,151.376,194.237
429.038,211.186,148.937,194.578
422.767,210.702,150.917,192.819
414.175,210.761,156.485,191.336
414.416,211.440,156.003,191.710
405.528,212.444,158.201,185.895
403.297,208.617,152.025,187.029
403.334,202.519,151.951,190.445
402.658,186.683,158.752,202.699
401.219,174.891,170.610,209.761
401.319,172.981,167.381,212.066
393.353,156.051,179.165,234.611
383.134,135.360,184.407,259.566
381.558,127.103,175.288,260.302
377.671,106.272,179.640,289.135
385.826,118.533,175.648,273.281
387.661,118.731,172.855,272.006
394.193,122.732,177.161,277.031
396.248,130.350,180.595,262.240
379.359,131.626,188.230,240.516
369.904,129.561,190.517,212.680
354.685,128.246,195.956,207.246
354.564,130.540,199.025,203.869
343.599,132.480,211.278,206.036
359.848,133.995,195.905,205.513
367.418,137.933,198.440,206.876
359.127,137.917,205.286,204.880
352.933,135.627,210.281,209.049
354.825,136.903,208.176,201.880
343.094,138.042,212.335,204.121
338.834,138.842,204.187,199.187
335.965,140.336,190.547,206.695
325.187,137.631,194.627,204.160
332.681,142.706,189.620,201.596
332.308,140.488,193.106,205.640
357.405,143.109,171.257,204.789
358.616,142.702,167.709,203.727
351.405,143.135,169.545,203.232
342.884,141.051,173.949,207.401
344.316,140.579,172.606,200.740
344.901,141.442,172.181,203.487
347.811,140.521,167.485,197.835
356.794,142.068,165.930,199.117
364.009,141.841,159.148,207.584
365.648,145.847,156.963,207.584
362.751,142.943,158.055,218.094
362.238,144.201,158.338,211.489
362.678,141.921,154.163,216.414
359.675,142.252,154.684,209.902
359.831,145.491,153.650,202.342
367.786,144.241,149.747,197.426
373.137,138.325,155.566,187.574
372.221,138.357,158.083,189.221
371.642,130.847,153.009,187.626
357.588,125.622,160.427,190.274
344.439,122.151,165.396,187.426
346.021,116.409,155.883,191.856
346.074,111.947,155.778,195.588
345.286,112.182,157.354,195.119
352.075,110.850,156.401,195.326
361.991,109.764,152.676,196.448
363.795,113.000,149.416,193.444
357.764,109.224,152.961,196.226
352.083,112.349,150.803,191.710
350.833,112.135,151.598,191.116
349.982,114.349,148.873,188.391
354.703,111.346,148.479,190.710
362.858,112.631,147.343,191.512
364.253,113.588,150.267,194.305
363.425,114.248,151.924,191.958
362.398,116.472,153.635,189.221
358.240,114.731,153.410,188.261
354.325,112.934,152.736,188.454
354.267,114.091,152.851,186.479
357.987,114.672,154.205,188.698
359.238,115.404,156.485,187.577
360.267,115.163,156.829,188.401
361.243,115.061,157.287,190.327
360.152,115.236,157.736,188.244
355.143,114.781,157.054,187.429
350.158,111.580,156.371,189.363
346.656,109.064,152.690,189.914
346.237,110.540,153.527,188.667
342.262,108.805,152.961,191.116
335.595,107.871,155.688,191.958
339.358,103.459,162.355,196.973
333.498,106.312,167.628,193.059
334.470,120.000,172.886,174.687
332.129,109.158,172.694,186.621
335.750,113.988,172.646,176.243
339.319,103.642,171.794,185.761
344.738,70.620,169.897,225.695
353.208,59.926,163.546,239.632
357.723,64.052,158.875,236.134
356.520,61.546,160.505,240.370
354.988,59.447,159.638,246.534
337.096,56.802,171.590,251.427
324.368,59.882,180.833,245.683
324.431,63.660,173.951,236.860
331.791,63.479,165.731,204.726
329.859,64.822,167.751,203.882
317.487,60.521,179.540,198.789
315.357,58.939,186.447,203.844
318.836,64.873,180.270,203.292
334.248,64.207,160.940,207.690
330.497,67.717,161.853,199.936
330.383,66.115,163.162,202.061
334.135,64.587,159.656,198.207
332.043,63.248,160.993,199.816
331.724,64.741,163.067,202.218
335.429,64.383,163.657,201.480
339.430,65.474,159.656,197.479
339.231,64.979,160.055,198.468
342.929,66.484,153.728,191.180
346.355,74.565,152.025,170.213
353.102,67.211,146.905,177.189
349.966,62.088,145.100,183.879
352.176,61.768,143.952,184.193
354.026,61.886,143.512,184.608
355.657,62.213,145.795,184.608
354.605,62.819,147.899,185.038
348.082,59.300,153.992,185.122
341.888,54.807,159.278,188.022
337.285,49.323,162.243,192.750
338.717,48.653,162.921,192.318
340.375,45.857,159.605,194.363
330.245,40.763,169.285,197.146
332.609,39.139,167.117,196.372
338.554,40.489,162.844,194.397
339.836,40.095,156.362,193.405
339.678,39.656,156.678,191.844
335.737,37.676,155.881,191.293
336.938,38.608,153.479,191.157
336.464,40.157,152.711,193.206
345.706,42.457,147.994,190.327
353.814,42.821,143.880,190.271
351.242,41.919,144.719,191.745
352.197,41.028,145.812,184.518
351.154,37.974,143.626,181.751
340.433,40.166,151.150,178.661
340.300,39.306,149.770,179.724
334.334,41.414,160.059,179.451
333.980,42.956,162.123,177.386
334.540,46.392,165.419,176.628
340.261,23.158,162.531,192.300
334.399,3.846,162.213,202.235
321.209,0.149,172.999,198.387
317.510,1.721,177.427,194.872
315.782,0.000,180.138,195.553
321.322,5.357,178.452,191.225
320.714,0.000,178.927,202.633
317.549,0.000,179.922,209.575
320.053,0.617,174.912,195.513
339.396,0.000,151.406,185.738
339.573,0.896,151.051,184.282
332.893,1.475,153.049,185.463
323.440,11.263,165.213,180.385
319.282,13.309,173.182,184.589
323.492,7.462,171.926,191.984
323.262,3.806,170.567,192.024
322.709,10.721,170.949,186.523
320.195,5.979,172.044,195.293
312.585,13.298,176.248,186.896
322.988,18.493,168.516,183.770
335.050,21.278,154.957,184.892
336.216,15.365,156.018,190.613
336.561,16.094,156.708,189.500
330.003,23.515,163.957,183.287
327.618,17.950,166.296,210.387
327.585,20.479,162.614,205.703
330.163,22.997,159.290,198.837
336.435,24.823,153.513,195.542
337.161,22.955,154.145,196.500
335.782,32.293,159.344,177.475
340.713,28.783,158.907,176.414
340.732,34.539,160.210,179.315
340.454,40.761,159.071,172.637
338.400,46.485,156.215,167.491
336.763,41.410,157.867,173.751
337.092,52.002,155.551,166.496
336.583,55.999,158.825,163.980
337.467,59.461,159.319,166.428
337.869,62.439,162.429,169.931
334.253,66.566,165.003,171.323
334.944,64.694,165.978,173.048
325.001,68.800,172.637,174.672
325.792,67.479,167.231,182.181
330.730,77.095,162.948,179.034
338.638,85.518,159.110,178.271
340.644,92.721,161.841,179.374
340.707,93.704,161.033,178.432
344.797,106.494,161.343,176.968
343.294,118.890,161.645,179.230
341.334,135.602,159.093,176.808
341.327,152.173,158.435,177.904
338.856,171.874,162.705,175.480
338.033,173.381,166.717,170.775
339.338,192.923,166.471,172.549
332.016,216.790,175.351,173.994
328.775,239.447,175.187,167.844
337.440,260.226,166.095,173.988
333.744,280.886,171.786,170.085
330.672,278.675,174.507,171.770
325.364,304.933,188.937,169.177
332.795,323.616,176.582,167.628
326.646,333.670,177.506,173.370
325.849,351.525,177.344,172.778
315.631,369.181,183.403,172.532
316.507,368.896,181.651,172.390
308.517,369.026,189.131,181.339
304.480,371.843,196.093,179.412
304.847,358.611,199.866,193.479
296.908,359.682,206.297,194.093
309.899,364.567,190.333,199.950
310.126,368.431,189.097,195.348
333.891,372.625,163.494,196.963
338.774,372.691,166.659,192.879
345.239,370.715,161.272,188.210
351.258,371.724,161.785,186.889
349.634,376.385,156.330,185.577
349.329,373.987,158.644,189.009
336.090,378.356,166.057,185.470
329.568,377.327,168.564,186.123
323.408,375.690,175.920,187.979
322.872,380.091,176.264,185.005
325.285,383.619,176.139,186.266
325.223,384.268,175.538,184.605
327.511,388.925,175.651,185.750
323.108,387.764,172.522,191.329
320.994,395.054,170.203,186.205
319.423,401.483,175.842,186.186
327.302,408.740,172.398,185.437
326.464,410.122,173.359,185.179
332.440,415.553,172.166,187.231
335.797,417.450,172.646,185.955
332.092,423.268,170.731,178.264
326.672,424.757,171.794,168.651
321.610,422.212,176.127,176.127
321.151,422.811,176.691,175.633
323.796,424.927,178.454,176.691
326.594,425.065,179.973,177.128
334.314,424.924,173.474,181.343
333.678,429.288,172.971,181.851
333.855,432.839,165.158,180.785
332.314,428.381,167.548,185.549
329.207,435.333,166.346,181.886
327.773,441.670,173.391,181.747
328.039,446.114,177.128,182.107
335.675,451.923,167.611,178.042
335.482,459.019,165.232,178.367
333.554,454.037,167.368,181.459
332.389,463.409,164.810,178.777
333.344,469.285,164.275,178.022
336.667,472.286,164.482,179.217
339.864,480.444,164.963,175.960
339.441,484.496,160.691,175.703
337.976,480.101,162.947,179.108
332.196,486.507,164.242,176.218
330.512,491.833,163.862,174.423
334.549,496.748,159.513,168.996
334.441,497.437,162.032,165.976
341.620,502.649,151.284,156.862
342.258,498.670,152.167,159.574
326.256,504.476,164.506,156.078
326.740,510.367,163.537,156.162
336.473,514.811,156.238,159.760
337.765,519.761,157.447,158.079
339.662,524.504,161.873,160.292
338.320,526.243,162.944,159.072
337.641,526.527,164.302,159.792
330.835,510.648,171.746,172.071
328.944,499.627,173.807,184.476
306.809,504.706,198.708,182.926
296.618,514.487,199.243,178.631
298.040,512.025,197.531,187.711
293.826,523.342,201.332,178.962
302.106,542.868,196.938,159.680
322.081,525.389,177.234,170.485
342.804,524.981,154.937,167.472
341.866,530.310,156.168,165.203
337.926,534.748,162.439,160.187
328.014,535.344,169.013,168.367
330.467,539.500,166.471,166.133
322.415,537.609,174.579,164.251
319.146,533.246,175.351,164.497
330.284,532.834,161.581,164.642
331.695,531.856,161.045,164.965
334.917,534.102,158.841,164.386
334.717,536.674,162.155,160.536
329.510,528.396,168.690,164.812
322.430,525.717,174.841,160.160
320.361,520.330,177.639,160.880
321.127,519.489,177.124,162.900
316.482,514.196,182.671,178.249
315.717,504.357,184.202,189.259
317.012,496.596,180.864,197.307
314.410,488.600,181.909,195.902
312.330,482.927,187.582,181.531
311.851,483.859,186.691,180.036
315.971,480.246,185.795,177.350
309.219,477.637,190.569,178.931
310.234,477.269,188.539,173.013
315.531,475.887,181.202,171.798
320.310,469.960,180.826,175.176
321.322,470.997,178.445,174.527
331.080,472.438,169.525,170.937
339.192,471.036,161.818,170.335
323.628,467.382,174.982,168.994
326.453,467.213,172.430,165.891
330.371,467.862,173.399,166.964
330.200,468.561,172.039,164.884
330.241,469.071,171.956,163.190
328.945,469.099,171.191,161.456
325.585,468.867,172.247,157.588
327.517,467.431,168.384,158.149
328.410,469.086,171.172,159.085
328.022,468.277,170.293,158.389
323.115,468.592,173.863,156.444
321.892,467.575,174.987,155.178
318.921,468.235,177.299,154.847
322.996,467.054,173.793,152.898
320.386,467.390,172.805,145.365
319.887,467.126,175.072,146.527
325.655,466.638,163.537,143.015
329.354,466.812,156.138,139.606
317.546,466.546,169.406,138.659
327.611,465.230,163.406,139.141
328.640,465.306,161.953,139.594
329.209,465.838,161.417,140.035
324.993,464.483,161.718,142.444
328.293,464.838,163.938,152.684
337.431,464.232,169.412,156.113
339.093,443.287,177.161,175.532
333.375,442.406,184.358,167.406
335.877,442.761,185.685,167.046
324.680,446.932,204.200,154.120
329.461,444.077,198.189,158.054
331.511,437.039,208.964,161.151
327.159,434.886,225.022,160.678
323.940,437.183,231.460,156.464
323.788,437.271,228.333,156.669
334.194,441.761,218.882,157.156
375.337,445.360,177.798,158.496
406.415,438.885,154.974,171.110
420.300,441.268,151.340,168.952
423.934,444.104,149.195,161.681
422.920,441.866,150.599,164.912
417.727,447.617,154.988,159.723
408.868,452.786,160.415,156.318
402.174,453.876,163.337,154.773
396.667,444.087,166.715,162.261
400.038,445.230,169.520,160.632
400.478,445.195,168.639,160.042
421.598,447.204,156.682,158.657
408.398,447.302,172.034,164.142
400.485,439.483,179.781,174.058
393.331,427.696,185.589,184.172
391.728,434.640,183.612,177.689
389.497,435.596,186.266,176.500
388.202,442.130,187.039,169.243
390.896,442.337,188.774,168.472
394.203,436.922,189.305,169.660
390.577,423.473,194.763,174.318
386.802,416.490,195.299,172.409
390.820,417.141,192.404,170.740
380.031,414.380,199.475,169.735
385.754,409.657,193.191,170.701
398.702,406.633,182.568,169.839
416.630,405.852,168.227,165.053
429.005,401.625,156.823,164.164
431.301,403.096,156.405,162.186
428.118,398.973,158.303,159.261
426.139,393.655,160.670,158.761
423.363,388.966,163.027,157.592
419.126,387.150,166.040,156.084
419.995,386.907,164.302,153.027
417.331,386.230,168.359,152.159
419.743,380.540,168.988,152.314
418.487,374.801,170.215,149.982
414.270,373.914,173.527,143.752
412.825,374.655,174.203,141.639
411.193,370.901,175.264,144.742
411.376,373.376,175.219,141.069
412.769,367.448,175.579,143.169
413.520,363.748,175.665,138.182
415.822,362.603,177.929,137.036
419.118,360.774,172.899,149.762
420.195,357.370,167.524,142.073
421.413,358.847,166.943,148.085
420.871,352.652,164.251,147.574
420.408,346.967,162.061,146.167
424.092,345.169,163.322,151.304
421.739,336.807,169.600,151.350
428.619,330.714,170.591,159.048
428.202,330.129,169.777,161.536
432.495,333.619,171.140,161.521
437.106,330.754,173.580,157.921
420.748,326.467,193.693,151.571
413.270,329.500,207.276,149.280
414.777,335.466,215.884,143.336
413.192,334.937,220.814,146.857
411.428,334.427,220.376,145.354
404.849,320.066,226.369,155.808
395.396,313.328,241.513,162.137
402.840,323.477,214.343,152.536
410.774,322.238,215.498,154.289
407.507,323.425,218.744,153.377
432.542,322.377,195.809,152.540
456.366,320.758,174.125,152.662
453.923,317.710,176.725,152.878
447.815,301.325,182.357,166.886
440.526,298.871,185.761,168.302
439.550,296.957,184.172,169.651
437.071,295.717,184.880,171.422
434.278,305.812,192.606,161.575
433.811,294.774,193.894,170.584
429.151,298.125,194.473,166.431
427.698,303.182,197.019,159.200
429.026,302.979,194.718,159.605
421.138,283.186,201.664,178.707
417.798,285.096,201.121,175.648
420.549,285.268,200.508,176.056
421.114,288.654,202.389,173.423
426.635,287.947,198.849,174.462
423.807,288.225,202.640,174.651
427.188,290.796,200.775,172.147
428.202,296.105,199.492,166.367
430.578,297.235,197.658,160.825
427.254,297.282,201.806,160.730
429.330,296.495,203.063,164.110
428.836,296.271,203.685,164.192
433.640,289.384,197.739,171.007
450.773,288.364,180.778,168.628
462.485,284.910,170.641,172.040
466.474,284.794,167.125,176.047
469.274,288.618,166.681,172.867
470.075,286.738,167.457,173.232
470.899,288.402,168.197,170.244
469.991,282.761,166.625,172.383
468.172,282.464,169.924,172.637
466.998,286.421,171.929,169.870
467.078,288.209,171.428,170.059
467.032,290.212,171.177,168.444
467.238,287.691,170.425,168.724
469.911,281.361,169.156,171.533
473.632,278.423,167.856,173.997
471.675,282.274,171.428,172.796
469.497,283.883,168.889,170.957
470.260,282.618,168.724,173.147
468.737,279.201,166.295,174.507
473.416,279.456,163.762,171.268
478.208,275.600,160.880,168.589
480.518,275.830,160.547,170.437
480.318,276.601,160.284,168.563
481.460,276.946,161.291,167.545
482.119,274.148,159.316,167.874
478.222,274.531,160.555,166.781
476.256,270.435,164.160,168.419
483.374,263.357,164.584,153.257
488.353,255.037,171.488,164.488
486.694,255.592,173.127,164.050
497.281,259.953,175.925,157.016
510.394,257.624,170.991,155.023
516.632,259.139,160.798,152.644
509.521,268.025,188.821,147.105
500.161,269.839,203.870,149.149
506.423,269.341,199.029,149.098
498.589,267.262,209.520,153.602
500.623,267.198,206.528,154.447
501.591,270.740,202.089,159.167
493.445,273.459,207.247,161.272
490.875,265.112,210.189,166.613
494.429,268.236,206.078,162.614
491.130,263.372,216.343,158.774
504.650,265.553,207.864,152.557
524.049,258.725,187.613,163.359
528.433,261.503,183.754,166.571
518.759,259.696,190.845,169.485
522.336,263.398,188.734,167.124
516.402,257.684,195.979,164.679
515.839,248.305,197.464,167.971
517.201,257.531,197.658,160.460
518.300,257.508,196.886,164.429
518.054,254.360,196.658,168.204
516.597,256.521,198.843,167.524
515.822,258.004,198.566,163.826
518.670,258.652,193.593,162.531
523.120,263.909,191.441,160.540
529.290,269.028,187.528,162.946
527.106,277.664,193.647,154.077
529.216,280.383,191.157,152.096
529.468,282.972,190.652,150.335
526.435,278.435,192.648,156.018
524.856,274.164,191.293,158.658
524.966,270.857,189.330,161.088
523.820,276.221,189.873,157.703
523.768,277.071,189.284,156.003
524.107,284.517,192.048,164.170
533.701,282.307,185.664,173.215
545.718,288.099,178.512,165.582
550.308,287.256,177.249,157.287
549.709,280.687,174.435,156.056
552.735,280.466,173.997,154.187
556.052,280.441,165.723,153.253
560.400,288.448,155.431,154.473
559.026,294.349,153.837,152.906
565.299,292.478,148.970,152.348
577.644,281.173,145.999,157.462
578.678,282.473,145.146,157.292
586.483,275.771,149.207,156.471
586.691,282.060,156.750,157.363
588.605,293.090,155.126,154.182
590.922,298.961,152.660,148.634
578.265,290.626,158.970,156.255
578.520,292.048,158.145,155.619
566.486,285.978,164.932,156.764
568.090,288.008,161.403,156.892
575.500,293.163,161.879,152.957
583.953,293.058,163.567,149.700
589.640,284.921,162.215,152.820
584.394,287.269,166.403,151.276
585.004,285.716,166.136,150.888
581.171,288.214,166.191,147.796
576.756,283.384,163.102,149.301
574.828,283.935,161.643,149.450
576.305,283.049,159.623,144.999
572.641,283.955,163.598,146.842
579.073,279.527,165.003,151.666
584.626,277.462,165.296,156.113
585.251,279.928,163.725,157.292
579.115,284.707,168.288,162.186
570.012,282.803,170.954,165.663
569.511,282.691,171.956,166.224
573.192,273.008,168.319,173.737
584.020,255.705,160.370,188.812
591.681,248.995,159.693,197.001
595.519,250.177,159.475,203.872
608.799,253.150,156.752,205.873
606.248,251.779,157.180,204.658
607.973,249.946,156.602,206.169
606.785,232.178,157.540,221.203
608.949,229.179,160.685,224.212
607.931,225.707,161.961,228.114
613.897,231.281,171.188,222.352
611.584,227.202,170.734,226.213
615.062,224.167,170.471,229.919
619.077,230.569,167.196,223.060
615.669,221.837,170.918,232.016
606.637,252.523,173.434,200.546
602.669,265.844,171.666,189.579
602.903,264.198,172.644,193.593
606.834,272.012,170.641,185.289
612.014,269.557,169.185,184.144
617.029,264.721,167.996,185.327
619.797,263.087,166.346,189.303
615.596,267.168,168.709,187.179
615.655,270.059,168.236,186.375
610.749,272.804,172.728,185.851
608.878,269.962,174.677,185.437
608.693,266.513,177.569,187.654
615.199,276.233,173.699,176.990
643.753,285.713,152.761,169.618
641.849,288.371,153.993,166.879
646.584,302.761,158.653,156.405
649.206,298.893,159.723,160.039
641.343,284.465,162.962,168.724
641.111,277.814,153.793,174.055
637.403,294.394,155.640,161.866
637.079,290.512,154.700,164.230
636.873,294.113,158.941,167.559
638.924,298.514,160.718,161.045
646.797,290.764,165.591,165.913
647.880,290.347,166.415,160.436
647.661,291.064,166.853,161.292
645.635,293.817,167.619,160.060
641.824,294.103,169.661,160.800
640.682,291.506,167.647,162.687
640.186,284.562,168.309,166.325
642.895,278.234,171.606,167.249
646.279,279.440,173.655,164.158
646.874,279.344,172.466,163.674
650.286,282.064,174.394,160.254
648.127,286.891,179.382,152.943
646.942,280.115,178.105,156.215
644.432,277.019,176.440,158.061
641.091,279.191,176.440,160.400
641.777,279.601,176.078,157.897
640.727,281.807,178.845,160.160
643.789,283.993,175.431,162.561
648.315,283.098,177.539,165.703
655.634,278.313,175.960,173.554
675.330,271.594,157.579,181.041
678.031,269.456,155.558,183.626
673.513,268.473,163.916,183.897
670.987,265.159,178.009,192.264
674.849,266.894,169.915,197.679
683.432,267.696,152.014,200.482
680.762,266.531,152.808,202.462
681.800,266.687,151.788,201.093
682.864,263.031,155.955,203.511
680.589,261.349,161.932,204.733
683.513,266.346,162.648,199.117
683.797,311.157,162.081,158.839
686.795,318.315,165.398,152.551
684.545,319.187,166.079,152.080
682.636,323.642,168.624,146.671
680.595,324.491,174.282,145.603
680.287,323.886,174.261,147.452
681.668,323.745,173.106,149.340
679.948,325.928,174.934,151.416
682.613,324.988,172.540,151.666
684.601,322.050,166.943,158.191
685.028,318.101,164.460,164.460
687.271,320.344,162.278,166.228
687.559,315.705,163.018,171.234
683.728,315.982,162.983,173.023
685.547,315.089,163.714,174.135
685.229,311.866,163.674,174.833
684.769,311.229,163.916,172.721
689.179,309.925,161.841,185.106
690.364,312.343,161.203,195.524
684.536,315.139,165.390,197.757
683.929,314.780,166.241,197.751
687.513,325.402,156.531,189.581
681.902,352.884,160.505,162.231
685.565,359.672,158.996,156.410
688.358,351.387,157.198,165.405
690.486,343.745,158.749,175.205
690.664,342.125,159.732,179.114
688.233,349.385,158.497,173.399
682.779,347.396,160.768,178.041
680.867,345.992,161.884,179.495
680.951,350.105,163.080,175.362
682.226,351.425,164.932,175.431
681.910,349.544,167.950,177.489
683.960,351.525,168.343,177.676
684.012,352.089,164.432,178.972
679.966,349.815,163.588,181.802
677.883,346.138,163.957,185.358
675.012,345.588,167.255,185.063
675.174,345.497,166.579,185.245
679.337,348.442,168.804,179.355
681.221,350.727,176.176,178.613
683.001,349.464,176.878,179.365
680.488,352.473,174.772,177.269
677.941,348.354,174.927,180.923
678.854,349.415,172.390,178.445
675.499,349.088,172.076,181.909
675.472,356.102,174.609,179.214
681.316,355.394,174.609,183.110
691.971,348.808,167.986,187.686
714.787,337.726,150.096,196.690
712.396,339.014,150.403,193.081
716.634,331.838,143.292,204.702
714.842,333.984,146.191,211.050
707.052,324.862,150.517,216.281
704.657,315.258,152.057,222.126
708.889,306.293,149.851,232.324
710.946,306.239,149.101,230.191
690.844,308.494,181.881,227.537
711.745,310.688,156.366,227.220
705.061,306.993,164.831,238.383
705.757,317.489,174.944,223.341
702.219,356.351,174.899,193.496
700.199,354.794,174.887,197.347
702.040,395.034,170.833,151.480
711.427,403.765,167.524,144.650
714.158,388.203,160.503,171.722
713.572,375.928,165.668,181.303
712.042,371.454,172.892,192.681
711.822,378.202,174.796,187.961
709.877,381.024,175.053,188.854
705.995,384.041,168.616,189.375
708.037,383.229,158.094,191.716
712.119,377.971,148.884,194.909
716.621,374.780,146.703,196.514
717.176,372.687,146.613,198.659
717.365,375.666,147.260,197.486
717.878,391.383,145.552,184.161
715.291,403.841,144.827,172.679
714.873,400.882,153.579,174.479
714.007,398.342,156.623,177.922
715.460,398.080,153.383,179.114
715.868,396.760,156.215,180.095
716.772,397.184,158.100,180.925
713.525,397.222,158.497,182.543
712.716,393.447,157.730,186.687
711.849,392.624,157.058,187.645
711.334,392.281,157.745,187.645
710.932,391.663,158.205,189.225
712.033,391.287,158.430,191.710
712.683,391.468,159.573,193.094
711.584,388.843,160.013,193.773
712.238,389.096,167.521,193.619
713.043,387.079,166.634,195.849
708.471,385.904,175.054,196.393
710.625,389.448,174.828,194.501
710.543,383.696,174.624,199.729
711.792,374.298,173.997,209.919
710.771,400.423,175.655,187.519
710.346,399.755,173.601,189.581
708.893,395.034,169.969,194.665
710.116,400.957,169.345,189.375
712.292,399.877,188.665,194.404
713.388,403.842,178.800,197.601
713.631,406.714,179.818,198.251
716.557,404.863,173.589,202.709
714.313,400.274,193.855,207.004
712.545,393.847,195.385,213.439
709.696,388.582,188.004,219.474
710.157,383.628,184.643,225.314
710.632,387.295,178.385,224.921
709.555,384.611,175.325,227.080
711.681,382.237,181.863,227.429
708.956,379.085,179.984,232.513
707.994,374.478,177.812,235.171
709.330,392.627,168.592,220.561
707.891,409.063,165.291,208.158
709.247,411.437,164.806,205.266
708.809,413.187,174.887,207.288
710.485,415.053,171.536,202.031
710.535,413.953,169.572,202.369
710.063,413.569,170.145,202.394
711.506,412.925,167.259,205.542
711.619,413.991,167.034,203.781
710.223,411.771,169.456,210.804
709.746,416.064,166.245,206.764
709.352,414.771,164.064,205.637
708.655,410.962,161.781,209.212
710.754,409.899,156.846,212.074
711.028,408.207,159.220,213.267
708.679,408.884,160.226,212.650
709.679,371.772,161.183,248.428
711.333,410.236,161.482,212.371
712.747,408.923,162.731,211.661
710.483,446.364,169.860,178.409
712.778,446.656,169.804,177.475
720.496,460.992,165.840,167.927
721.212,473.443,172.096,155.054
717.617,483.901,178.631,137.736
715.827,478.942,177.499,138.543
716.927,483.498,183.154,140.428
716.330,484.020,183.383,140.347
720.024,488.356,180.813,138.099
721.133,483.624,180.812,144.713
717.532,474.616,183.152,148.142
718.779,471.215,182.305,151.316
721.110,475.350,180.305,150.698
720.797,473.771,180.270,151.216
720.330,481.261,180.543,149.791
720.411,476.170,179.724,152.403
721.718,470.119,181.090,156.546
724.599,469.157,181.397,155.098
728.024,467.824,180.925,158.100
728.061,467.964,182.543,157.481
728.641,466.203,184.101,160.664
728.798,462.901,185.509,161.073
726.701,465.548,183.126,155.778
727.972,470.731,184.640,153.191
728.045,468.209,184.831,154.867
730.036,469.442,183.559,154.772
723.892,464.775,190.783,160.393
726.487,459.879,186.994,166.333
723.213,460.049,186.830,169.172
719.035,469.125,191.268,164.554
719.837,478.235,193.927,153.082
722.223,477.112,192.606,154.982
720.905,483.292,194.203,148.854
719.213,491.288,195.545,146.488
718.771,495.105,196.090,147.999
717.876,490.635,194.126,154.891
719.814,486.495,204.832,165.255
721.348,486.281,203.606,165.315
722.542,483.385,209.295,170.740
720.399,481.656,201.463,171.925
716.033,507.244,207.586,143.857
714.590,511.322,214.627,142.623
718.602,510.848,210.455,146.023
717.072,511.869,212.110,144.333
719.825,511.899,201.001,144.272
719.680,511.025,204.361,143.292
720.773,508.996,200.120,144.265
720.483,507.992,193.897,145.253
715.236,508.678,192.624,147.578
713.624,509.868,192.134,146.886
714.892,511.371,187.246,147.578
717.364,508.647,189.620,153.027
718.693,463.021,180.479,205.726
720.223,501.859,168.162,175.490
720.671,500.120,169.677,182.067
719.930,501.348,168.340,182.075
718.886,502.964,167.973,183.754
719.878,500.943,172.673,186.388
721.088,498.236,171.688,185.696
722.878,495.584,170.255,186.351
724.186,503.157,169.779,179.409
724.104,503.694,169.243,177.984
726.327,528.714,169.317,157.496
723.633,527.962,177.323,155.403
723.472,524.825,179.307,155.688
726.113,521.345,178.043,156.290
728.251,524.302,189.139,155.722
728.654,521.744,190.051,157.745
731.117,525.389,179.230,155.656
723.679,521.893,185.071,156.290
720.145,517.255,187.709,156.368
719.971,514.107,186.342,156.829
721.783,511.427,185.457,157.741
723.018,513.197,184.700,155.230
722.435,508.393,182.134,158.731
720.159,502.251,178.511,160.456
711.200,496.118,182.881,159.175
702.873,488.579,182.111,160.244
694.699,482.816,179.982,162.189
693.330,483.501,183.404,162.873
687.411,476.663,181.048,161.663
673.763,471.484,181.273,159.685
660.836,462.752,182.599,160.796
650.900,455.642,182.224,161.291
640.777,452.896,183.940,160.604
638.444,452.318,186.885,162.105
618.567,437.834,200.488,171.199
609.311,439.917,202.296,163.322
601.933,426.890,208.676,169.709
591.758,431.133,219.233,160.469
584.535,433.976,225.413,154.783
586.857,434.285,222.641,156.410
584.576,439.622,224.212,149.848
585.059,438.172,223.982,149.077
583.322,428.603,225.626,150.296
581.475,418.953,231.165,153.373
585.787,408.886,224.427,156.910
587.172,410.326,223.534,156.662
593.278,404.352,209.825,161.490
597.171,402.143,217.524,161.115
603.268,394.649,210.949,167.485
608.300,386.978,219.318,165.899
620.628,372.596,230.160,168.326
621.391,372.401,228.240,167.928
