0.00000000,0.00000000
0.87781048,0.00000000
0.89451343,0.00000000
0.90222520,0.00000000
0.85880637,0.00000000
0.87415521,0.00000000
0.79207240,0.00000000
0.83908944,0.00000000
0.84183716,0.00000000
0.83969152,0.00000000
0.83905176,0.00000000
0.85372096,0.00000000
0.81182699,0.00000000
0.83530488,0.00000000
0.90799797,0.00000000
0.77937889,0.00000000
0.77011729,0.00000000
0.82510363,0.00000000
0.77151075,0.00000000
0.84693282,0.00000000
0.84874957,0.00000000
0.81233283,0.00000000
0.79613524,0.00000000
0.81476908,0.00000000
0.78009211,0.00000000
0.78600885,0.00000000
0.89672290,0.00000000
0.77976851,0.00000000
0.86922725,0.00000000
0.87740728,0.00000000
0.56369483,0.00000000
0.89925093,0.00000000
0.84077206,0.00000000
0.92508985,0.00000000
0.89881537,0.00000000
0.86905899,0.00000000
0.85924979,0.00000000
0.84938018,0.00000000
0.89457726,0.00000000
0.83714507,0.00000000
0.87258443,0.00000000
0.92829367,0.00000000
0.96207299,0.00000000
0.88533065,0.00000000
0.94348962,0.00000000
0.77392795,0.00000000
0.76653068,0.00000000
0.61535730,0.00000000
0.62967279,0.00000000
0.58689128,0.00000000
0.62064604,0.00000000
0.79222891,0.00000000
0.73996941,0.00000000
0.65835318,0.00000000
0.34606998,0.00000000
0.00000000,0.00000000
0.00000000,0.00000000
0.00000000,0.00000000
0.00000000,0.00000000
0.00000000,0.00000000
0.00000000,0.00000000
0.00000000,0.00000000
0.00000000,0.00000000
0.80237450,0.00000000
0.77588119,0.00000000
0.81491427,0.00000000
0.88007077,0.00000000
0.88138832,0.00000000
0.76940068,0.00000000
0.73643166,0.00000000
0.63542051,0.00000000
0.57309484,0.00000000
0.58418198,0.00000000
0.59761421,0.00000000
0.56930182,0.00000000
0.57970401,0.00000000
0.84885928,0.00000000
0.88819877,0.00000000
0.66133428,0.00000000
0.86720315,0.00000000
0.57050633,0.00000000
0.59914091,0.00000000
0.71450953,0.00000000
0.83060871,0.00000000
0.73784015,0.00000000
0.67711009,0.00000000
0.59426471,0.00000000
0.66041765,0.00000000
0.61747732,0.00000000
0.52834952,0.00000000
0.53485365,0.00000000
0.50286490,0.00000000
0.53820473,0.00000000
0.55011896,0.00000000
0.53781841,0.00000000
0.55753983,0.00000000
0.52490261,0.00000000
0.50190199,0.00000000
0.48851676,0.00000000
0.48859322,0.00000000
0.53471320,0.00000000
0.52787139,0.00000000
0.54098343,0.00000000
0.60303443,0.00000000
0.59483531,0.00000000
0.61511617,0.00000000
0.65205866,0.00000000
0.57331814,0.00000000
0.57276022,0.00000000
0.58870243,0.00000000
0.65866513,0.00000000
0.65933698,0.00000000
0.64212133,0.00000000
0.65588710,0.00000000
0.63835214,0.00000000
0.64040295,0.00000000
0.59274322,0.00000000
0.72528990,0.00000000
0.56798856,0.00000000
0.73450214,0.00000000
0.73492936,0.00000000
0.76915301,0.00000000
0.87308338,0.00000000
0.88026473,0.00000000
0.83110715,0.00000000
0.82014944,0.00000000
0.87206697,0.00000000
0.90336173,0.00000000
0.88069533,0.00000000
0.88275120,0.00000000
0.87152342,0.00000000
0.80054977,0.00000000
0.79982122,0.00000000
0.81042503,0.00000000
0.88490133,0.00000000
0.90196631,0.00000000
0.87399186,0.00000000
0.77429660,0.00000000
0.73886283,0.00000000
0.73252608,0.00000000
0.78006421,0.00000000
0.83075868,0.00000000
0.79065015,0.00000000
0.82180408,0.00000000
0.83824995,0.00000000
0.87241872,0.00000000
0.77972510,0.00000000
0.78591273,0.00000000
0.84530850,0.00000000
0.86205703,0.00000000
0.87998511,0.00000000
0.87923929,0.00000000
0.83334145,0.00000000
0.77292044,0.00000000
0.75877431,0.00000000
0.62356003,0.00000000
0.56597722,0.00000000
0.54013225,0.00000000
0.50567977,0.00000000
0.49127330,0.00000000
0.49143419,0.00000000
0.45843828,0.00000000
0.47228472,0.00000000
0.46751464,0.00000000
0.38805462,0.00000000
0.38764562,0.00000000
0.35613844,0.00000000
0.35122512,0.00000000
0.37752174,0.00000000
0.34610970,0.00000000
0.38642985,0.00000000
0.40408167,0.00000000
0.42497634,0.00000000
0.42910180,0.00000000
0.41587191,0.00000000
0.42278704,0.00000000
0.40657037,0.00000000
0.41179333,0.00000000
0.42061304,0.00000000
0.41965417,0.00000000
0.40277134,0.00000000
0.42544629,0.00000000
0.47424739,0.00000000
0.43773325,0.00000000
0.44974472,0.00000000
0.40658512,0.00000000
0.31181156,0.00000000
0.29347798,0.00000000
0.30317920,0.00000000
0.32439309,0.00000000
0.34888517,0.00000000
0.33152753,0.00000000
0.36003722,0.00000000
0.38053718,0.00000000
0.51733915,0.00000000
0.86679505,0.00000000
0.88448005,0.00000000
0.79651909,0.00000000
0.55031503,0.00000000
0.00000000,0.00000000
0.00000000,0.00000000
0.00000000,0.00000000
0.00000000,0.00000000
0.00000000,0.00000000
0.00000000,0.00000000
0.00000000,0.00000000
0.00000000,0.00000000
0.00000000,0.00000000
0.71603225,0.00000000
0.63867202,0.00000000
0.57815562,0.00000000
0.70167131,0.00000000
0.59483451,0.00000000
0.75637880,0.00000000
0.75257977,0.00000000
0.78211736,0.00000000
0.84001869,0.00000000
0.83207975,0.00000000
0.81962956,0.00000000
0.86610339,0.00000000
0.89907514,0.00000000
0.81723801,0.00000000
0.73889614,0.00000000
0.78605196,0.00000000
0.75754078,0.00000000
0.71094102,0.00000000
0.76751063,0.00000000
0.54672218,0.00000000
0.48545018,0.00000000
0.38373045,0.00000000
0.54678501,0.00000000
0.32677319,0.00000000
0.41696478,0.00000000
0.43689760,0.00000000
0.74066440,0.00000000
0.73562392,0.00000000
0.88595040,0.00000000
0.75798221,0.00000000
0.86330668,0.00000000
0.76367759,0.00000000
0.78973233,0.00000000
0.80528538,0.00000000
0.88731294,0.00000000
0.83600194,0.00000000
0.73117640,0.00000000
0.73462459,0.00000000
0.77047143,0.00000000
0.77484415,0.00000000
0.76839678,0.00000000
0.69993908,0.00000000
0.75995649,0.00000000
0.70533319,0.00000000
0.70576612,0.00000000
0.69726286,0.00000000
0.66713722,0.00000000
0.60233978,0.00000000
0.64796659,0.00000000
0.58837003,0.00000000
0.72420649,0.00000000
0.71793077,0.00000000
0.69889291,0.00000000
0.67784545,0.00000000
0.71838900,0.00000000
0.71516368,0.00000000
0.71990340,0.00000000
0.75136232,0.00000000
0.71057319,0.00000000
0.71195589,0.00000000
0.73871011,0.00000000
0.73414445,0.00000000
0.85409144,0.00000000
0.91285649,0.00000000
0.82812746,0.00000000
0.74031872,0.00000000
0.74441755,0.00000000
0.81701558,0.00000000
0.85529170,0.00000000
0.79090186,0.00000000
0.84944556,0.00000000
0.81429893,0.00000000
0.85467455,0.00000000
0.77048604,0.00000000
0.81616719,0.00000000
0.78818266,0.00000000
0.77833855,0.00000000
0.82462244,0.00000000
0.80466270,0.00000000
0.80945364,0.00000000
0.78283751,0.00000000
0.74204905,0.00000000
0.76657671,0.00000000
0.81288503,0.00000000
0.80569096,0.00000000
0.82828405,0.00000000
0.83455862,0.00000000
0.91011782,0.00000000
0.88759487,0.00000000
0.87432251,0.00000000
0.84790503,0.00000000
0.82837475,0.00000000
0.80595680,0.00000000
0.87326189,0.00000000
0.82473961,0.00000000
0.81241297,0.00000000
0.87784767,0.00000000
0.83731438,0.00000000
0.77636075,0.00000000
0.80443498,0.00000000
0.83526406,0.00000000
0.82424062,0.00000000
0.83355444,0.00000000
0.84638585,0.00000000
0.86385516,0.00000000
0.85135640,0.00000000
0.88750600,0.00000000
0.96236909,0.00000000
0.88573481,0.00000000
0.85867735,0.00000000
0.96049281,0.00000000
0.93834769,0.00000000
0.82784642,0.00000000
0.86802468,0.00000000
0.88143131,0.00000000
0.89512016,0.00000000
0.90011763,0.00000000
0.89388077,0.00000000
0.87372531,0.00000000
0.86693984,0.00000000
0.87153202,0.00000000
0.87500358,0.00000000
0.84560798,0.00000000
0.82187640,0.00000000
0.78370443,0.00000000
0.79075048,0.00000000
0.80461794,0.00000000
0.85893135,0.00000000
0.79573246,0.00000000
0.84012248,0.00000000
0.86200947,0.00000000
0.88285690,0.00000000
0.85365621,0.00000000
0.83238112,0.00000000
0.84760815,0.00000000
0.86408029,0.00000000
0.90298731,0.00000000
0.92334902,0.00000000
0.93420518,0.00000000
0.89123585,0.00000000
0.86585815,0.00000000
0.88744212,0.00000000
0.90059130,0.00000000
0.80252502,0.00000000
0.79036239,0.00000000
0.85406364,0.00000000
0.90420170,0.00000000
0.91845916,0.00000000
0.90475976,0.00000000
0.89377011,0.00000000
0.86496360,0.00000000
0.91787944,0.00000000
0.87984599,0.00000000
0.94850373,0.00000000
0.90046737,0.00000000
0.68514433,0.00000000
0.79255213,0.00000000
0.88604814,0.00000000
0.94098445,0.00000000
0.93763433,0.00000000
0.87381693,0.00000000
0.89081821,0.00000000
0.88432480,0.00000000
0.89052087,0.00000000
0.89129813,0.00000000
0.88981573,0.00000000
0.89408858,0.00000000
0.84896125,0.00000000
0.82979432,0.00000000
0.83547820,0.00000000
0.89780560,0.00000000
0.86618966,0.00000000
0.79246350,0.00000000
0.73002109,0.00000000
0.74990987,0.00000000
0.74839820,0.00000000
0.71532616,0.00000000
0.84068740,0.00000000
0.75735210,0.00000000
0.47417757,0.00000000
0.15893305,0.00000000
0.19527762,0.00000000
0.18188765,0.00000000
0.20089714,0.00000000
0.09055654,0.00000000
0.05126029,0.00000000
0.02393696,0.00000000
0.05988697,0.00000000
0.04073246,0.00000000
0.05109707,0.00000000
0.04466756,0.00000000
0.04702100,0.00000000
0.04989010,0.00000000
0.03312734,0.00000000
0.00000000,0.00000000
0.00000000,0.00000000
0.00000000,0.00000000
0.00000000,0.00000000
0.00000000,0.00000000
0.00000000,0.00000000
0.01931393,0.00000000
0.01625445,0.00000000
0.02480442,0.00000000
0.00000000,0.00000000
0.00000000,0.00000000
0.00000000,0.00000000
0.00000000,0.00000000
0.00000000,0.00000000
0.00000000,0.00000000
0.00000000,0.00000000
0.04339790,0.00000000
0.03572059,0.00000000
0.02767561,0.00000000
0.03329760,0.00000000
0.04548751,0.00000000
0.04309072,0.00000000
0.04597476,0.00000000
0.04789843,0.00000000
0.05072013,0.00000000
0.04278353,0.00000000
0.06482575,0.00000000
0.04556707,0.00000000
0.05095040,0.00000000
0.04632340,0.00000000
0.05803281,0.00000000
0.05667776,0.00000000
0.03998593,0.00000000
0.03827132,0.00000000
0.04435470,0.00000000
0.05721615,0.00000000
0.04942783,0.00000000
0.04885145,0.00000000
0.04878424,0.00000000
0.04042302,0.00000000
0.04511973,0.00000000
0.04597530,0.00000000
0.05458347,0.00000000
0.04513737,0.00000000
0.04639604,0.00000000
0.03763303,0.00000000
0.04307268,0.00000000
0.04537394,0.00000000
0.04438271,0.00000000
0.03871527,0.00000000
0.04172054,0.00000000
0.04553356,0.00000000
0.04302213,0.00000000
0.04033385,0.00000000
0.04019702,0.00000000
0.04287260,0.00000000
0.04054738,0.00000000
0.04268444,0.00000000
0.03921515,0.00000000
0.04689867,0.00000000
0.03990919,0.00000000
0.03634229,0.00000000
0.04310802,0.00000000
0.05104236,0.00000000
0.05381282,0.00000000
0.05163586,0.00000000
0.05367650,0.00000000
0.04864604,0.00000000
0.03931823,0.00000000
0.03688807,0.00000000
0.05101034,0.00000000
0.04323170,0.00000000
0.04205007,0.00000000
0.05589477,0.00000000
0.06411666,0.00000000
0.12286479,0.00000000
0.08322964,0.00000000
0.03013258,0.00000000
0.03036011,0.00000000
0.03005218,0.00000000
0.03112223,0.00000000
0.03148553,0.00000000
0.03470710,0.00000000
0.03127108,0.00000000
0.03129553,0.00000000
0.02388832,0.00000000
0.02377993,0.00000000
0.02435935,0.00000000
0.02461323,0.00000000
0.02385122,0.00000000
0.00000000,0.00000000
0.00000000,0.00000000
0.00000000,0.00000000
0.00000000,0.00000000
0.00000000,0.00000000
0.00000000,0.00000000
0.00760094,0.00000000
0.01381989,0.00000000
0.02868550,0.00000000
0.03013185,0.00000000
0.02395292,0.00000000
0.03483598,0.00000000
0.00805753,0.00000000
0.00881726,0.00000000
0.01372153,0.00000000
0.00948839,0.00000000
0.00000000,0.00000000
0.00000000,0.00000000
0.00000000,0.00000000
0.30523077,0.00000000
0.32436600,0.00000000
0.32237714,0.00000000
0.27290271,0.00000000
0.22374440,0.00000000
0.14066585,0.00000000
0.13762814,0.00000000
0.07254733,0.00000000
0.06714907,0.00000000
0.03786391,0.00000000
0.03270766,0.00000000
0.03088900,0.00000000
0.00160906,0.00000000
0.01280743,0.00000000
0.01427779,0.00000000
0.00000000,0.00000000
0.00000000,0.00000000
0.00000000,0.00000000
0.00000000,0.00000000
0.00000000,0.00000000
0.00000000,0.00000000
0.00000000,0.00000000
0.00000000,0.00000000
0.00000000,0.00000000
0.00000000,0.00000000
0.00000000,0.00000000
0.00000000,0.00000000
0.00000000,0.00000000
0.00000000,0.00000000
0.00000000,0.00000000
0.00000000,0.00000000
0.00000000,0.00000000
0.00000000,0.00000000
0.00000000,0.00000000
0.00000000,0.00000000
0.00000000,0.00000000
0.00000000,0.00000000
0.00000000,0.00000000
0.00000000,0.00000000
0.00000000,0.00000000
0.00000000,0.00000000
0.00000000,0.00000000
0.00000000,0.00000000
0.00000000,0.00000000
0.00000000,0.00000000
0.00000000,0.00000000
0.00000000,0.00000000
0.00000000,0.00000000
0.00000000,0.00000000
0.00000000,0.00000000
0.00000000,0.00000000
0.00000000,0.00000000
0.00000000,0.00000000
0.00000000,0.00000000
0.00000000,0.00000000
0.00000000,0.00000000
0.00000000,0.00000000
0.00000000,0.00000000
0.00000000,0.00000000
0.00000000,0.00000000
0.00000000,0.00000000
0.00000000,0.00000000
0.00000000,0.00000000
0.00000000,0.00000000
0.00000000,0.00000000
0.00000000,0.00000000
0.00000000,0.00000000
0.00045423,0.00000000
0.00393512,0.00000000
0.01226285,0.00000000
0.01377096,0.00000000
0.01148764,0.00000000
0.02250821,0.00000000
0.02914556,0.00000000
0.02887882,0.00000000
0.04506083,0.00000000
0.02662792,0.00000000
0.02760056,0.00000000
0.03878003,0.00000000
0.06209778,0.00000000
0.08181006,0.00000000
0.11346128,0.00000000
0.13291836,0.00000000
0.18660269,0.00000000
0.15779730,0.00000000
0.10515384,0.00000000
0.06862663,0.00000000
0.06451137,0.00000000
0.07209939,0.00000000
0.07183327,0.00000000
0.05486553,0.00000000
0.11922457,0.00000000
0.30027652,0.00000000
0.13927538,0.00000000
0.23714856,0.00000000
0.13298051,0.00000000
0.12533407,0.00000000
0.22033486,0.00000000
0.11577021,0.00000000
0.22206574,0.00000000
0.07906076,0.00000000
0.12352290,0.00000000
0.28427776,0.00000000
0.10399152,0.00000000
0.09672384,0.00000000
0.08132820,0.00000000
0.19150763,0.00000000
0.09876923,0.00000000
0.26766694,0.00000000
0.10048123,0.00000000
0.12461208,0.00000000
0.10878053,0.00000000
0.10657021,0.00000000
0.10910392,0.00000000
0.11167831,0.00000000
0.10614256,0.00000000
0.10328999,0.00000000
0.10203860,0.00000000
0.10550274,0.00000000
0.11078124,0.00000000
0.11140303,0.00000000
0.11688034,0.00000000
0.11441765,0.00000000
0.12463768,0.00000000
0.11260135,0.00000000
0.11124323,0.00000000
0.13307583,0.00000000
0.12922237,0.00000000
0.16967133,0.00000000
0.17761386,0.00000000
0.17411204,0.00000000
0.16415356,0.00000000
0.18473224,0.00000000
0.19109106,0.00000000
0.19066044,0.00000000
0.21880401,0.00000000
0.19780307,0.00000000
0.22043658,0.00000000
0.21764103,0.00000000
0.20442332,0.00000000
0.24038987,0.00000000
0.24966442,0.00000000
0.26787185,0.00000000
0.30785507,0.00000000
0.35027412,0.00000000
0.42879026,0.00000000
0.54341046,0.00000000
0.59457237,0.00000000
0.58973071,0.00000000
0.66469939,0.00000000
0.57058867,0.00000000
0.40075278,0.00000000
0.25164135,0.00000000
0.25046912,0.00000000
0.23954685,0.00000000
0.25153231,0.00000000
0.31996320,0.00000000
0.31802243,0.00000000
0.38794024,0.00000000
0.44945206,0.00000000
0.46280897,0.00000000
0.44585071,0.00000000
0.44499373,0.00000000
0.46099276,0.00000000
0.48226071,0.00000000
0.40284624,0.00000000
0.35530674,0.00000000
0.29122808,0.00000000
0.31262712,0.00000000
0.31100392,0.00000000
0.30915886,0.00000000
0.29715317,0.00000000
0.26817465,0.00000000
0.27833424,0.00000000
0.25610006,0.00000000
0.24207056,0.00000000
0.23504738,0.00000000
0.24173247,0.00000000
0.28890223,0.00000000
0.30768204,0.00000000
0.31827477,0.00000000
0.31478843,0.00000000
0.29707998,0.00000000
0.30376777,0.00000000
0.31425655,0.00000000
0.31260650,0.00000000
0.33611177,0.00000000
0.34429955,0.00000000
0.35738840,0.00000000
0.37718958,0.00000000
0.39370076,0.00000000
0.37900549,0.00000000
0.37952665,0.00000000
0.35536990,0.00000000
0.36416963,0.00000000
0.37503702,0.00000000
0.32497093,0.00000000
0.30816709,0.00000000
0.30888277,0.00000000
0.31049489,0.00000000
0.31276786,0.00000000
0.32253704,0.00000000
0.28362934,0.00000000
0.30600557,0.00000000
0.33973820,0.00000000
0.23331210,0.00000000
0.20077881,0.00000000
0.14401826,0.00000000
0.21150399,0.00000000
0.42446789,0.00000000
0.45402074,0.00000000
0.38534770,0.00000000
0.34514461,0.00000000
0.29412073,0.00000000
0.26520524,0.00000000
0.23813134,0.00000000
0.50842780,0.00000000
0.57437745,0.00000000
0.65358963,0.00000000
0.76221661,0.00000000
0.80138379,0.00000000
0.78951807,0.00000000
0.76919802,0.00000000
0.73382103,0.00000000
0.64272268,0.00000000
0.64123581,0.00000000
0.60821869,0.00000000
0.64603263,0.00000000
0.61945453,0.00000000
0.61446627,0.00000000
0.60285248,0.00000000
0.61709692,0.00000000
0.55130447,0.00000000
0.50283301,0.00000000
0.63715762,0.00000000
0.75546920,0.00000000
0.74312323,0.00000000
0.89999086,0.00000000
0.90364292,0.00000000
0.78311551,0.00000000
0.63109099,0.00000000
0.45521478,0.00000000
0.39218092,0.00000000
0.69189934,0.00000000
0.87507173,0.00000000
0.91917783,0.00000000
0.89674537,0.00000000
0.87017989,0.00000000
0.81781376,0.00000000
0.63372769,0.00000000
0.85430045,0.00000000
0.79962590,0.00000000
0.74852113,0.00000000
0.88981262,0.00000000
0.81462562,0.00000000
0.81624467,0.00000000
0.89419219,0.00000000
0.91468408,0.00000000
0.95382530,0.00000000
0.91039393,0.00000000
0.90420590,0.00000000
0.87163348,0.00000000
0.84671807,0.00000000
0.80075025,0.00000000
0.64011217,0.00000000
0.73092551,0.00000000
0.70506282,0.00000000
0.71667079,0.00000000
0.80140283,0.00000000
0.33812237,0.00000000
0.34652370,0.00000000
0.32242776,0.00000000
0.19613288,0.00000000
0.19629271,0.00000000
0.10068279,0.00000000
0.00000000,0.00000000
0.02057048,0.00000000
0.03605389,0.00000000
0.07256773,0.00000000
0.07375428,0.00000000
0.06212792,0.00000000
0.09670061,0.00000000
0.06986541,0.00000000
0.05739907,0.00000000
0.05400257,0.00000000
0.06962943,0.00000000
0.07965264,0.00000000
0.05562128,0.00000000
0.06931587,0.00000000
0.08167660,0.00000000
0.09443623,0.00000000
0.11302876,0.00000000
0.11758606,0.00000000
0.10626816,0.00000000
0.12966447,0.00000000
0.11822246,0.00000000
0.08745845,0.00000000
0.10544307,0.00000000
0.08486725,0.00000000
0.03123171,0.00000000
0.00000000,0.00000000
0.00000000,0.00000000
0.00000000,0.00000000
0.00000000,0.00000000
0.00000000,0.00000000
0.00000000,0.00000000
0.00000000,0.00000000
0.00000000,0.00000000
0.00000000,0.00000000
0.00000000,0.00000000
0.01256139,0.00000000
0.01228940,0.00000000
0.29795125,0.00000000
0.31405231,0.00000000
0.32281032,0.00000000
0.30787471,0.00000000
0.32641137,0.00000000
0.37191791,0.00000000
0.38888038,0.00000000
0.39144448,0.00000000
0.40041458,0.00000000
0.41957071,0.00000000
0.34150236,0.00000000
0.26929579,0.00000000
0.24270526,0.00000000
0.17821006,0.00000000
0.16916955,0.00000000
0.16166954,0.00000000
0.16085565,0.00000000
0.15584747,0.00000000
0.15774261,0.00000000
0.15516315,0.00000000
0.15479634,0.00000000
0.14795104,0.00000000
0.20090808,0.00000000
0.20190273,0.00000000
0.33627880,0.00000000
0.38626266,0.00000000
0.42208643,0.00000000
0.41641544,0.00000000
0.42410876,0.00000000
0.41536144,0.00000000
0.40447979,0.00000000
0.38604679,0.00000000
0.36271110,0.00000000
0.34830747,0.00000000
0.33672082,0.00000000
0.36893082,0.00000000
0.40605623,0.00000000
0.45597358,0.00000000
0.45197648,0.00000000
0.43876497,0.00000000
0.47013217,0.00000000
0.49446585,0.00000000
0.49364264,0.00000000
0.47805829,0.00000000
0.48481190,0.00000000
0.48219185,0.00000000
0.42057309,0.00000000
0.39195762,0.00000000
0.33956327,0.00000000
0.25258334,0.00000000
0.23138074,0.00000000
0.24126452,0.00000000
0.25089451,0.00000000
0.25426138,0.00000000
0.23893494,0.00000000
0.24539147,0.00000000
0.24676722,0.00000000
0.25112744,0.00000000
0.25066249,0.00000000
0.22816694,0.00000000
0.10984252,0.00000000
0.22899450,0.00000000
0.24747433,0.00000000
0.25034775,0.00000000
0.22535889,0.00000000
0.13572294,0.00000000
0.23729797,0.00000000
0.08644752,0.00000000
0.54957789,0.00000000
0.47486803,0.00000000
0.82119226,0.00000000
0.69641380,0.00000000
0.80062746,0.00000000
0.83415651,0.00000000
0.82237485,0.00000000
0.81602913,0.00000000
0.80789389,0.00000000
0.83648735,0.00000000
0.81014922,0.00000000
0.88622434,0.00000000
0.87673290,0.00000000
0.89128973,0.00000000
0.86053036,0.00000000
0.87616280,0.00000000
0.86084168,0.00000000
0.91312768,0.00000000
0.91318689,0.00000000
0.89327349,0.00000000
0.84621388,0.00000000
0.84350965,0.00000000
0.80953745,0.00000000
0.73423995,0.00000000
0.75036984,0.00000000
0.80954941,0.00000000
0.78929100,0.00000000
0.82010745,0.00000000
0.75298804,0.00000000
0.69367236,0.00000000
0.65176804,0.00000000
0.77250147,0.00000000
0.70083384,0.00000000
0.69910498,0.00000000
0.79124499,0.00000000
0.84273508,0.00000000
0.85088131,0.00000000
0.91056062,0.00000000
0.83475539,0.00000000
0.84125099,0.00000000
0.94142270,0.00000000
0.94512056,0.00000000
0.89288825,0.00000000
0.85211512,0.00000000
0.83832644,0.00000000
0.68297694,0.00000000
0.77321758,0.00000000
0.79082192,0.00000000
0.58170545,0.00000000
0.77246603,0.00000000
0.92478862,0.00000000
0.88265284,0.00000000
0.91224671,0.00000000
0.89968698,0.00000000
0.92920880,0.00000000
0.91482644,0.00000000
0.89477601,0.00000000
0.94616894,0.00000000
0.94204165,0.00000000
0.91649692,0.00000000
0.91481461,0.00000000
0.86423176,0.00000000
0.91909337,0.00000000
0.88193248,0.00000000
0.87994552,0.00000000
0.87951140,0.00000000
0.90175266,0.00000000
0.87412542,0.00000000
0.82887637,0.00000000
0.82239272,0.00000000
0.80316516,0.00000000
0.71482694,0.00000000
0.93427524,0.00000000
0.92820615,0.00000000
0.91151893,0.00000000
0.89163825,0.00000000
0.89209212,0.00000000
0.74427256,0.00000000
0.90443375,0.00000000
0.88071164,0.00000000
0.82751969,0.00000000
0.93878000,0.00000000
0.90493827,0.00000000
0.85211450,0.00000000
0.80214162,0.00000000
0.75534824,0.00000000
0.88038429,0.00000000
0.78523724,0.00000000
0.89531015,0.00000000
0.87100882,0.00000000
0.63435677,0.00000000
0.77667601,0.00000000
0.55276803,0.00000000
0.84311401,0.00000000
0.73005508,0.00000000
0.73765473,0.00000000
0.66984979,0.00000000
0.70234846,0.00000000
0.73419594,0.00000000
0.74748025,0.00000000
0.82057686,0.00000000
0.79504389,0.00000000
0.68522674,0.00000000
0.84054059,0.00000000
0.84420027,0.00000000
0.83758578,0.00000000
0.85931639,0.00000000
0.84784219,0.00000000
0.74834719,0.00000000
0.77056501,0.00000000
0.67444270,0.00000000
0.82728839,0.00000000
0.79042491,0.00000000
0.76627051,0.00000000
0.68324534,0.00000000
0.45521633,0.00000000
0.49999712,0.00000000
0.50148554,0.00000000
0.50154233,0.00000000
0.67209953,0.00000000
0.68260595,0.00000000
0.57915443,0.00000000
0.66314571,0.00000000
0.70486329,0.00000000
0.87225814,0.00000000
0.77551186,0.00000000
0.82005377,0.00000000
0.64424203,0.00000000
0.70067079,0.00000000
0.63511129,0.00000000
0.64213414,0.00000000
0.68965793,0.00000000
0.74718322,0.00000000
0.79478211,0.00000000
0.87469820,0.00000000
0.80008004,0.00000000
0.68260236,0.00000000
0.81178383,0.00000000
0.72176184,0.00000000
0.71822142,0.00000000
0.61586948,0.00000000
0.74893491,0.00000000
0.76767685,0.00000000
0.81221835,0.00000000
0.78988985,0.00000000
0.81614750,0.00000000
0.82831085,0.00000000
0.81630761,0.00000000
0.82985967,0.00000000
0.81313742,0.00000000
0.76627720,0.00000000
0.82693458,0.00000000
0.74326849,0.00000000
0.88964426,0.00000000
0.87593470,0.00000000
0.89724071,0.00000000
0.90550273,0.00000000
0.87588787,0.00000000
0.90625778,0.00000000
0.83119362,0.00000000
0.83956509,0.00000000
0.76188697,0.00000000
0.86199699,0.00000000
0.81956844,0.00000000
0.88784591,0.00000000
0.93608188,0.00000000
0.91042267,0.00000000
0.83438904,0.00000000
0.90739678,0.00000000
0.88496823,0.00000000
0.88254755,0.00000000
0.86417819,0.00000000
0.93193885,0.00000000
0.79516179,0.00000000
0.91729096,0.00000000
0.86411015,0.00000000
0.93047129,0.00000000
0.91170290,0.00000000
0.92737273,0.00000000
0.81755507,0.00000000
0.87493299,0.00000000
0.81372982,0.00000000
0.85784108,0.00000000
0.86968387,0.00000000
0.85495726,0.00000000
0.79522755,0.00000000
0.84878329,0.00000000
0.86708769,0.00000000
0.88036947,0.00000000
0.87588090,0.00000000
0.87729457,0.00000000
0.88347787,0.00000000
0.87914171,0.00000000
0.89430207,0.00000000
0.91979928,0.00000000
0.88210382,0.00000000
0.83213954,0.00000000
0.83069743,0.00000000
0.85453268,0.00000000
0.88252050,0.00000000
0.93461576,0.00000000
0.83339766,0.00000000
0.61911080,0.00000000
0.44709852,0.00000000
0.39593860,0.00000000
0.32416688,0.00000000
0.32250578,0.00000000
0.30574895,0.00000000
0.31939622,0.00000000
0.30880265,0.00000000
0.28631599,0.00000000
0.31784243,0.00000000
0.35247408,0.00000000
0.64276086,0.00000000
0.87815865,0.00000000
0.91381943,0.00000000
0.86820319,0.00000000
0.83388782,0.00000000
0.91378699,0.00000000
0.87569436,0.00000000
0.56709104,0.00000000
0.53384839,0.00000000
0.63022534,0.00000000
0.00000000,0.00000000
0.00000000,0.00000000
0.00000000,0.00000000
0.00000000,0.00000000
0.00000000,0.00000000
0.00000000,0.00000000
0.00000000,0.00000000
0.00000000,0.00000000
0.00000000,0.00000000
0.12947595,0.00000000
0.58900632,0.00000000
0.69767334,0.00000000
0.69494932,0.00000000
0.75969903,0.00000000
0.90870067,0.00000000
0.97698160,0.00000000
0.83925947,0.00000000
0.87011329,0.00000000
0.87630278,0.00000000
0.85576169,0.00000000
0.87272922,0.00000000
0.88830706,0.00000000
0.94449824,0.00000000
0.86780620,0.00000000
0.75437567,0.00000000
0.75685735,0.00000000
0.81448103,0.00000000
0.92324827,0.00000000
0.86152063,0.00000000
0.76114586,0.00000000
0.85631687,0.00000000
0.69585776,0.00000000
0.60658819,0.00000000
0.70512062,0.00000000
0.41713050,0.00000000
0.59591504,0.00000000
0.46107143,0.00000000
0.42789811,0.00000000
0.46086400,0.00000000
0.39735477,0.00000000
0.39275645,0.00000000
0.39912015,0.00000000
0.41206536,0.00000000
0.43171715,0.00000000
0.66951737,0.00000000
0.68955365,0.00000000
0.65829806,0.00000000
0.60628027,0.00000000
0.68823302,0.00000000
0.81432178,0.00000000
0.91545345,0.00000000
0.83936393,0.00000000
0.84755130,0.00000000
0.78776524,0.00000000
0.67152912,0.00000000
0.66518033,0.00000000
0.79465489,0.00000000
0.77798094,0.00000000
0.74704081,0.00000000
0.82728070,0.00000000
0.80934757,0.00000000
0.86953796,0.00000000
0.92189194,0.00000000
0.89782347,0.00000000
0.90868118,0.00000000
0.95850667,0.00000000
0.89792881,0.00000000
0.86014475,0.00000000
0.87747119,0.00000000
0.88712087,0.00000000
0.81350159,0.00000000
0.75253142,0.00000000
0.69585548,0.00000000
0.86865604,0.00000000
0.76334290,0.00000000
0.73151614,0.00000000
0.60631806,0.00000000
0.83125282,0.00000000
0.88878613,0.00000000
0.84879561,0.00000000
0.80425574,0.00000000
0.79963219,0.00000000
0.79408032,0.00000000
0.82113111,0.00000000
0.81836953,0.00000000
0.91810430,0.00000000
0.85638204,0.00000000
0.80059157,0.00000000
0.89592122,0.00000000
0.90496166,0.00000000
0.91248552,0.00000000
0.86334696,0.00000000
0.82486861,0.00000000
0.86419762,0.00000000
0.93846990,0.00000000
0.87916640,0.00000000
0.86359330,0.00000000
0.57892788,0.00000000
0.62548143,0.00000000
0.67832984,0.00000000
0.41328325,0.00000000
0.61104521,0.00000000
0.58329688,0.00000000
0.28358214,0.00000000
0.00000000,0.00000000
0.00000000,0.00000000
0.00000000,0.00000000
0.00000000,0.00000000
0.02041310,0.00000000
0.18003635,0.00000000
0.28459461,0.00000000
0.82240122,0.00000000
0.87122394,0.00000000
0.72115920,0.00000000
0.90825729,0.00000000
0.73494646,0.00000000
0.66702797,0.00000000
0.85560368,0.00000000
0.96185793,0.00000000
0.91881062,0.00000000
0.93634147,0.00000000
0.94024563,0.00000000
0.95997729,0.00000000
0.92717423,0.00000000
0.93899652,0.00000000
0.94579619,0.00000000
0.92855232,0.00000000
0.91790887,0.00000000
0.87605275,0.00000000
0.71376754,0.00000000
0.68785586,0.00000000
0.71357630,0.00000000
0.71815478,0.00000000
0.75242353,0.00000000
0.72609893,0.00000000
0.75087158,0.00000000
0.73866137,0.00000000
0.78001163,0.00000000
0.86037462,0.00000000
0.88420681,0.00000000
0.84175868,0.00000000
0.84155211,0.00000000
0.84418735,0.00000000
0.86792250,0.00000000
0.88320252,0.00000000
0.93456373,0.00000000
0.84830580,0.00000000
0.88832889,0.00000000
0.83313151,0.00000000
0.95712090,0.00000000
0.76194389,0.00000000
0.90055772,0.00000000
0.91893322,0.00000000
0.94856190,0.00000000
0.87741042,0.00000000
0.84270123,0.00000000
0.82469974,0.00000000
0.81858478,0.00000000
0.83511628,0.00000000
0.87452799,0.00000000
0.88560960,0.00000000
0.82393145,0.00000000
0.83121202,0.00000000
0.83345164,0.00000000
0.79474443,0.00000000
0.71593070,0.00000000
0.72132787,0.00000000
0.68946463,0.00000000
0.69902149,0.00000000
0.66955378,0.00000000
0.77221904,0.00000000
0.67319679,0.00000000
0.68305192,0.00000000
0.62544792,0.00000000
0.60777144,0.00000000
0.83935339,0.00000000
0.61188817,0.00000000
0.65727693,0.00000000
0.70183871,0.00000000
0.65389891,0.00000000
0.61949128,0.00000000
0.63194739,0.00000000
0.53664602,0.00000000
0.54696281,0.00000000
0.51608197,0.00000000
0.48353152,0.00000000
0.63635950,0.00000000
0.82718700,0.00000000
0.89737367,0.00000000
0.84757459,0.00000000
0.79411326,0.00000000
0.72920182,0.00000000
0.66488388,0.00000000
0.76368143,0.00000000
0.83686907,0.00000000
0.81988531,0.00000000
0.81047777,0.00000000
0.83437994,0.00000000
0.83423164,0.00000000
0.84598783,0.00000000
0.85310025,0.00000000
0.78241689,0.00000000
0.85761032,0.00000000
0.91660623,0.00000000
0.91269552,0.00000000
0.87039669,0.00000000
0.82683848,0.00000000
0.86170907,0.00000000
0.84465296,0.00000000
0.86517695,0.00000000
0.80861846,0.00000000
0.85332760,0.00000000
0.79746770,0.00000000
0.83680828,0.00000000
0.77927644,0.00000000
0.77904247,0.00000000
0.77833677,0.00000000
0.81960439,0.00000000
0.80257300,0.00000000
0.79488722,0.00000000
0.75770010,0.00000000
0.67190178,0.00000000
0.68259259,0.00000000
0.68003928,0.00000000
0.73166069,0.00000000
0.58398782,0.00000000
0.62174503,0.00000000
0.51196812,0.00000000
0.59875493,0.00000000
0.55644139,0.00000000
0.32264995,0.00000000
0.32296544,0.00000000
0.45322260,0.00000000
0.43481867,0.00000000
0.63766507,0.00000000
0.58174498,0.00000000
0.54997209,0.00000000
0.56390353,0.00000000
0.60371944,0.00000000
0.80418889,0.00000000
0.78095429,0.00000000
0.82120124,0.00000000
0.73918292,0.00000000
0.74052872,0.00000000
0.72938303,0.00000000
0.70681817,0.00000000
0.78038567,0.00000000
0.46665371,0.00000000
0.25215303,0.00000000
0.62870494,0.00000000
0.78099658,0.00000000
0.75469571,0.00000000
0.84196781,0.00000000
0.86353017,0.00000000
0.88670614,0.00000000
0.84833772,0.00000000
0.93744639,0.00000000
0.94365825,0.00000000
0.86520890,0.00000000
0.81996081,0.00000000
0.77970358,0.00000000
0.75841803,0.00000000
0.61428372,0.00000000
0.84686336,0.00000000
0.85667461,0.00000000
0.75765215,0.00000000
0.86489977,0.00000000
0.85550734,0.00000000
0.88727551,0.00000000
0.87665634,0.00000000
0.82382541,0.00000000
0.87854569,0.00000000
0.79577402,0.00000000
0.88390590,0.00000000
0.87280280,0.00000000
0.87695707,0.00000000
0.93202499,0.00000000
0.67802816,0.00000000
0.80114290,0.00000000
0.83937285,0.00000000
0.73742416,0.00000000
0.38459014,0.00000000
0.28486634,0.00000000
0.25602671,0.00000000
0.23723139,0.00000000
0.20760854,0.00000000
0.19902034,0.00000000
0.24561053,0.00000000
0.00000000,0.00000000
0.00000000,0.00000000
0.00000000,0.00000000
0.00000000,0.00000000
0.00000000,0.00000000
0.00000000,0.00000000
0.00000000,0.00000000
0.00000000,0.00000000
0.00000000,0.00000000
0.00000000,0.00000000
0.00000000,0.00000000
0.00000000,0.00000000
0.00000000,0.00000000
0.00000000,0.00000000
0.00000000,0.00000000
0.00000000,0.00000000
0.00000000,0.00000000
0.00000000,0.00000000
0.00000000,0.00000000
0.00000000,0.00000000
0.00000000,0.00000000
0.00000000,0.00000000
0.00000000,0.00000000
0.00000000,0.00000000
0.00000000,0.00000000
0.00000000,0.00000000
0.00000000,0.00000000
0.00000000,0.00000000
0.00000000,0.00000000
0.00000000,0.00000000
0.00000000,0.00000000
0.00000000,0.00000000
0.00000000,0.00000000
0.00000000,0.00000000
0.00000000,0.00000000
0.00000000,0.00000000
0.00000000,0.00000000
0.00000000,0.00000000
0.00000000,0.00000000
0.00000000,0.00000000
0.00000000,0.00000000
0.00000000,0.00000000
0.00000000,0.00000000
0.00000000,0.00000000
0.00000000,0.00000000
0.00000000,0.00000000
0.21637043,0.00000000
0.93889285,0.00000000
0.85336207,0.00000000
0.88261582,0.00000000
0.87617211,0.00000000
0.61681119,0.00000000
0.81937863,0.00000000
0.72982666,0.00000000
0.88881985,0.00000000
0.77973397,0.00000000
0.85859586,0.00000000
0.83552568,0.00000000
0.84841689,0.00000000
0.89095058,0.00000000
0.83429044,0.00000000
0.46611726,0.00000000
0.47464353,0.00000000
0.42458783,0.00000000
0.34866039,0.00000000
0.34018625,0.00000000
0.36582716,0.00000000
0.32243186,0.00000000
0.35295353,0.00000000
0.39641949,0.00000000
0.44267694,0.00000000
0.38559825,0.00000000
0.36805170,0.00000000
0.31345159,0.00000000
0.31804663,0.00000000
0.35920478,0.00000000
0.34072947,0.00000000
0.35151102,0.00000000
0.33724175,0.00000000
0.38660006,0.00000000
0.41366375,0.00000000
0.43830084,0.00000000
0.41504045,0.00000000
0.46512241,0.00000000
0.47992870,0.00000000
0.55723820,0.00000000
0.44961856,0.00000000
0.41990545,0.00000000
0.40019273,0.00000000
0.40613586,0.00000000
0.89440722,0.00000000
0.89011036,0.00000000
0.72108041,0.00000000
0.79899567,0.00000000
0.79611929,0.00000000
0.84685139,0.00000000
0.80133381,0.00000000
0.78163367,0.00000000
0.74166040,0.00000000
0.86427599,0.00000000
0.86804143,0.00000000
0.87910787,0.00000000
0.74884623,0.00000000
0.63642026,0.00000000
0.41915308,0.00000000
0.43426461,0.00000000
0.20005642,0.00000000
0.18059150,0.00000000
0.16946855,0.00000000
0.19439795,0.00000000
0.18110819,0.00000000
0.18134459,0.00000000
0.16642587,0.00000000
0.16498906,0.00000000
0.16856230,0.00000000
0.17727886,0.00000000
0.17826587,0.00000000
0.17803272,0.00000000
0.21291515,0.00000000
0.22259507,0.00000000
0.28699698,0.00000000
0.32275644,0.00000000
0.36728940,0.00000000
0.38274104,0.00000000
0.36867861,0.00000000
0.43754317,0.00000000
0.42934820,0.00000000
0.43006905,0.00000000
0.43802939,0.00000000
0.43683763,0.00000000
0.42798345,0.00000000
0.42461486,0.00000000
0.43267278,0.00000000
0.42148590,0.00000000
0.43536982,0.00000000
0.45795197,0.00000000
0.71697264,0.00000000
0.79976069,0.00000000
0.82537782,0.00000000
0.83063045,0.00000000
0.85118094,0.00000000
0.95740303,0.00000000
0.81159306,0.00000000
0.89460295,0.00000000
0.85793809,0.00000000
0.82480960,0.00000000
0.86681305,0.00000000
0.69443186,0.00000000
0.75499330,0.00000000
0.70754225,0.00000000
0.70991961,0.00000000
0.76844612,0.00000000
0.69087703,0.00000000
0.81015594,0.00000000
0.72515547,0.00000000
0.75313207,0.00000000
0.87917991,0.00000000
0.91378314,0.00000000
0.84501382,0.00000000
0.80222080,0.00000000
0.80417395,0.00000000
0.85870420,0.00000000
0.83946439,0.00000000
0.82217128,0.00000000
0.87500883,0.00000000
0.88446218,0.00000000
0.90753764,0.00000000
0.81392827,0.00000000
0.84309280,0.00000000
0.84850112,0.00000000
0.86682732,0.00000000
0.89121183,0.00000000
0.81436070,0.00000000
0.81947502,0.00000000
0.80888294,0.00000000
0.84764150,0.00000000
0.81538870,0.00000000
0.80258711,0.00000000
0.79311937,0.00000000
0.82637288,0.00000000
0.78260736,0.00000000
0.80202103,0.00000000
0.79122258,0.00000000
0.81799863,0.00000000
0.83199757,0.00000000
0.76664335,0.00000000
0.80320909,0.00000000
0.80092959,0.00000000
0.78398206,0.00000000
0.79692634,0.00000000
0.84658669,0.00000000
0.80703433,0.00000000
0.78621965,0.00000000
0.57223761,0.00000000
0.52979433,0.00000000
0.51257021,0.00000000
0.56229873,0.00000000
0.49252666,0.00000000
0.90013783,0.00000000
0.85810521,0.00000000
0.87192186,0.00000000
0.75667812,0.00000000
0.89361698,0.00000000
0.89027336,0.00000000
0.85919665,0.00000000
0.72887982,0.00000000
0.90607700,0.00000000
0.47119304,0.00000000
0.51516942,0.00000000
0.36086453,0.00000000
0.38742713,0.00000000
0.43670909,0.00000000
0.44543755,0.00000000
0.45780075,0.00000000
0.42741682,0.00000000
0.60794422,0.00000000
0.71868786,0.00000000
0.34326106,0.00000000
0.23127816,0.00000000
0.36343224,0.00000000
0.50018694,0.00000000
0.52511825,0.00000000
0.75663073,0.00000000
0.59955110,0.00000000
0.55299241,0.00000000
0.59911641,0.00000000
0.55166787,0.00000000
0.48441045,0.00000000
0.50091891,0.00000000
0.56142689,0.00000000
0.58632105,0.00000000
0.65878040,0.00000000
0.64852457,0.00000000
0.68012263,0.00000000
0.61332966,0.00000000
0.58307891,0.00000000
0.71696598,0.00000000
0.64929216,0.00000000
0.54806591,0.00000000
0.57176935,0.00000000
0.60762154,0.00000000
0.60013508,0.00000000
0.68433504,0.00000000
0.62872862,0.00000000
0.63124540,0.00000000
0.69004368,0.00000000
0.72846433,0.00000000
0.77777001,0.00000000
0.80506215,0.00000000
0.88611691,0.00000000
0.93743408,0.00000000
0.88362979,0.00000000
0.89097687,0.00000000
0.83390901,0.00000000
0.76597345,0.00000000
0.84283244,0.00000000
0.76067947,0.00000000
0.74709479,0.00000000
0.71970576,0.00000000
0.76900970,0.00000000
0.87996203,0.00000000
0.85151339,0.00000000
0.93755264,0.00000000
0.86329034,0.00000000
0.90203806,0.00000000
0.83754570,0.00000000
0.88554567,0.00000000
0.85825007,0.00000000
0.85097950,0.00000000
0.85360693,0.00000000
0.82004163,0.00000000
0.75175442,0.00000000
0.78103529,0.00000000
0.69598422,0.00000000
0.47289118,0.00000000
0.18831342,0.00000000
0.19716647,0.00000000
0.33854442,0.00000000
0.35321538,0.00000000
0.42780023,0.00000000
0.48335685,0.00000000
0.53152041,0.00000000
0.53226033,0.00000000
0.60286576,0.00000000
0.33450986,0.00000000
0.42167019,0.00000000
0.29206934,0.00000000
0.37698298,0.00000000
0.48173034,0.00000000
0.62450054,0.00000000
0.74255604,0.00000000
0.61038479,0.00000000
0.64030954,0.00000000
0.77526412,0.00000000
0.74374153,0.00000000
0.77910906,0.00000000
0.90689227,0.00000000
0.89687439,0.00000000
0.75517055,0.00000000
0.76343817,0.00000000
0.64430461,0.00000000
0.82886031,0.00000000
0.82203708,0.00000000
0.79926661,0.00000000
0.86616106,0.00000000
0.88203814,0.00000000
0.85242838,0.00000000
0.86477546,0.00000000
0.89527191,0.00000000
0.90385176,0.00000000
0.89379559,0.00000000
0.85296227,0.00000000
0.90061142,0.00000000
0.91966581,0.00000000
0.83098017,0.00000000
0.82771895,0.00000000
0.85784739,0.00000000
0.93099033,0.00000000
0.87756549,0.00000000
0.77886187,0.00000000
0.75916267,0.00000000
0.80050535,0.00000000
0.81056483,0.00000000
0.75881219,0.00000000
0.74710937,0.00000000
0.73332565,0.00000000
0.77025715,0.00000000
0.80708452,0.00000000
0.91898885,0.00000000
0.87154722,0.00000000
0.88183117,0.00000000
0.82042742,0.00000000
0.93043548,0.00000000
0.79202968,0.00000000
0.80764947,0.00000000
0.72601828,0.00000000
0.83119507,0.00000000
0.71792365,0.00000000
0.72166654,0.00000000
0.57778717,0.00000000
0.55615868,0.00000000
0.75661380,0.00000000
0.71935477,0.00000000
0.77693845,0.00000000
0.76567909,0.00000000
0.75154790,0.00000000
0.78507672,0.00000000
0.69388779,0.00000000
0.78092916,0.00000000
0.72050815,0.00000000
0.78203843,0.00000000
0.93806176,0.00000000
0.74654932,0.00000000
0.79851588,0.00000000
0.69062104,0.00000000
0.73716504,0.00000000
0.85409781,0.00000000
0.87171519,0.00000000
0.85280793,0.00000000
0.79075211,0.00000000
0.86083642,0.00000000
0.90806318,0.00000000
0.60740732,0.00000000
0.76642000,0.00000000
0.80367123,0.00000000
0.88892149,0.00000000
0.94211912,0.00000000
0.93793160,0.00000000
0.91840117,0.00000000
0.86599666,0.00000000
0.80084965,0.00000000
0.80190000,0.00000000
0.77570319,0.00000000
0.79876521,0.00000000
0.83887604,0.00000000
0.85004932,0.00000000
0.84401340,0.00000000
0.82445569,0.00000000
0.89223935,0.00000000
0.81953351,0.00000000
0.88093183,0.00000000
0.88955206,0.00000000
0.91526981,0.00000000
0.94993735,0.00000000
0.91179569,0.00000000
0.88639211,0.00000000
0.86110991,0.00000000
0.88489924,0.00000000
0.88289176,0.00000000
0.86633741,0.00000000
0.88843186,0.00000000
0.88616543,0.00000000
0.89143584,0.00000000
0.87196049,0.00000000
0.90120117,0.00000000
0.89837488,0.00000000
0.87847834,0.00000000
0.82632021,0.00000000
0.89906097,0.00000000
0.84868412,0.00000000
0.86416728,0.00000000
0.92502294,0.00000000
0.85697559,0.00000000
0.83035827,0.00000000
0.84769549,0.00000000
0.85163095,0.00000000
0.85779404,0.00000000
0.80767378,0.00000000
0.81649216,0.00000000
0.70127612,0.00000000
0.75757630,0.00000000
0.61045616,0.00000000
0.67165827,0.00000000
0.69182054,0.00000000
0.91802056,0.00000000
0.91309694,0.00000000
0.86145627,0.00000000
0.92445786,0.00000000
0.87274988,0.00000000
0.90736764,0.00000000
0.92474681,0.00000000
0.94047435,0.00000000
0.91303935,0.00000000
0.90448259,0.00000000
0.87257792,0.00000000
0.84735590,0.00000000
0.90853826,0.00000000
0.87219792,0.00000000
0.89563334,0.00000000
0.86891002,0.00000000
0.90641298,0.00000000
0.94274502,0.00000000
0.92740148,0.00000000
0.90556819,0.00000000
0.93870147,0.00000000
0.90886656,0.00000000
0.96708492,0.00000000
0.94283289,0.00000000
0.91580600,0.00000000
0.82264024,0.00000000
0.93283158,0.00000000
0.83874371,0.00000000
0.86931099,0.00000000
0.83627887,0.00000000
0.81411349,0.00000000
0.81217701,0.00000000
0.83383331,0.00000000
0.81918031,0.00000000
0.81885202,0.00000000
0.86252435,0.00000000
0.79534937,0.00000000
0.80255836,0.00000000
0.80733535,0.00000000
0.91074977,0.00000000
0.89388835,0.00000000
0.81013238,0.00000000
0.86235826,0.00000000
0.89168151,0.00000000
0.92305856,0.00000000
0.88888983,0.00000000
0.92967603,0.00000000
0.89038671,0.00000000
0.80041151,0.00000000
0.73316615,0.00000000
0.83407399,0.00000000
0.81817913,0.00000000
0.77359387,0.00000000
0.83320243,0.00000000
0.78121771,0.00000000
0.82871685,0.00000000
0.82804917,0.00000000
0.77371531,0.00000000
0.60487177,0.00000000
0.38428922,0.00000000
0.30277941,0.00000000
0.27843006,0.00000000
0.00000000,0.00000000
0.00000000,0.00000000
0.00000000,0.00000000
0.00000000,0.00000000
0.00000000,0.00000000
0.00000000,0.00000000
0.00000000,0.00000000
0.00000000,0.00000000
0.03349520,0.00000000
0.85824333,0.00000000
0.80840272,0.00000000
0.69866068,0.00000000
0.86020470,0.00000000
0.68274565,0.00000000
0.62042760,0.00000000
0.83189612,0.00000000
0.75598699,0.00000000
0.82343344,0.00000000
0.76222133,0.00000000
0.88919377,0.00000000
0.81990178,0.00000000
0.72808986,0.00000000
0.58570701,0.00000000
0.00000000,0.00000000
0.00000000,0.00000000
0.00000000,0.00000000
0.00000000,0.00000000
0.00000000,0.00000000
0.00000000,0.00000000
0.00000000,0.00000000
0.00000000,0.00000000
0.00000000,0.00000000
0.00000000,0.00000000
0.00000000,0.00000000
0.00000000,0.00000000
0.60368371,0.00000000
0.60194063,0.00000000
0.73883670,0.00000000
0.79274332,0.00000000
0.80886025,0.00000000
0.78022739,0.00000000
0.83004023,0.00000000
0.82154314,0.00000000
0.79238107,0.00000000
0.77135934,0.00000000
0.79866897,0.00000000
0.78291286,0.00000000
0.78814889,0.00000000
0.82155416,0.00000000
0.86868107,0.00000000
0.81832296,0.00000000
0.83151020,0.00000000
0.84822951,0.00000000
0.89073583,0.00000000
0.83320942,0.00000000
0.85932705,0.00000000
0.86661244,0.00000000
0.81166471,0.00000000
0.83120591,0.00000000
0.81045983,0.00000000
0.84816892,0.00000000
0.87055204,0.00000000
0.88040322,0.00000000
0.75898046,0.00000000
0.53191008,0.00000000
0.85244671,0.00000000
0.88145987,0.00000000
0.89648236,0.00000000
0.89158054,0.00000000
0.92633696,0.00000000
0.91101885,0.00000000
0.84514713,0.00000000
0.83953067,0.00000000
0.81514417,0.00000000
0.78701783,0.00000000
0.79277647,0.00000000
0.76992493,0.00000000
0.75832199,0.00000000
0.87233138,0.00000000
0.80311175,0.00000000
0.90934987,0.00000000
0.93611446,0.00000000
0.95609708,0.00000000
0.93596960,0.00000000
0.88965964,0.00000000
0.93601114,0.00000000
0.97415740,0.00000000
0.91053431,0.00000000
0.91716679,0.00000000
0.90304642,0.00000000
0.80799255,0.00000000
0.90518135,0.00000000
0.85648112,0.00000000
0.89985134,0.00000000
0.86911364,0.00000000
0.88000720,0.00000000
0.87334358,0.00000000
0.82039821,0.00000000
0.95943873,0.00000000
0.85628597,0.00000000
0.91425567,0.00000000
0.89037805,0.00000000
0.89215101,0.00000000
0.85007466,0.00000000
0.87414704,0.00000000
0.94339833,0.00000000
0.78005584,0.00000000
0.88093965,0.00000000
0.87357508,0.00000000
0.91737540,0.00000000
0.87507080,0.00000000
0.89670503,0.00000000
0.93025911,0.00000000
0.87462198,0.00000000
0.96088110,0.00000000
0.89942703,0.00000000
0.91236363,0.00000000
0.84969999,0.00000000
0.73455707,0.00000000
0.76090477,0.00000000
0.63764731,0.00000000
0.69310038,0.00000000
