450.000,575.000,207.000,50.000
448.238,575.771,215.818,56.805
448.001,576.694,216.735,55.181
442.212,566.598,209.250,58.502
439.578,557.732,215.849,59.170
440.541,560.350,211.204,57.107
442.250,575.917,213.727,50.625
441.474,560.552,211.733,47.562
437.339,565.831,215.982,45.248
433.602,583.305,219.296,40.610
426.011,592.453,216.891,34.793
411.900,586.522,217.783,32.380
405.317,585.400,222.039,29.415
403.042,594.110,221.889,26.257
393.669,601.575,225.023,24.798
382.781,598.867,230.794,24.829
370.248,595.669,227.364,23.494
360.222,596.570,232.905,20.374
349.236,594.055,234.165,21.677
335.866,590.208,234.815,23.952
331.113,586.726,233.967,25.213
318.055,587.007,233.889,22.341
304.579,583.235,238.499,22.486
297.483,576.303,234.810,20.227
283.584,576.199,238.031,24.162
278.354,574.289,235.262,21.899
271.794,564.781,235.558,22.475
272.569,561.265,239.268,22.349
271.280,558.955,234.224,23.012
281.322,556.930,236.935,24.414
279.865,564.560,241.376,21.361
272.329,558.096,239.592,19.162
277.283,557.607,241.113,20.138
273.622,574.934,237.687,22.331
273.124,575.290,237.953,23.956
268.718,575.142,237.368,23.343
269.782,571.757,238.668,26.088
270.557,581.007,237.435,24.818
279.572,585.866,238.665,26.809
300.295,588.546,248.444,25.133
339.836,589.377,242.151,23.470
363.618,579.810,247.311,25.532
384.190,576.509,236.233,26.407
405.721,583.864,239.490,26.873
419.322,574.659,240.549,26.175
433.331,563.566,239.415,27.680
452.580,568.600,244.459,29.192
505.993,574.065,250.752,24.348
553.236,573.713,391.133,24.113
600.130,571.174,241.690,25.298
643.312,564.408,390.663,24.583
685.491,563.560,243.358,25.885
727.630,558.527,240.528,23.226
740.051,564.605,244.854,26.624
754.542,558.690,246.572,25.530
774.745,560.796,239.574,30.543
786.261,564.572,245.025,28.655
793.299,565.452,245.403,26.893
794.065,562.153,244.197,28.777
794.975,563.095,242.209,32.104
795.646,567.315,242.279,30.197
793.072,568.687,242.108,30.885
792.273,571.148,238.859,32.194
791.074,574.778,235.814,33.537
786.634,577.300,231.160,34.015
783.585,576.371,235.128,32.144
785.381,574.860,233.103,34.992
784.585,583.482,229.261,35.856
786.629,586.883,224.809,35.592
786.028,586.233,226.548,30.087
779.917,577.763,217.245,30.798
778.933,570.027,213.635,33.801
772.133,572.981,208.184,28.914
776.033,571.413,202.251,27.226
799.603,564.077,175.020,25.852
868.069,557.959,145.468,28.769
829.377,544.617,145.242,37.056
889.497,550.643,82.067,31.621
904.405,483.588,18.879,70.721
868.105,473.209,38.533,53.976
883.252,397.208,49.526,70.673
865.927,401.601,50.625,66.512
849.861,388.583,49.770,76.462
823.715,398.642,57.456,86.617
802.186,492.067,60.451,15.006
771.760,475.539,33.776,30.810
748.198,485.416,34.077,13.657
738.166,491.374,29.334,10.000
718.246,487.538,50.913,10.631
729.643,448.981,22.007,42.462
719.603,461.536,24.243,24.735
711.232,455.421,23.042,25.738
696.476,474.860,22.796,10.491
698.228,451.168,10.000,39.731
676.815,430.933,10.925,64.552
656.370,425.741,21.892,144.201
638.502,492.776,58.192,20.148
622.571,434.179,27.482,58.802
590.726,491.125,49.774,133.053
601.751,499.757,56.426,34.899
590.429,507.679,81.654,21.104
577.872,463.344,31.997,46.700
577.045,457.462,30.473,49.315
571.445,455.430,34.025,51.974
569.435,457.576,33.901,49.288
570.388,405.347,21.905,103.454
567.868,460.514,20.352,60.577
565.559,461.319,21.936,57.345
563.954,461.790,37.294,57.539
561.387,449.247,26.053,71.739
562.210,462.961,42.320,52.272
574.105,456.762,42.168,63.252
573.029,452.974,44.424,58.507
580.851,427.630,23.778,71.538
585.724,387.626,24.680,104.497
587.145,431.200,24.594,66.639
620.674,432.347,17.100,70.505
611.076,479.490,53.333,15.020
602.271,478.958,55.318,16.481
576.602,474.246,80.263,17.312
574.938,478.849,82.841,19.960
580.154,477.903,86.596,21.119
581.808,479.600,88.366,24.866
605.583,477.738,62.259,24.076
596.625,469.073,67.071,28.767
593.798,480.199,72.724,33.897
580.784,483.111,83.124,36.833
559.710,482.426,101.283,39.758
563.719,484.389,99.110,41.550
563.005,487.936,97.195,44.740
574.096,506.345,96.276,46.619
580.539,503.377,87.144,45.181
583.178,502.864,80.611,46.458
583.528,517.881,79.420,44.490
596.450,509.766,72.864,45.243
592.036,516.164,70.070,40.845
593.778,521.493,64.981,43.892
591.369,530.164,67.658,37.790
593.616,538.193,70.882,38.183
588.177,539.929,71.827,35.339
580.134,543.350,76.192,39.915
575.003,557.337,81.700,35.709
568.632,556.521,84.021,32.241
556.589,557.899,91.692,32.725
547.848,554.012,92.886,29.055
534.877,562.920,94.687,27.678
536.483,574.298,91.373,24.202
525.725,582.901,89.347,23.542
529.530,591.266,89.377,21.631
521.656,601.113,82.409,22.715
517.859,603.505,85.303,21.848
501.055,608.025,83.601,21.290
465.500,606.749,110.074,19.698
464.689,609.676,113.005,23.012
449.756,617.406,119.706,18.879
432.024,612.132,121.823,19.683
425.576,608.148,133.445,15.982
415.948,618.175,147.889,17.769
431.771,622.010,144.375,15.767
435.451,613.459,151.825,16.912
468.915,607.597,123.181,15.740
492.255,602.982,108.732,18.240
511.609,599.476,106.200,17.282
506.802,597.448,104.628,16.262
483.343,587.915,128.104,15.188
488.956,583.024,123.077,14.433
381.579,583.985,230.631,16.824
395.344,589.395,218.609,18.634
394.257,577.966,217.581,18.185
391.860,582.394,222.501,20.422
391.680,582.610,224.482,23.637
391.883,584.642,223.200,22.933
385.036,584.623,221.531,25.986
379.160,578.759,223.096,26.765
410.532,581.751,178.494,24.347
414.201,583.359,166.271,24.300
457.664,582.370,117.614,24.620
445.479,581.282,131.070,24.312
443.519,579.419,131.711,22.385
441.543,564.111,125.304,24.319
447.148,563.778,118.515,23.659
452.319,564.684,109.977,24.180
479.659,564.762,76.628,22.781
480.658,565.731,77.067,20.926
483.432,561.939,73.694,19.491
480.967,551.382,69.347,24.256
494.510,554.678,186.131,14.775
377.575,547.253,180.375,26.053
422.916,539.370,319.847,16.783
484.594,525.406,180.606,23.091
560.256,518.683,273.641,31.355
639.358,511.347,145.505,36.747
721.637,496.008,283.619,44.265
811.786,491.412,174.524,48.067
873.161,496.536,174.779,43.328
923.189,503.185,176.508,32.473
974.610,500.626,170.674,28.648
1014.285,504.585,178.449,27.874
1040.652,513.284,172.292,33.269
1115.278,522.491,100.495,23.191
1122.436,520.403,86.276,17.663
1116.723,515.333,72.413,17.985
1071.253,514.098,113.302,26.403
1038.946,519.193,124.454,21.801
1034.364,520.475,116.262,22.688
1042.618,514.712,112.841,26.587
1049.954,511.277,116.328,28.174
1047.861,505.660,132.886,35.856
1042.803,492.411,144.528,41.155
1040.251,482.691,146.230,44.209
1045.873,482.083,152.382,42.847
1054.963,483.409,152.518,40.358
1057.081,484.896,159.435,30.316
1056.267,499.635,158.133,26.379
1052.541,508.030,160.013,23.969
1047.317,507.237,155.698,32.628
1045.904,508.815,160.526,32.620
1044.346,514.389,158.274,28.869
1039.974,518.792,160.512,25.758
1040.726,517.087,156.426,24.135
1041.287,511.187,152.842,30.273
1040.684,506.931,151.727,36.464
1042.010,500.417,151.162,43.381
1037.361,495.202,152.356,48.462
1038.682,487.769,145.069,54.551
1041.227,484.413,147.280,57.167
1034.050,479.124,148.010,58.357
1034.921,478.155,140.128,53.409
1023.052,486.980,142.341,42.876
1021.100,492.291,136.380,30.220
1010.738,511.643,138.078,21.213
1001.509,519.644,137.213,24.099
995.234,523.720,139.132,28.658
982.787,520.204,138.334,31.008
973.314,529.286,138.929,28.834
955.486,536.842,147.775,25.794
930.401,540.595,164.090,20.264
910.524,536.398,165.132,21.840
891.940,530.199,167.097,29.296
881.921,521.595,169.625,36.138
865.575,514.217,173.415,41.783
856.072,496.727,172.121,47.252
847.142,484.957,166.324,48.759
831.521,482.971,170.116,48.940
822.179,478.774,165.063,47.656
807.570,480.581,168.887,38.004
792.453,488.824,171.018,33.401
778.529,496.430,171.584,31.528
762.937,496.994,175.023,27.006
744.550,505.388,174.795,25.543
723.755,501.536,184.342,25.339
721.760,504.062,174.625,26.043
734.245,507.088,146.008,23.637
734.128,506.798,135.075,20.573
590.771,503.996,270.848,20.688
664.064,498.883,194.647,26.263
658.233,495.847,193.862,29.043
651.719,499.076,204.331,31.320
643.909,504.010,205.383,30.735
631.904,500.447,209.508,30.702
628.106,506.324,210.360,30.831
620.341,498.957,200.683,33.286
610.592,507.748,207.585,30.917
607.117,512.448,206.506,30.831
596.393,519.219,204.902,28.654
593.337,519.417,199.343,25.494
580.555,521.577,208.884,25.038
580.399,533.660,212.676,25.243
571.138,535.398,214.727,24.120
577.075,538.814,209.769,23.628
589.417,545.408,210.618,23.982
599.489,545.993,214.570,25.805
615.689,548.312,215.860,26.088
637.640,552.321,205.836,27.856
636.426,548.212,205.688,29.254
641.101,543.548,203.340,30.493
657.678,546.188,202.489,33.564
694.045,551.249,203.052,36.318
735.169,548.070,202.545,34.073
757.814,547.948,202.732,33.983
768.059,552.446,203.398,34.649
772.269,554.139,200.188,36.642
783.653,554.787,204.359,35.003
784.082,560.926,205.367,32.560
782.409,567.525,211.994,26.745
784.617,573.647,205.916,20.848
783.770,574.335,208.532,19.209
783.209,574.536,211.180,17.662
780.699,579.691,214.973,18.997
782.533,575.486,212.842,22.027
779.162,570.189,214.923,25.221
775.943,564.500,210.145,27.891
765.833,566.159,202.414,26.876
760.279,561.236,214.855,27.986
751.024,559.516,230.255,27.226
739.129,558.540,223.914,24.897
733.520,557.227,242.760,24.829
732.616,565.908,252.503,23.181
726.484,563.369,237.890,22.115
718.490,559.433,239.467,22.564
722.231,563.484,200.700,22.579
721.280,564.778,201.251,24.042
717.228,562.424,215.775,23.448
713.767,559.748,224.835,27.231
708.751,554.730,238.469,29.906
711.994,544.152,257.516,34.831
710.500,542.039,250.455,38.488
706.759,536.905,253.612,41.679
703.514,532.188,254.331,40.808
705.973,525.242,250.841,45.719
706.921,522.563,252.164,46.999
702.138,520.108,250.171,46.675
696.825,514.420,248.883,45.055
698.245,510.646,244.770,41.997
689.021,507.476,246.972,42.448
685.343,509.625,249.405,42.866
674.599,511.798,253.081,37.900
666.420,504.471,249.633,37.063
655.649,499.120,250.183,36.401
642.960,504.517,251.673,34.015
634.984,502.780,251.478,32.479
624.906,506.886,247.732,32.234
602.993,504.557,250.725,31.699
587.448,503.976,254.133,32.503
574.851,507.299,252.196,29.317
560.355,508.191,256.924,30.976
543.445,507.248,255.740,29.646
523.963,508.104,254.025,29.680
507.354,506.928,249.989,28.898
491.348,505.729,254.958,32.656
481.883,503.251,256.723,32.319
461.068,510.646,259.280,33.049
444.275,510.096,255.376,35.634
421.762,506.319,262.183,36.881
405.029,504.853,259.776,42.770
386.299,504.494,259.871,40.743
374.642,493.538,256.186,46.579
356.704,494.311,249.433,48.750
353.176,489.057,248.307,51.740
349.238,491.989,212.805,55.643
346.586,493.855,229.887,53.219
341.859,492.985,230.254,55.181
339.442,487.636,230.125,57.982
334.759,487.907,226.984,57.672
334.839,488.333,225.678,58.882
334.894,482.644,215.631,57.086
340.094,486.089,208.784,57.083
339.335,488.615,202.432,55.090
340.673,489.921,197.217,52.690
337.231,491.978,187.162,46.943
341.329,493.126,176.151,43.147
353.459,493.923,167.953,42.599
358.239,498.095,160.258,41.548
364.920,495.804,148.696,39.587
370.312,494.557,139.601,37.012
375.424,493.326,130.961,37.747
378.270,492.308,127.528,34.562
386.545,490.827,120.691,35.396
397.479,485.981,113.634,31.980
398.245,484.902,104.959,31.113
410.057,478.120,102.872,30.587
415.682,477.543,103.664,28.927
428.885,480.890,99.820,28.724
436.527,481.916,98.949,28.502
444.339,471.660,99.521,28.024
456.451,473.369,95.236,28.104
470.310,476.755,92.575,28.477
480.015,473.269,90.891,30.606
486.723,464.823,87.609,33.671
497.375,470.426,83.318,23.883
506.170,464.906,83.724,23.908
516.244,464.234,83.903,22.476
527.296,468.509,82.343,23.154
537.389,467.742,83.254,24.687
549.335,470.708,81.395,25.675
560.189,465.694,81.842,27.372
562.425,456.283,82.406,29.275
566.475,446.973,81.007,31.043
570.077,455.054,81.647,37.204
576.518,458.510,83.580,38.584
592.075,453.394,76.988,38.665
597.264,446.104,76.579,38.016
589.307,449.877,79.528,39.332
594.221,456.880,78.215,37.651
594.614,458.148,76.665,37.079
593.658,459.451,73.974,34.364
589.518,469.863,74.171,32.437
569.445,474.946,76.671,28.776
559.158,486.512,78.905,22.947
558.235,485.925,83.062,27.374
564.700,492.541,82.744,35.353
567.535,499.036,82.393,38.754
567.056,502.402,82.556,37.133
563.134,509.529,83.847,41.313
554.529,521.449,86.891,32.112
550.356,513.644,88.660,31.498
553.008,506.697,85.479,28.210
551.991,510.652,84.457,28.481
552.041,502.226,81.993,31.733
548.427,489.173,76.196,34.252
542.633,488.660,79.580,35.995
542.951,479.769,81.096,36.783
535.842,470.224,75.483,35.824
522.981,454.053,73.918,33.979
504.235,460.283,83.758,30.668
494.323,463.025,83.069,25.286
496.462,468.857,81.737,20.526
488.352,469.603,82.123,24.202
475.955,475.078,82.381,27.132
471.143,477.618,84.402,31.176
464.703,480.428,84.502,30.915
457.320,488.297,81.221,25.228
453.864,485.251,79.301,25.129
447.220,477.667,77.456,29.460
436.291,473.668,76.454,36.882
432.643,462.061,74.694,41.130
424.790,455.640,76.184,43.867
427.600,458.308,75.670,45.147
423.880,455.830,77.610,48.228
419.175,453.716,77.704,50.495
417.094,454.354,75.965,47.965
417.427,452.429,78.084,46.729
418.819,446.376,76.631,44.550
411.131,452.146,77.493,39.683
406.454,460.549,79.183,34.982
408.574,463.157,78.320,30.505
409.397,473.605,81.969,27.258
404.379,468.605,83.547,30.510
402.195,473.451,83.064,36.075
400.891,482.725,91.588,32.209
404.045,480.726,91.170,34.352
405.591,489.498,95.584,34.065
405.956,490.378,94.166,40.439
404.727,493.175,96.131,37.192
408.730,497.844,90.525,34.577
408.386,499.333,88.972,29.807
412.373,499.706,86.357,29.782
414.221,494.795,83.272,32.496
418.740,493.060,80.296,31.052
415.367,497.880,82.241,30.515
416.971,496.447,80.139,31.573
417.327,493.640,78.819,31.225
410.247,501.288,76.952,32.652
405.688,507.459,78.027,33.182
397.044,516.498,81.743,29.391
399.185,523.901,82.584,29.860
393.988,535.147,81.133,23.394
385.179,543.605,83.254,23.287
388.910,548.696,84.560,28.511
387.434,552.802,81.894,31.240
383.292,560.907,80.428,29.044
375.370,571.838,81.036,22.806
369.769,573.518,81.655,23.490
367.983,566.422,81.793,25.181
369.275,567.722,77.207,29.317
376.729,560.882,73.667,33.442
374.639,559.286,77.450,38.426
377.649,548.481,78.113,43.712
378.544,539.083,77.844,51.038
378.105,539.795,78.090,50.372
378.100,545.896,79.481,42.817
379.679,554.077,75.854,33.362
377.894,558.227,74.878,29.911
378.169,568.050,81.171,29.275
376.321,584.053,81.843,25.850
376.374,596.794,81.829,25.865
369.442,598.991,80.053,26.653
368.378,599.269,71.353,27.856
374.863,600.571,64.562,25.968
369.159,595.998,62.597,21.823
369.066,583.884,65.671,27.838
360.256,567.258,70.383,36.138
359.575,548.242,76.192,44.361
359.673,537.087,83.106,50.586
371.311,524.011,82.461,62.561
377.532,512.790,81.545,71.028
383.975,501.920,81.323,74.762
391.236,495.288,81.161,71.952
394.619,492.995,79.906,60.924
407.118,508.469,76.198,43.282
415.877,521.596,76.858,34.172
414.209,531.093,71.478,22.869
423.529,534.180,64.751,24.393
462.268,466.678,29.032,83.835
468.364,487.795,29.616,67.651
460.121,462.191,40.070,95.358
470.975,537.536,43.794,21.339
463.091,535.037,61.408,23.751
456.751,527.396,72.482,34.672
456.090,515.572,78.429,41.728
457.959,511.921,81.679,53.613
455.582,505.453,82.456,59.522
453.092,495.573,79.422,67.474
453.668,484.752,80.029,75.925
452.010,483.539,81.317,78.819
455.735,486.015,81.575,73.706
454.983,485.996,81.056,61.764
452.322,493.863,85.243,48.446
456.482,504.276,80.278,36.912
450.491,509.210,88.334,27.155
443.966,513.080,88.636,21.963
447.289,515.916,90.581,21.251
447.060,523.900,91.918,25.004
446.532,522.859,90.669,27.854
439.623,515.161,93.977,30.719
437.675,523.315,92.819,30.223
434.558,526.442,93.327,28.952
430.860,530.201,96.664,22.787
430.570,519.964,93.389,22.947
427.484,515.992,91.186,24.006
432.167,514.264,90.473,28.778
427.768,503.733,91.066,32.304
426.080,494.918,84.998,36.257
424.961,494.528,86.790,38.487
430.521,482.784,77.179,39.344
429.863,477.028,83.359,39.247
429.500,474.313,81.908,45.021
427.300,485.640,84.363,42.060
422.734,477.617,86.681,43.998
425.630,475.424,83.618,42.553
428.462,473.386,83.572,42.444
433.902,474.761,82.616,42.085
424.681,475.498,85.475,41.439
423.540,474.218,85.485,43.400
429.176,469.797,79.584,44.186
432.774,471.412,80.603,40.956
430.849,467.268,79.390,41.651
429.521,465.559,84.126,45.414
437.591,461.717,82.005,44.910
449.055,467.883,83.634,42.303
448.605,469.271,79.889,43.338
454.785,462.252,76.266,39.314
461.442,468.262,80.450,35.438
466.768,470.351,79.113,32.758
470.096,469.177,81.641,27.860
471.933,464.380,81.502,23.696
478.083,478.164,81.001,27.294
500.052,488.313,74.881,24.582
503.850,491.226,84.924,26.415
511.430,499.776,91.531,23.477
544.075,504.536,81.230,21.866
562.117,509.213,74.228,24.179
541.998,515.009,102.051,27.894
524.616,504.334,124.824,34.257
540.500,510.977,113.896,36.436
534.981,502.350,119.901,40.268
535.410,508.160,121.408,44.085
533.380,516.717,119.457,46.171
521.255,515.653,125.521,49.642
532.481,516.604,112.710,53.273
533.784,510.053,107.004,55.518
543.386,510.143,95.683,52.402
544.912,511.907,92.204,52.566
546.492,516.976,83.463,51.083
551.000,516.960,81.654,48.101
545.746,510.498,79.858,45.077
541.613,507.344,77.559,44.902
546.484,506.676,75.167,42.089
547.374,502.395,80.253,39.395
550.807,500.032,83.179,42.209
550.964,506.373,82.865,38.337
542.200,501.347,93.950,35.952
534.742,506.152,97.909,38.115
530.382,508.418,107.854,38.729
520.045,508.089,109.353,35.889
516.083,508.330,116.397,36.288
502.226,513.337,131.886,38.889
491.358,517.419,140.700,38.334
483.171,516.437,148.544,36.327
481.406,513.863,153.545,36.915
472.972,517.062,164.823,39.431
462.151,518.519,168.044,38.456
447.753,521.156,174.611,39.304
437.734,520.214,171.232,39.860
429.961,523.089,176.015,41.727
415.017,522.675,179.307,42.725
402.830,526.303,182.611,47.935
397.149,530.949,190.595,45.773
392.539,527.268,193.268,49.954
378.009,524.257,204.982,48.486
367.926,518.361,207.584,50.299
356.323,521.618,209.922,49.105
352.560,517.259,221.926,50.086
368.737,512.325,236.227,50.032
406.988,511.445,238.717,47.656
444.749,509.854,251.842,46.780
504.517,511.266,258.302,44.610
573.007,498.723,266.303,41.946
654.739,493.457,279.108,39.993
734.620,498.430,287.361,41.475
807.034,493.153,275.448,37.601
860.259,482.971,287.172,39.596
903.023,477.349,287.088,39.304
931.759,482.757,284.255,40.820
940.210,478.803,284.602,38.378
938.512,476.822,281.499,41.083
922.299,470.628,280.721,38.594
910.796,470.733,279.321,37.966
908.864,477.556,272.262,37.923
884.964,475.547,281.378,37.259
876.338,475.307,287.554,38.354
871.849,477.636,286.423,40.226
863.625,482.476,282.866,35.708
846.600,479.968,276.798,35.280
833.057,484.336,277.537,38.035
822.146,482.176,272.218,39.681
810.085,491.820,272.200,36.210
784.118,496.585,278.739,38.227
773.081,499.170,278.088,40.494
757.348,495.393,281.278,44.222
744.365,500.733,281.974,44.722
730.700,502.384,282.516,47.724
719.362,502.752,284.722,49.315
709.019,507.254,282.408,46.475
704.188,512.122,280.589,47.071
696.289,515.868,278.900,45.333
689.865,530.205,278.014,40.070
687.520,528.445,267.470,35.550
680.229,524.508,260.536,31.882
688.526,522.008,241.751,27.936
729.743,523.797,184.003,28.802
730.887,523.152,173.827,24.540
744.797,521.923,151.119,29.883
736.656,526.906,147.351,27.855
738.721,522.707,128.821,26.484
730.321,510.898,128.179,29.850
734.365,516.643,109.051,22.083
723.848,513.789,103.969,29.663
706.445,504.413,81.324,30.008
666.679,505.451,112.817,21.098
664.552,496.782,118.443,22.845
654.769,493.463,118.458,22.270
655.156,496.869,121.807,18.446
657.130,494.306,147.894,21.671
654.653,480.840,100.838,24.869
645.044,466.428,104.773,26.746
646.101,468.453,101.493,24.604
641.119,466.649,100.250,23.312
677.560,464.621,47.457,25.815
669.971,458.695,46.483,19.820
677.284,463.418,31.736,16.722
662.446,459.869,38.893,14.329
652.333,448.642,32.981,16.966
652.571,446.289,19.675,14.257
641.561,441.452,23.261,13.708
609.069,446.686,56.656,10.000
589.277,430.363,53.499,17.721
577.443,437.983,54.773,10.000
598.200,395.865,21.020,34.844
557.617,425.011,65.324,14.068
581.430,363.325,10.000,64.204
573.367,355.627,33.218,141.545
554.758,411.679,71.123,21.873
531.514,367.288,23.712,59.438
520.785,372.155,24.021,47.966
515.378,420.223,25.037,10.000
507.983,416.674,21.579,12.838
510.192,422.423,14.479,15.585
456.462,434.854,55.568,11.443
383.246,425.469,130.305,31.477
351.975,394.024,177.933,66.339
344.323,391.941,199.547,75.728
337.034,395.102,207.482,80.482
332.409,394.738,228.111,79.141
329.391,412.778,236.838,78.587
323.533,426.670,249.920,73.474
317.021,438.144,259.412,71.712
318.899,443.682,253.471,66.645
321.553,452.553,265.333,66.073
322.978,458.811,267.519,64.162
322.008,459.639,269.722,64.082
332.671,454.578,262.868,69.993
350.833,451.003,261.857,74.700
400.521,453.615,268.934,77.879
450.412,451.425,266.184,75.887
510.920,446.103,259.309,78.846
547.292,438.026,261.249,76.114
575.883,433.404,264.270,74.052
586.157,435.693,265.853,76.478
585.117,435.656,265.933,72.268
593.423,440.417,267.366,68.299
605.591,433.700,260.622,66.576
599.605,431.662,271.804,64.590
607.183,426.573,268.049,62.571
608.017,433.454,270.015,65.946
610.793,434.638,265.531,61.441
603.730,423.946,267.387,60.328
601.453,423.810,263.030,56.018
601.682,432.369,263.301,55.432
605.977,427.641,259.796,54.235
601.858,429.333,266.133,51.801
598.556,431.016,227.359,53.607
597.921,437.920,219.563,52.845
592.568,433.726,222.723,50.021
590.932,433.556,239.115,48.669
588.605,431.093,244.634,48.408
594.451,435.013,246.463,47.548
598.925,432.951,230.352,48.415
596.871,438.114,235.729,45.495
597.647,439.894,271.753,46.918
602.378,443.907,247.368,44.544
604.201,441.177,247.084,43.492
607.333,443.823,259.505,43.182
605.579,440.174,264.284,44.330
608.406,450.642,263.179,38.773
608.710,447.134,256.493,37.886
612.272,446.120,263.004,44.657
616.548,446.087,223.839,38.428
613.400,446.185,248.323,35.819
610.301,444.618,263.031,38.575
609.365,443.140,273.572,35.683
610.057,433.050,254.161,38.233
598.028,436.359,259.842,35.765
608.616,436.477,254.501,32.054
604.032,432.040,266.746,33.502
607.154,438.553,258.038,33.937
595.478,445.392,263.757,33.579
592.888,435.590,258.186,33.947
581.286,441.308,263.757,30.203
578.847,451.036,263.978,29.192
576.305,452.425,262.019,29.055
567.069,447.168,262.806,28.889
560.723,447.645,269.039,26.886
561.163,452.730,258.607,26.100
561.928,449.157,254.773,32.094
560.197,445.827,255.881,28.975
552.484,435.807,246.798,31.238
554.911,431.528,247.404,32.576
550.209,423.684,246.543,37.459
548.678,418.532,239.397,41.216
545.731,407.881,242.702,45.992
544.351,409.082,246.944,49.939
542.270,404.221,251.996,52.091
535.092,397.891,247.754,54.189
533.626,396.203,247.668,56.404
534.182,396.248,247.976,57.735
538.360,398.517,242.975,56.550
543.477,400.281,244.706,52.554
543.189,398.396,239.378,48.148
541.557,400.314,231.886,42.591
534.058,405.682,222.792,39.024
526.781,410.266,224.658,35.639
535.776,411.609,216.877,35.102
531.458,407.449,212.206,34.667
522.608,401.207,210.633,36.310
517.444,404.305,209.930,41.146
517.453,398.452,206.749,47.082
525.189,395.515,199.772,54.932
520.864,391.255,201.281,57.989
524.247,389.708,196.897,57.618
525.504,379.213,201.858,64.082
531.063,380.754,203.714,66.918
540.912,380.032,200.170,63.446
538.344,375.206,203.052,64.751
546.416,381.635,208.031,62.685
557.386,389.430,205.067,57.611
565.259,391.252,209.340,48.962
577.745,397.094,217.391,51.056
586.799,404.466,219.550,46.232
588.919,420.123,219.745,40.320
592.425,420.858,225.936,39.039
599.308,435.487,229.475,34.986
606.830,443.282,230.055,36.277
611.636,451.534,232.892,39.182
620.022,458.288,233.747,40.427
617.997,465.463,233.128,44.757
625.303,459.811,234.270,53.606
630.132,451.350,235.169,58.624
633.919,447.275,234.647,64.657
639.029,446.063,233.059,66.342
635.730,449.588,235.174,72.495
637.153,447.638,242.793,70.902
638.002,434.764,241.883,71.436
637.377,433.118,242.607,70.256
639.638,433.187,207.735,61.222
643.111,438.247,208.024,59.242
635.818,429.579,217.269,57.879
632.146,424.377,235.169,53.233
623.331,426.117,241.593,47.288
616.306,432.633,249.435,41.965
610.578,430.439,257.199,36.508
607.385,425.595,250.385,35.714
595.880,430.749,252.540,36.402
593.830,429.165,235.126,36.114
590.300,431.347,250.307,38.949
583.458,418.810,244.232,44.855
585.890,413.151,244.609,49.048
584.334,399.901,248.598,57.538
584.750,391.050,247.048,61.582
594.844,381.807,240.451,70.924
597.598,376.193,233.898,73.780
604.294,361.773,227.346,77.624
606.990,367.584,229.407,79.308
604.184,356.453,226.643,75.098
600.258,367.105,223.789,64.499
595.693,380.105,227.146,49.327
591.759,394.587,218.469,38.391
588.819,404.971,217.556,33.230
580.405,413.398,218.861,30.876
576.767,417.809,206.551,34.727
563.538,412.448,212.829,43.922
550.697,394.141,215.860,52.852
551.573,372.393,206.185,64.018
539.608,362.061,195.138,72.946
533.160,351.905,202.773,84.887
531.333,343.136,202.751,94.022
528.416,328.733,200.563,102.633
527.336,315.443,201.288,107.392
528.389,311.682,198.298,105.484
518.341,304.757,194.931,102.824
515.681,303.979,195.146,94.453
517.734,311.474,193.489,84.090
516.829,324.633,196.578,70.553
510.281,344.090,193.145,54.307
497.329,357.501,194.232,43.277
490.899,374.366,190.935,34.699
481.342,374.918,197.655,28.539
471.605,391.296,196.952,27.706
459.026,404.705,195.162,27.986
453.103,413.219,197.383,33.021
455.330,406.946,200.522,37.325
453.869,391.759,203.444,49.472
458.259,381.906,195.872,61.336
457.590,379.413,191.939,71.812
453.869,377.230,190.680,81.821
454.912,375.119,184.342,89.545
450.146,371.551,179.990,96.166
444.970,371.126,183.488,104.398
448.861,371.223,180.694,106.976
440.849,372.327,176.100,112.013
445.962,373.511,178.243,107.115
443.240,375.060,181.198,99.590
439.373,391.482,181.397,83.432
441.040,411.989,184.474,67.082
442.674,424.827,185.213,56.321
446.279,445.417,183.119,43.171
448.794,466.468,180.582,33.659
447.623,481.580,176.836,30.747
450.448,491.494,172.071,32.909
446.292,496.769,172.830,33.690
454.638,507.950,163.180,27.707
452.796,510.231,159.866,25.568
462.678,497.914,133.955,33.425
470.130,492.907,127.364,41.561
484.439,488.563,123.286,50.249
488.250,471.614,120.705,57.989
496.484,467.930,116.973,63.849
507.546,460.045,117.353,72.004
514.308,456.651,115.978,75.846
519.254,457.708,118.499,79.940
525.047,459.634,123.692,79.795
528.159,463.892,130.410,72.671
529.762,477.011,133.837,61.846
532.403,486.265,133.291,45.887
530.310,499.814,131.996,32.725
532.630,516.834,131.303,25.392
534.262,520.979,134.625,20.569
559.670,516.381,91.831,22.483
559.152,514.785,89.498,19.393
605.739,502.176,45.948,19.799
612.915,474.426,39.708,45.216
563.714,509.960,92.781,14.457
626.504,465.713,28.532,49.270
548.849,493.049,108.654,21.461
551.255,483.011,111.218,27.077
553.597,474.979,58.989,32.686
557.383,465.349,72.108,43.406
559.372,452.987,102.531,54.123
564.276,444.717,96.898,62.015
568.852,442.431,99.881,72.188
567.086,438.215,103.582,76.708
571.194,436.387,104.118,78.401
573.634,444.440,105.395,77.145
575.405,457.368,101.311,64.290
575.809,472.870,104.381,46.697
579.955,492.857,102.251,33.337
597.134,509.291,86.038,25.285
613.773,439.519,65.389,98.879
602.331,421.627,65.721,87.467
613.749,443.917,52.010,89.117
688.099,363.106,65.962,66.918
606.643,353.585,40.718,95.542
613.621,395.728,22.386,38.269
626.113,429.856,34.768,102.711
626.568,427.905,34.817,106.733
626.766,386.064,35.398,151.356
579.387,318.686,173.543,87.797
630.325,307.476,121.832,73.396
658.441,313.649,88.920,77.355
613.881,402.318,51.154,78.391
546.955,511.017,59.974,36.848
539.974,515.070,63.347,30.633
536.850,514.095,63.752,32.761
536.227,516.560,73.237,34.879
535.576,523.743,99.317,37.574
530.817,527.333,102.829,33.337
536.031,535.654,92.636,28.567
542.056,547.877,86.151,21.229
555.705,489.054,59.370,80.106
540.379,416.995,75.800,73.177
524.911,411.544,86.612,49.791
509.801,407.495,92.491,35.786
508.206,394.534,88.055,31.085
505.590,382.028,83.202,35.613
506.077,362.538,73.830,42.967
512.806,353.835,69.530,45.336
518.757,342.849,91.396,37.819
524.078,336.494,81.461,33.765
525.204,329.739,76.163,34.352
558.671,357.478,67.274,32.201
567.331,357.582,31.899,28.625
567.785,322.865,136.193,29.478
536.009,356.918,43.456,24.904
540.106,366.399,37.441,24.564
546.865,377.461,133.962,30.088
545.867,377.384,128.080,32.274
555.312,372.742,88.280,30.072
562.692,370.588,85.741,32.929
573.703,357.857,82.259,34.736
578.220,351.138,87.249,34.043
584.547,352.347,88.879,32.062
592.375,335.084,102.022,38.860
600.272,339.513,86.983,33.785
606.639,354.234,88.472,23.665
620.867,364.226,80.908,20.066
619.424,371.260,86.713,23.583
622.578,370.285,95.525,26.258
630.825,369.237,92.506,29.160
643.157,361.237,83.138,43.182
657.712,351.492,83.802,58.829
687.665,436.994,70.566,86.310
700.870,421.119,60.752,98.801
709.381,443.692,56.448,68.544
705.094,496.897,90.183,24.414
727.332,483.994,76.272,31.882
714.259,473.488,91.621,46.058
703.492,454.116,103.402,60.740
692.674,439.626,112.787,72.858
693.864,424.847,112.586,84.984
678.189,414.981,113.933,94.323
658.965,406.712,114.805,99.857
616.146,417.153,114.171,85.414
587.059,415.288,114.105,65.175
569.036,428.373,109.247,49.187
536.004,441.200,115.012,40.886
508.767,460.130,116.246,30.678
484.753,458.611,118.962,32.759
441.057,465.736,118.809,32.516
379.387,460.819,117.338,36.746
349.512,469.456,117.883,32.234
320.354,462.838,106.881,29.161
319.559,464.419,105.781,24.652
317.482,469.157,100.603,23.997
331.518,467.260,85.442,26.214
325.765,461.738,85.258,30.510
318.759,449.611,86.553,40.200
311.506,444.447,91.614,50.529
312.792,438.984,90.272,55.174
321.827,428.771,92.587,58.752
336.433,431.642,90.769,55.824
342.753,435.887,92.244,50.185
355.689,455.926,93.959,41.790
374.416,473.808,90.907,34.153
390.085,486.757,91.810,34.136
414.027,491.611,91.214,32.272
448.619,494.769,72.957,29.227
472.049,499.850,70.243,29.337
489.325,514.974,69.559,20.394
492.908,518.222,76.218,22.963
490.340,509.281,87.404,29.163
485.134,512.444,93.876,31.427
479.289,504.820,97.822,39.478
484.479,504.379,99.152,43.348
491.164,502.503,97.227,43.022
500.390,502.506,98.987,44.700
502.468,494.136,100.175,44.611
508.849,497.404,98.405,44.376
517.752,496.791,101.281,42.421
516.950,492.214,97.227,39.075
517.004,485.310,98.479,35.339
527.756,486.333,97.399,35.536
540.565,481.079,98.107,37.779
559.958,478.974,98.992,36.252
592.525,483.533,104.572,36.258
656.179,486.341,104.780,35.092
708.326,485.409,101.989,33.672
766.962,485.670,111.093,36.796
825.326,484.602,108.854,36.626
875.070,487.221,115.046,39.235
907.833,492.978,117.208,40.505
936.890,502.185,122.605,36.726
957.285,506.688,129.185,37.006
963.262,512.442,137.322,37.552
959.887,517.964,143.928,34.721
958.659,519.327,150.065,34.968
953.321,521.288,156.823,33.657
956.472,526.471,162.023,29.842
949.415,538.042,161.622,30.984
945.551,543.021,168.070,31.540
939.021,544.038,167.546,33.013
926.194,545.488,173.225,36.076
915.121,548.936,175.389,35.680
907.668,554.883,181.256,39.169
902.932,559.926,182.273,39.735
894.106,559.494,185.085,41.623
885.046,562.169,183.132,40.148
870.915,566.457,189.774,37.234
865.325,567.710,192.018,38.437
846.381,569.203,200.824,35.622
830.288,571.413,208.589,36.800
815.885,576.819,214.744,36.347
801.597,580.825,217.819,36.303
788.160,582.593,223.502,38.645
772.065,584.795,227.592,40.382
748.896,585.200,232.820,39.764
730.682,587.363,236.123,41.793
705.192,592.332,238.322,36.634
688.149,590.630,242.473,38.915
663.438,590.433,248.501,39.309
646.444,595.429,249.605,39.422
634.808,595.081,249.242,38.925
615.942,599.958,260.958,35.084
589.887,603.322,265.360,34.104
577.334,602.839,263.022,31.258
566.114,599.764,265.123,33.231
561.743,597.382,262.955,36.302
572.732,595.778,264.448,33.838
599.921,589.187,263.726,40.573
650.393,586.071,264.264,38.314
687.369,581.238,268.129,44.352
719.343,580.897,271.076,43.285
732.432,579.309,279.636,43.205
735.781,578.240,283.942,42.921
725.849,570.072,277.494,44.001
705.176,569.298,285.012,43.117
685.984,559.317,283.192,43.090
675.677,558.087,292.087,38.694
664.022,557.828,287.907,39.212
648.146,560.386,291.530,36.228
631.913,549.439,300.910,37.511
620.363,538.217,301.476,36.994
598.853,541.690,306.405,37.031
583.520,536.068,303.962,38.022
566.034,535.027,310.906,39.456
557.125,529.657,310.067,39.536
545.950,523.053,306.709,42.771
533.753,517.114,311.128,49.138
528.856,510.978,305.815,54.230
536.179,507.375,305.109,57.563
538.917,503.218,308.134,56.314
554.313,494.203,311.613,56.154
577.554,492.320,310.205,56.473
601.150,504.914,305.433,50.905
620.317,504.655,305.790,47.678
636.939,509.165,305.409,46.150
647.072,508.240,316.508,46.573
665.045,515.238,316.301,41.574
672.568,527.529,318.246,37.198
672.908,526.062,319.312,36.206
670.858,528.857,319.100,37.085
663.118,532.786,319.966,36.642
660.269,539.383,318.715,31.264
651.743,547.611,316.958,32.416
644.898,548.790,316.635,31.278
627.168,551.055,320.557,34.132
614.523,553.239,323.420,35.842
600.728,540.544,312.200,41.828
584.993,550.460,322.135,41.470
569.569,551.276,323.336,45.397
560.431,553.109,320.745,47.554
550.686,555.590,327.111,52.249
556.740,554.767,327.300,53.111
571.420,565.739,325.939,50.713
609.697,564.560,332.341,52.299
662.819,574.597,334.127,49.129
729.028,578.631,332.847,47.220
806.302,583.657,340.777,43.696
866.855,587.403,335.377,41.341
901.655,596.529,335.048,33.929
918.800,597.686,336.644,31.187
937.397,609.178,313.192,25.433
953.622,615.286,277.349,23.038
943.902,612.078,272.136,23.052
928.210,617.736,238.503,22.360
926.539,613.819,219.713,25.650
914.128,611.135,223.755,26.351
943.574,620.612,176.572,24.190
958.857,614.227,153.085,20.315
947.323,612.843,148.922,18.825
976.924,621.089,106.371,18.135
995.685,612.988,70.787,17.609
991.583,611.776,34.168,20.600
972.643,515.130,20.822,116.367
898.302,493.784,29.860,139.743
843.785,433.832,43.922,214.300
672.511,611.037,170.078,27.049
655.499,610.547,92.390,26.261
646.524,611.395,107.370,24.663
625.187,613.319,110.883,28.133
608.017,611.585,125.615,29.807
588.953,598.299,156.756,34.562
572.293,586.804,212.359,38.369
550.985,583.533,251.897,38.753
532.717,584.487,277.735,43.186
513.246,583.460,292.520,43.483
496.479,562.692,301.183,47.484
472.627,556.721,317.257,47.445
454.161,549.986,327.170,48.633
444.192,551.566,324.120,54.315
423.762,551.895,322.478,53.392
404.573,551.540,329.602,53.314
404.682,550.837,326.994,56.845
385.724,551.126,322.847,55.720
362.596,550.242,326.122,55.876
345.207,554.949,322.811,56.999
325.159,556.013,330.038,54.870
304.939,555.676,327.337,51.500
289.898,558.014,331.406,49.685
274.582,556.887,327.068,55.797
257.332,559.616,328.822,49.526
246.127,550.125,331.805,50.870
240.083,547.726,332.706,47.084
234.257,545.955,336.590,51.378
226.445,544.490,339.031,53.781
225.190,535.115,331.799,53.856
225.156,539.294,331.331,52.456
237.625,538.317,330.165,50.977
234.468,534.987,328.691,49.589
228.054,533.963,332.827,48.825
242.412,541.282,319.420,40.055
242.586,540.461,324.057,37.165
251.546,543.451,322.826,31.843
235.245,545.765,339.586,32.293
234.420,554.156,337.673,28.925
222.392,553.761,274.565,29.517
217.189,556.420,293.640,28.353
206.615,561.650,314.057,27.936
231.578,566.426,289.082,28.139
252.053,563.881,283.527,28.353
263.076,567.282,256.993,27.298
287.696,567.484,237.839,24.372
311.713,558.157,167.071,26.548
330.602,561.547,176.442,23.374
338.856,555.107,187.575,26.484
150.785,552.408,384.840,28.919
195.431,515.569,331.858,50.876
202.421,522.538,333.227,50.986
221.756,527.140,330.069,52.226
244.700,517.994,330.230,54.731
258.023,513.332,335.880,57.595
268.811,507.578,333.810,55.171
272.734,501.481,335.199,51.882
278.949,502.594,334.655,51.242
283.755,501.739,338.149,52.688
308.577,494.959,336.588,47.817
383.607,492.692,337.735,50.317
455.595,495.394,332.158,48.570
498.434,490.906,336.363,47.615
523.570,484.532,328.193,46.667
515.221,478.339,333.479,47.392
519.913,474.104,329.127,50.577
524.126,472.754,318.373,52.760
522.342,468.238,315.450,53.743
526.035,464.095,319.272,57.078
528.992,462.109,321.731,58.619
534.680,456.201,321.086,59.980
538.353,446.973,320.138,59.800
536.018,437.520,321.481,59.862
535.728,433.023,326.226,62.191
538.021,421.062,322.781,68.719
526.485,415.470,321.703,66.189
517.892,407.080,319.608,67.194
507.380,404.265,314.202,69.007
484.452,403.705,299.067,60.992
448.059,400.642,299.052,63.599
398.490,401.238,302.095,65.721
352.038,402.781,299.070,64.046
311.179,418.453,295.430,63.742
288.619,416.269,296.608,62.617
273.041,398.686,297.719,69.104
264.833,403.662,292.887,58.577
256.357,415.388,256.364,55.310
237.549,418.465,253.175,54.405
227.769,412.281,240.995,50.785
223.278,410.194,260.393,50.527
204.684,409.511,250.969,54.648
182.125,414.781,263.006,51.381
149.866,414.652,270.765,50.013
129.527,418.211,250.833,50.586
100.173,418.010,258.552,48.056
91.120,419.504,244.530,50.423
98.295,419.560,251.106,47.416
100.552,431.463,251.401,44.378
103.521,436.724,242.923,45.072
102.155,445.216,237.482,41.921
91.231,458.773,240.920,36.218
83.158,461.915,239.854,33.677
79.363,465.426,231.056,35.838
75.439,482.799,215.414,34.415
77.696,484.129,199.165,40.213
83.077,478.804,207.744,47.817
83.756,477.963,208.382,59.481
87.770,461.742,209.502,70.726
90.443,452.279,213.413,81.126
104.087,464.633,210.378,86.999
117.633,463.124,212.299,88.390
129.753,461.812,216.020,84.982
142.053,457.668,216.366,88.390
164.046,462.510,203.974,80.647
177.838,476.349,206.474,74.310
198.697,482.737,197.011,61.535
217.562,479.971,195.902,55.594
233.753,486.231,191.958,47.676
270.146,492.442,182.974,39.852
337.510,500.905,183.917,39.350
445.162,496.527,325.306,49.470
528.782,500.932,160.608,52.096
578.693,505.192,158.557,51.632
594.409,512.718,153.927,51.973
612.989,513.453,147.749,36.892
632.520,513.538,141.263,29.319
647.009,506.772,140.809,34.847
669.901,490.038,131.293,44.561
681.205,483.540,133.024,55.108
699.329,464.079,124.743,68.463
714.502,458.700,132.896,76.258
734.582,449.050,136.081,83.866
742.244,446.877,134.887,80.932
752.393,436.531,138.218,76.951
757.249,443.602,144.209,72.311
767.154,463.185,153.247,53.197
770.074,477.651,159.903,39.116
777.872,497.050,163.178,31.557
782.382,499.574,162.945,29.967
784.856,499.570,162.481,33.617
792.059,506.457,159.032,39.240
801.388,514.379,153.495,39.204
810.459,516.401,152.777,35.627
812.811,515.853,144.816,29.319
806.880,514.975,142.316,29.116
808.343,498.171,137.712,38.074
815.688,477.458,130.130,49.180
827.607,470.832,128.864,58.749
829.013,484.145,132.686,69.835
819.855,477.739,137.678,70.094
807.302,464.423,136.243,68.809
790.992,451.662,141.885,71.428
770.206,445.443,147.975,71.770
750.189,444.346,146.482,70.039
738.330,454.181,145.218,62.961
712.650,456.539,145.613,49.049
681.840,457.152,146.691,41.548
658.733,473.229,144.678,33.821
640.307,478.934,143.012,25.773
614.443,478.084,142.348,31.727
589.670,483.182,142.776,37.410
551.128,487.083,149.358,39.868
519.613,487.849,151.949,38.490
490.424,488.113,158.434,41.790
471.792,492.536,160.961,40.770
467.568,502.029,159.980,34.305
463.762,505.512,162.095,28.526
460.991,496.372,157.703,32.248
459.151,488.746,152.085,38.057
459.515,483.057,150.440,43.789
461.736,477.963,147.786,48.612
475.930,476.416,147.124,48.474
483.041,479.687,144.229,48.020
489.689,483.041,148.592,49.309
496.552,490.022,146.363,42.382
493.223,488.765,149.227,42.207
496.409,490.938,147.149,36.588
499.829,494.084,147.662,36.915
497.106,497.586,154.589,36.870
496.295,505.899,157.723,34.747
491.360,500.838,166.403,35.806
487.380,502.820,168.644,35.244
487.148,513.022,172.354,36.171
480.691,503.918,173.887,41.417
474.598,500.645,177.909,40.991
469.969,493.424,178.955,44.824
466.778,486.024,180.667,47.771
467.043,481.810,179.022,47.454
468.503,476.556,178.501,52.055
479.163,469.371,173.208,52.522
482.640,462.763,171.030,51.978
489.870,451.879,165.269,54.837
497.601,457.760,157.622,55.082
505.133,458.805,154.313,54.299
510.138,452.174,147.057,50.304
515.840,448.676,147.216,48.669
529.245,439.942,140.925,50.706
544.423,468.856,144.656,48.162
567.462,470.548,132.664,43.275
584.217,462.531,132.154,45.015
587.381,472.672,140.047,42.972
594.084,482.489,132.552,44.651
594.416,485.709,134.509,42.063
594.062,486.112,134.614,41.860
591.050,491.533,131.151,41.408
593.464,497.332,133.407,42.354
590.451,503.000,145.907,41.408
595.729,509.390,152.155,43.251
587.914,509.230,165.020,46.010
580.337,503.952,177.206,46.440
575.058,504.655,189.581,49.574
555.137,506.344,201.085,48.912
540.492,504.188,219.849,51.437
522.553,503.482,237.401,48.588
505.520,502.178,252.536,44.957
489.099,511.627,264.018,39.731
476.716,510.777,274.427,35.893
470.739,514.623,276.252,34.159
462.917,516.135,279.053,38.141
455.135,507.520,278.295,42.973
443.754,510.164,274.983,46.232
435.629,509.086,281.963,51.328
436.760,502.439,276.806,59.075
438.391,495.863,274.057,61.727
436.243,495.711,266.885,65.679
437.120,495.674,262.481,66.018
432.326,493.357,261.523,68.281
435.426,494.310,255.590,65.035
425.381,494.820,256.580,57.821
415.986,495.412,257.305,49.801
408.670,508.075,249.048,42.377
399.347,513.844,256.181,35.981
382.990,516.426,266.553,34.667
373.746,520.856,268.864,32.934
359.943,517.898,273.462,36.399
352.401,515.887,275.538,45.223
340.798,503.391,276.384,49.642
327.896,494.896,279.429,55.604
312.843,492.993,283.075,57.414
301.304,485.472,287.529,64.547
291.302,477.941,287.359,65.705
288.058,469.248,288.344,74.287
289.174,470.041,286.697,72.994
302.472,470.622,278.928,72.122
305.264,466.335,275.902,65.921
309.498,478.765,272.566,54.837
323.220,487.799,266.203,45.593
323.955,487.873,263.629,44.784
329.557,483.281,260.695,48.744
339.427,473.586,252.912,55.501
344.241,462.923,246.603,64.733
353.889,459.346,236.167,72.394
367.383,454.389,225.171,73.921
382.465,446.865,216.473,76.813
399.581,442.422,209.859,81.311
412.155,436.245,198.055,79.536
422.862,432.734,197.526,86.559
434.598,438.791,195.288,79.164
446.792,435.523,186.096,71.748
458.079,446.614,184.829,65.084
475.168,449.289,182.935,57.318
483.159,458.669,187.259,46.558
489.415,469.412,191.397,40.412
490.026,481.166,195.106,31.872
496.367,481.136,197.125,31.932
494.550,488.512,204.735,29.748
496.082,492.895,210.441,30.063
496.618,493.245,214.794,34.629
495.113,493.129,224.535,42.974
502.397,494.366,226.481,44.824
511.152,491.718,232.618,43.250
514.040,482.976,240.918,48.465
522.513,480.350,236.320,47.437
527.408,474.161,237.771,51.118
535.988,476.997,239.583,52.064
547.552,480.444,235.240,54.785
555.006,494.408,234.670,47.344
566.788,500.769,231.161,45.388
579.817,513.413,237.099,39.585
598.019,520.201,233.111,37.267
600.565,528.758,236.414,36.945
599.781,528.334,239.480,39.664
606.949,518.706,227.094,46.043
623.688,508.501,223.562,53.737
631.813,492.326,216.535,60.612
645.020,477.857,209.638,71.410
657.428,472.872,205.903,77.214
666.655,461.964,203.364,78.819
676.778,465.613,197.575,76.342
686.715,475.972,193.453,60.546
692.683,503.862,193.864,45.271
708.011,519.557,193.222,34.892
719.533,521.532,189.434,32.587
716.552,519.074,183.894,35.140
717.649,520.375,175.739,40.109
718.619,516.730,173.295,44.710
708.673,494.055,177.824,58.098
712.276,485.641,192.607,66.171
710.220,474.634,191.744,72.356
707.159,484.603,195.270,72.960
700.777,491.433,210.425,67.910
699.598,486.569,213.022,59.905
690.113,497.076,220.008,55.624
680.447,516.688,222.054,46.095
660.999,519.273,220.633,45.788
651.161,521.402,230.430,41.731
639.767,520.052,226.088,42.072
628.411,525.440,224.937,43.814
612.659,519.075,197.507,46.191
603.353,526.460,193.320,46.366
598.769,524.237,185.613,46.451
592.202,513.222,195.026,50.989
589.915,505.583,182.235,53.892
581.733,504.328,176.158,62.162
577.795,490.553,173.134,71.056
570.187,478.549,171.470,75.296
560.551,464.984,174.580,83.307
546.602,465.079,179.041,83.118
533.836,468.310,185.045,77.387
521.165,474.415,186.424,68.292
509.913,474.192,190.161,56.981
497.979,483.491,199.843,53.194
491.087,490.874,198.752,45.040
483.531,495.571,194.145,43.038
474.411,494.387,190.415,43.027
463.206,487.391,187.220,49.574
461.234,478.965,186.531,54.646
463.756,470.112,184.316,66.289
461.065,449.405,169.976,73.796
461.562,438.120,160.464,84.042
459.215,436.409,158.644,89.790
462.737,432.045,151.363,90.387
453.902,413.091,153.815,93.413
446.047,410.572,151.756,100.610
446.647,400.705,144.365,99.792
438.944,403.680,149.666,89.992
437.944,413.318,147.479,85.138
434.641,421.971,153.186,67.384
431.218,433.877,145.779,54.362
427.671,452.486,143.050,43.933
422.202,466.657,141.263,39.293
420.439,482.714,138.955,38.889
431.920,491.238,133.849,40.140
430.897,504.102,127.954,36.327
432.189,499.595,123.458,39.741
438.674,487.837,113.300,44.983
444.533,471.127,109.879,52.364
453.242,472.064,99.154,55.356
454.383,469.136,103.853,64.630
457.906,456.492,103.372,75.478
462.309,451.199,103.243,80.929
467.242,437.651,104.545,88.067
472.835,446.339,103.540,88.940
473.315,460.651,102.964,83.754
470.830,474.241,101.421,62.899
477.679,491.924,103.572,42.421
477.435,509.143,103.526,39.787
478.930,530.836,109.408,39.598
478.298,537.032,108.690,43.846
478.186,544.683,110.440,45.174
481.449,552.688,109.151,39.923
495.194,562.839,103.534,33.539
498.793,558.712,107.080,35.654
499.731,552.223,109.671,47.392
504.255,544.981,114.646,57.829
512.001,536.386,112.689,66.700
519.915,520.785,115.609,74.816
526.593,505.574,117.181,87.326
535.951,495.142,119.737,91.778
550.857,487.454,123.332,92.656
568.417,491.817,125.253,87.356
582.834,505.731,124.715,74.200
592.420,507.394,127.306,54.890
590.548,535.677,133.899,40.723
596.343,535.160,122.309,39.388
600.757,550.681,128.222,36.019
609.353,564.609,127.224,40.684
625.997,579.620,122.893,44.086
629.447,583.364,123.667,40.288
635.643,585.953,120.760,35.251
628.521,603.318,125.604,36.689
623.833,602.477,116.474,42.589
602.507,583.989,117.512,57.416
576.173,568.754,117.676,73.404
535.638,558.002,116.122,82.067
495.900,543.877,116.185,93.887
471.815,531.853,115.635,100.370
459.344,521.237,119.662,103.492
456.258,518.766,119.811,98.392
450.010,536.192,126.648,87.261
442.150,553.707,135.209,57.495
434.174,564.619,143.919,44.147
428.897,578.873,150.643,36.384
427.406,586.071,158.083,36.549
432.600,604.193,152.271,37.839
433.306,611.859,153.597,39.540
434.563,615.553,149.835,35.586
445.721,600.367,139.098,46.171
447.023,598.241,137.938,59.254
454.784,589.115,124.228,72.436
454.927,571.726,118.239,84.022
453.368,559.047,110.578,90.419
453.830,547.828,105.853,92.246
446.535,538.087,102.615,98.257
444.148,530.505,103.969,107.790
436.319,538.797,99.266,94.175
427.098,542.906,100.283,77.632
417.553,559.826,104.540,59.687
408.014,567.222,104.332,46.001
399.129,579.931,107.640,40.052
395.718,581.406,115.778,44.601
383.876,586.562,123.470,47.688
374.505,588.752,133.151,46.227
366.154,586.418,141.685,41.312
362.665,585.420,150.966,33.019
358.302,574.182,157.285,33.552
351.639,563.590,160.130,42.507
346.098,542.620,164.424,57.457
341.908,524.062,165.019,71.612
345.861,504.377,162.771,82.691
345.133,483.614,165.855,99.327
362.493,470.796,163.020,106.708
383.252,456.796,167.460,110.407
433.237,445.871,173.623,109.671
490.502,437.194,171.482,111.007
535.927,443.270,163.198,100.790
562.500,457.410,161.220,84.081
593.223,477.770,157.820,65.040
616.483,498.307,162.684,42.245
624.084,499.666,164.588,31.722
641.966,512.045,161.611,30.465
650.097,526.996,158.563,32.472
652.300,532.571,158.911,28.670
648.014,520.568,154.922,30.795
653.835,508.806,156.306,46.698
649.182,490.581,158.938,62.959
644.600,495.181,163.289,82.848
639.758,484.153,160.151,95.811
632.246,471.765,170.709,102.723
631.167,452.336,176.313,113.212
636.647,450.615,178.662,121.468
629.760,465.010,191.551,121.306
618.121,466.159,195.908,112.601
611.005,473.050,205.973,101.201
606.719,490.977,211.365,84.430
592.234,521.951,220.263,64.232
591.164,545.257,220.736,49.767
573.788,556.063,229.645,40.340
562.267,569.107,225.338,37.941
551.294,586.042,228.774,36.463
537.701,592.006,228.132,35.154
522.282,600.963,236.520,37.355
511.322,594.436,239.632,38.747
498.480,590.831,242.336,42.481
480.118,578.357,249.815,54.837
459.562,567.767,257.141,67.335
447.353,563.999,262.577,76.717
433.729,544.109,271.356,86.663
422.895,530.002,271.831,93.068
403.305,514.398,278.827,101.971
386.378,495.823,273.849,108.729
375.354,488.313,276.884,107.850
368.750,480.273,279.016,105.237
355.889,473.866,285.176,96.088
351.217,480.783,288.218,82.585
342.295,483.740,296.170,70.487
332.218,489.202,302.445,51.179
337.453,498.100,303.932,42.600
366.238,504.117,314.113,38.323
409.976,500.658,319.752,36.894
439.286,504.526,329.895,34.600
466.349,497.632,331.438,31.260
478.991,484.483,333.299,39.392
485.140,473.411,337.993,47.301
493.148,468.458,341.974,60.244
497.301,462.912,344.597,58.679
504.508,449.271,348.402,68.030
504.910,449.080,342.359,66.869
496.927,432.192,344.986,76.091
486.310,420.889,345.116,80.192
476.626,405.679,348.492,85.291
471.038,402.071,344.137,80.770
464.928,411.425,341.675,72.739
457.734,415.282,347.224,60.291
445.974,415.594,342.650,51.267
443.043,429.540,348.510,38.251
429.171,436.185,349.909,33.281
419.785,447.207,351.392,32.632
414.352,448.286,355.604,30.689
409.188,447.947,349.414,34.084
405.947,452.092,352.180,38.038
408.325,444.938,358.310,43.312
418.733,444.128,356.464,50.175
436.385,436.029,359.967,58.612
464.682,426.321,352.577,66.672
497.223,419.113,351.384,71.260
540.235,427.827,344.841,74.098
579.149,426.777,346.093,73.637
626.569,426.515,337.880,75.120
670.718,428.648,336.713,70.853
709.538,440.579,334.814,62.140
721.078,448.558,327.611,55.131
719.096,469.126,325.922,40.908
719.352,474.095,324.486,37.441
716.138,484.653,325.180,32.650
708.280,500.358,327.673,33.676
703.421,499.084,331.493,37.067
702.584,497.628,335.610,43.090
696.541,497.472,335.399,56.422
685.627,485.440,329.387,64.499
680.876,482.924,335.384,73.621
683.058,475.053,337.627,84.014
691.043,469.182,334.134,90.024
702.229,461.771,338.841,98.597
733.598,462.001,331.030,97.771
779.533,456.499,329.205,102.291
837.507,457.640,331.283,102.951
901.855,456.620,329.759,101.663
955.263,460.516,319.748,95.704
985.222,457.243,292.046,91.746
1000.507,455.277,277.204,85.848
1015.756,459.866,264.244,79.453
1034.431,465.065,243.142,68.184
1049.137,458.631,230.251,59.628
1055.635,460.525,222.886,62.877
1055.158,458.530,224.077,68.764
1048.603,451.641,229.232,67.129
1047.111,444.928,231.221,71.355
1047.271,438.951,230.387,73.796
1041.561,443.469,237.107,74.161
1037.126,436.454,241.195,77.299
1031.029,428.038,248.462,75.524
1025.868,427.147,251.932,79.500
1028.450,433.143,250.172,76.016
1019.885,427.798,257.085,72.072
1016.471,434.662,262.276,67.614
1009.760,430.873,268.500,70.924
1007.045,432.094,272.272,66.273
995.965,433.204,283.399,70.782
1000.381,439.380,278.820,71.478
985.187,429.331,294.813,74.335
976.556,432.977,303.444,77.425
963.951,421.931,314.832,82.317
961.575,423.142,317.651,80.218
949.702,430.965,330.209,83.431
937.430,444.114,340.138,75.402
926.647,454.238,352.726,70.225
907.612,457.520,369.995,71.226
881.904,467.120,377.839,69.260
866.278,473.871,375.380,58.673
849.826,488.945,378.270,51.110
826.081,490.537,389.538,49.041
803.412,500.119,391.167,43.709
785.621,504.410,389.003,43.776
761.033,513.764,392.479,41.520
739.223,527.878,390.855,38.600
713.385,533.887,391.090,37.903
691.662,534.529,391.572,40.280
757.357,531.520,306.229,41.267
810.071,539.997,232.316,40.295
818.117,543.452,210.401,39.208
839.010,544.301,188.828,35.144
819.267,543.444,221.139,35.389
730.434,547.857,311.676,35.418
667.875,543.874,386.250,45.912
689.288,539.900,397.017,46.661
708.129,534.058,396.958,46.893
693.289,535.381,394.682,42.336
683.067,542.556,396.727,38.610
660.600,539.033,387.074,28.286
648.934,542.906,316.084,23.895
637.763,541.971,517.213,25.417
648.615,550.087,336.615,29.850
624.948,550.168,347.039,25.276
641.076,553.613,272.011,21.386
652.784,558.642,245.994,26.176
658.557,555.993,259.016,26.175
667.555,561.652,216.258,19.315
695.095,558.612,180.743,22.026
753.066,557.222,150.863,21.516
757.554,551.898,110.635,24.294
786.235,549.373,90.213,28.614
805.216,549.291,88.478,21.737
814.502,537.621,39.532,27.118
808.251,545.609,33.356,28.376
815.935,518.856,30.581,44.166
812.272,539.459,29.911,30.725
822.040,549.634,34.055,18.797
823.198,558.012,33.626,18.777
778.118,562.449,79.476,14.501
736.963,563.032,104.568,17.553
751.045,555.977,101.015,21.425
699.586,541.712,156.223,31.712
680.782,518.915,183.110,44.437
691.252,510.072,182.216,50.926
700.487,495.371,175.525,59.667
709.900,485.210,172.696,68.914
721.484,477.038,175.325,74.109
733.412,472.119,183.632,78.471
738.364,459.862,193.940,81.570
750.115,448.205,194.641,81.689
762.048,454.692,187.449,74.777
775.627,451.297,183.056,74.218
781.417,451.728,181.053,65.880
796.961,447.067,172.264,57.276
804.847,449.026,166.845,51.567
812.530,455.642,158.551,46.895
814.314,454.582,154.292,46.081
825.010,453.781,144.229,44.977
825.382,456.234,146.069,52.029
820.900,460.599,145.082,54.122
813.704,462.620,151.483,58.072
796.339,469.273,158.563,59.626
767.814,477.096,175.527,60.520
728.309,478.225,184.910,56.609
683.756,475.354,205.718,56.813
641.921,499.429,225.489,55.235
609.765,513.630,244.408,49.195
592.297,507.262,259.798,50.730
570.550,509.385,272.916,53.617
540.671,518.277,284.976,52.782
512.452,519.369,296.958,50.107
480.280,524.893,306.129,50.045
454.447,528.576,313.629,47.144
430.982,532.171,323.286,45.314
413.085,545.851,323.899,41.246
403.639,550.029,338.159,39.838
406.863,554.363,334.735,38.847
432.490,565.328,308.629,33.835
419.849,567.105,319.384,30.281
416.146,574.952,307.277,25.426
215.962,571.373,502.046,32.230
360.296,571.956,351.640,34.375
356.946,572.635,349.315,44.022
350.605,559.341,347.577,51.465
340.529,565.002,349.262,53.527
328.540,567.138,342.046,61.021
320.293,573.071,343.504,58.118
306.871,576.647,347.698,54.080
300.558,580.068,349.888,48.336
292.018,597.460,358.106,41.440
279.191,606.218,358.859,36.618
282.506,607.536,359.118,33.524
276.714,612.439,362.137,34.698
280.563,621.477,365.220,39.981
277.466,624.277,371.414,44.066
369.174,633.760,279.436,46.615
446.252,650.209,215.812,39.779
471.940,654.138,216.587,33.592
430.363,664.604,293.070,22.070
255.059,649.705,643.839,31.250
387.171,630.096,365.407,50.293
388.422,621.560,363.449,63.834
387.055,615.638,364.657,73.237
379.628,602.855,362.170,82.118
366.036,594.899,369.335,87.329
370.864,590.367,364.715,93.157
368.629,607.411,368.815,86.389
368.732,613.816,372.537,81.080
364.550,625.805,373.939,67.198
351.077,630.815,374.202,52.096
346.065,657.702,362.972,39.429
335.616,687.241,366.858,29.234
320.000,688.000,376.000,40.000
455.000,692.000,222.000,28.000
467.675,709.478,190.011,10.433
489.970,641.984,23.103,77.367
489.530,651.583,31.466,66.928
508.577,708.427,31.019,10.953
507.650,704.427,45.052,14.992
371.000,670.000,254.000,52.000
408.025,651.128,257.959,67.884
446.064,629.922,284.487,81.661
493.405,620.097,318.274,97.038
553.370,608.128,329.872,110.075
602.272,579.575,343.522,121.759
638.011,561.382,360.131,133.564
655.125,552.618,365.870,133.962
652.350,556.661,378.068,109.919
655.652,563.045,374.731,89.397
647.208,583.175,384.284,65.270
639.224,594.561,391.374,44.719
631.554,608.966,392.661,31.816
626.408,618.151,399.368,29.359
618.319,614.159,394.052,32.783
598.884,613.707,392.406,31.638
589.155,604.315,390.222,39.714
577.742,586.305,392.122,54.060
565.859,574.254,392.847,65.329
557.060,553.689,383.510,76.958
549.195,532.971,387.882,90.173
543.053,517.358,383.680,96.295
