562.000,415.000,18.000,22.000
560.035,414.554,20.130,21.611
558.880,413.342,19.540,21.389
557.410,412.304,19.362,22.151
556.005,411.505,19.307,21.134
556.542,410.969,20.017,22.003
555.330,410.751,19.540,20.590
554.281,410.227,20.098,18.842
554.849,409.698,19.393,18.651
553.529,409.664,19.183,17.950
552.389,410.610,19.322,16.396
552.434,410.055,20.278,16.784
551.986,410.525,19.065,17.325
551.767,409.437,19.026,15.922
551.931,409.414,19.120,16.878
551.874,408.237,18.765,16.892
551.640,407.498,19.666,18.333
551.321,407.426,19.808,17.717
551.208,407.168,18.609,17.484
550.141,407.036,18.734,18.150
549.624,407.115,19.287,17.251
549.517,406.866,19.026,18.150
549.463,406.824,19.097,17.484
550.016,405.682,19.324,18.139
549.660,406.197,19.547,19.022
550.655,405.290,18.690,17.130
551.572,404.238,18.477,18.765
551.693,404.504,18.647,18.647
551.899,403.547,18.647,19.810
551.863,403.167,19.144,19.837
553.787,402.394,19.198,20.602
554.821,402.010,19.330,20.610
555.922,402.591,19.330,19.890
557.130,401.984,19.088,18.535
558.538,402.013,18.363,18.895
559.277,401.893,17.971,17.934
560.159,401.243,18.765,17.649
561.325,401.194,19.026,18.150
563.485,401.151,18.909,17.484
564.723,401.019,19.464,18.150
567.041,400.855,18.667,17.945
566.935,400.832,18.842,17.251
568.140,400.584,18.405,18.150
569.013,399.775,19.287,19.287
570.306,399.936,19.237,19.393
572.745,398.941,18.066,17.403
574.177,400.042,18.540,16.622
574.817,398.870,18.540,15.486
576.433,398.346,18.131,14.015
577.718,399.911,18.153,12.582
578.647,398.787,18.035,12.054
579.784,399.796,17.443,11.599
580.408,399.494,16.823,11.862
581.206,399.323,16.852,11.862
580.536,399.665,18.335,11.349
580.767,399.653,18.337,13.782
581.387,397.995,18.025,15.016
581.584,398.438,18.027,15.452
581.649,398.455,17.462,16.222
581.298,398.027,17.723,15.410
580.640,398.560,16.993,14.647
580.588,398.103,17.481,14.119
579.622,396.748,16.735,15.443
579.308,397.511,17.754,15.705
579.236,398.191,16.624,13.943
578.149,397.747,17.150,14.220
577.017,398.712,16.735,14.938
575.523,397.633,17.000,15.688
573.855,397.454,17.532,16.409
571.531,396.576,17.825,16.668
571.227,397.523,18.846,17.017
569.161,396.847,18.621,17.217
568.855,397.351,17.649,17.253
566.263,396.628,17.439,18.244
564.682,396.565,17.433,17.217
563.383,396.664,16.948,18.279
561.699,396.747,17.191,18.079
558.716,397.155,17.688,16.551
557.066,396.215,17.328,16.189
556.144,396.165,16.356,15.619
554.461,396.194,16.200,15.912
553.880,395.859,17.754,15.543
553.238,396.457,16.993,15.686
550.971,396.872,17.301,15.815
550.103,396.634,18.032,16.658
549.104,396.454,17.824,16.318
547.384,396.847,19.399,17.397
547.200,396.105,20.212,16.436
546.861,396.509,17.821,15.958
545.431,397.821,17.927,16.158
545.178,397.512,17.983,16.085
543.159,397.167,17.845,17.155
543.152,396.955,19.645,15.723
543.491,397.855,18.505,14.882
543.795,396.749,18.300,16.021
543.729,397.994,17.983,15.533
543.202,397.616,18.032,15.619
542.557,398.146,18.301,16.770
542.224,397.048,18.505,17.120
541.860,397.395,19.666,16.244
542.076,395.901,18.765,18.765
541.307,397.147,20.758,17.793
541.402,395.759,21.032,18.874
538.871,397.352,24.892,19.010
539.564,396.952,24.784,18.621
539.738,397.056,24.952,19.059
540.460,396.681,25.313,18.621
539.059,397.983,28.115,17.713
540.825,398.015,27.374,16.568
543.025,397.910,26.071,17.080
544.708,398.116,24.450,16.753
548.140,397.821,22.894,16.694
549.035,397.711,22.724,15.808
550.246,397.479,23.382,15.664
551.652,397.800,23.689,16.101
552.945,398.579,22.724,15.097
553.501,398.098,22.361,14.482
555.065,398.316,22.151,15.056
556.257,398.588,22.766,14.585
557.670,398.759,22.678,14.352
558.492,398.814,22.276,14.352
559.797,398.930,22.367,14.191
561.364,398.966,22.151,14.191
562.956,398.461,21.843,14.633
561.704,397.494,26.401,15.416
564.086,395.963,24.920,17.262
565.460,398.739,23.791,14.242
567.471,398.642,21.878,14.548
568.793,398.892,20.638,14.155
566.790,399.239,21.953,13.703
568.417,398.597,21.536,14.567
569.701,399.594,20.991,13.461
571.114,398.943,20.104,14.253
572.084,399.436,20.104,13.505
573.320,399.024,18.918,15.551
575.289,397.583,17.121,15.050
575.168,398.052,17.754,16.681
576.555,398.729,17.121,14.187
576.700,399.078,16.420,16.073
576.228,398.433,17.754,15.250
576.290,398.993,18.027,16.838
575.954,399.358,18.244,16.948
575.592,399.201,18.505,17.652
575.094,398.277,19.939,19.026
574.646,398.815,20.329,20.524
573.858,398.617,21.372,18.746
573.725,399.319,21.111,21.597
572.794,398.631,22.414,20.177
572.514,398.265,21.081,23.189
571.167,399.041,23.196,23.997
572.452,398.351,22.051,24.760
573.274,398.175,20.972,24.499
573.881,398.270,21.441,25.629
572.047,398.530,20.643,26.474
573.669,394.980,20.643,29.437
573.244,396.178,20.553,28.180
572.990,397.311,17.905,22.127
573.259,397.690,16.768,24.612
572.742,398.182,15.834,17.311
571.709,397.888,15.585,19.205
570.152,398.351,15.268,19.855
568.437,398.929,16.423,17.159
567.566,398.426,15.818,15.954
566.926,399.103,17.481,17.097
562.780,398.302,18.804,17.159
562.566,397.264,16.892,17.649
557.320,397.579,19.610,18.279
556.252,397.480,18.059,17.717
555.664,398.055,19.666,18.333
553.673,397.983,19.010,17.717
552.591,397.401,18.065,17.695
549.881,397.496,18.873,18.801
546.924,397.658,20.074,18.895
548.494,397.624,17.169,19.393
547.328,397.570,17.894,19.026
546.835,397.199,17.695,20.212
545.531,397.611,16.690,20.302
543.992,397.323,17.214,20.767
542.448,396.985,17.679,21.975
541.210,397.895,17.902,22.250
541.597,397.574,18.729,22.211
540.009,397.440,17.885,22.684
539.105,397.963,17.869,22.813
537.221,397.781,17.667,21.881
535.503,398.169,20.590,23.277
535.100,398.054,19.590,20.822
536.102,397.646,19.085,22.124
534.559,397.622,20.345,17.397
534.580,398.185,18.629,21.367
533.210,397.583,21.851,17.369
533.717,397.800,20.329,22.046
534.654,397.470,20.028,18.539
534.250,397.843,18.300,22.475
534.498,398.128,18.049,13.906
534.975,398.133,15.688,12.998
536.523,396.886,14.391,15.842
534.716,398.185,16.753,18.187
533.148,397.929,18.839,18.769
531.770,397.163,19.504,20.758
530.703,397.695,21.719,21.152
530.076,396.784,22.414,22.414
529.262,397.861,25.348,21.566
528.581,397.218,26.004,21.537
528.894,397.816,26.756,21.053
528.775,397.412,28.134,21.006
528.919,397.423,29.023,22.943
530.788,398.750,28.666,19.094
531.767,399.645,29.108,18.151
534.032,399.700,28.304,17.259
533.670,399.647,28.227,17.497
538.122,399.714,26.313,16.340
535.210,401.572,30.518,16.857
544.050,400.259,24.036,16.661
545.249,401.620,24.920,15.155
547.291,401.589,23.997,15.335
549.005,401.745,23.343,14.021
550.926,401.635,23.883,14.498
552.850,402.430,24.537,14.820
554.025,402.329,24.498,15.138
555.856,402.289,25.519,15.335
557.930,403.073,24.612,14.807
559.952,403.389,25.192,14.714
558.969,403.138,25.597,14.320
561.482,402.786,27.426,15.138
564.243,404.572,25.228,13.906
566.839,404.208,24.537,14.895
563.161,405.108,36.247,15.138
563.086,404.871,37.196,15.894
568.594,404.680,34.905,15.590
573.492,405.844,25.675,15.941
575.510,405.913,24.069,14.871
577.394,406.619,23.382,14.409
579.200,405.902,24.506,14.918
576.393,406.543,26.848,14.098
579.398,405.983,23.997,14.983
581.246,407.696,25.169,15.436
585.254,406.838,22.329,14.583
580.971,407.009,28.156,16.397
585.713,407.807,24.307,16.090
587.182,407.288,22.931,15.448
588.496,407.598,22.469,15.892
589.580,407.408,21.785,15.322
592.439,407.813,19.953,16.658
592.665,406.392,20.925,17.127
594.878,407.542,19.884,18.667
594.402,407.901,20.329,16.856
596.425,408.300,19.622,19.135
595.818,407.449,20.329,18.300
595.564,408.249,21.305,21.929
594.596,408.116,22.675,22.153
593.912,409.062,24.582,23.457
593.247,408.999,25.281,22.612
593.066,409.260,26.221,23.964
592.686,408.964,27.587,25.111
594.973,408.634,26.301,26.354
595.715,408.926,25.877,27.150
595.004,409.494,25.907,26.603
596.451,409.909,23.650,28.581
596.986,410.309,24.504,27.106
597.949,409.971,23.204,29.291
595.526,410.592,25.738,30.780
596.128,411.567,23.459,28.773
596.568,412.063,24.504,28.406
597.314,412.108,22.006,27.627
597.570,411.856,20.107,26.644
598.551,411.966,18.470,21.075
597.234,411.952,19.365,24.305
597.472,411.265,18.062,20.194
598.144,411.077,18.143,18.874
597.198,410.497,17.446,24.837
594.702,411.696,18.447,18.321
594.041,410.973,19.287,18.139
593.667,410.025,17.596,18.384
592.849,411.401,18.765,18.837
592.080,410.669,19.808,18.629
591.045,411.625,18.566,20.146
589.246,411.279,18.807,17.793
586.582,411.180,19.546,20.323
585.670,411.617,18.769,19.890
582.334,410.558,20.446,19.705
581.738,411.091,22.124,19.612
579.732,411.232,22.439,19.036
577.415,411.408,24.082,20.926
575.454,410.931,25.438,20.980
571.658,411.465,25.913,21.773
569.679,411.546,25.645,21.515
567.877,411.488,26.568,21.302
566.226,411.333,28.334,21.515
562.811,410.948,30.161,22.187
559.422,410.908,32.984,22.735
555.720,411.490,34.172,22.451
555.925,410.833,36.204,22.877
551.222,410.898,38.996,23.676
556.438,410.774,31.309,22.459
555.446,409.960,30.243,23.980
552.954,411.360,31.336,22.961
551.388,410.685,30.957,23.718
552.308,410.875,29.772,24.156
551.850,410.797,29.067,23.718
551.324,410.460,26.884,24.021
550.275,411.551,23.115,23.880
548.477,410.935,21.302,24.499
546.840,410.575,25.129,24.300
546.181,410.690,25.802,24.614
545.592,410.719,23.494,25.111
544.250,410.185,24.022,25.542
542.904,410.200,22.811,26.713
541.681,410.334,21.989,25.802
541.438,410.412,19.354,25.021
541.453,410.724,19.590,25.378
541.478,410.536,21.206,24.312
542.203,410.537,18.892,23.717
540.295,410.405,22.154,18.454
540.553,410.961,22.124,19.976
542.388,411.382,20.028,17.604
542.251,411.515,21.785,15.854
545.002,410.888,17.671,15.645
544.888,411.438,19.272,16.624
548.762,409.593,15.812,16.964
549.503,409.260,16.376,15.056
549.276,409.948,17.208,14.938
549.198,408.736,19.217,18.632
548.656,409.916,20.758,17.793
548.750,410.030,22.149,18.566
548.872,410.124,23.587,17.475
549.713,409.960,24.161,17.188
550.841,409.447,23.587,17.393
551.928,410.104,24.612,14.972
558.803,409.347,18.836,15.523
560.731,408.721,19.502,14.911
561.266,408.790,21.228,16.154
561.863,409.551,23.074,15.683
562.306,409.149,22.957,15.870
563.230,408.841,23.959,14.098
567.177,407.857,22.359,15.363
568.339,408.635,22.736,13.357
570.358,409.290,22.901,13.097
572.248,409.010,23.112,13.762
574.187,408.867,21.827,14.155
575.618,409.410,21.843,14.456
576.923,408.930,23.556,14.839
573.168,408.320,32.229,15.458
577.261,406.414,32.056,17.379
580.600,408.403,33.837,14.875
579.825,408.997,33.362,14.902
583.044,409.200,23.502,14.992
589.016,408.027,22.697,14.447
590.614,408.130,21.582,14.023
592.056,407.648,21.536,15.303
593.073,407.484,20.925,15.046
594.052,407.300,20.991,14.882
595.065,407.815,20.352,15.947
595.490,407.973,20.925,15.046
598.245,406.865,20.068,15.805
598.662,406.700,20.638,15.344
599.365,407.348,19.666,16.172
591.765,407.150,28.454,17.433
596.222,405.737,25.438,17.874
597.454,405.467,23.490,17.897
598.113,405.530,24.539,19.432
600.830,405.825,21.835,19.238
602.846,406.009,19.321,18.582
604.256,405.149,18.857,20.378
605.109,404.115,18.614,21.262
605.731,404.060,18.849,20.850
606.472,403.800,18.849,22.531
608.257,403.980,15.861,21.632
608.045,404.141,15.570,22.136
607.689,401.814,15.720,24.500
606.973,403.512,16.559,22.645
607.644,400.905,17.520,26.572
606.960,401.657,16.930,19.150
605.674,401.481,19.026,17.127
605.437,400.294,19.026,21.509
606.157,400.230,16.978,18.477
605.163,400.199,18.505,20.139
601.695,401.801,19.315,17.169
600.579,400.635,18.150,16.652
600.304,401.362,18.244,17.369
599.810,400.429,18.765,17.649
597.287,400.380,18.807,17.018
594.949,400.677,20.890,17.577
592.837,400.105,21.147,17.950
592.329,400.730,20.992,17.052
590.697,400.815,21.785,16.918
589.302,399.914,20.877,17.950
587.020,399.915,22.631,18.885
585.714,399.268,23.169,20.636
584.708,398.888,23.772,18.225
581.172,399.009,24.792,19.666
581.681,399.314,26.313,19.456
579.996,397.980,24.992,18.846
575.475,398.089,29.160,20.368
570.887,397.782,30.101,20.198
567.712,395.847,35.460,22.633
561.832,394.332,41.061,24.123
574.799,394.795,28.175,24.078
573.969,397.800,26.631,20.748
573.787,396.626,23.097,20.958
572.691,396.286,22.573,20.747
571.618,396.867,24.503,20.847
570.940,396.228,23.080,21.214
570.593,396.818,23.196,21.326
569.458,396.128,24.042,21.549
569.191,395.718,22.551,21.447
568.712,396.537,22.935,21.747
568.159,395.389,19.630,22.061
566.754,395.704,22.103,22.439
565.785,394.903,25.798,22.061
565.861,395.128,28.382,20.506
567.097,394.997,29.842,23.922
567.726,395.343,24.408,19.751
570.377,395.182,23.024,25.357
571.359,394.904,21.351,20.332
572.916,394.859,18.489,24.834
572.825,394.886,17.854,14.627
574.696,393.518,17.591,14.177
578.625,391.514,14.663,16.232
577.676,392.899,16.159,16.717
576.940,394.093,17.466,16.376
576.590,393.607,17.995,16.260
576.372,393.971,20.331,17.397
576.386,393.431,21.861,16.766
576.377,394.303,23.343,17.295
574.839,394.279,27.311,17.707
575.992,393.712,27.822,18.137
573.334,393.956,30.435,17.739
573.385,394.265,31.915,18.144
573.524,393.826,33.288,19.119
571.575,394.089,36.782,19.301
574.175,394.533,37.415,18.413
573.081,394.705,40.130,18.017
573.264,393.772,39.332,19.234
572.495,394.171,43.090,20.212
572.133,392.609,48.398,21.193
572.003,394.107,50.400,20.134
572.423,395.145,47.064,18.505
572.917,394.516,46.790,18.752
580.774,395.498,40.123,18.573
593.077,394.660,29.055,17.004
597.943,394.480,25.155,15.271
601.945,394.844,22.329,14.069
605.402,395.769,20.068,13.142
606.754,395.024,19.152,13.137
607.781,394.741,19.690,13.991
608.677,395.200,19.808,15.049
610.983,394.951,18.314,14.392
606.678,394.928,23.997,15.478
610.209,395.019,20.407,15.530
612.597,395.076,19.486,14.983
613.124,395.803,19.778,16.982
613.129,395.299,20.212,16.473
613.485,395.720,20.925,17.638
613.663,395.911,22.072,20.030
613.345,396.699,23.217,20.028
613.333,396.137,23.763,19.193
615.879,394.763,22.500,19.489
618.011,395.389,20.842,19.792
620.843,394.332,19.034,21.372
621.567,394.199,16.978,21.111
621.806,394.604,17.907,17.337
621.276,393.789,16.196,20.352
621.450,396.040,17.200,19.099
620.299,395.839,17.894,20.925
620.779,395.884,18.378,17.793
615.836,395.249,25.307,21.473
615.934,404.480,25.675,20.079
616.617,402.365,23.717,22.306
616.054,395.514,18.656,21.354
614.696,392.064,19.610,21.691
613.415,397.055,16.650,13.702
611.792,396.094,19.286,16.326
611.952,395.164,18.505,15.805
609.951,395.577,17.776,15.188
608.307,396.006,18.918,16.376
607.289,395.563,19.499,17.652
603.719,396.360,19.660,17.559
601.318,396.698,21.761,16.021
602.181,397.392,20.485,16.846
599.104,397.786,22.849,16.396
595.272,397.205,27.197,17.481
594.519,397.317,29.671,19.810
590.382,396.837,33.821,19.992
588.646,397.799,35.665,20.748
588.703,396.831,35.443,20.720
586.412,397.158,36.697,20.829
584.382,397.356,37.370,21.212
580.965,397.843,36.461,20.633
579.660,397.374,36.373,20.250
576.418,397.248,39.096,19.630
576.253,396.846,37.703,19.768
571.168,397.265,41.766,19.700
564.207,396.530,46.483,20.480
561.148,394.674,47.888,22.765
553.688,396.675,54.557,20.825
554.561,397.566,58.349,20.328
566.132,397.996,39.971,20.779
565.401,398.404,30.523,19.788
564.517,397.700,27.189,20.404
562.619,398.587,26.091,18.914
562.130,397.226,25.956,19.634
562.179,397.301,26.858,19.893
560.442,397.292,28.147,20.331
559.916,398.044,25.309,19.594
557.893,396.901,27.239,21.251
557.634,398.015,24.699,20.332
556.297,397.241,23.727,22.376
555.739,397.124,24.239,21.959
555.436,397.403,24.239,22.517
554.107,397.235,22.336,20.737
553.655,397.811,24.938,21.935
553.568,397.352,23.042,18.574
554.003,398.501,23.791,21.591
553.744,398.234,24.855,17.981
552.310,398.125,21.048,22.111
551.214,398.039,25.852,18.497
552.386,399.188,20.074,17.917
552.272,398.908,20.758,15.018
553.168,399.881,19.393,14.456
553.915,398.964,18.300,14.479
554.250,400.591,18.027,15.716
555.881,401.067,17.791,13.131
558.047,399.352,16.221,14.422
557.876,399.925,17.772,16.128
557.679,400.233,18.573,16.498
557.483,399.852,20.991,17.652
557.694,400.435,22.688,18.027
557.530,400.777,23.988,17.262
556.151,401.368,26.622,17.434
557.102,400.771,28.246,17.931
558.296,401.360,26.949,17.390
560.151,400.741,28.463,17.931
562.228,401.877,27.587,16.843
564.401,401.769,27.288,17.148
568.601,402.160,25.112,16.799
570.071,402.422,26.034,15.985
568.525,402.867,28.468,15.670
573.532,402.878,25.683,15.138
575.822,402.701,24.305,14.543
579.724,402.977,22.963,14.523
581.322,403.612,22.766,13.956
583.088,402.882,24.168,14.839
585.021,403.763,23.040,14.219
586.791,401.560,23.883,16.543
588.047,399.146,24.612,18.609
588.866,396.964,25.555,22.414
588.821,404.569,25.165,15.800
590.718,404.665,24.612,14.687
592.740,403.766,22.688,14.753
594.200,404.775,20.212,13.697
597.033,404.451,18.937,13.943
597.819,404.464,19.217,14.210
593.753,405.033,23.026,15.049
597.124,404.529,20.223,15.608
597.619,405.309,20.638,16.172
598.054,405.473,21.212,16.177
598.642,405.533,20.485,15.608
601.069,405.629,17.865,16.856
602.403,405.548,17.369,17.404
596.590,405.460,23.392,17.684
599.384,405.524,20.346,17.926
599.273,406.128,21.032,18.143
599.237,406.623,21.578,16.401
599.875,406.574,20.758,19.504
599.435,405.507,22.124,18.477
599.678,405.952,21.111,19.085
599.415,404.676,19.855,16.978
601.309,404.725,18.361,15.437
599.400,404.789,18.675,15.240
599.655,404.755,16.668,15.240
599.441,404.595,17.481,14.919
599.500,403.373,16.941,14.827
599.422,403.935,16.680,15.784
599.080,404.869,17.754,16.031
598.875,404.176,17.723,15.138
598.921,404.679,18.918,17.169
598.630,404.389,19.026,15.046
599.060,405.245,19.492,16.158
599.323,404.693,19.393,14.633
599.936,405.376,19.492,14.219
598.756,405.917,21.183,16.825
599.196,406.079,21.785,14.675
599.715,406.357,21.395,13.147
601.330,405.549,20.104,13.131
599.774,402.880,22.144,15.380
604.701,402.241,17.547,15.807
606.201,402.603,17.596,16.892
607.509,402.661,18.122,17.259
607.086,402.234,18.505,18.079
606.455,406.053,20.841,17.029
606.724,404.416,21.861,17.831
609.079,404.875,21.183,18.495
608.985,406.318,23.012,17.969
609.538,406.525,25.228,17.229
610.218,406.146,24.876,17.481
610.722,405.894,26.179,18.363
612.058,406.976,27.074,16.992
616.259,407.556,25.383,16.434
617.998,406.995,26.827,15.834
620.326,408.019,27.155,15.114
618.028,406.798,29.084,15.834
623.234,407.573,26.716,15.832
627.582,407.849,25.079,15.861
630.757,407.936,24.852,14.247
633.032,408.064,25.511,13.535
637.646,408.603,23.637,13.657
639.847,408.804,24.168,13.759
640.027,408.526,24.285,13.439
642.418,408.124,23.883,14.352
644.342,408.847,24.537,13.882
646.727,408.569,25.173,14.696
650.955,410.063,28.158,13.636
653.652,410.162,32.841,13.397
652.297,409.717,32.398,13.531
657.277,410.095,20.590,14.329
660.082,409.873,21.125,13.220
661.695,409.948,21.920,12.870
665.273,410.600,19.220,12.654
668.044,410.183,17.806,12.701
670.326,410.003,17.241,11.687
671.333,410.286,17.536,14.799
671.419,410.727,18.632,12.454
676.433,411.004,14.922,15.288
677.272,410.500,16.448,17.180
678.114,410.552,16.872,15.410
678.063,410.843,17.559,17.039
681.905,411.308,15.653,16.948
680.916,410.967,17.202,17.202
680.508,410.352,19.571,19.433
679.742,410.465,21.578,19.641
679.445,410.736,22.670,18.809
681.770,410.591,20.594,20.096
683.166,410.384,20.346,21.290
684.220,410.817,20.842,22.649
685.197,410.522,20.499,22.675
686.002,419.901,22.762,14.841
687.499,410.885,16.880,22.951
687.364,412.046,18.732,22.408
687.829,409.877,18.049,20.305
688.494,411.671,19.106,20.146
687.495,411.192,18.377,15.847
689.193,410.107,18.674,15.533
689.314,411.763,18.846,16.672
689.254,410.616,18.505,14.243
687.906,409.413,21.136,15.575
686.569,409.386,19.282,15.192
685.717,410.251,20.124,16.361
686.028,409.558,19.939,16.105
685.048,409.398,20.098,16.244
684.653,410.399,20.633,16.397
683.716,409.602,21.582,17.251
682.645,409.877,21.773,18.261
682.085,410.003,22.611,19.170
682.171,409.377,22.943,19.120
678.726,409.944,25.591,19.666
673.917,409.647,31.381,20.170
680.311,409.829,25.667,20.715
680.723,409.486,24.239,20.563
680.821,409.638,24.582,21.566
680.691,409.720,24.239,20.656
681.329,409.108,24.042,22.376
682.045,408.991,23.122,21.680
681.585,408.890,23.457,22.376
683.326,408.895,22.827,22.873
682.452,409.148,22.551,22.873
682.666,409.523,23.763,22.625
682.125,409.530,22.796,22.796
683.214,409.192,21.999,21.493
682.593,409.363,23.763,22.718
684.379,409.417,23.076,21.680
683.896,409.316,24.582,22.376
683.632,408.749,25.675,21.255
688.146,410.159,23.700,24.452
689.466,409.090,24.068,21.496
689.346,409.595,24.855,23.126
691.352,410.737,22.619,17.721
691.843,409.224,22.124,24.474
692.701,410.740,23.324,17.023
700.441,410.567,17.849,14.047
704.851,409.042,15.368,13.415
706.239,409.453,15.639,15.175
709.685,409.969,15.167,13.988
709.388,410.647,16.115,14.551
710.715,409.641,17.524,15.198
710.662,410.769,21.593,15.683
713.425,409.614,22.359,15.252
714.721,410.688,24.210,16.880
716.007,410.011,26.500,16.775
717.904,410.575,24.450,15.860
713.767,410.759,31.655,15.729
717.574,410.565,32.056,17.154
721.047,411.336,31.553,17.117
726.728,411.892,30.798,16.004
735.849,412.236,24.665,15.316
737.764,411.544,23.646,14.281
739.703,411.466,24.210,14.696
741.885,411.400,26.841,13.193
747.055,412.218,25.739,14.257
749.640,411.835,25.846,14.791
753.988,411.959,24.897,15.255
756.018,411.938,22.865,13.579
757.968,412.832,25.289,13.816
760.594,413.024,28.589,14.295
764.070,409.839,29.580,17.181
766.979,407.367,33.414,20.258
769.661,407.831,31.043,20.275
774.218,414.179,38.904,13.996
776.977,414.030,23.841,15.236
780.539,413.404,21.763,14.753
786.342,413.073,19.306,14.515
788.722,413.795,18.937,16.457
788.707,412.540,20.991,15.486
789.452,413.162,22.459,18.296
789.729,413.408,23.505,16.654
797.560,413.051,17.849,16.768
801.547,413.836,16.283,18.314
802.089,413.644,16.493,17.159
802.954,413.140,16.872,18.573
803.683,413.796,18.576,18.540
807.681,413.049,18.347,17.596
809.038,414.031,19.486,18.837
810.423,413.165,20.146,20.069
811.702,412.624,21.192,20.868
813.071,417.062,20.028,16.796
815.052,412.244,18.361,20.212
818.302,413.883,17.871,20.407
816.953,413.802,20.069,18.874
816.569,417.738,23.997,18.144
816.633,415.590,25.549,18.321
817.787,412.869,25.721,25.199
817.024,411.845,23.268,21.380
817.177,411.594,24.042,26.608
818.279,411.275,27.452,21.380
819.049,412.454,21.157,17.711
819.209,412.335,22.358,15.569
820.370,411.678,22.286,15.533
819.282,412.128,24.500,14.895
817.858,412.064,27.079,17.295
815.947,411.398,30.596,19.019
812.272,409.116,35.859,21.399
812.100,408.988,36.093,21.822
808.835,412.663,40.983,19.841
823.171,411.999,26.176,20.480
823.837,411.771,25.402,19.679
823.752,411.481,25.348,20.170
824.271,412.689,24.855,20.440
824.544,412.666,24.855,20.394
824.817,413.121,24.855,19.893
827.583,412.249,19.590,19.634
828.803,412.463,19.602,20.629
827.096,412.931,19.693,21.152
825.990,412.555,20.100,21.372
824.954,413.151,21.632,20.636
825.437,412.626,21.133,21.643
824.517,412.993,20.005,21.382
823.433,411.809,21.632,21.134
824.914,413.170,18.929,20.134
823.827,412.685,18.535,16.559
823.611,414.429,18.505,18.895
824.722,413.859,19.622,16.358
824.916,414.222,17.649,15.092
824.925,414.240,18.027,13.768
826.991,415.458,16.744,11.718
830.088,414.017,13.231,12.689
829.758,416.407,14.905,12.460
829.865,416.364,15.765,11.473
830.535,414.888,15.479,15.479
829.993,414.347,16.934,14.143
831.730,416.145,15.384,15.415
831.141,415.572,16.159,14.143
831.073,416.021,16.661,15.959
832.239,416.473,17.862,13.108
832.888,416.979,19.075,15.539
829.068,415.532,25.370,15.740
831.067,417.760,17.449,16.808
830.576,415.843,17.983,16.154
830.351,418.673,18.846,16.361
832.067,418.756,16.729,15.273
833.484,419.093,16.744,16.776
832.774,418.943,15.818,17.179
833.518,418.717,15.551,15.056
834.563,419.514,14.608,16.221
833.586,419.343,15.198,17.772
835.077,419.414,14.494,20.305
833.108,420.350,15.050,20.400
834.062,419.078,15.592,23.832
833.391,420.810,16.193,22.748
833.129,417.662,16.948,25.923
832.484,419.405,17.607,24.078
832.278,420.358,19.556,24.331
830.302,421.033,22.935,23.772
829.214,418.859,19.703,21.208
830.164,418.511,19.321,23.505
830.489,418.776,17.854,19.618
829.399,421.944,19.547,17.109
829.288,420.615,19.287,18.139
828.914,423.043,19.547,17.109
828.174,423.565,20.841,16.288
827.082,423.676,21.841,15.511
827.490,424.620,21.841,16.214
826.016,422.576,22.051,17.337
824.158,424.249,20.353,17.033
823.679,425.862,21.123,16.433
820.921,424.061,22.849,17.109
820.980,425.532,21.731,16.008
821.190,426.220,22.136,15.683
817.588,426.032,23.037,15.608
816.712,426.841,23.002,14.675
813.739,427.552,24.802,16.029
811.933,427.002,24.572,15.448
808.963,427.546,25.363,14.905
808.924,427.390,24.660,15.335
805.997,428.346,27.197,15.413
803.556,428.505,29.330,15.670
801.400,428.940,27.964,15.918
798.756,429.075,27.129,15.138
796.281,427.866,27.484,15.793
796.324,428.240,26.557,13.909
793.656,428.570,26.694,14.252
789.377,429.135,29.719,15.373
787.329,428.906,28.910,14.455
781.930,429.324,30.273,15.096
779.514,429.472,30.717,13.939
775.275,429.549,33.051,13.204
771.462,429.764,31.222,14.875
767.749,429.411,33.555,16.408
763.648,429.809,33.998,15.894
761.387,430.033,34.474,16.934
761.398,429.815,34.113,16.450
757.258,429.533,35.738,16.681
753.802,429.735,37.357,17.845
751.253,430.021,38.083,16.960
747.742,430.031,36.789,17.247
745.219,430.975,35.014,17.684
744.967,430.612,34.117,16.808
743.152,430.756,34.577,16.520
739.118,431.044,37.027,16.088
736.894,430.950,36.621,16.570
734.998,431.014,31.250,16.591
732.536,431.670,29.777,16.752
732.748,431.762,29.265,17.199
729.776,432.302,32.326,16.973
727.553,431.619,33.622,17.258
725.391,431.562,34.695,18.294
722.983,432.322,36.126,18.391
721.952,431.945,30.695,17.481
720.784,432.683,30.752,16.795
719.453,432.158,26.312,15.842
716.570,432.531,26.663,15.834
717.280,432.310,24.207,16.525
714.998,432.631,21.233,18.234
714.312,432.856,22.329,18.930
714.390,432.979,20.345,17.729
711.066,433.099,21.975,17.223
708.202,433.360,21.227,19.237
707.996,434.307,23.218,18.963
703.175,433.578,23.532,19.582
703.454,434.937,25.426,20.435
702.406,433.971,21.539,20.480
701.822,434.431,17.051,18.369
700.864,434.132,15.486,20.352
698.990,434.691,16.892,16.424
697.549,435.362,16.524,16.892
696.862,434.859,18.300,16.423
695.682,434.562,17.264,18.279
694.697,434.084,17.649,16.892
691.090,434.021,17.754,18.279
690.217,434.762,17.894,17.675
688.214,434.847,18.981,16.784
688.088,435.531,17.649,18.729
687.162,436.022,21.582,15.776
683.479,435.581,19.435,15.807
681.618,435.883,19.499,17.510
680.854,435.643,20.027,15.252
677.176,436.440,20.625,16.598
677.471,436.298,20.485,15.533
675.972,436.356,19.774,15.740
674.280,435.595,21.488,16.551
671.527,436.419,21.177,17.223
669.558,435.670,18.412,15.870
668.962,436.219,17.500,17.017
668.362,435.973,15.268,15.373
667.187,436.122,15.074,14.453
664.009,436.926,16.388,16.088
660.595,437.068,17.104,17.851
659.797,436.644,17.159,17.159
659.160,436.008,17.983,18.846
658.268,437.102,18.139,18.657
652.863,436.954,20.730,20.804
652.009,437.145,18.321,20.884
650.617,436.759,17.231,18.811
649.482,436.414,20.925,20.925
648.725,436.665,20.254,18.699
647.185,437.236,18.261,16.154
645.995,437.822,16.154,18.053
644.856,438.530,16.913,14.152
645.032,437.666,15.198,13.802
642.272,438.271,14.768,14.391
643.252,437.911,15.436,15.200
641.696,438.439,14.515,12.933
641.608,440.229,15.023,13.097
638.084,439.477,15.369,12.689
638.289,439.434,14.595,12.634
638.240,438.405,14.335,15.765
637.260,438.141,14.190,13.915
636.742,437.798,13.373,14.542
635.949,439.074,14.595,14.567
631.824,438.802,15.908,14.138
631.764,439.448,17.739,15.608
631.685,439.610,15.719,13.976
631.530,440.085,17.199,13.207
631.982,440.707,13.915,13.732
631.460,440.093,14.679,12.214
628.345,440.339,15.560,14.128
628.291,440.559,18.279,11.916
629.417,439.674,16.388,12.516
629.864,440.796,12.650,11.606
623.051,440.054,18.605,12.011
624.519,440.747,17.559,12.006
625.418,440.434,16.912,12.278
626.127,440.045,14.217,12.012
626.157,440.006,15.669,11.957
623.344,441.803,15.848,12.601
617.467,440.490,21.129,12.432
614.569,440.951,23.997,11.901
612.485,441.118,24.492,12.212
611.179,441.411,24.827,12.431
609.848,441.340,26.106,12.999
613.016,441.288,22.766,12.179
610.524,441.445,24.132,12.267
608.300,441.849,25.405,12.254
606.511,442.577,26.851,12.431
606.721,441.574,26.098,12.697
606.733,442.372,25.745,11.832
605.108,442.475,25.773,12.746
608.244,442.640,23.883,12.489
605.899,442.056,25.073,12.151
602.887,442.319,27.419,12.746
602.077,442.464,27.239,13.657
602.507,442.815,26.416,12.252
601.777,442.566,26.149,11.850
601.106,442.595,27.491,12.928
599.910,442.520,27.830,13.079
598.918,442.434,28.312,12.326
598.329,442.369,29.265,13.657
598.754,442.554,28.134,13.527
598.712,442.046,29.403,13.279
597.766,442.042,29.575,13.527
598.168,442.646,30.066,13.129
597.554,442.567,29.575,13.527
597.956,442.361,28.486,12.966
597.138,442.450,32.202,14.021
596.613,442.997,31.423,13.734
597.408,442.889,31.180,13.195
596.958,443.702,31.914,12.839
598.531,443.395,31.120,11.791
597.604,443.860,31.393,12.057
598.044,444.386,33.206,11.277
599.312,444.523,32.698,12.213
599.934,444.547,32.256,12.486
600.137,445.076,33.956,12.683
600.685,445.493,35.130,12.144
599.898,445.254,35.127,12.456
602.039,445.557,34.751,12.144
602.267,445.318,35.625,12.622
602.773,445.633,34.485,12.799
603.305,444.974,35.633,12.374
604.607,445.951,35.844,11.430
604.619,445.952,35.941,11.710
605.400,445.953,35.666,12.166
605.836,446.111,36.096,12.312
606.281,445.803,37.164,13.267
606.029,445.046,37.221,14.514
606.449,445.743,38.893,11.398
608.547,445.447,36.271,12.459
607.581,445.137,36.482,13.079
608.521,445.469,36.890,13.251
609.469,446.574,37.310,12.155
611.217,446.585,36.052,11.444
611.399,447.220,36.098,12.142
612.303,446.904,35.844,12.606
612.673,447.141,34.933,11.444
615.852,446.220,32.096,10.805
611.002,446.970,35.718,13.019
612.018,447.343,36.210,13.622
611.691,446.764,33.926,13.980
610.253,447.547,35.438,13.735
616.084,447.023,29.874,14.158
610.925,446.670,34.545,15.653
609.718,447.866,34.844,14.671
608.339,446.826,34.643,15.660
604.782,446.662,46.412,18.480
599.418,446.930,52.418,19.126
602.946,446.835,44.790,19.822
600.489,446.421,39.680,17.829
596.563,446.450,41.697,17.022
601.407,447.414,34.632,16.754
597.178,446.862,37.995,17.226
596.029,446.613,38.078,17.725
593.841,446.839,38.863,17.793
592.539,446.721,38.073,18.347
597.418,446.403,31.498,17.552
593.302,446.767,27.896,15.445
597.669,447.346,22.187,16.514
595.088,445.319,22.264,16.140
591.355,445.937,20.644,15.132
588.997,445.795,19.393,15.628
585.002,445.100,19.610,16.318
580.724,445.551,20.170,16.856
580.925,445.650,20.212,15.807
578.172,444.801,18.945,15.560
574.149,445.816,19.330,17.328
573.930,446.039,15.511,16.695
567.931,445.705,17.331,15.933
563.424,444.722,15.585,18.300
562.134,444.790,17.723,18.573
560.077,444.326,16.470,17.127
555.011,445.134,15.750,17.247
549.976,444.942,16.541,18.918
544.360,444.918,19.286,19.393
543.585,444.196,16.349,21.305
541.742,444.831,18.384,22.099
535.009,445.061,22.084,19.855
525.713,444.778,27.440,19.582
516.915,445.450,31.310,19.493
525.588,444.053,20.800,19.513
517.997,445.868,23.421,20.341
517.953,444.813,26.017,18.665
517.650,444.128,20.080,19.946
513.305,444.255,19.814,18.032
509.639,445.134,19.998,16.614
504.739,444.896,20.450,17.821
501.212,445.448,21.032,16.948
496.863,444.684,20.644,16.424
493.969,443.900,21.471,18.398
490.498,444.095,21.771,17.929
487.096,444.055,23.212,19.170
483.607,444.540,23.132,18.582
484.086,444.489,22.670,17.729
484.603,444.115,17.950,18.275
477.364,443.903,22.386,16.725
477.319,445.086,18.612,17.091
472.470,444.879,19.630,16.028
468.326,445.932,20.991,15.983
468.938,445.409,21.212,15.511
465.192,445.350,21.254,15.958
458.679,446.110,24.136,16.621
456.363,445.750,23.421,16.694
452.345,445.532,23.292,16.648
448.460,446.585,24.344,17.310
449.546,445.690,23.874,17.397
444.542,446.390,24.694,17.147
439.741,446.077,24.995,17.107
434.468,446.493,25.992,16.940
430.949,445.970,26.137,17.313
425.303,446.238,27.233,16.907
424.895,446.302,27.276,16.907
419.818,446.367,28.566,17.080
414.734,447.249,28.895,16.473
410.340,447.385,29.715,18.181
403.657,447.357,30.752,17.446
399.121,446.962,31.729,17.446
394.313,447.796,32.744,17.299
387.537,448.185,35.010,17.769
383.281,447.865,35.218,17.809
378.912,448.382,35.570,17.078
374.608,448.700,35.410,18.027
374.199,447.712,35.412,17.553
368.744,448.885,35.868,17.709
364.346,449.049,36.429,17.734
358.935,448.528,37.861,18.165
353.546,449.626,38.974,18.384
349.910,449.526,38.197,17.937
348.470,449.459,38.817,18.069
345.183,450.434,39.028,17.181
340.609,450.076,39.488,17.897
336.694,449.818,39.503,17.343
331.023,451.083,40.970,17.806
325.226,450.934,43.077,18.430
326.018,450.427,42.622,19.446
322.087,451.329,43.116,18.801
316.157,451.263,44.368,19.276
312.881,452.590,43.487,18.378
309.817,452.312,41.688,17.964
304.028,453.535,43.582,17.224
304.303,453.013,43.747,18.599
301.151,452.762,43.204,18.064
296.812,453.278,43.646,17.481
293.870,453.578,42.701,17.991
288.345,454.134,43.978,17.991
282.974,453.745,45.223,19.107
282.387,454.975,46.043,18.476
279.538,454.147,44.775,17.910
270.161,455.061,45.509,17.793
263.147,455.289,48.132,18.477
258.158,454.802,48.444,20.050
255.804,456.010,50.775,19.572
250.570,456.140,50.190,20.775
252.578,455.342,44.027,22.371
248.497,455.245,44.752,20.863
234.139,457.001,58.147,22.397
222.810,456.158,58.464,25.533
221.569,457.139,68.854,25.045
212.805,456.963,76.524,29.240
203.543,455.805,68.719,29.940
210.225,456.025,56.995,26.949
203.851,456.462,58.904,28.588
193.353,457.055,64.382,30.045
192.352,457.462,66.033,30.991
187.883,457.384,68.181,31.148
197.263,456.392,56.083,31.373
191.015,456.279,61.351,30.255
184.910,455.482,64.648,33.060
197.151,454.984,49.882,32.669
193.161,456.082,54.540,31.282
189.872,455.447,56.800,31.141
195.699,454.447,50.894,33.310
199.108,453.933,47.296,31.366
205.930,454.419,41.328,26.983
202.663,453.967,42.633,26.612
205.948,454.037,40.925,26.608
208.780,454.399,37.837,26.017
205.764,453.918,39.521,25.402
208.561,452.007,37.420,27.446
206.234,451.920,39.042,32.911
206.521,452.167,37.531,32.272
205.397,451.285,39.430,32.636
201.628,450.098,41.781,35.802
201.815,451.406,42.336,31.946
203.216,450.351,40.424,31.688
206.571,449.986,38.179,32.272
205.629,448.982,39.711,32.869
206.117,449.532,37.791,30.248
206.848,449.008,38.303,29.119
208.102,448.484,37.740,32.109
208.272,447.520,38.239,31.166
208.826,448.223,39.148,30.387
209.968,448.643,38.866,32.308
210.435,447.535,38.785,33.103
217.077,447.518,32.848,27.518
218.066,447.355,34.926,23.123
220.302,446.712,34.274,21.842
226.709,446.848,29.880,24.762
227.090,445.979,30.699,27.100
229.847,445.022,30.465,23.328
230.788,445.231,30.778,27.834
233.368,444.804,33.352,29.338
236.366,444.156,33.092,29.373
239.342,443.647,33.704,24.700
240.701,443.579,32.670,23.386
242.210,442.778,32.706,26.598
242.802,442.500,36.303,25.501
247.710,442.190,34.482,22.337
255.987,442.377,33.897,19.946
256.967,441.109,32.146,20.275
259.283,441.148,32.307,20.301
261.679,440.272,34.780,21.229
264.510,440.635,35.661,21.048
267.648,439.383,36.923,21.241
271.017,438.245,36.969,21.481
272.317,439.263,35.443,20.915
275.480,438.052,35.661,21.048
278.618,437.790,39.180,21.681
279.127,437.861,40.151,20.836
283.709,437.602,41.317,20.658
288.740,437.864,38.278,20.134
285.972,436.950,40.900,20.618
290.795,436.782,39.800,19.841
295.602,436.980,40.248,19.446
300.766,436.394,38.099,19.274
305.257,435.997,38.823,18.757
310.244,436.408,36.738,18.261
308.271,435.341,38.447,18.521
313.203,435.716,38.914,18.092
318.368,435.556,38.111,18.413
323.265,435.005,37.755,17.817
326.119,434.601,39.176,18.261
330.505,434.846,39.021,17.450
331.369,433.906,36.926,18.699
335.674,434.136,37.755,18.241
339.634,433.591,38.292,18.699
343.328,433.648,37.279,17.937
347.192,433.044,38.707,18.521
354.389,433.336,39.116,18.261
354.945,433.260,39.021,17.129
359.680,432.876,38.707,17.897
363.391,432.704,39.240,17.605
367.368,432.386,39.240,16.968
371.640,432.962,39.280,16.856
375.410,432.837,38.799,17.416
374.467,432.908,39.072,16.960
379.370,432.835,38.335,16.179
383.780,432.621,37.769,16.908
387.612,433.319,38.524,16.532
391.969,433.198,38.147,17.078
393.111,433.184,40.860,17.416
393.843,433.220,41.323,17.236
400.213,432.952,38.111,17.450
403.921,432.729,38.499,16.648
405.414,432.838,40.463,16.991
411.621,432.614,38.344,17.754
416.453,432.457,37.714,17.911
415.176,433.504,38.239,16.856
420.672,431.932,39.086,18.624
424.871,432.275,40.358,18.261
423.621,432.354,48.420,18.430
434.804,432.445,45.863,19.450
441.708,433.045,44.422,21.251
445.521,433.456,39.810,20.613
439.884,432.545,36.416,19.962
443.666,431.937,35.766,19.234
450.151,432.519,33.092,17.911
453.901,433.141,32.160,18.237
451.203,431.875,35.665,18.585
459.915,431.687,33.492,18.189
463.735,432.362,32.488,16.789
467.706,431.539,30.847,16.364
471.109,431.437,27.689,16.793
473.594,431.826,31.945,17.713
472.422,430.406,33.857,17.577
476.261,431.742,32.454,18.384
481.850,430.443,14.266,18.776
480.365,431.016,18.522,14.395
484.971,430.686,20.272,14.890
490.170,430.532,16.388,15.408
489.816,431.289,18.345,15.880
491.498,430.392,16.430,14.670
496.625,430.888,15.537,16.483
499.808,429.960,19.965,14.665
500.575,429.906,21.228,17.949
502.613,429.870,21.499,19.049
502.544,428.575,19.855,17.667
507.181,429.379,18.347,16.396
507.005,428.228,20.065,17.159
507.020,429.453,19.547,18.834
508.435,428.586,18.143,17.565
507.889,429.660,17.649,15.740
507.764,428.581,19.205,16.423
507.750,428.689,17.649,16.136
506.778,427.674,16.532,16.668
501.939,427.864,20.579,18.401
499.508,428.285,22.631,17.481
496.897,428.461,21.851,16.128
492.957,428.389,22.393,15.322
494.136,428.021,19.547,17.559
490.515,428.771,20.485,17.559
485.816,427.399,22.127,19.808
480.450,429.067,23.952,21.095
480.405,428.134,25.348,19.090
477.759,428.258,24.036,22.363
473.587,428.739,25.402,19.493
470.620,428.851,25.708,18.729
467.758,429.587,26.897,16.948
464.385,428.855,25.340,17.338
465.836,428.531,24.750,16.094
462.563,428.734,24.572,15.408
459.514,429.532,25.246,18.456
455.294,429.446,26.548,16.669
451.943,429.446,27.426,16.923
448.639,429.421,29.160,17.278
450.252,429.236,27.329,17.919
445.529,429.469,29.696,17.720
444.039,429.355,30.513,19.238
440.225,430.045,31.056,18.730
435.955,429.900,34.743,19.313
436.366,429.359,32.360,19.146
435.138,429.727,32.216,19.110
431.586,430.077,35.068,19.110
431.535,429.487,33.609,19.094
428.286,430.563,36.330,18.573
428.867,430.537,35.222,18.261
426.526,430.892,37.249,18.879
426.042,431.446,35.595,18.092
427.358,432.022,34.238,18.573
426.440,431.456,36.227,17.936
424.602,432.668,37.708,17.859
429.565,432.025,34.909,17.897
427.460,432.669,36.518,17.259
427.783,432.911,37.490,17.431
426.381,433.795,40.087,18.034
429.784,433.519,37.549,17.937
430.089,434.580,37.459,17.221
432.184,434.720,37.249,17.604
430.662,434.659,38.696,17.725
432.886,434.803,37.451,17.754
434.651,435.043,37.095,17.585
436.401,436.313,36.738,16.746
437.011,436.081,38.419,17.209
439.424,436.854,37.614,16.694
438.475,436.511,37.944,16.774
440.976,437.218,38.399,17.684
441.529,437.025,38.974,18.069
444.530,437.174,38.111,18.092
446.299,438.744,39.187,17.340
448.769,438.694,38.817,17.754
447.444,438.451,39.823,17.605
451.712,439.193,39.240,18.559
450.099,440.260,43.060,17.883
455.859,439.651,38.703,18.435
459.795,440.733,37.522,16.700
462.085,439.786,39.713,17.987
460.905,440.644,40.413,17.717
466.687,440.534,38.467,18.639
476.357,440.885,35.118,19.666
479.758,440.961,35.104,19.249
486.020,441.013,34.441,19.874
482.703,442.230,36.611,19.120
489.502,441.450,35.104,19.408
493.029,442.119,33.617,18.962
496.347,442.304,35.974,18.846
500.310,442.692,34.352,18.962
492.547,442.074,47.867,20.507
491.710,442.747,49.165,22.061
501.963,442.420,40.412,22.649
506.240,442.515,50.838,22.764
505.136,443.480,48.933,23.370
511.438,442.646,40.412,24.152
522.827,442.466,33.517,21.761
527.753,441.678,28.191,21.974
528.492,441.960,29.465,20.160
530.135,442.431,30.150,24.610
533.377,442.468,30.808,22.574
534.623,442.407,31.233,21.370
538.950,441.958,28.302,20.966
542.462,442.833,25.640,19.512
543.261,441.648,26.518,19.450
544.366,441.631,26.904,19.893
545.396,442.459,27.495,23.355
545.520,441.738,27.860,23.778
548.269,442.600,26.948,26.793
547.318,442.220,26.473,22.907
549.807,442.580,24.564,22.138
555.459,441.658,19.750,20.878
554.382,442.129,20.100,22.520
552.945,442.419,22.414,24.135
553.948,442.495,20.690,27.133
553.981,441.614,19.722,23.429
554.506,442.358,20.263,25.942
554.651,442.167,21.677,27.982
553.900,441.548,21.395,30.557
555.478,442.090,22.208,24.475
554.026,442.336,21.866,27.133
554.321,441.980,23.091,29.709
555.623,442.810,22.271,27.366
556.012,442.329,23.326,30.111
554.026,441.594,25.907,22.963
553.596,441.162,27.062,22.845
553.470,440.429,27.614,23.312
556.204,441.165,25.309,26.533
559.650,441.790,23.724,22.475
561.416,440.605,23.866,26.658
562.385,441.657,23.797,22.484
564.188,441.593,24.332,26.286
563.955,441.113,25.360,26.584
564.929,441.762,26.221,28.042
564.790,441.879,28.463,30.045
566.496,441.976,28.270,24.992
570.193,441.465,26.924,23.819
570.031,441.894,29.340,25.717
570.009,441.381,28.669,24.487
572.837,441.428,28.634,25.665
575.049,441.011,28.245,24.265
579.874,440.379,27.576,21.798
582.915,440.680,27.338,20.602
583.895,440.811,25.948,24.237
583.379,440.652,29.052,22.484
584.148,440.867,30.400,24.114
587.515,441.256,28.627,22.465
588.205,441.569,30.105,23.880
591.534,440.380,29.823,21.341
592.096,441.148,29.305,19.907
592.967,440.717,30.667,20.186
594.944,441.055,30.765,19.860
594.182,442.467,33.380,21.098
596.580,441.561,35.007,20.661
596.471,441.950,36.414,20.638
599.050,442.805,36.208,20.360
598.724,442.352,37.406,21.429
601.231,442.574,37.525,21.785
603.655,442.248,38.602,21.113
604.201,442.909,41.018,21.286
607.804,442.599,39.944,19.764
609.348,442.758,41.266,19.446
610.135,443.014,40.376,20.758
610.129,443.412,43.638,19.962
616.053,443.154,40.480,20.478
620.800,443.760,38.937,19.614
624.498,443.350,38.203,19.102
627.514,443.849,38.605,18.430
625.888,442.627,40.199,19.644
630.894,443.857,38.722,18.315
635.964,443.165,36.398,19.056
640.005,443.573,39.399,19.832
640.206,443.852,42.357,20.730
637.990,443.263,44.826,21.609
643.707,442.562,42.521,22.261
648.405,443.024,41.623,21.339
652.168,443.368,41.301,20.650
653.036,443.626,43.429,21.656
649.645,443.440,49.963,21.597
648.676,443.541,49.723,22.055
661.229,443.524,39.787,21.690
659.399,444.216,44.567,20.306
665.521,443.958,40.616,20.822
668.973,443.600,39.507,21.246
666.269,444.242,42.651,21.471
670.018,443.747,38.815,22.154
676.616,443.255,35.654,22.136
672.341,443.243,40.305,21.198
676.866,443.366,35.995,22.066
682.597,442.301,31.938,21.820
684.408,442.818,31.233,20.892
686.267,442.238,29.009,19.889
686.796,441.798,29.600,20.186
684.095,440.861,31.180,20.933
685.927,440.301,29.524,20.765
687.332,439.978,27.314,20.610
688.300,439.590,27.231,20.103
688.373,439.578,26.662,19.374
689.550,439.023,24.855,20.394
689.823,438.158,23.717,21.214
689.345,437.824,21.251,20.980
688.618,436.961,20.835,24.365
686.881,436.306,22.306,26.767
684.944,435.865,22.796,23.091
684.054,436.226,23.978,27.200
682.286,435.708,23.496,30.812
682.310,434.690,22.637,25.555
682.274,434.172,22.467,25.621
680.685,434.160,23.004,25.021
681.765,432.935,22.619,25.933
680.119,432.946,22.564,25.281
680.980,432.044,21.131,25.741
678.990,432.030,20.643,27.274
678.999,432.075,19.722,26.851
678.764,431.776,20.470,26.704
677.996,431.256,20.314,26.992
677.949,430.457,19.515,28.684
676.586,430.352,19.295,26.803
674.079,429.914,21.168,28.497
674.064,429.107,20.404,30.210
674.512,429.905,19.660,29.615
671.968,428.894,21.981,24.020
672.189,428.615,19.882,27.108
669.708,427.003,21.633,23.959
668.237,426.694,21.401,25.129
666.516,426.837,21.819,24.518
666.120,426.674,20.703,24.518
664.317,426.004,23.717,26.858
662.685,425.943,22.029,24.757
660.251,424.873,22.759,26.568
657.467,423.548,22.534,27.189
656.578,423.786,22.261,27.314
651.563,422.387,22.781,27.635
649.464,421.299,23.494,29.860
646.045,421.276,25.188,30.649
642.615,420.072,27.342,30.759
639.546,419.825,26.631,25.519
639.468,419.820,28.049,31.043
634.978,419.031,30.539,26.372
631.656,418.359,33.077,22.526
633.502,416.250,30.045,30.210
636.722,416.646,25.302,22.820
636.416,416.265,22.127,28.678
636.516,417.114,23.797,22.029
635.160,416.392,21.033,26.555
632.987,416.078,24.760,21.623
632.155,415.584,21.075,27.495
629.736,415.017,22.758,29.794
627.091,415.102,24.425,23.689
626.347,415.155,25.281,27.416
625.466,413.910,24.233,31.869
622.623,413.316,26.053,33.673
622.910,412.591,24.526,32.682
621.315,412.109,25.150,33.704
621.365,411.695,24.348,26.163
620.655,411.286,25.717,31.073
619.656,410.512,23.496,25.948
618.181,410.263,23.029,24.267
616.198,408.805,22.906,25.663
614.696,408.680,25.281,23.777
614.113,407.940,23.029,26.446
612.404,407.940,24.564,23.227
611.864,406.731,22.523,22.523
610.971,408.251,23.717,23.672
612.517,406.495,23.572,23.192
611.748,405.535,24.499,23.042
611.175,405.386,25.021,23.868
610.596,404.231,25.542,25.542
609.609,403.244,26.845,25.248
609.007,403.104,27.366,24.477
608.799,401.452,28.406,24.400
608.526,399.494,30.172,23.279
608.999,400.642,29.547,24.087
612.158,400.642,27.459,22.856
612.397,399.792,27.587,22.484
612.834,399.928,28.764,21.211
613.993,399.539,28.477,20.999
615.142,398.861,28.875,22.110
615.649,398.588,28.166,21.839
616.676,396.151,29.165,23.662
623.198,396.475,25.135,23.332
628.923,390.284,21.787,21.351
633.681,397.695,18.279,15.407
635.439,396.316,18.743,14.831
635.861,396.459,18.300,13.909
636.463,396.562,18.857,13.991
638.836,396.502,19.640,13.202
639.974,395.689,19.997,13.559
641.157,396.030,23.508,12.975
639.359,394.009,25.423,13.832
641.920,393.511,27.070,15.094
644.635,392.386,27.554,15.641
644.209,392.979,32.902,15.716
648.506,391.960,32.412,16.707
652.157,391.661,31.553,17.963
649.060,391.230,34.193,17.673
652.933,390.954,35.262,18.918
656.673,391.465,35.378,17.897
660.872,391.116,35.974,17.987
665.235,391.640,36.330,18.573
669.821,391.353,39.332,17.481
667.741,391.164,40.025,17.964
678.407,390.205,38.683,19.234
683.056,387.881,22.066,21.406
687.953,386.703,19.454,20.673
691.966,388.246,27.716,19.085
693.536,387.802,28.304,19.284
695.133,389.120,26.474,18.809
702.022,386.504,22.016,21.116
701.410,385.442,17.452,22.675
704.493,388.095,19.570,18.849
705.919,387.235,20.146,17.565
705.841,387.767,19.808,15.930
706.128,387.520,18.765,15.488
706.295,387.394,16.913,18.432
704.131,386.452,16.622,16.871
699.338,385.938,18.769,19.205
698.305,384.820,16.196,22.849
692.998,383.687,16.178,23.959
692.512,384.364,18.614,23.909
689.105,382.457,18.029,26.873
676.659,383.249,21.415,26.268
674.678,381.603,19.912,29.322
670.126,381.755,19.846,23.680
668.429,381.670,21.326,27.071
665.311,382.250,20.283,22.758
660.093,382.142,21.898,21.081
654.221,381.195,23.361,26.458
648.042,381.068,21.461,21.811
645.760,380.353,19.628,24.938
643.686,380.935,21.816,21.816
638.879,380.089,18.005,23.200
631.760,380.736,18.254,21.618
625.159,380.860,18.609,19.610
624.179,382.306,17.565,20.146
618.248,382.228,21.139,21.329
617.464,381.539,24.365,20.835
614.806,381.577,22.534,23.854
613.651,381.082,20.284,20.284
612.841,375.103,21.372,28.673
607.219,380.586,24.762,23.662
606.644,379.461,23.777,22.758
605.977,378.284,24.499,24.499
605.137,377.444,24.022,27.601
603.391,379.188,23.496,25.145
602.049,378.671,22.993,27.503
600.055,378.932,23.040,28.446
597.818,379.397,25.248,26.845
599.043,378.795,23.112,27.366
596.250,378.988,23.898,28.951
594.041,379.305,25.983,29.854
592.073,379.273,24.428,29.191
589.995,379.576,26.228,30.136
589.882,379.551,28.999,23.685
590.357,378.630,31.043,21.641
588.918,380.606,28.562,24.764
588.907,379.981,27.887,22.053
586.543,380.302,23.912,28.114
585.232,380.468,26.481,25.493
584.582,380.156,24.400,20.030
584.895,380.510,23.330,17.186
585.741,380.310,21.111,16.451
586.279,380.394,20.485,16.508
586.637,380.615,19.287,18.361
588.030,379.645,18.857,17.831
587.575,378.676,18.139,20.841
586.227,378.679,18.300,21.968
584.558,378.844,21.111,22.813
583.359,378.496,22.935,20.646
582.809,379.267,23.200,19.370
583.056,379.257,23.217,20.495
582.646,377.750,23.200,21.571
584.476,376.515,22.331,23.457
583.353,378.394,23.978,22.689
590.734,379.017,17.728,17.869
594.519,373.257,15.128,20.782
594.376,378.640,14.882,16.622
595.986,374.093,15.474,18.815
596.233,374.077,14.325,19.985
596.014,378.899,14.253,15.580
596.627,378.675,16.238,13.687
596.732,377.504,18.459,13.687
597.414,371.093,18.921,21.483
596.056,376.121,21.111,17.019
596.460,374.479,20.758,17.337
598.589,379.422,19.694,13.953
599.487,379.125,20.613,13.608
600.844,379.996,20.613,13.407
598.180,380.164,24.635,13.172
599.578,380.286,23.627,13.366
601.775,379.946,23.556,13.831
599.420,380.580,26.841,13.512
602.556,379.825,27.426,14.791
600.588,380.251,28.810,14.992
602.428,379.553,27.188,15.422
600.147,380.454,30.150,14.931
603.869,380.862,27.809,15.095
606.821,381.067,25.228,15.465
607.469,380.955,25.893,15.768
597.846,380.897,36.671,15.965
597.208,381.504,38.140,16.983
597.501,380.862,38.524,16.685
595.945,381.449,40.565,17.859
600.073,381.410,37.063,16.964
599.051,381.505,37.136,18.391
603.595,381.981,32.304,16.493
607.325,381.109,30.798,16.190
603.679,382.361,33.632,15.758
602.491,381.121,34.195,16.190
606.899,381.993,29.227,15.255
605.057,375.758,31.041,20.325
607.390,382.586,28.648,16.168
604.871,376.482,13.753,20.803
606.951,376.304,10.000,21.601
607.790,375.978,10.000,20.690
606.174,377.299,10.909,19.121
607.538,377.401,10.000,19.556
606.151,382.921,10.281,13.335
607.130,377.597,10.000,15.964
606.313,377.951,10.000,16.507
606.709,378.426,10.000,16.830
604.919,377.555,10.000,18.339
602.738,377.755,10.263,13.619
601.602,377.385,10.325,11.238
603.661,377.369,10.000,10.000
603.439,379.548,12.186,10.000
599.537,379.415,17.289,12.966
596.565,379.055,18.309,17.289
596.103,378.298,17.649,21.935
594.376,377.450,20.590,25.569
594.684,377.946,19.100,26.371
594.464,373.708,17.964,28.859
591.157,376.126,22.551,28.028
588.943,373.062,22.029,29.911
586.200,373.951,22.465,29.833
583.542,375.289,25.493,29.499
581.596,375.016,25.808,28.999
582.559,374.493,24.212,28.999
580.507,381.516,23.120,23.703
579.511,380.812,23.042,23.042
572.748,377.166,24.518,23.959
572.051,375.899,25.281,28.096
573.076,377.743,25.211,28.583
570.338,383.066,22.583,22.691
569.475,382.257,21.350,20.758
568.797,382.304,22.154,25.130
567.185,382.180,22.099,22.289
566.347,381.437,20.881,23.196
566.369,381.860,21.727,24.799
564.811,381.837,21.819,26.658
565.191,382.210,22.855,25.281
563.662,383.059,22.758,27.271
562.885,383.338,24.862,28.164
563.386,383.262,23.756,28.952
561.869,383.714,24.005,28.679
562.053,383.031,25.160,28.364
560.342,382.921,26.228,30.136
559.719,383.574,25.155,30.186
559.970,383.453,26.431,29.319
559.570,383.153,27.846,30.367
557.866,383.411,27.450,31.255
560.080,383.278,26.504,24.733
562.151,384.463,24.269,29.112
559.994,383.711,25.104,22.481
562.125,384.146,23.820,16.424
563.350,384.514,23.652,16.768
564.490,384.214,22.931,16.248
560.699,383.871,27.197,20.407
561.609,382.526,25.948,20.958
562.027,382.425,25.675,22.524
561.618,381.896,26.785,22.612
564.264,382.455,24.564,20.751
564.391,383.088,23.717,19.893
564.630,381.415,22.675,20.412
564.347,382.307,23.763,22.196
563.664,382.912,24.254,22.183
565.695,381.582,21.912,21.819
564.634,382.939,20.734,22.583
563.380,381.957,20.412,19.628
562.524,382.978,21.354,14.952
565.385,382.638,18.837,20.350
559.510,382.262,23.119,16.559
560.518,381.965,20.590,16.045
561.062,383.926,20.925,17.237
555.443,382.393,23.610,15.930
556.829,383.725,22.358,15.335
549.849,383.251,25.588,15.233
547.349,383.161,28.099,16.519
549.778,382.933,25.504,15.972
546.849,383.748,28.081,14.830
542.676,383.615,30.765,15.834
540.828,383.340,30.854,16.607
538.638,384.086,31.320,16.752
536.487,383.994,32.630,15.464
540.781,382.947,27.689,15.623
534.287,383.321,32.986,15.380
533.163,382.634,33.459,15.296
532.276,382.725,33.459,16.161
530.807,382.718,32.681,15.048
528.716,382.851,33.926,14.915
527.039,383.465,32.191,15.353
524.703,382.459,33.926,15.449
522.888,383.188,32.952,15.694
521.747,382.158,33.459,15.796
520.666,383.061,33.827,16.292
519.381,383.401,34.562,16.693
517.883,383.062,34.501,16.886
516.355,382.916,31.395,15.964
516.655,382.615,29.175,15.893
512.832,382.553,29.812,16.799
510.315,382.669,29.985,15.893
513.554,382.031,29.143,16.024
511.282,382.470,28.246,14.928
509.336,383.042,27.653,16.152
507.983,381.890,27.044,15.690
509.090,382.511,23.999,13.536
505.642,381.354,25.015,20.633
505.995,381.792,24.855,16.798
507.470,377.434,22.397,18.992
507.583,377.588,20.013,23.791
505.835,377.465,21.571,25.489
506.417,381.887,22.148,22.242
505.603,376.624,23.196,25.378
506.563,382.400,23.091,22.796
505.820,377.368,25.129,25.727
504.760,381.404,27.860,24.441
507.292,379.600,28.417,27.366
509.343,378.324,29.303,29.191
515.741,380.218,27.216,27.567
517.408,379.309,28.779,26.963
516.839,377.832,32.104,26.277
520.190,380.611,33.069,25.226
524.132,380.631,32.786,25.533
535.767,377.904,23.560,27.216
536.474,377.888,21.380,26.584
540.393,380.759,21.467,25.117
541.030,380.895,24.332,21.215
546.777,379.621,22.261,26.767
544.818,379.916,24.022,22.355
550.269,380.486,21.633,24.843
548.664,380.765,21.819,26.379
552.803,381.132,22.331,23.148
554.090,380.824,23.808,24.582
555.464,380.159,25.378,22.127
555.465,384.522,23.287,19.960
558.621,382.142,22.588,20.977
560.362,383.078,23.816,21.835
559.982,381.707,26.371,20.986
560.479,380.652,24.760,25.615
561.895,381.940,26.425,25.616
561.083,381.984,28.679,26.106
561.390,381.665,30.870,27.349
561.198,381.117,31.957,27.275
561.282,383.801,31.015,26.074
561.563,381.611,32.677,26.518
559.544,382.238,31.522,25.796
558.966,381.157,34.977,25.600
556.885,383.331,27.614,25.873
556.401,381.976,30.671,25.104
553.634,382.479,26.542,20.490
551.575,382.520,29.719,19.092
548.762,383.565,28.382,18.201
548.113,384.608,29.590,17.253
545.108,385.177,29.362,17.253
544.949,385.746,29.590,16.661
542.247,386.196,27.426,17.809
538.551,383.213,29.830,19.412
535.658,388.164,30.134,18.294
532.244,387.107,33.716,17.352
527.994,388.941,36.830,14.218
528.414,387.903,34.011,15.142
525.208,389.055,34.961,15.614
519.929,388.539,30.706,16.364
516.913,388.752,32.956,16.883
512.291,389.305,29.132,15.113
509.040,389.886,30.171,13.363
508.282,390.408,29.742,12.318
506.050,390.712,29.698,12.365
502.256,391.464,32.048,12.711
498.668,392.106,32.862,12.561
496.886,392.603,31.627,12.716
494.709,392.802,31.241,13.007
494.486,392.052,31.849,12.683
492.419,392.680,33.996,13.372
492.510,393.300,37.257,14.197
488.863,393.909,38.291,15.786
486.020,394.819,38.184,16.789
486.334,396.019,38.932,17.298
485.458,395.720,40.892,16.856
485.171,396.671,41.679,17.976
484.385,397.295,39.620,16.728
483.945,397.827,38.181,15.664
483.769,398.207,42.455,14.903
483.018,398.535,39.561,14.804
483.825,399.095,41.925,13.344
483.687,399.066,39.872,14.875
482.298,399.591,40.690,13.041
483.662,399.552,42.522,13.445
481.679,401.328,44.614,14.455
483.168,400.800,44.443,14.134
480.935,402.663,53.355,15.208
480.980,402.226,45.281,15.683
482.692,402.520,46.247,15.683
484.583,404.256,42.573,15.398
484.847,404.690,55.545,16.128
483.565,404.290,57.449,17.589
483.859,405.144,58.717,17.673
485.146,405.978,57.950,17.553
486.267,405.726,59.550,17.033
487.484,406.303,58.205,18.185
488.079,406.417,58.848,17.170
486.512,407.062,60.638,17.417
488.542,406.601,58.399,17.299
487.519,408.014,61.919,18.249
489.101,407.617,59.430,17.964
490.309,409.194,61.666,17.890
488.940,409.889,61.809,16.567
488.853,410.232,62.687,17.417
487.995,411.422,63.007,17.365
488.095,410.724,57.684,17.698
485.945,412.721,63.392,17.097
485.681,414.468,62.533,16.574
485.714,414.753,65.242,17.101
485.891,414.992,58.922,16.691
484.845,415.521,64.733,17.901
483.219,414.808,64.491,19.806
480.841,416.628,66.457,18.671
479.084,417.993,63.129,17.916
478.772,417.429,66.048,17.964
477.555,419.024,66.204,17.604
475.225,419.328,67.164,17.065
472.409,419.424,66.673,18.029
471.256,420.998,66.684,17.731
466.146,421.304,66.963,18.777
465.246,420.676,67.981,18.895
464.371,422.705,68.218,18.081
462.014,422.999,67.855,18.692
458.957,423.474,70.105,17.812
455.935,425.206,69.686,17.191
453.507,425.179,76.210,17.314
452.537,424.779,77.565,16.652
450.692,425.830,72.684,17.937
449.532,427.037,69.780,16.828
447.420,427.650,69.656,17.535
446.040,427.733,71.646,18.559
444.103,427.956,71.576,18.186
444.783,427.112,71.013,19.005
443.815,428.305,70.522,17.502
442.610,428.309,72.158,17.563
441.704,429.007,73.181,18.170
442.069,430.570,73.183,17.821
441.159,430.486,71.811,18.062
441.086,429.289,74.205,19.295
441.386,431.104,75.278,17.337
441.524,432.011,75.728,16.828
442.904,431.555,74.183,17.812
444.646,432.938,75.009,16.652
445.922,432.456,73.664,17.688
447.647,432.306,73.334,18.062
448.964,433.814,75.009,16.652
452.087,433.331,65.992,17.688
451.912,432.512,75.045,16.791
455.054,433.307,75.014,16.480
456.094,433.576,74.767,16.787
459.096,433.161,73.877,17.688
460.927,433.011,63.179,16.538
461.041,433.931,65.748,16.973
462.275,434.106,66.966,16.691
464.119,434.140,66.966,16.691
465.158,434.173,64.151,17.764
467.638,433.462,65.449,18.097
467.778,432.777,65.238,16.913
468.994,433.715,62.874,15.835
469.681,433.755,65.882,17.535
469.694,432.929,76.470,18.097
471.853,433.555,76.550,17.740
473.109,433.245,66.263,18.435
472.344,433.778,67.024,17.439
472.685,432.834,70.385,16.791
473.360,432.669,74.005,17.190
473.880,432.394,75.327,16.310
474.724,430.603,70.183,18.762
474.465,429.686,64.199,17.894
474.453,429.040,64.292,18.097
476.170,428.426,70.248,18.230
476.428,427.384,75.206,19.162
477.229,427.536,72.768,18.933
477.537,426.493,60.450,19.827
480.434,426.602,60.217,18.496
478.099,425.661,68.843,18.568
474.918,424.788,76.718,19.162
485.774,423.506,63.942,18.874
484.090,423.139,57.853,19.122
487.745,422.511,48.599,18.568
489.225,421.747,57.927,18.159
493.671,420.942,53.457,18.599
496.448,419.695,54.002,19.060
506.606,420.126,45.560,18.908
516.577,418.718,33.352,19.834
519.495,419.309,31.688,17.158
523.301,417.684,34.280,13.590
528.821,408.071,28.811,22.240
529.603,416.895,31.381,11.940
529.803,416.934,30.903,12.525
529.565,416.202,29.442,13.674
520.096,415.137,38.292,14.749
526.419,414.540,39.380,22.667
528.160,414.107,41.661,25.153
529.546,412.767,39.345,24.907
530.371,413.623,40.781,25.654
536.650,412.533,36.743,27.054
538.059,410.621,36.404,26.366
542.800,410.529,33.745,29.031
545.995,411.241,30.003,27.860
545.502,411.070,33.251,28.840
545.565,411.533,36.846,27.790
546.892,410.829,33.745,30.863
549.652,409.612,34.012,29.785
549.562,408.304,38.035,32.464
553.273,409.089,38.371,29.695
557.695,408.629,33.745,30.479
557.338,409.349,33.815,28.910
560.567,406.975,31.264,25.276
563.933,407.346,28.038,22.950
572.951,406.422,22.757,22.043
574.560,405.918,24.357,20.035
580.461,405.784,21.771,19.145
580.394,406.004,21.495,18.500
585.499,405.529,19.570,19.890
589.711,404.922,20.866,18.535
601.014,403.638,12.883,18.021
604.465,404.501,13.610,13.305
608.623,404.994,15.425,11.265
609.256,404.873,16.306,11.666
604.971,404.319,22.187,11.122
607.839,405.089,23.133,11.818
610.657,404.463,24.601,12.200
613.608,403.734,25.913,12.151
617.081,404.411,26.283,12.431
616.090,404.163,26.841,12.635
623.884,404.336,27.135,13.475
627.166,402.830,28.504,14.098
630.600,404.166,28.850,13.736
634.340,403.230,29.095,13.887
638.068,403.204,29.985,13.129
637.573,403.685,29.415,12.966
641.728,403.173,29.245,13.674
645.905,403.367,32.176,13.407
650.774,399.313,27.818,17.145
652.929,401.678,27.074,14.527
656.221,403.299,29.175,13.207
660.256,404.330,24.305,12.251
663.269,404.397,19.645,12.676
664.735,403.788,29.807,12.358
664.732,404.536,33.127,12.711
665.226,400.055,35.708,17.854
669.590,401.858,35.974,16.673
668.408,403.282,36.229,14.364
674.235,399.971,28.304,18.271
676.232,402.688,33.687,14.112
681.322,401.952,27.074,14.483
684.173,400.509,24.612,15.448
686.061,399.336,23.997,16.778
682.216,398.933,29.944,17.829
683.976,399.613,29.403,17.028
683.280,398.356,31.066,17.379
686.391,398.811,30.798,16.097
689.769,398.891,27.689,18.009
686.190,398.125,31.201,19.810
688.433,399.176,28.664,18.959
690.210,398.452,28.919,19.703
690.311,401.532,29.055,17.481
692.683,399.893,27.996,18.983
694.260,402.824,26.658,16.934
696.236,399.939,26.151,19.390
691.694,399.755,29.180,20.030
699.442,402.928,23.728,17.663
702.404,398.387,23.177,20.592
700.830,399.130,19.854,18.445
700.472,398.068,22.072,18.874
700.556,397.004,17.885,19.649
699.481,397.224,21.498,21.686
698.610,396.925,24.938,20.847
698.790,400.859,26.371,20.572
699.421,398.590,26.944,20.502
700.204,396.675,24.760,22.764
699.895,395.891,24.760,22.764
699.586,394.869,27.231,23.001
699.712,394.850,26.324,22.787
699.784,395.605,28.091,25.640
699.404,395.297,28.148,22.259
699.988,393.643,26.324,24.050
699.660,394.704,26.324,22.231
699.865,398.978,27.804,21.690
700.545,396.600,28.378,20.751
700.810,398.298,22.208,17.943
700.549,398.585,23.612,16.248
699.471,398.252,24.976,17.270
698.261,397.895,23.070,18.363
696.260,398.066,26.241,16.857
693.350,398.161,29.042,17.816
690.709,396.690,32.048,19.575
687.685,399.353,36.631,18.391
689.040,397.259,35.066,20.082
685.643,398.415,39.556,20.822
702.833,399.046,34.575,22.609
707.962,398.360,24.652,21.459
707.866,397.785,27.495,20.703
708.792,399.300,29.535,23.532
709.401,398.180,30.384,22.907
710.435,398.286,27.627,22.059
713.502,398.717,26.793,25.753
715.391,398.708,28.581,22.907
718.501,399.135,26.948,21.435
721.445,400.342,25.378,23.874
720.911,399.650,25.802,20.998
723.608,400.086,25.440,24.452
725.473,398.956,24.812,22.811
727.458,401.525,25.117,25.549
728.943,399.604,26.686,23.319
731.431,398.507,27.064,28.064
730.137,399.046,28.930,21.933
731.415,398.493,29.557,20.059
741.389,397.884,23.777,17.208
751.454,399.316,17.505,14.830
755.622,399.675,15.900,13.202
759.481,399.979,15.320,14.391
759.127,400.662,16.388,13.207
759.617,400.536,17.974,13.311
767.209,401.702,15.198,14.670
770.576,401.023,13.417,14.077
773.405,401.788,12.299,11.473
774.343,402.050,10.565,12.822
775.464,402.184,11.732,14.460
775.577,402.334,13.866,11.109
775.832,403.362,13.107,10.105
776.108,403.829,14.460,10.000
773.851,404.491,17.379,10.000
775.462,404.321,16.067,10.000
772.933,404.346,20.436,10.000
775.404,405.255,18.975,10.000
774.050,405.996,21.683,10.000
777.011,405.772,21.015,10.507
774.192,405.713,23.502,10.000
773.940,405.224,24.006,10.080
777.528,405.820,22.439,10.085
776.938,406.560,25.389,10.345
780.951,406.790,22.111,10.000
778.680,406.477,25.303,10.685
782.516,407.164,23.508,10.565
781.015,407.933,25.645,10.245
781.253,406.715,27.054,11.153
785.431,408.229,24.932,10.330
783.460,407.054,29.817,11.283
788.484,404.662,30.355,15.030
782.840,408.950,33.987,11.917
784.152,409.195,29.782,11.872
790.793,409.771,23.268,11.786
789.120,406.916,15.719,14.412
792.677,409.819,18.736,11.108
794.473,411.282,17.670,10.561
796.127,410.592,16.756,10.620
800.588,410.041,13.318,10.427
806.166,410.044,10.565,10.565
809.620,410.658,16.241,10.000
810.929,411.780,15.690,10.000
812.957,411.244,15.894,10.000
813.276,410.708,16.507,10.000
814.584,408.918,15.998,11.186
815.370,410.702,16.613,10.000
816.731,411.098,15.998,10.000
809.499,410.562,24.110,10.358
809.164,411.227,23.532,13.991
811.179,408.472,22.459,15.922
811.041,411.072,23.001,16.614
811.990,408.156,22.645,18.693
810.898,408.492,22.961,18.269
809.005,407.125,25.925,20.920
809.413,407.381,24.875,20.690
809.696,407.848,26.085,21.441
810.049,406.165,26.946,24.475
806.725,404.336,31.173,27.154
806.684,402.637,33.537,30.143
804.307,400.996,35.922,32.976
803.836,400.018,37.693,36.036
802.914,399.305,38.573,35.242
802.433,409.670,39.166,26.061
808.121,405.988,33.489,28.622
808.303,404.109,32.318,30.023
814.957,408.491,25.388,23.262
814.562,409.483,24.022,21.571
814.285,407.980,20.066,20.986
815.308,406.682,19.556,19.639
814.534,406.424,18.021,22.171
814.860,408.825,18.849,16.248
816.577,407.252,16.729,19.606
817.017,406.684,17.200,21.546
815.199,410.551,17.013,18.846
814.089,409.348,19.666,16.712
815.997,409.780,19.099,19.099
815.262,409.045,22.072,18.874
815.345,410.935,21.372,20.100
814.945,409.899,21.632,18.103
815.076,409.826,22.931,21.371
814.654,410.360,24.309,20.080
814.921,410.738,25.511,19.590
814.891,410.763,21.881,19.810
814.612,411.087,24.078,21.305
814.496,410.678,23.717,21.214
814.334,411.515,23.457,19.810
814.442,411.497,22.675,22.066
813.758,410.508,24.582,22.061
815.845,410.112,22.148,19.374
815.833,410.789,22.670,23.459
814.747,410.097,21.819,20.284
816.429,409.906,23.004,17.519
819.138,409.427,21.921,23.340
817.944,408.942,23.717,19.074
820.467,410.047,21.339,19.360
822.235,408.775,19.321,18.705
826.464,409.345,18.836,15.292
831.086,409.609,15.818,14.967
830.900,410.363,18.888,15.198
831.262,410.580,20.920,14.967
832.452,410.356,20.778,15.628
833.090,409.844,20.925,15.557
833.802,409.698,20.925,16.068
834.603,410.476,20.989,15.511
835.347,410.307,20.925,16.068
836.148,411.789,20.989,15.955
836.759,411.326,21.878,14.696
838.081,411.615,21.287,13.867
839.508,412.197,20.400,12.875
841.026,411.578,19.997,11.998
839.022,411.499,22.796,11.321
835.983,410.786,25.753,12.941
832.423,412.037,36.537,12.697
829.627,411.770,40.432,13.231
837.421,411.826,21.215,13.631
833.428,411.151,22.298,14.014
833.957,410.557,21.488,14.314
832.022,411.428,23.548,13.461
829.713,410.342,20.890,14.623
830.808,410.055,21.536,14.672
828.718,411.016,20.890,14.407
829.813,408.870,20.065,15.968
826.987,409.038,19.666,15.092
827.604,409.094,19.778,15.188
823.942,405.272,24.267,18.034
824.855,406.053,24.078,20.674
817.850,410.042,22.286,16.388
818.708,407.951,23.689,16.794
815.065,407.664,22.251,18.849
815.238,408.187,25.228,18.049
811.203,411.146,23.920,15.660
814.696,408.987,22.046,17.364
799.754,412.096,38.058,14.385
796.024,412.141,37.995,15.095
796.436,409.267,35.298,17.721
800.898,407.164,30.770,19.654
807.120,410.008,24.317,18.027
811.505,407.802,20.632,19.162
811.136,408.698,18.249,20.530
808.593,408.545,20.368,17.793
807.260,407.157,20.107,18.874
799.989,406.176,24.699,17.013
795.356,405.781,31.258,18.049
798.163,406.305,27.518,18.201
792.877,405.636,27.554,18.279
791.977,405.006,28.454,17.379
788.795,405.814,31.032,17.809
791.623,404.406,27.231,18.344
787.634,403.808,31.381,18.279
789.158,404.784,28.862,18.873
785.203,404.017,32.775,17.352
785.935,403.280,30.351,17.529
782.920,401.948,32.427,14.934
784.619,403.138,30.008,13.802
783.584,402.778,30.314,14.193
783.087,402.526,30.103,15.197
786.652,400.788,26.458,16.606
783.619,401.654,30.885,15.380
781.761,401.552,32.620,15.232
780.467,401.198,33.272,15.578
779.752,400.841,33.367,15.924
781.269,400.243,31.357,16.423
779.148,398.576,33.641,15.978
780.802,398.656,31.357,15.771
778.983,397.014,25.912,16.295
779.525,397.024,25.120,15.155
776.632,397.606,25.806,14.464
776.815,396.488,24.660,14.944
774.084,396.873,26.848,13.597
774.951,396.584,24.344,13.597
770.909,395.568,27.389,13.366
769.542,395.433,27.541,12.673
771.082,396.479,24.387,12.381
768.778,394.685,26.683,13.307
767.178,395.560,26.575,13.307
764.384,394.077,28.400,13.915
760.815,394.952,26.693,12.846
758.629,393.346,27.801,13.732
759.646,394.205,26.636,12.014
755.532,393.836,29.967,11.850
752.114,392.766,30.035,12.774
749.585,392.158,29.640,13.002
746.858,392.099,30.470,12.567
742.965,391.387,31.221,12.291
739.448,391.526,31.221,12.014
737.734,390.900,30.903,12.564
732.754,390.463,32.525,12.725
729.162,390.591,32.406,12.470
725.754,390.667,32.011,12.318
724.831,390.183,30.855,12.726
720.889,389.462,33.297,12.446
716.329,389.450,35.483,12.470
712.385,389.690,35.378,12.459
709.736,388.776,34.961,12.774
704.425,388.700,35.803,12.161
703.669,388.855,33.281,12.312
700.697,387.758,33.713,13.412
696.732,388.398,35.794,12.605
694.048,388.238,35.378,12.926
690.915,387.387,35.794,11.788
688.715,387.427,34.545,12.166
689.670,387.655,35.957,12.166
687.311,387.351,34.961,12.774
685.912,387.742,38.992,12.459
685.640,387.694,35.262,13.045
686.364,387.075,37.257,13.681
687.101,387.497,33.732,13.338
687.257,386.640,36.823,13.989
687.778,386.715,39.423,13.839
689.103,386.487,40.628,14.295
690.347,386.792,38.237,14.218
694.136,386.095,37.572,14.953
697.429,386.871,37.971,13.924
701.412,385.687,40.454,15.142
704.057,386.275,41.007,14.511
708.579,385.392,39.171,15.590
713.554,386.204,38.035,14.511
717.242,386.829,44.061,14.718
717.689,386.994,41.739,14.950
722.250,387.416,39.970,17.159
726.740,387.066,44.542,15.968
730.009,386.164,44.320,16.058
734.719,386.646,47.211,15.683
737.004,386.799,47.112,15.976
738.109,387.029,46.938,16.123
741.866,387.261,45.977,16.270
743.339,387.637,40.665,16.123
748.471,388.433,39.572,17.003
749.788,386.738,47.240,18.105
750.523,387.538,50.569,16.915
751.927,387.742,44.248,18.320
751.753,388.861,49.273,15.683
754.371,388.803,41.517,16.416
754.486,389.605,38.922,15.390
754.681,390.387,42.455,14.364
755.405,390.586,43.928,15.501
754.048,390.931,48.167,15.390
752.394,387.938,51.528,18.975
753.387,388.539,49.669,19.729
752.126,389.516,55.909,18.216
749.857,387.995,52.506,20.362
748.980,388.935,53.016,18.939
749.567,389.447,55.971,18.361
747.094,389.528,52.916,20.199
744.455,388.749,54.982,20.643
743.312,387.860,55.310,21.273
741.420,388.763,56.815,20.020
741.869,389.250,58.012,19.585
738.999,389.521,58.552,19.585
738.068,394.210,62.387,15.172
737.191,394.104,61.411,15.446
735.826,394.135,61.411,16.004
734.386,395.519,54.081,15.065
733.582,394.940,62.994,14.095
734.464,395.684,63.212,14.347
733.626,396.865,65.917,15.012
733.997,396.555,62.401,15.695
733.052,396.586,67.003,16.262
734.351,396.467,63.672,16.567
733.671,395.581,65.423,17.299
733.696,395.856,66.858,17.896
732.358,397.921,66.962,17.175
731.821,398.072,66.197,15.512
731.557,399.052,69.050,16.327
731.167,392.020,69.087,23.637
731.025,392.412,70.748,23.502
730.711,392.595,72.196,25.679
729.163,400.242,71.831,18.088
727.577,400.291,71.811,18.062
725.981,400.327,74.205,18.062
722.344,401.784,75.522,16.766
723.121,401.297,75.828,17.812
720.019,402.429,76.036,18.731
717.549,402.428,78.710,18.809
710.912,403.127,82.431,18.335
707.567,404.257,81.473,17.793
707.356,402.667,82.508,18.446
704.314,404.508,81.445,19.085
699.272,405.119,83.150,18.811
695.430,405.536,85.664,18.930
689.881,405.844,86.713,19.288
685.736,407.038,86.307,20.674
685.181,406.891,89.615,19.276
679.112,407.590,90.392,20.134
673.239,408.504,91.531,20.616
667.039,408.454,93.137,21.239
660.448,409.902,95.278,20.302
654.468,410.632,95.264,20.426
654.728,410.308,94.034,21.605
647.690,410.336,96.883,22.093
640.583,411.799,99.560,22.052
632.430,412.197,102.417,22.383
623.897,413.496,105.173,22.763
615.692,413.798,94.911,23.336
614.267,413.742,102.962,23.542
606.027,414.968,106.335,23.750
596.543,414.819,124.393,24.656
585.777,416.152,111.611,24.876
576.139,417.296,109.564,25.438
565.592,419.092,115.492,25.135
556.345,418.801,104.596,26.365
555.867,419.423,117.269,25.755
543.626,420.964,114.347,26.083
533.314,420.969,119.305,26.731
513.827,425.855,116.109,25.325
501.972,427.337,112.788,25.727
502.502,427.342,121.885,27.338
489.025,428.646,120.065,27.849
479.771,430.153,117.799,26.925
468.575,431.971,123.571,34.030
458.305,432.857,117.319,29.655
446.483,433.636,123.018,29.869
449.156,434.105,116.334,29.661
437.141,438.472,122.496,26.216
425.258,439.884,126.843,26.913
416.103,441.751,127.945,29.031
405.741,444.183,132.070,28.440
395.478,445.974,134.506,28.919
395.697,446.301,134.942,29.765
385.787,448.096,162.514,28.970
377.899,449.512,163.844,30.265
368.408,451.243,162.795,31.036
361.411,453.645,163.529,30.938
351.360,454.714,163.957,32.221
352.691,456.122,161.586,29.842
343.923,457.275,165.076,31.152
337.447,459.642,161.662,31.155
328.631,460.870,164.518,32.108
321.945,463.532,161.003,31.589
315.030,464.590,159.811,32.620
314.409,465.431,159.030,30.071
308.010,466.194,161.710,31.594
300.734,467.254,158.952,32.620
295.490,468.674,159.030,35.276
287.061,471.154,154.727,33.917
286.956,470.849,153.922,35.398
283.957,472.111,152.516,34.945
281.066,474.487,152.290,34.591
279.475,474.896,149.067,36.248
278.303,475.459,148.016,32.466
279.717,476.255,145.884,32.820
280.464,477.007,145.221,32.979
280.880,477.839,141.341,32.979
283.016,479.114,140.769,32.348
285.867,479.620,138.714,32.551
288.613,480.690,137.528,32.027
292.973,480.868,134.530,29.275
292.794,480.504,136.400,30.759
295.962,481.446,133.577,30.695
300.525,482.266,129.978,30.598
304.258,481.872,127.955,28.856
309.158,482.141,125.845,29.417
313.003,481.714,123.404,30.393
313.424,482.326,122.439,29.905
317.267,480.989,123.384,31.484
320.555,481.849,120.810,30.515
326.987,482.033,119.981,30.269
330.442,482.761,116.944,31.476
336.035,482.210,113.538,31.484
335.535,483.064,114.657,29.895
341.726,481.436,113.092,31.271
346.481,482.903,111.202,31.908
350.910,484.032,110.832,31.683
357.869,483.919,107.868,30.836
357.837,483.853,109.202,29.929
370.396,485.185,104.705,27.952
376.287,485.701,105.406,27.030
382.422,485.941,104.698,26.656
388.638,486.649,102.023,25.877
394.822,486.809,102.124,25.660
396.250,487.435,100.808,25.023
401.506,488.584,102.260,23.931
408.163,488.268,99.545,22.583
415.259,488.249,98.469,23.192
422.713,489.952,98.161,24.108
429.360,489.910,96.671,22.826
429.073,490.131,96.962,22.947
435.575,490.354,95.682,23.070
442.505,490.697,94.329,22.947
449.632,491.039,93.173,22.825
455.961,491.438,92.824,24.062
463.023,492.729,92.196,24.142
461.847,493.076,93.602,23.542
469.243,493.186,90.473,21.443
475.963,494.787,91.289,22.225
482.220,495.124,89.730,22.093
488.133,495.067,89.813,22.297
494.088,495.560,89.813,21.849
494.828,496.957,91.093,22.083
501.205,497.283,90.315,21.971
507.411,499.045,87.933,21.849
513.694,499.492,87.692,21.483
519.676,501.268,87.305,21.848
525.247,501.337,87.806,21.798
531.069,501.818,87.806,21.361
537.108,503.533,87.305,21.239
543.114,503.421,86.803,21.549
548.090,503.897,86.543,21.117
554.151,505.645,85.799,19.504
554.635,505.223,85.651,20.428
559.978,506.781,85.219,20.506
563.340,507.033,87.320,20.506
570.006,508.527,85.298,19.390
574.575,508.519,86.678,19.896
580.404,509.862,84.962,19.048
580.843,509.399,85.775,20.055
583.539,511.039,86.363,20.677
588.961,512.618,85.043,19.390
592.017,512.202,85.781,20.304
598.567,513.749,83.792,19.048
601.724,515.028,84.522,19.530
603.214,514.682,83.742,20.304
605.135,516.332,84.770,18.819
608.781,516.698,84.522,19.050
612.061,517.927,83.762,18.363
615.929,519.019,81.681,19.164
618.272,520.408,83.994,18.771
617.715,520.806,84.471,18.930
621.211,522.027,82.201,19.530
622.042,523.496,84.004,19.008
624.344,524.756,83.162,19.530
625.404,524.877,83.229,19.774
624.862,526.528,86.433,20.385
627.402,528.064,84.966,19.834
627.212,530.387,86.173,19.810
627.366,531.739,85.616,20.262
626.982,533.433,85.463,20.217
626.523,534.936,86.132,19.716
626.915,534.972,86.173,20.140
625.307,536.437,86.967,19.048
625.166,538.459,86.596,19.570
624.222,538.917,86.008,19.645
621.498,541.145,87.494,19.810
622.054,541.610,84.628,19.883
621.694,543.050,86.173,18.819
619.074,544.275,87.362,20.179
617.792,545.876,86.647,20.338
616.153,547.557,88.160,19.666
613.951,549.704,87.719,20.050
611.251,551.072,89.085,20.506
611.568,551.659,89.307,20.359
610.028,553.370,85.799,20.530
607.965,554.979,89.253,19.834
606.939,558.133,90.207,20.290
605.579,559.415,90.001,20.994
602.357,561.121,89.394,21.065
603.532,560.860,89.394,21.674
602.009,563.551,88.102,20.631
599.867,565.397,91.274,21.129
598.488,567.246,91.566,21.131
598.312,569.095,92.358,21.747
597.488,571.684,92.566,21.611
594.163,573.624,94.917,22.118
593.574,575.386,93.703,22.919
592.320,577.449,97.141,23.169
591.751,581.429,94.097,22.811
590.695,583.251,97.141,23.355
589.867,583.080,97.745,24.556
589.715,585.455,95.402,25.591
589.476,588.049,98.059,24.861
588.980,591.367,96.375,24.960
588.288,593.894,99.535,25.721
587.686,596.498,100.738,26.505
587.936,595.149,99.099,27.545
586.882,600.557,102.461,26.243
587.752,602.545,99.578,26.533
587.664,606.331,101.300,25.969
588.436,611.587,102.021,24.217
587.980,613.442,105.523,26.182
589.654,613.444,103.442,26.283
587.321,616.235,105.807,25.824
585.912,620.743,108.309,25.213
585.755,622.949,108.309,25.948
584.821,627.931,109.004,23.761
582.787,629.709,111.950,25.207
583.674,631.337,111.242,23.335
579.493,634.841,111.440,23.268
577.656,637.392,112.970,23.472
572.619,639.956,117.479,22.877
570.384,643.591,117.475,22.475
565.230,645.657,122.837,22.877
566.552,646.121,119.340,22.057
562.330,648.905,118.200,22.774
549.947,653.321,120.700,20.914
542.626,653.622,123.576,22.724
538.662,654.273,121.643,23.968
538.541,655.128,121.021,24.636
531.127,656.162,123.359,24.978
521.522,656.714,127.731,25.881
519.690,655.963,120.120,28.074
513.195,655.547,121.687,30.189
505.478,656.175,110.863,32.457
500.880,655.475,116.818,36.138
500.890,655.205,119.920,34.597
496.318,654.306,125.580,37.300
492.767,652.121,121.032,41.669
486.702,651.285,112.489,39.492
482.975,648.859,123.149,42.474
477.961,646.594,104.597,42.941
477.643,646.265,116.266,59.344
475.640,645.286,118.108,45.977
472.860,641.121,98.284,43.387
470.494,639.353,88.076,48.232
468.442,636.312,86.043,49.615
467.950,633.071,80.081,50.198
466.567,633.266,82.972,48.030
465.275,628.804,84.165,60.624
466.439,626.925,80.835,47.929
466.250,624.233,65.769,48.081
464.917,620.022,65.620,49.187
465.107,616.900,61.591,48.930
465.747,616.933,60.860,48.974
464.845,613.484,55.763,48.642
466.066,606.962,53.217,50.603
467.389,603.753,48.488,48.176
468.051,600.474,45.225,47.942
469.147,599.468,49.206,50.141
470.854,597.261,43.006,52.562
471.909,593.827,41.754,53.984
475.298,589.834,36.688,59.120
477.552,586.372,34.987,51.918
480.845,583.075,33.276,54.576
480.802,582.477,29.683,51.753
484.570,579.529,28.588,48.773
486.108,576.827,26.938,48.024
489.420,573.682,23.772,47.256
491.783,570.769,24.582,45.383
493.885,568.859,25.138,45.114
493.285,568.319,24.582,44.842
496.195,566.323,31.138,44.777
498.482,564.249,39.395,43.522
500.409,562.592,38.863,41.023
501.831,560.772,40.340,42.661
504.231,558.353,40.109,41.355
504.471,556.688,40.526,43.054
505.824,555.187,40.256,40.844
507.606,553.267,40.281,39.629
506.456,551.151,42.821,38.899
507.930,548.203,42.005,41.185
510.136,547.492,42.105,39.014
508.846,553.545,43.054,34.166
509.804,546.669,44.297,37.210
508.632,543.502,46.071,37.916
507.631,542.038,47.484,37.063
508.345,540.147,48.744,34.877
509.111,541.408,48.039,33.677
506.874,538.675,48.727,36.807
506.915,537.519,50.345,35.378
502.075,536.186,53.600,35.761
503.871,535.225,53.355,36.274
501.846,534.521,54.763,31.872
505.360,534.657,51.014,33.617
501.387,533.694,55.721,34.213
504.210,532.066,52.701,31.691
503.815,530.355,53.245,33.801
502.713,529.056,56.553,32.826
502.777,528.507,57.205,32.454
503.166,527.858,56.167,32.973
503.036,526.344,58.330,32.886
503.499,525.530,59.342,32.400
506.405,524.474,57.405,32.400
506.894,523.711,58.330,31.848
507.846,522.673,59.801,31.848
506.669,522.489,61.543,31.778
510.523,521.732,61.184,30.813
512.739,521.122,60.930,30.987
514.828,519.556,62.062,29.943
515.136,518.603,65.686,30.809
518.624,517.890,64.202,29.535
516.496,518.125,66.183,28.539
521.211,517.423,64.760,29.943
524.726,515.128,65.877,30.459
528.310,515.410,65.733,28.364
532.963,512.630,68.196,27.780
532.831,512.338,69.597,26.526
536.052,511.318,71.158,27.018
542.929,510.564,67.882,26.677
543.423,509.702,71.514,26.262
550.803,507.862,68.416,25.852
551.955,507.092,70.677,25.616
552.392,507.753,70.658,24.209
555.252,506.072,73.160,24.165
560.721,504.459,73.298,24.264
564.314,503.740,74.482,23.418
568.694,502.675,74.797,24.624
574.515,501.048,74.513,24.694
574.945,501.866,74.169,23.662
579.001,500.082,76.226,24.120
583.472,499.579,76.578,23.318
588.509,498.312,76.963,21.771
594.749,497.629,77.119,21.823
601.034,495.995,75.773,21.131
603.322,495.768,73.694,20.860
608.125,494.260,75.005,21.755
612.563,493.711,77.394,20.827
618.400,491.882,76.916,20.618
621.320,491.466,81.001,20.730
626.132,490.263,82.287,19.854
628.052,490.547,81.932,19.774
630.767,489.331,83.310,19.531
639.357,487.994,81.365,19.531
641.300,486.473,85.723,19.610
647.513,486.043,85.100,18.572
648.283,486.765,83.962,18.569
659.201,484.036,84.019,17.152
664.408,481.890,86.683,18.629
666.674,481.218,88.353,18.363
669.520,480.755,90.846,18.072
675.477,479.680,89.858,17.613
675.824,480.243,89.085,17.529
679.801,478.349,89.721,17.817
683.281,477.732,92.926,17.609
684.604,475.677,95.223,18.153
689.609,476.316,93.650,16.875
693.533,474.829,92.366,17.289
694.013,475.389,91.166,18.089
694.178,474.323,95.240,17.613
694.952,473.366,95.742,18.049
695.121,472.449,97.493,18.379
696.499,471.519,95.673,18.964
695.490,470.821,96.407,18.050
695.991,472.160,96.741,18.129
697.551,470.803,94.547,18.909
694.054,471.159,97.289,17.604
693.123,470.079,94.999,18.518
690.449,470.681,96.144,19.162
690.595,470.023,93.271,18.843
690.419,470.789,94.547,17.397
692.275,471.088,89.695,17.368
683.928,470.367,92.634,17.626
675.705,470.994,94.979,18.315
668.058,471.547,96.073,17.293
660.880,471.744,98.449,18.705
653.317,472.234,97.745,17.811
618.480,471.699,125.396,18.129
621.748,471.973,113.702,18.727
493.691,471.804,235.530,19.157
592.482,471.290,128.243,19.781
601.026,470.975,117.320,20.715
609.269,471.329,104.200,20.899
474.369,472.143,231.248,21.329
593.086,472.265,105.568,24.740
582.083,474.072,111.063,23.382
581.895,473.109,104.296,25.411
584.166,473.036,104.185,25.660
571.849,474.785,112.043,25.060
573.147,475.331,107.644,25.241
561.938,476.764,115.948,27.079
573.314,476.347,101.413,28.027
574.455,477.086,98.810,26.656
576.147,476.296,96.456,27.927
580.361,477.357,91.878,28.718
576.423,477.186,93.674,29.782
582.217,477.123,85.267,31.922
584.389,475.729,80.923,30.425
586.325,476.904,77.052,29.168
578.848,475.711,82.786,30.225
571.575,474.634,87.579,33.483
572.702,473.356,83.153,31.589
577.489,472.456,74.403,31.946
574.687,471.565,72.850,33.729
565.021,469.714,78.147,35.838
562.415,467.695,75.828,40.936
556.711,466.410,74.742,40.829
550.855,466.040,74.072,42.674
543.881,464.303,75.413,42.434
537.187,463.377,76.083,44.628
537.067,462.864,75.503,42.960
530.223,463.358,76.418,43.570
523.249,462.493,74.535,40.214
517.461,461.128,75.483,40.316
515.955,459.617,70.092,43.559
507.579,459.741,74.407,44.089
509.345,459.234,71.796,42.341
496.156,458.736,77.168,49.750
491.566,457.061,77.787,47.764
487.983,457.019,78.607,36.618
483.404,455.539,77.869,47.109
474.808,455.267,83.512,45.099
481.615,453.819,76.175,40.487
476.084,453.537,77.754,43.061
469.351,452.436,81.125,45.611
462.187,451.439,85.077,47.970
457.726,450.452,84.906,46.871
453.730,449.081,85.177,48.347
449.136,448.056,86.267,47.312
450.520,447.636,84.650,46.103
446.948,446.175,85.418,46.898
448.234,444.847,80.304,46.632
440.464,444.141,85.425,45.103
437.338,442.403,85.201,45.714
431.039,441.748,88.419,45.022
428.800,439.453,86.443,46.575
427.422,438.853,84.751,44.218
421.631,437.920,86.896,42.651
417.109,436.787,87.396,43.454
412.247,435.284,88.470,43.000
411.135,435.531,88.347,43.370
406.800,434.389,88.580,42.677
402.727,431.607,89.589,43.810
398.175,430.409,89.024,43.194
393.734,429.086,90.681,42.849
389.925,428.125,88.669,42.396
389.096,429.387,89.466,41.103
384.354,427.571,90.684,43.276
378.592,425.603,91.661,43.696
374.487,425.596,92.502,42.185
367.211,423.177,95.423,42.146
363.208,423.157,94.916,41.423
364.584,423.025,94.674,40.933
358.395,421.981,96.048,40.145
355.722,420.629,94.045,39.984
349.212,418.593,97.834,40.364
346.822,417.849,96.690,39.710
341.200,416.365,98.629,39.824
341.419,416.564,99.446,38.422
338.044,415.181,99.374,39.080
333.328,413.960,100.050,39.395
332.046,412.731,100.094,39.710
327.924,411.576,99.732,39.867
326.278,410.501,100.491,38.855
322.997,409.668,101.926,38.894
324.417,408.693,100.094,38.197
325.708,407.197,98.877,38.087
326.784,405.812,99.188,37.780
328.456,404.848,101.113,37.136
330.649,404.833,98.572,36.918
332.601,404.286,101.207,37.045
338.102,402.953,101.481,37.136
340.725,401.585,102.879,37.288
348.123,401.372,101.111,36.350
350.904,400.462,101.868,36.225
351.512,400.827,101.017,35.860
354.882,400.552,102.597,35.204
359.041,399.226,102.597,34.962
366.157,399.179,99.530,33.497
370.508,399.518,99.495,33.627
374.645,399.387,99.230,33.309
375.015,398.668,100.445,33.597
379.430,398.448,99.657,33.452
383.845,398.303,100.651,33.165
388.559,398.521,99.114,33.657
392.505,398.870,101.087,32.844
405.723,397.727,90.597,33.858
407.599,398.442,88.733,32.761
409.717,397.858,90.333,32.200
412.418,398.183,92.170,31.876
416.059,398.272,90.751,31.155
410.076,399.571,98.775,30.155
424.077,399.092,85.781,31.004
426.272,398.854,84.705,31.169
428.125,399.393,83.575,31.534
429.413,398.465,84.296,33.183
429.883,398.937,84.524,31.074
430.714,399.501,85.015,29.432
432.298,398.933,82.954,29.461
429.797,399.599,85.381,29.913
430.445,400.948,86.115,29.856
430.953,401.455,83.982,28.739
430.765,401.831,84.949,28.678
430.153,402.897,83.103,27.239
430.141,402.566,84.082,27.422
427.094,403.340,84.094,26.551
424.278,403.119,86.113,28.704
424.031,404.131,83.522,27.376
419.305,404.181,85.675,27.854
416.745,404.969,85.401,27.748
417.695,404.991,85.160,27.606
413.303,405.013,86.179,28.144
408.695,405.091,87.512,28.579
405.896,405.907,87.177,27.651
401.787,406.527,87.512,27.791
397.603,408.141,87.956,27.041
398.243,406.757,85.891,27.160
392.664,408.303,88.605,28.726
388.059,408.317,89.733,28.597
383.774,409.008,89.872,29.856
378.349,409.161,88.340,30.175
373.643,409.544,88.951,30.030
373.798,409.854,88.330,30.030
367.844,410.165,90.194,30.030
362.547,409.288,90.856,32.620
351.594,409.676,89.643,32.062
345.650,411.295,89.485,31.621
344.787,411.016,90.890,31.966
340.203,412.304,90.333,30.795
334.282,412.713,90.564,31.877
327.723,412.411,90.560,32.266
321.440,412.695,92.163,31.155
315.466,413.000,92.281,30.438
315.473,413.159,92.160,30.013
309.199,414.022,93.203,29.871
304.471,413.898,94.175,30.861
299.260,414.849,94.115,31.768
295.594,415.176,94.984,31.004
290.304,414.757,96.840,32.171
290.764,414.930,94.799,31.712
287.208,415.158,95.858,29.385
285.803,414.720,96.750,30.900
283.454,415.490,98.271,30.128
285.914,415.068,96.840,30.862
287.445,414.942,97.285,31.771
288.341,414.987,95.157,32.463
292.078,413.704,95.157,31.459
299.450,414.753,93.888,31.004
308.035,414.911,92.278,28.850
313.686,414.218,92.886,28.063
323.723,414.508,90.450,29.022
325.056,414.046,91.066,29.432
333.651,414.819,88.860,28.614
342.208,414.777,89.127,29.406
352.109,415.738,88.707,29.022
373.613,415.423,85.607,27.520
374.666,415.331,85.160,28.387
385.119,415.530,86.034,27.101
394.363,416.076,86.858,26.688
408.441,415.711,82.163,25.778
417.317,416.199,83.662,26.191
430.557,415.939,80.034,25.863
430.969,415.942,80.120,25.766
440.256,415.897,80.575,25.038
451.189,415.719,78.609,26.113
463.635,414.937,76.660,25.948
472.774,415.285,78.173,25.968
482.342,415.049,79.046,24.538
483.349,414.834,76.945,25.678
490.210,415.117,78.537,24.398
498.840,416.399,77.039,24.036
513.646,416.214,71.052,24.405
516.340,416.637,76.858,24.227
523.873,418.020,78.235,23.626
529.176,417.701,72.104,22.887
533.346,417.647,74.854,23.647
543.212,417.550,71.016,23.841
549.996,417.832,70.490,23.937
552.802,418.162,72.884,24.845
559.475,417.582,72.455,25.064
560.801,417.112,72.027,25.064
563.563,417.653,73.477,24.577
567.050,417.951,74.922,24.577
570.696,419.570,75.976,23.490
575.459,419.986,75.412,21.896
579.896,420.823,70.777,22.179
592.377,423.720,66.416,20.044
593.303,422.641,67.048,20.231
590.993,422.835,72.778,20.878
595.542,422.271,70.781,22.553
597.876,421.382,71.316,24.972
580.949,422.539,87.839,24.855
597.272,422.432,74.276,24.229
600.989,422.470,72.541,22.706
608.149,424.120,66.619,23.728
610.483,426.059,66.593,22.731
615.139,427.748,63.368,19.432
616.987,426.742,62.283,19.538
621.025,426.637,59.320,19.750
618.953,428.013,63.257,18.641
612.129,427.600,71.106,20.227
616.659,426.992,67.218,21.975
618.836,427.657,66.869,22.649
618.324,427.978,68.674,22.007
619.650,427.978,67.738,22.553
620.690,427.317,68.957,24.504
600.939,429.334,90.960,22.451
626.771,429.332,66.189,22.546
605.588,430.214,89.945,23.727
605.768,429.677,89.030,23.969
630.200,430.648,66.263,21.748
607.976,431.333,91.322,22.355
609.813,432.823,91.541,21.007
611.562,433.113,92.182,21.219
613.381,434.602,92.352,20.188
615.419,434.917,91.476,20.597
617.636,436.250,91.135,19.846
618.550,435.566,91.445,19.504
620.141,436.610,90.376,21.220
620.427,438.151,93.063,20.074
621.782,437.889,92.515,21.117
618.986,438.177,94.565,19.480
622.387,439.054,92.754,19.618
624.111,440.052,91.445,19.504
624.181,440.420,91.897,19.952
622.461,441.533,94.733,20.994
624.160,440.927,92.858,20.416
623.666,442.118,93.847,19.960
622.367,443.133,95.835,19.846
621.785,442.901,95.423,19.260
623.464,443.668,93.873,19.618
622.474,444.614,94.991,19.618
623.583,444.125,93.726,19.299
623.055,444.279,93.242,20.188
621.193,444.276,94.355,20.978
622.334,443.723,92.962,20.302
620.332,443.516,93.224,21.239
621.531,443.539,91.182,21.727
622.350,443.747,89.455,21.849
622.805,443.692,89.784,22.048
622.285,443.674,89.045,22.172
623.709,443.719,86.462,22.172
616.667,443.887,91.918,21.923
614.362,443.683,92.116,20.530
616.028,444.286,89.133,20.542
630.049,443.028,72.448,22.285
616.177,442.814,84.326,22.068
616.453,443.117,80.399,21.549
611.874,441.193,83.208,23.141
619.405,439.469,71.492,24.300
619.812,440.425,70.843,22.974
616.011,438.459,71.964,23.583
609.319,436.879,76.021,23.689
599.960,436.732,80.280,22.621
616.662,435.040,58.768,23.695
609.727,434.432,61.756,23.562
610.526,434.579,61.307,22.961
600.691,432.538,66.096,28.478
591.610,431.806,68.764,29.943
593.489,430.480,63.004,29.772
588.606,430.917,62.149,29.421
586.038,428.763,57.649,29.599
586.462,428.698,57.299,29.148
585.823,427.848,52.178,31.668
582.802,426.721,50.474,30.985
576.939,425.192,48.837,32.055
573.121,424.675,45.974,32.611
568.582,424.000,44.817,34.272
569.471,423.465,46.809,35.186
563.765,422.303,46.641,32.535
556.885,420.622,47.604,35.352
558.648,419.726,47.296,36.978
543.385,419.306,49.417,37.651
529.668,417.101,55.561,36.521
537.800,416.528,42.647,35.675
521.110,415.281,52.072,34.636
516.956,414.399,49.665,35.038
518.063,414.040,42.857,34.419
514.377,412.529,40.368,33.974
513.392,412.373,40.101,33.765
509.307,411.265,38.795,32.650
503.810,410.207,36.984,31.833
502.696,409.348,30.099,30.720
500.413,408.413,26.609,33.323
496.009,407.365,23.952,32.956
495.718,407.903,24.872,33.239
491.674,405.605,20.658,30.639
483.460,407.434,22.181,28.951
479.039,405.275,23.268,26.278
474.528,405.191,23.673,28.378
471.589,405.489,22.683,23.724
470.509,404.929,22.796,22.796
466.903,403.165,22.781,23.426
463.128,402.456,23.029,22.796
461.571,400.876,23.334,23.242
460.683,399.941,21.443,25.675
458.849,398.484,21.866,23.183
458.720,398.467,22.761,23.171
457.030,398.316,24.760,23.426
456.454,397.073,23.777,22.127
458.356,396.631,21.677,24.346
458.425,395.825,21.033,22.275
459.497,395.343,20.499,23.763
459.328,395.337,20.347,23.196
460.057,394.662,20.499,23.458
464.100,393.977,18.489,20.734
464.768,393.041,19.602,23.396
467.686,392.607,18.886,20.263
466.577,392.187,19.365,22.645
470.335,391.659,18.783,19.792
471.259,391.137,20.407,19.120
475.820,390.011,18.729,19.610
479.753,390.456,18.836,16.640
481.464,390.145,20.068,15.344
482.014,390.216,20.991,15.521
484.586,390.819,20.633,13.329
490.176,390.211,20.579,13.608
495.740,388.066,19.641,14.613
498.179,387.991,19.220,16.872
502.639,386.677,21.400,15.301
503.589,386.512,19.939,14.717
508.691,387.140,18.501,15.498
510.560,385.807,20.546,14.831
515.896,386.394,18.769,13.447
520.766,386.170,19.658,12.998
522.047,384.121,20.938,13.959
523.300,384.369,20.400,13.703
524.752,384.685,21.719,12.870
526.864,384.585,24.601,13.306
531.240,384.117,23.007,13.293
533.393,384.565,24.932,12.816
536.243,383.950,26.293,13.831
539.105,384.471,22.765,13.674
541.004,383.707,25.289,12.999
543.898,383.086,26.658,13.293
547.076,383.193,30.187,12.166
550.806,382.882,28.504,13.289
549.958,382.815,28.679,12.954
552.787,383.791,30.084,13.228
554.782,383.521,31.576,12.806
557.361,383.198,31.970,13.696
562.126,382.818,30.675,13.447
566.512,382.199,29.207,14.398
563.925,382.505,29.978,14.034
568.077,382.381,30.476,14.283
572.096,381.791,29.919,14.959
570.600,382.212,31.253,15.478
574.736,382.379,31.080,14.263
578.668,383.047,30.530,13.734
582.981,382.572,25.228,13.578
580.062,382.645,30.053,13.807
584.135,382.206,29.822,14.685
587.827,382.573,27.818,14.203
591.050,382.791,26.173,12.966
594.253,382.981,26.357,13.290
592.912,382.985,27.576,13.732
596.282,382.866,25.831,12.915
599.313,383.031,26.357,13.290
602.474,383.035,24.837,12.981
605.276,382.466,25.645,12.534
608.482,382.610,23.844,12.210
611.188,383.469,21.228,11.770
613.253,383.111,21.195,12.294
615.169,382.299,23.152,11.901
621.650,382.317,20.948,12.267
623.442,382.110,19.997,12.909
624.759,382.224,19.997,12.909
626.076,382.338,19.997,12.909
627.393,382.452,19.997,12.909
628.710,381.850,21.526,13.202
630.390,383.280,22.519,11.600
632.968,381.667,21.526,12.356
631.944,381.869,22.484,12.216
634.237,382.882,20.613,11.865
637.705,382.669,20.863,12.512
639.455,382.584,19.997,12.486
642.506,382.584,19.594,12.294
644.077,383.027,19.193,11.661
645.840,382.344,17.649,12.186
646.961,382.032,17.974,12.986
643.945,382.478,22.796,11.910
646.528,383.414,21.857,12.381
644.679,382.440,25.819,12.744
645.099,383.663,26.914,12.526
644.230,383.115,27.209,13.068
643.121,382.919,29.731,12.508
642.886,383.672,30.513,12.876
642.655,384.027,31.296,12.166
640.756,384.537,31.300,11.579
639.303,384.896,32.318,10.593
639.591,383.551,33.617,11.668
637.030,383.743,33.297,11.726
633.268,382.682,34.337,13.007
632.450,383.190,32.784,12.459
623.639,383.706,32.335,11.872
607.716,384.070,47.700,13.042
600.451,383.537,48.524,14.457
599.048,383.289,44.118,15.325
595.685,383.545,43.702,16.388
591.386,384.122,44.950,16.910
584.876,384.137,48.309,16.880
584.696,384.465,44.355,16.683
592.315,385.119,47.875,15.976
585.323,385.277,33.816,16.270
582.340,381.139,27.838,19.421
575.381,384.219,35.268,16.129
567.274,382.006,37.939,17.577
567.670,382.887,36.678,18.417
564.002,382.523,33.609,18.365
559.646,382.851,37.369,18.309
558.003,382.341,32.041,18.542
556.619,381.120,28.336,21.424
555.385,381.085,26.446,25.406
554.718,379.897,27.106,23.724
553.014,380.687,26.635,26.176
550.476,379.617,29.324,25.983
550.312,384.779,27.209,21.933
546.513,386.186,31.082,22.012
548.029,386.897,28.679,20.223
549.413,386.624,28.678,21.205
548.944,387.520,30.854,20.751
535.950,387.894,44.953,16.838
536.937,388.484,46.199,21.933
535.256,388.821,50.649,20.362
535.607,388.290,58.982,20.521
534.003,387.905,59.390,24.792
538.583,388.592,59.397,24.960
537.964,388.200,64.822,24.657
538.919,388.363,69.315,24.332
541.303,388.891,70.325,24.185
544.192,389.675,73.132,21.626
543.699,390.563,72.676,22.091
545.969,390.252,74.017,22.149
551.128,391.277,72.612,20.908
549.663,390.728,41.829,21.461
551.008,391.253,36.318,19.090
550.237,391.413,37.384,19.408
551.316,391.932,36.414,18.477
549.181,392.326,38.447,19.146
550.628,392.629,36.751,19.575
549.824,394.799,37.981,17.829
550.168,396.307,36.926,16.441
549.267,397.545,36.599,16.987
548.007,395.183,36.968,18.459
547.844,397.006,39.395,18.017
546.826,394.560,44.534,22.267
544.700,394.978,49.291,23.448
543.017,396.361,50.005,23.812
549.453,396.446,45.476,22.390
542.544,395.859,51.930,21.515
561.940,397.164,34.254,19.641
567.777,397.412,29.395,19.406
569.652,396.838,29.535,19.978
565.447,395.551,36.033,22.208
561.394,395.478,39.521,21.956
565.393,394.945,39.078,26.681
561.715,395.604,44.287,27.184
565.293,395.637,42.764,26.701
560.346,397.422,48.372,26.737
561.048,396.671,48.552,30.183
562.290,396.663,49.844,32.279
558.620,397.017,54.687,31.008
563.925,395.352,48.782,35.575
566.010,394.343,28.321,32.915
568.172,394.372,30.827,25.781
568.493,392.792,25.777,24.025
570.125,393.548,26.563,20.710
570.852,392.477,26.944,25.816
570.166,393.454,30.384,28.157
569.731,393.427,33.537,29.323
569.670,394.599,35.361,32.776
569.052,395.773,35.706,39.065
566.870,395.570,39.095,32.416
567.317,397.758,40.990,38.915
535.226,412.413,73.557,22.651
535.578,412.171,75.232,24.038
537.779,412.128,77.844,23.524
536.863,414.684,79.504,19.962
537.876,415.140,76.598,19.530
536.630,416.608,33.729,25.588
543.046,419.190,68.592,20.601
573.943,409.322,47.211,30.291
574.814,413.746,49.197,25.093
572.115,414.584,51.843,27.438
577.868,416.821,49.402,28.327
579.232,419.579,49.450,22.811
556.683,421.462,77.326,19.787
555.291,423.266,79.796,21.363
560.810,423.650,78.142,24.331
557.510,423.472,81.328,25.650
562.197,424.030,76.715,24.534
566.346,425.504,75.380,25.504
567.586,426.458,76.950,25.181
569.935,426.564,76.856,27.449
570.808,428.874,78.515,27.246
568.753,428.354,80.206,28.007
581.863,429.621,69.290,30.700
586.338,430.904,67.559,27.856
589.217,430.818,66.066,28.985
590.994,431.928,66.825,29.759
592.618,433.197,66.442,28.923
593.527,432.515,66.385,28.262
594.775,433.415,65.631,29.421
596.335,434.743,65.329,29.759
597.566,436.164,65.700,28.600
599.515,437.233,64.586,30.465
600.198,438.486,63.133,29.296
601.041,437.642,64.215,29.338
599.115,439.081,64.325,30.465
599.666,440.779,66.071,30.097
600.914,440.963,62.950,31.520
600.600,441.858,62.950,32.594
602.394,443.042,61.365,32.048
601.466,443.750,62.598,32.946
603.084,445.110,61.365,33.141
601.442,445.473,63.834,34.136
602.863,446.450,63.051,34.612
603.892,447.012,61.834,36.577
603.660,446.668,62.011,37.550
604.775,448.072,60.558,37.946
605.471,448.988,60.606,37.075
606.500,449.656,61.116,38.019
607.321,450.901,59.281,38.233
607.532,452.054,60.195,38.219
606.318,452.338,62.239,39.188
608.713,453.707,60.618,39.224
611.176,454.101,59.516,40.004
611.127,454.886,59.810,40.004
612.990,455.670,58.045,40.200
612.510,456.749,60.849,40.663
612.672,455.777,60.725,41.015
614.420,459.075,59.430,41.121
616.005,458.439,59.727,42.393
618.181,460.638,58.811,42.138
618.972,462.097,59.430,42.521
619.786,463.653,59.822,44.765
618.839,462.737,62.545,43.802
620.277,464.888,62.191,45.803
620.969,466.807,63.162,44.855
621.649,467.072,64.571,49.228
621.375,468.170,67.156,45.901
625.167,470.594,64.145,48.192
625.557,470.817,64.702,47.746
623.549,472.825,67.380,50.200
625.302,475.196,69.119,52.335
625.623,477.734,71.131,54.252
627.930,478.203,70.129,53.064
628.187,478.507,71.086,54.295
630.471,478.998,70.129,58.295
631.343,480.740,69.923,52.762
633.847,483.295,66.372,50.934
635.912,483.819,66.788,54.549
643.036,485.186,63.315,56.656
642.638,484.340,62.551,52.946
643.059,486.084,71.068,54.081
642.863,488.808,75.926,55.828
643.746,488.781,77.034,57.057
