0.00000000,0.00000000
0.93411223,0.00000000
0.93085431,0.00000000
0.92883932,0.00000000
0.89571030,0.00000000
0.91595853,0.00000000
0.89706519,0.00000000
0.89793889,0.00000000
0.88773632,0.00000000
0.90775761,0.00000000
0.86611460,0.00000000
0.92758690,0.00000000
0.92116211,0.00000000
0.88784938,0.00000000
0.90513443,0.00000000
0.91744584,0.00000000
0.89267395,0.00000000
0.86356387,0.00000000
0.89249440,0.00000000
0.88680045,0.00000000
0.93540991,0.00000000
0.90330061,0.00000000
0.85945609,0.00000000
0.87083548,0.00000000
0.88191443,0.00000000
0.88288698,0.00000000
0.87708892,0.00000000
0.86135687,0.00000000
0.86798401,0.00000000
0.89489616,0.00000000
0.87914404,0.00000000
0.87269058,0.00000000
0.86268470,0.00000000
0.86646911,0.00000000
0.86958906,0.00000000
0.85950952,0.00000000
0.82969127,0.00000000
0.80935939,0.00000000
0.85960927,0.00000000
0.85005527,0.00000000
0.89933276,0.00000000
0.82133539,0.00000000
0.79676281,0.00000000
0.85341985,0.00000000
0.86956005,0.00000000
0.84367893,0.00000000
0.83402383,0.00000000
0.83482751,0.00000000
0.89377582,0.00000000
0.94955706,0.00000000
0.95231304,0.00000000
0.92541809,0.00000000
0.94959624,0.00000000
0.92731313,0.00000000
0.92549455,0.00000000
0.92761538,0.00000000
0.91568027,0.00000000
0.93991200,0.00000000
0.92253631,0.00000000
0.93028620,0.00000000
0.94969354,0.00000000
0.94537002,0.00000000
0.97431030,0.00000000
0.91471612,0.00000000
0.91237039,0.00000000
0.92731330,0.00000000
0.92438868,0.00000000
0.94376137,0.00000000
0.93409597,0.00000000
0.92021397,0.00000000
0.94192637,0.00000000
0.95766762,0.00000000
0.95785567,0.00000000
0.94200286,0.00000000
0.96612414,0.00000000
0.96013328,0.00000000
0.97158282,0.00000000
0.96203559,0.00000000
0.93287340,0.00000000
0.95397988,0.00000000
0.95499109,0.00000000
0.94311994,0.00000000
0.93603102,0.00000000
0.95164878,0.00000000
0.93642431,0.00000000
0.92440421,0.00000000
0.92973584,0.00000000
0.91820161,0.00000000
0.90779450,0.00000000
0.88303634,0.00000000
0.86391084,0.00000000
0.89125388,0.00000000
0.90139807,0.00000000
0.88802930,0.00000000
0.87104264,0.00000000
0.89245804,0.00000000
0.92756024,0.00000000
0.92362337,0.00000000
0.94194779,0.00000000
0.95118767,0.00000000
0.95923091,0.00000000
0.95677562,0.00000000
0.94525526,0.00000000
0.91632394,0.00000000
0.91317513,0.00000000
0.92041547,0.00000000
0.94648441,0.00000000
0.94819940,0.00000000
0.97028308,0.00000000
0.96799119,0.00000000
0.92685601,0.00000000
0.95951305,0.00000000
0.95178604,0.00000000
0.95591177,0.00000000
0.95582416,0.00000000
0.92795584,0.00000000
0.91045650,0.00000000
0.87624358,0.00000000
0.93147986,0.00000000
0.93609219,0.00000000
0.93738822,0.00000000
0.93646295,0.00000000
0.94768486,0.00000000
0.95780691,0.00000000
0.93571483,0.00000000
0.95034462,0.00000000
0.92327535,0.00000000
0.89528284,0.00000000
0.97522362,0.00000000
0.95443219,0.00000000
0.97754485,0.00000000
0.94985265,0.00000000
0.94108535,0.00000000
0.95221059,0.00000000
0.91624687,0.00000000
0.89074906,0.00000000
0.91184450,0.00000000
0.91292863,0.00000000
0.94960369,0.00000000
0.91362812,0.00000000
0.98393063,0.00000000
0.93205958,0.00000000
0.93911184,0.00000000
0.96429306,0.00000000
0.92465482,0.00000000
0.96875735,0.00000000
0.94369946,0.00000000
0.98768609,0.00000000
0.93889384,0.00000000
0.95321109,0.00000000
0.96224193,0.00000000
0.93582107,0.00000000
0.96373291,0.00000000
0.93919147,0.00000000
0.96070825,0.00000000
0.93063381,0.00000000
0.91544784,0.00000000
0.92238968,0.00000000
0.93785887,0.00000000
0.92615763,0.00000000
0.94912513,0.00000000
0.95043692,0.00000000
0.95989234,0.00000000
0.94385130,0.00000000
0.95245901,0.00000000
0.93884541,0.00000000
0.93215525,0.00000000
0.94069439,0.00000000
0.93136666,0.00000000
0.92565817,0.00000000
0.93332594,0.00000000
0.92880159,0.00000000
0.91330174,0.00000000
0.92153203,0.00000000
0.92907475,0.00000000
0.94134530,0.00000000
0.96972123,0.00000000
0.93349582,0.00000000
0.94901745,0.00000000
0.94998269,0.00000000
0.95175033,0.00000000
0.95576566,0.00000000
0.96707353,0.00000000
0.97489797,0.00000000
0.94779137,0.00000000
0.95588861,0.00000000
0.95010325,0.00000000
0.96742527,0.00000000
0.91623827,0.00000000
0.91755533,0.00000000
0.90548497,0.00000000
0.86914987,0.00000000
0.91782562,0.00000000
0.90114962,0.00000000
0.92048029,0.00000000
0.86072940,0.00000000
0.91929812,0.00000000
0.89271869,0.00000000
0.86043666,0.00000000
0.89209616,0.00000000
0.90462195,0.00000000
0.95299990,0.00000000
0.92403131,0.00000000
0.95731097,0.00000000
0.95451362,0.00000000
0.97228215,0.00000000
0.96451272,0.00000000
0.97040972,0.00000000
0.97402063,0.00000000
0.97576298,0.00000000
0.96827674,0.00000000
0.94110977,0.00000000
0.97966622,0.00000000
0.94271065,0.00000000
0.93463198,0.00000000
0.95329599,0.00000000
0.92002608,0.00000000
0.92679486,0.00000000
0.90471954,0.00000000
0.91513513,0.00000000
0.91617714,0.00000000
0.90062368,0.00000000
0.93162891,0.00000000
0.92332518,0.00000000
0.90296074,0.00000000
0.91962451,0.00000000
0.91584944,0.00000000
0.90026613,0.00000000
0.91435464,0.00000000
0.90409077,0.00000000
0.90151862,0.00000000
0.91381882,0.00000000
0.91646562,0.00000000
0.89427164,0.00000000
0.91461608,0.00000000
0.88736447,0.00000000
0.92141599,0.00000000
0.90353863,0.00000000
0.95054479,0.00000000
0.92823727,0.00000000
0.95899148,0.00000000
0.86966951,0.00000000
0.93038406,0.00000000
0.90671541,0.00000000
0.90400214,0.00000000
0.89471349,0.00000000
0.87923563,0.00000000
0.90911347,0.00000000
0.90022240,0.00000000
0.93055676,0.00000000
0.91786540,0.00000000
0.90924194,0.00000000
0.92300606,0.00000000
0.94033602,0.00000000
0.93883928,0.00000000
0.95285763,0.00000000
0.94650999,0.00000000
0.91075588,0.00000000
0.97215939,0.00000000
0.94023575,0.00000000
0.92014265,0.00000000
0.86412815,0.00000000
0.90539236,0.00000000
0.90832664,0.00000000
0.91581851,0.00000000
0.89717762,0.00000000
0.90956536,0.00000000
0.90735316,0.00000000
0.87770859,0.00000000
0.90510152,0.00000000
0.94038752,0.00000000
0.94821312,0.00000000
0.93919632,0.00000000
0.95535220,0.00000000
0.93396121,0.00000000
0.90854689,0.00000000
0.92270562,0.00000000
0.94683595,0.00000000
0.92986560,0.00000000
0.95086986,0.00000000
0.94161415,0.00000000
0.88173733,0.00000000
0.93392735,0.00000000
0.95318867,0.00000000
0.94077317,0.00000000
0.95443025,0.00000000
0.95690259,0.00000000
0.97435800,0.00000000
0.93896427,0.00000000
0.96152316,0.00000000
0.94562481,0.00000000
0.96579836,0.00000000
0.94670457,0.00000000
0.92874790,0.00000000
0.89961177,0.00000000
0.93199687,0.00000000
0.92808013,0.00000000
0.88399847,0.00000000
0.91544259,0.00000000
0.92114143,0.00000000
0.92647701,0.00000000
0.90439695,0.00000000
0.92800993,0.00000000
0.91568341,0.00000000
0.92227320,0.00000000
0.89764828,0.00000000
0.89613064,0.00000000
0.90203828,0.00000000
0.90024883,0.00000000
0.91943205,0.00000000
0.94250946,0.00000000
0.94441504,0.00000000
0.93684753,0.00000000
0.90597597,0.00000000
0.93608605,0.00000000
0.92558574,0.00000000
0.88461604,0.00000000
0.92205182,0.00000000
0.94310773,0.00000000
0.90955226,0.00000000
0.96597839,0.00000000
0.95299531,0.00000000
0.87884612,0.00000000
0.89301748,0.00000000
0.89399978,0.00000000
0.88220250,0.00000000
0.84802845,0.00000000
0.90690341,0.00000000
0.91415162,0.00000000
0.88249893,0.00000000
0.92013747,0.00000000
0.85943627,0.00000000
0.89148957,0.00000000
0.89510018,0.00000000
0.90518910,0.00000000
0.93606402,0.00000000
0.92778454,0.00000000
0.89169376,0.00000000
0.89143867,0.00000000
0.92122176,0.00000000
0.88995245,0.00000000
0.88373808,0.00000000
0.90744591,0.00000000
0.93498828,0.00000000
0.88261515,0.00000000
0.84079220,0.00000000
0.89822262,0.00000000
0.88697457,0.00000000
0.88705450,0.00000000
0.90095182,0.00000000
0.89465992,0.00000000
0.89108222,0.00000000
0.91859581,0.00000000
0.90622893,0.00000000
0.90589428,0.00000000
0.90916109,0.00000000
0.92209232,0.00000000
0.92150603,0.00000000
0.91503168,0.00000000
0.90030982,0.00000000
0.89940178,0.00000000
0.87874977,0.00000000
0.90797934,0.00000000
0.90670815,0.00000000
0.92324763,0.00000000
0.90655631,0.00000000
0.89269688,0.00000000
0.89332425,0.00000000
0.90768312,0.00000000
0.92345613,0.00000000
0.93729564,0.00000000
0.94384590,0.00000000
0.94248833,0.00000000
0.94219575,0.00000000
0.94250287,0.00000000
0.93066887,0.00000000
0.95461914,0.00000000
0.92931414,0.00000000
0.96901553,0.00000000
0.92199401,0.00000000
0.90359379,0.00000000
0.94386800,0.00000000
0.96002466,0.00000000
0.94773781,0.00000000
0.93966575,0.00000000
0.92923751,0.00000000
0.92972517,0.00000000
0.94533065,0.00000000
0.93356133,0.00000000
0.92458638,0.00000000
0.91666148,0.00000000
0.93402016,0.00000000
0.93628453,0.00000000
0.94334989,0.00000000
0.91808252,0.00000000
0.91528753,0.00000000
0.93336626,0.00000000
0.94253375,0.00000000
0.91356723,0.00000000
0.93154019,0.00000000
0.89647172,0.00000000
0.87597700,0.00000000
0.91766429,0.00000000
0.89378097,0.00000000
0.91038320,0.00000000
0.91310779,0.00000000
0.88623928,0.00000000
0.89166910,0.00000000
0.83752471,0.00000000
0.85498451,0.00000000
0.92177719,0.00000000
0.86427018,0.00000000
0.91435573,0.00000000
0.88359815,0.00000000
0.91644869,0.00000000
0.87897268,0.00000000
0.90161059,0.00000000
0.88798140,0.00000000
0.83944194,0.00000000
0.85334982,0.00000000
0.89906428,0.00000000
0.97897545,0.00000000
0.93684845,0.00000000
0.89695725,0.00000000
0.92363833,0.00000000
0.90819300,0.00000000
0.89710898,0.00000000
0.90441893,0.00000000
0.88081116,0.00000000
0.88835627,0.00000000
0.90482444,0.00000000
0.90265983,0.00000000
0.91640737,0.00000000
0.95279917,0.00000000
0.97640442,0.00000000
0.94782227,0.00000000
0.97110609,0.00000000
0.96297764,0.00000000
0.93649428,0.00000000
0.94944057,0.00000000
0.91928891,0.00000000
0.97973235,0.00000000
0.94415128,0.00000000
0.94417758,0.00000000
0.91325341,0.00000000
0.86572723,0.00000000
0.83003018,0.00000000
0.88403023,0.00000000
0.89857044,0.00000000
0.90675746,0.00000000
0.91676504,0.00000000
0.93204421,0.00000000
0.93544716,0.00000000
0.94423954,0.00000000
0.92620403,0.00000000
0.92179536,0.00000000
0.89384151,0.00000000
0.89523775,0.00000000
0.86527302,0.00000000
0.82999010,0.00000000
0.87970824,0.00000000
0.94342238,0.00000000
0.93929431,0.00000000
0.92610628,0.00000000
0.93926499,0.00000000
0.90261788,0.00000000
0.93570119,0.00000000
0.95139107,0.00000000
0.95773365,0.00000000
0.95100253,0.00000000
0.97718162,0.00000000
0.94897215,0.00000000
0.95633690,0.00000000
0.96700458,0.00000000
0.95960750,0.00000000
0.93605411,0.00000000
0.95809462,0.00000000
0.96478054,0.00000000
0.95351018,0.00000000
0.93934575,0.00000000
0.94611959,0.00000000
0.92464260,0.00000000
0.96254856,0.00000000
0.96501501,0.00000000
0.96818139,0.00000000
0.95970939,0.00000000
0.92870673,0.00000000
0.90465258,0.00000000
0.94993512,0.00000000
0.93374843,0.00000000
0.93386665,0.00000000
0.92525702,0.00000000
0.95292022,0.00000000
0.90152272,0.00000000
0.92694272,0.00000000
0.89855638,0.00000000
0.87634494,0.00000000
0.89565103,0.00000000
0.88240897,0.00000000
0.92745970,0.00000000
0.94682733,0.00000000
0.88853820,0.00000000
0.93849190,0.00000000
0.92619277,0.00000000
0.82815187,0.00000000
0.89050860,0.00000000
0.88905264,0.00000000
0.87992476,0.00000000
0.85417059,0.00000000
0.77356050,0.00000000
0.07289662,0.00000000
0.57430275,0.00000000
0.30633126,0.00000000
0.71724362,0.00000000
0.80997900,0.00000000
0.71876647,0.00000000
0.87474100,0.00000000
0.85380905,0.00000000
0.83144758,0.00000000
0.90737276,0.00000000
0.75110970,0.00000000
0.75133462,0.00000000
0.94681104,0.00000000
0.97084208,0.00000000
0.92882965,0.00000000
0.85205213,0.00000000
0.88349385,0.00000000
0.82452301,0.00000000
0.70079523,0.00000000
0.81655035,0.00000000
0.58109817,0.00000000
0.75400436,0.00000000
0.67413499,0.00000000
0.82439651,0.00000000
0.58747427,0.00000000
0.56068963,0.00000000
0.56421119,0.00000000
0.58217755,0.00000000
0.69446836,0.00000000
0.70459693,0.00000000
0.59413815,0.00000000
0.71239584,0.00000000
0.83392788,0.00000000
0.73674397,0.00000000
0.52345484,0.00000000
0.63460628,0.00000000
0.48697115,0.00000000
0.61081346,0.00000000
0.82696614,0.00000000
0.82129880,0.00000000
0.89240117,0.00000000
0.87790442,0.00000000
0.85237730,0.00000000
0.76870400,0.00000000
0.79001939,0.00000000
0.64457498,0.00000000
0.94610943,0.00000000
0.58886589,0.00000000
0.92501375,0.00000000
0.59782805,0.00000000
0.83344391,0.00000000
0.91348549,0.00000000
0.89055701,0.00000000
0.83181444,0.00000000
0.78468941,0.00000000
0.68768501,0.00000000
0.63291074,0.00000000
0.79653788,0.00000000
0.91171510,0.00000000
0.91209885,0.00000000
0.92822680,0.00000000
0.87194106,0.00000000
0.92244552,0.00000000
0.91871969,0.00000000
0.91795900,0.00000000
0.90832858,0.00000000
0.90972376,0.00000000
0.91991492,0.00000000
0.90792483,0.00000000
0.84892424,0.00000000
0.87815855,0.00000000
0.87962526,0.00000000
0.93253713,0.00000000
0.95217303,0.00000000
0.95698416,0.00000000
0.92137830,0.00000000
0.91091898,0.00000000
0.92490157,0.00000000
0.92860714,0.00000000
0.96049331,0.00000000
0.96520906,0.00000000
0.94742249,0.00000000
0.90415941,0.00000000
0.85435398,0.00000000
0.89961495,0.00000000
0.92703758,0.00000000
0.96362057,0.00000000
0.97722138,0.00000000
0.93174840,0.00000000
0.93416770,0.00000000
0.94175433,0.00000000
0.97410558,0.00000000
0.91275567,0.00000000
0.91203031,0.00000000
0.88776533,0.00000000
0.90699793,0.00000000
0.89746416,0.00000000
0.97090824,0.00000000
0.90751378,0.00000000
0.89612142,0.00000000
0.89246702,0.00000000
0.91144957,0.00000000
0.92228359,0.00000000
0.92173103,0.00000000
0.87788335,0.00000000
0.86211498,0.00000000
0.88023123,0.00000000
0.81276969,0.00000000
0.89775103,0.00000000
0.90540087,0.00000000
0.92401946,0.00000000
0.90634022,0.00000000
0.95377312,0.00000000
0.92077014,0.00000000
0.93483852,0.00000000
0.93867879,0.00000000
0.95876787,0.00000000
0.89783107,0.00000000
0.97624827,0.00000000
0.97984354,0.00000000
0.97421085,0.00000000
0.95353743,0.00000000
0.96491128,0.00000000
0.95334256,0.00000000
0.93962832,0.00000000
0.92927500,0.00000000
0.93656171,0.00000000
0.95329836,0.00000000
0.91467396,0.00000000
0.93667013,0.00000000
0.93848755,0.00000000
0.92571661,0.00000000
0.93496826,0.00000000
0.95104682,0.00000000
0.95063181,0.00000000
0.93169106,0.00000000
0.96655274,0.00000000
0.95482460,0.00000000
0.97142849,0.00000000
0.90754014,0.00000000
0.95874381,0.00000000
0.94082494,0.00000000
0.97286890,0.00000000
0.93623946,0.00000000
0.91819731,0.00000000
0.89075936,0.00000000
0.72302653,0.00000000
0.78611388,0.00000000
0.78025050,0.00000000
0.81822507,0.00000000
0.84120186,0.00000000
0.82161026,0.00000000
0.93133402,0.00000000
0.90862180,0.00000000
0.92998907,0.00000000
0.96778389,0.00000000
0.96318282,0.00000000
0.93958246,0.00000000
0.96307195,0.00000000
0.92476478,0.00000000
0.93069724,0.00000000
0.95106117,0.00000000
0.92807171,0.00000000
0.88674692,0.00000000
0.86536295,0.00000000
0.88451036,0.00000000
0.85591340,0.00000000
0.90471814,0.00000000
0.90605962,0.00000000
0.92721901,0.00000000
0.92410428,0.00000000
0.93087243,0.00000000
0.91013797,0.00000000
0.87997002,0.00000000
0.88978819,0.00000000
0.85686003,0.00000000
0.94246867,0.00000000
0.91009316,0.00000000
0.94202499,0.00000000
0.95982800,0.00000000
0.96118266,0.00000000
0.95771474,0.00000000
0.96010067,0.00000000
0.95242562,0.00000000
0.93186988,0.00000000
0.93505634,0.00000000
0.89748309,0.00000000
0.89656338,0.00000000
0.85424838,0.00000000
0.91342111,0.00000000
0.86545581,0.00000000
0.90973177,0.00000000
0.86199158,0.00000000
0.94958804,0.00000000
0.77436912,0.00000000
0.80088977,0.00000000
0.77487883,0.00000000
0.81162053,0.00000000
0.87370821,0.00000000
0.89534005,0.00000000
0.82456392,0.00000000
0.78128606,0.00000000
0.71660466,0.00000000
0.79130025,0.00000000
0.45933223,0.00000000
0.41992888,0.00000000
0.45772555,0.00000000
0.46927881,0.00000000
0.41090643,0.00000000
0.38552172,0.00000000
0.32196855,0.00000000
0.38075231,0.00000000
0.36882097,0.00000000
0.30752333,0.00000000
0.39204019,0.00000000
0.43176180,0.00000000
0.46845678,0.00000000
0.44302764,0.00000000
0.43098584,0.00000000
0.46254187,0.00000000
0.49460798,0.00000000
0.48950490,0.00000000
0.50522761,0.00000000
0.38288240,0.00000000
0.37064194,0.00000000
0.36281937,0.00000000
0.31462851,0.00000000
0.29517756,0.00000000
0.13774120,0.00000000
0.26864937,0.00000000
0.17117575,0.00000000
0.14238902,0.00000000
0.13018990,0.00000000
0.22907907,0.00000000
0.09293039,0.00000000
0.10357503,0.00000000
0.09215903,0.00000000
0.08452087,0.00000000
0.08665059,0.00000000
0.09220323,0.00000000
0.07747628,0.00000000
0.07531083,0.00000000
0.07211816,0.00000000
0.06690420,0.00000000
0.03668338,0.00000000
0.02455456,0.00000000
0.01113987,0.00000000
0.02162055,0.00000000
0.02840000,0.00000000
0.05623054,0.00000000
0.05889641,0.00000000
0.06453535,0.00000000
0.06809519,0.00000000
0.04623114,0.00000000
0.03627544,0.00000000
0.03959539,0.00000000
0.04064561,0.00000000
0.03269452,0.00000000
0.03024413,0.00000000
0.02487624,0.00000000
0.02723046,0.00000000
0.02312653,0.00000000
0.02433269,0.00000000
0.02554058,0.00000000
0.02378844,0.00000000
0.05130235,0.00000000
0.02152527,0.00000000
0.01754733,0.00000000
0.02334646,0.00000000
0.02896939,0.00000000
0.03014005,0.00000000
0.02445846,0.00000000
0.02515090,0.00000000
0.02677321,0.00000000
0.02695742,0.00000000
0.02573236,0.00000000
0.02382981,0.00000000
0.02471772,0.00000000
0.02917310,0.00000000
0.02458439,0.00000000
0.02629559,0.00000000
0.02549603,0.00000000
0.02644772,0.00000000
0.02611421,0.00000000
0.02560705,0.00000000
0.02518201,0.00000000
0.02448514,0.00000000
0.02476102,0.00000000
0.02204193,0.00000000
0.02290921,0.00000000
0.02170771,0.00000000
0.02237302,0.00000000
0.02157424,0.00000000
0.02077603,0.00000000
0.01917692,0.00000000
0.01790198,0.00000000
0.01935545,0.00000000
0.01808943,0.00000000
0.01679969,0.00000000
0.01665562,0.00000000
0.01674850,0.00000000
0.01585034,0.00000000
0.01670554,0.00000000
0.01606165,0.00000000
0.01651440,0.00000000
0.01633858,0.00000000
0.01665209,0.00000000
0.01740856,0.00000000
0.01630414,0.00000000
0.01638822,0.00000000
0.01783540,0.00000000
0.01765190,0.00000000
0.01812693,0.00000000
0.01804782,0.00000000
0.01827559,0.00000000
0.01840451,0.00000000
0.01801748,0.00000000
0.01497846,0.00000000
0.01662321,0.00000000
0.01620285,0.00000000
0.01479605,0.00000000
0.01434075,0.00000000
0.01635542,0.00000000
0.01617556,0.00000000
0.01713217,0.00000000
0.01688738,0.00000000
0.01712722,0.00000000
0.01576130,0.00000000
0.01755710,0.00000000
0.01921328,0.00000000
0.01820782,0.00000000
0.01839612,0.00000000
0.02093937,0.00000000
0.02081628,0.00000000
0.02161253,0.00000000
0.02302980,0.00000000
0.02175355,0.00000000
0.02589845,0.00000000
0.02643878,0.00000000
0.02698939,0.00000000
0.02724947,0.00000000
0.02716314,0.00000000
0.02893603,0.00000000
0.02699840,0.00000000
0.02689623,0.00000000
0.02264079,0.00000000
0.01966779,0.00000000
0.01895825,0.00000000
0.01835163,0.00000000
0.02189886,0.00000000
0.02195567,0.00000000
0.02172526,0.00000000
0.01684312,0.00000000
0.01741524,0.00000000
0.01784853,0.00000000
0.01649698,0.00000000
0.01598313,0.00000000
0.01548013,0.00000000
0.01532634,0.00000000
0.01551445,0.00000000
0.01677317,0.00000000
0.01777326,0.00000000
0.01743236,0.00000000
0.01528676,0.00000000
0.01469272,0.00000000
0.01787675,0.00000000
0.01966307,0.00000000
0.01581563,0.00000000
0.01912993,0.00000000
0.01929743,0.00000000
0.02266539,0.00000000
0.02237945,0.00000000
0.02575413,0.00000000
0.02898977,0.00000000
0.02377767,0.00000000
0.02475091,0.00000000
0.02178823,0.00000000
0.01992751,0.00000000
0.01336161,0.00000000
0.00761772,0.00000000
0.04764590,0.00000000
0.02418322,0.00000000
0.03525667,0.00000000
0.02672297,0.00000000
0.04896981,0.00000000
0.06188353,0.00000000
0.05015452,0.00000000
0.05422267,0.00000000
0.05653553,0.00000000
0.05973905,0.00000000
0.05669946,0.00000000
0.04713106,0.00000000
0.03368083,0.00000000
0.03313470,0.00000000
0.03191067,0.00000000
0.03176240,0.00000000
0.02327224,0.00000000
0.01691697,0.00000000
0.01424249,0.00000000
0.01446403,0.00000000
0.07077440,0.00000000
0.04681182,0.00000000
0.04259083,0.00000000
0.02379240,0.00000000
0.02317000,0.00000000
0.02153425,0.00000000
0.01724210,0.00000000
0.02574369,0.00000000
0.03562735,0.00000000
0.02664470,0.00000000
0.03052958,0.00000000
0.03079588,0.00000000
0.19321178,0.00000000
0.88561690,0.00000000
0.96565537,0.00000000
0.98620366,0.00000000
0.95297287,0.00000000
0.98280506,0.00000000
0.98026230,0.00000000
0.95621782,0.00000000
0.92442944,0.00000000
0.91597084,0.00000000
0.92589002,0.00000000
0.92047804,0.00000000
0.90185874,0.00000000
0.89161056,0.00000000
0.91787488,0.00000000
0.96610293,0.00000000
0.90857021,0.00000000
0.97535014,0.00000000
0.96922301,0.00000000
0.97294492,0.00000000
0.96037190,0.00000000
0.94724728,0.00000000
0.94179604,0.00000000
0.95308400,0.00000000
0.94730500,0.00000000
0.95561377,0.00000000
0.94060703,0.00000000
0.95495364,0.00000000
0.97145429,0.00000000
0.95168817,0.00000000
0.92023635,0.00000000
0.92136719,0.00000000
0.92551955,0.00000000
0.93630457,0.00000000
0.88377206,0.00000000
0.89351578,0.00000000
0.90435834,0.00000000
0.93482939,0.00000000
0.92164815,0.00000000
0.92352439,0.00000000
0.86863536,0.00000000
0.93111145,0.00000000
0.92125643,0.00000000
0.90045591,0.00000000
0.90378232,0.00000000
0.89018163,0.00000000
0.95435133,0.00000000
0.91833366,0.00000000
0.95379241,0.00000000
0.96247081,0.00000000
0.96345479,0.00000000
0.94311451,0.00000000
0.94498574,0.00000000
0.96626326,0.00000000
0.94921490,0.00000000
0.95557891,0.00000000
0.91461436,0.00000000
0.94093147,0.00000000
0.95443031,0.00000000
0.87740691,0.00000000
0.90312825,0.00000000
0.86660539,0.00000000
0.91065703,0.00000000
0.90660653,0.00000000
0.88248499,0.00000000
0.81955240,0.00000000
0.86214228,0.00000000
0.84505873,0.00000000
0.90288495,0.00000000
0.87672732,0.00000000
0.86521291,0.00000000
0.88753641,0.00000000
0.90528912,0.00000000
0.92414142,0.00000000
0.95315459,0.00000000
0.94125068,0.00000000
0.94952640,0.00000000
0.98114634,0.00000000
0.96256474,0.00000000
0.97150103,0.00000000
0.93634627,0.00000000
0.90028005,0.00000000
0.91332946,0.00000000
0.92352931,0.00000000
0.87051651,0.00000000
0.94662799,0.00000000
0.90709809,0.00000000
0.91271395,0.00000000
0.89060603,0.00000000
0.89140832,0.00000000
0.91976513,0.00000000
0.85422597,0.00000000
0.89631829,0.00000000
0.88556507,0.00000000
0.89634327,0.00000000
0.87153332,0.00000000
0.92107727,0.00000000
0.92565862,0.00000000
0.95103252,0.00000000
0.97123594,0.00000000
0.91609068,0.00000000
0.94928879,0.00000000
0.93464788,0.00000000
0.91307487,0.00000000
0.93353624,0.00000000
0.95958774,0.00000000
0.96314464,0.00000000
0.90456578,0.00000000
0.97609000,0.00000000
0.95729399,0.00000000
0.95836188,0.00000000
0.94118530,0.00000000
0.96096688,0.00000000
0.95773632,0.00000000
0.96558436,0.00000000
0.96480690,0.00000000
0.95212630,0.00000000
0.96562141,0.00000000
0.96075363,0.00000000
0.88083708,0.00000000
0.95920584,0.00000000
0.90640557,0.00000000
0.89705771,0.00000000
0.92763301,0.00000000
0.96333400,0.00000000
0.96037629,0.00000000
0.95101918,0.00000000
0.95100199,0.00000000
0.96996270,0.00000000
0.96664665,0.00000000
0.96210235,0.00000000
0.94471617,0.00000000
0.95004969,0.00000000
0.98007554,0.00000000
0.96243850,0.00000000
0.93940762,0.00000000
0.93854212,0.00000000
0.90040985,0.00000000
0.86028956,0.00000000
0.91367303,0.00000000
0.91383303,0.00000000
0.88959557,0.00000000
0.90466381,0.00000000
0.93821054,0.00000000
0.89271500,0.00000000
0.89152395,0.00000000
0.75677722,0.00000000
0.83342902,0.00000000
0.79141728,0.00000000
0.86252158,0.00000000
0.84065963,0.00000000
0.80543628,0.00000000
0.81951003,0.00000000
0.84443948,0.00000000
0.84719765,0.00000000
0.88115137,0.00000000
0.84304904,0.00000000
0.87266466,0.00000000
0.90883370,0.00000000
0.87005587,0.00000000
0.87907336,0.00000000
0.87252364,0.00000000
0.86355490,0.00000000
0.85305379,0.00000000
0.84866455,0.00000000
0.86903839,0.00000000
0.86184166,0.00000000
0.86827286,0.00000000
0.83125963,0.00000000
0.82759806,0.00000000
0.86311230,0.00000000
0.81977034,0.00000000
0.85596622,0.00000000
0.81362796,0.00000000
0.84406079,0.00000000
0.83953121,0.00000000
0.89614500,0.00000000
0.83065923,0.00000000
0.88786296,0.00000000
0.88947396,0.00000000
0.83584799,0.00000000
0.88289029,0.00000000
0.90017082,0.00000000
0.89100435,0.00000000
0.90256176,0.00000000
0.89884380,0.00000000
0.89370839,0.00000000
0.90387414,0.00000000
0.90051251,0.00000000
0.81763277,0.00000000
0.87954644,0.00000000
0.84846032,0.00000000
0.84965909,0.00000000
0.81997142,0.00000000
0.76259296,0.00000000
0.88260389,0.00000000
0.83072665,0.00000000
0.87758962,0.00000000
0.86839516,0.00000000
0.85647074,0.00000000
0.89792718,0.00000000
0.90796387,0.00000000
0.83326506,0.00000000
0.87099308,0.00000000
0.89830745,0.00000000
0.85272835,0.00000000
0.89997529,0.00000000
0.92438040,0.00000000
0.86194422,0.00000000
0.92546878,0.00000000
0.87070643,0.00000000
0.91688976,0.00000000
0.86106660,0.00000000
0.85156567,0.00000000
0.93599888,0.00000000
0.95177318,0.00000000
0.95887296,0.00000000
0.92939928,0.00000000
0.89342106,0.00000000
0.89812661,0.00000000
0.87218122,0.00000000
0.85456241,0.00000000
0.83246538,0.00000000
0.87886027,0.00000000
0.92717624,0.00000000
0.92900051,0.00000000
0.90880307,0.00000000
0.94754100,0.00000000
0.93412936,0.00000000
0.96220773,0.00000000
0.96813970,0.00000000
0.94223046,0.00000000
0.94431533,0.00000000
0.94330635,0.00000000
0.95343354,0.00000000
0.95904284,0.00000000
0.93870971,0.00000000
0.95351929,0.00000000
0.93799240,0.00000000
0.91114822,0.00000000
0.94552947,0.00000000
0.89935446,0.00000000
0.85911463,0.00000000
0.87303487,0.00000000
0.82051296,0.00000000
0.75821791,0.00000000
0.85362020,0.00000000
0.89817396,0.00000000
0.94487205,0.00000000
0.92248652,0.00000000
0.90234823,0.00000000
0.92492297,0.00000000
0.91750567,0.00000000
0.90301577,0.00000000
0.89456453,0.00000000
0.93955716,0.00000000
0.92100927,0.00000000
0.93446218,0.00000000
0.94245440,0.00000000
0.92051741,0.00000000
0.97023294,0.00000000
0.98861086,0.00000000
0.97550294,0.00000000
0.94204734,0.00000000
0.95501233,0.00000000
0.93079276,0.00000000
0.93625042,0.00000000
0.92706899,0.00000000
0.93686258,0.00000000
0.95702337,0.00000000
0.93213519,0.00000000
0.93262364,0.00000000
0.85893234,0.00000000
0.89833982,0.00000000
0.88575770,0.00000000
0.91411046,0.00000000
0.93620233,0.00000000
0.96458197,0.00000000
0.95347865,0.00000000
0.94193664,0.00000000
0.95526079,0.00000000
0.94054961,0.00000000
0.97225836,0.00000000
0.97877376,0.00000000
0.95830150,0.00000000
0.93356848,0.00000000
0.94438849,0.00000000
0.96201205,0.00000000
0.96953049,0.00000000
0.94919075,0.00000000
0.94161731,0.00000000
0.93867946,0.00000000
0.93765984,0.00000000
0.91149214,0.00000000
0.93578349,0.00000000
0.92612502,0.00000000
0.93470319,0.00000000
0.92880850,0.00000000
0.90266204,0.00000000
0.93949508,0.00000000
0.91734416,0.00000000
0.94509640,0.00000000
0.93224536,0.00000000
0.96902139,0.00000000
0.91762205,0.00000000
0.93001866,0.00000000
0.94169540,0.00000000
0.93042342,0.00000000
0.94231927,0.00000000
0.94944226,0.00000000
0.90493941,0.00000000
0.93926786,0.00000000
0.91213103,0.00000000
0.93561247,0.00000000
0.91365343,0.00000000
0.93808410,0.00000000
0.91064468,0.00000000
0.92411839,0.00000000
0.91157831,0.00000000
0.94540886,0.00000000
0.93484492,0.00000000
0.94536822,0.00000000
0.91555700,0.00000000
0.91748506,0.00000000
0.94606581,0.00000000
0.93925424,0.00000000
0.94326912,0.00000000
0.92637423,0.00000000
0.94017980,0.00000000
0.97822727,0.00000000
0.96352657,0.00000000
0.95363364,0.00000000
0.94890151,0.00000000
0.92576450,0.00000000
0.92186013,0.00000000
0.89077692,0.00000000
0.89038747,0.00000000
0.90067493,0.00000000
0.89282996,0.00000000
0.89345984,0.00000000
0.92537443,0.00000000
0.90334170,0.00000000
0.87645964,0.00000000
0.93496440,0.00000000
0.93111582,0.00000000
0.88852166,0.00000000
0.92582894,0.00000000
0.90374009,0.00000000
0.90375111,0.00000000
0.89199116,0.00000000
0.90186381,0.00000000
0.91426998,0.00000000
0.88645517,0.00000000
0.97008633,0.00000000
0.94916198,0.00000000
0.95501475,0.00000000
0.91487224,0.00000000
0.94733562,0.00000000
0.95202041,0.00000000
0.94342585,0.00000000
0.94496394,0.00000000
0.93888707,0.00000000
0.92664158,0.00000000
0.92704872,0.00000000
0.90149446,0.00000000
0.93449214,0.00000000
0.91649581,0.00000000
0.92259434,0.00000000
0.89911883,0.00000000
0.97605008,0.00000000
0.98925611,0.00000000
0.98238892,0.00000000
0.95981439,0.00000000
0.96052341,0.00000000
0.94871629,0.00000000
0.95449073,0.00000000
0.94320662,0.00000000
0.95486692,0.00000000
0.96568066,0.00000000
0.93659784,0.00000000
0.93179024,0.00000000
0.93114040,0.00000000
0.93760964,0.00000000
0.95891185,0.00000000
0.90586654,0.00000000
0.88800334,0.00000000
0.87521436,0.00000000
0.87914976,0.00000000
0.90357793,0.00000000
0.88075919,0.00000000
0.95082674,0.00000000
0.94395159,0.00000000
0.94110023,0.00000000
0.93777733,0.00000000
0.91958092,0.00000000
0.91907952,0.00000000
0.94349670,0.00000000
0.90878919,0.00000000
0.92411457,0.00000000
0.91607148,0.00000000
0.92950141,0.00000000
0.86584798,0.00000000
0.93946654,0.00000000
0.82647889,0.00000000
0.77211025,0.00000000
0.73396252,0.00000000
0.72051165,0.00000000
0.78130213,0.00000000
0.70727699,0.00000000
0.63376700,0.00000000
0.61143302,0.00000000
0.67560530,0.00000000
0.73043008,0.00000000
0.67515602,0.00000000
0.71790869,0.00000000
0.65026246,0.00000000
0.71504647,0.00000000
0.62416255,0.00000000
0.65256801,0.00000000
0.65814443,0.00000000
0.69556433,0.00000000
0.92614607,0.00000000
0.95426604,0.00000000
0.64116714,0.00000000
0.92743842,0.00000000
0.89493852,0.00000000
0.92365426,0.00000000
0.69509044,0.00000000
0.77845969,0.00000000
0.76304674,0.00000000
0.77606010,0.00000000
0.72698520,0.00000000
0.71902160,0.00000000
0.72703594,0.00000000
0.72355326,0.00000000
0.75470970,0.00000000
0.67993055,0.00000000
0.31182872,0.00000000
0.33534280,0.00000000
0.32179505,0.00000000
0.47491040,0.00000000
0.48879340,0.00000000
0.39326174,0.00000000
0.71438994,0.00000000
0.72963359,0.00000000
0.71898181,0.00000000
0.73503001,0.00000000
0.72747941,0.00000000
0.91725224,0.00000000
0.76665335,0.00000000
0.75506535,0.00000000
0.70361576,0.00000000
0.67477553,0.00000000
0.70823743,0.00000000
0.70315460,0.00000000
0.73608500,0.00000000
0.57812558,0.00000000
0.54311469,0.00000000
0.79124545,0.00000000
0.75223753,0.00000000
0.80065945,0.00000000
0.81106026,0.00000000
0.65401178,0.00000000
0.66214899,0.00000000
0.73280432,0.00000000
0.65640953,0.00000000
0.66597007,0.00000000
0.64843906,0.00000000
0.64139319,0.00000000
0.63757619,0.00000000
0.64241257,0.00000000
0.75282016,0.00000000
0.81123414,0.00000000
0.79386320,0.00000000
0.95986819,0.00000000
0.92998452,0.00000000
0.93071831,0.00000000
0.89598368,0.00000000
0.92611632,0.00000000
0.88762186,0.00000000
0.89827003,0.00000000
0.87584398,0.00000000
0.89253465,0.00000000
0.87877201,0.00000000
0.84644746,0.00000000
0.83522238,0.00000000
0.82093808,0.00000000
0.85944904,0.00000000
0.84783852,0.00000000
0.85230050,0.00000000
0.83424040,0.00000000
0.86422383,0.00000000
0.89146798,0.00000000
0.89244566,0.00000000
0.89047893,0.00000000
0.85372817,0.00000000
0.88662992,0.00000000
0.93905264,0.00000000
0.86853411,0.00000000
0.89070890,0.00000000
0.79557492,0.00000000
0.78891348,0.00000000
0.74633798,0.00000000
0.73997571,0.00000000
0.76520657,0.00000000
0.78893676,0.00000000
0.76618708,0.00000000
0.78565931,0.00000000
0.73352808,0.00000000
0.79668285,0.00000000
0.77538815,0.00000000
0.77706781,0.00000000
0.80132479,0.00000000
0.88544174,0.00000000
0.89743462,0.00000000
0.88149325,0.00000000
0.94838692,0.00000000
0.96248930,0.00000000
0.93878443,0.00000000
0.93336435,0.00000000
0.91233371,0.00000000
0.91942193,0.00000000
0.87960934,0.00000000
0.92955845,0.00000000
0.87737391,0.00000000
0.84118377,0.00000000
0.81288954,0.00000000
0.85956537,0.00000000
0.85786336,0.00000000
0.80671104,0.00000000
0.87908353,0.00000000
0.86146762,0.00000000
0.87405990,0.00000000
0.87938486,0.00000000
0.87926211,0.00000000
0.84679565,0.00000000
0.89716078,0.00000000
0.83040857,0.00000000
0.90745732,0.00000000
0.92469647,0.00000000
0.92868281,0.00000000
0.92451561,0.00000000
0.95296421,0.00000000
0.90402545,0.00000000
0.92953785,0.00000000
0.97621862,0.00000000
0.96833776,0.00000000
0.95258146,0.00000000
0.94846103,0.00000000
0.87809881,0.00000000
0.82583058,0.00000000
0.84846145,0.00000000
0.84987876,0.00000000
0.88315085,0.00000000
0.87464478,0.00000000
0.88307656,0.00000000
0.91809194,0.00000000
0.76700042,0.00000000
0.84013722,0.00000000
0.74492177,0.00000000
0.78988364,0.00000000
0.87547593,0.00000000
0.87929149,0.00000000
0.85598132,0.00000000
0.87538114,0.00000000
0.78771502,0.00000000
0.87267859,0.00000000
0.88143386,0.00000000
0.84205428,0.00000000
0.78621076,0.00000000
0.78168051,0.00000000
0.83636482,0.00000000
0.91090190,0.00000000
0.93474967,0.00000000
0.91587105,0.00000000
0.89447057,0.00000000
0.93352517,0.00000000
0.93353516,0.00000000
0.88455481,0.00000000
0.91336426,0.00000000
0.91099378,0.00000000
0.90048022,0.00000000
0.89695158,0.00000000
0.91524206,0.00000000
0.94017749,0.00000000
0.90346194,0.00000000
0.89014750,0.00000000
0.95102187,0.00000000
0.95084222,0.00000000
0.92497246,0.00000000
0.94662806,0.00000000
0.96057044,0.00000000
0.94806820,0.00000000
0.95897820,0.00000000
0.96060008,0.00000000
0.94615784,0.00000000
0.94635791,0.00000000
0.95630750,0.00000000
0.93296220,0.00000000
0.94487901,0.00000000
0.92229399,0.00000000
0.93798411,0.00000000
0.91044401,0.00000000
0.91596026,0.00000000
0.93183740,0.00000000
0.95880917,0.00000000
0.93591147,0.00000000
0.95836264,0.00000000
0.93248874,0.00000000
0.94250454,0.00000000
0.94304207,0.00000000
0.95550765,0.00000000
0.96275240,0.00000000
0.97194495,0.00000000
0.94019882,0.00000000
0.95501360,0.00000000
0.96757094,0.00000000
0.93281074,0.00000000
0.93555173,0.00000000
0.94749828,0.00000000
0.94830371,0.00000000
0.91037003,0.00000000
0.92686665,0.00000000
0.94168028,0.00000000
0.93390476,0.00000000
0.91755227,0.00000000
0.95664039,0.00000000
0.96206212,0.00000000
0.92942070,0.00000000
0.93945737,0.00000000
0.94749713,0.00000000
0.97836262,0.00000000
0.94293206,0.00000000
0.96339060,0.00000000
0.95042957,0.00000000
0.97067187,0.00000000
0.96168852,0.00000000
0.95046603,0.00000000
0.92570521,0.00000000
0.92782633,0.00000000
0.93765704,0.00000000
0.93875199,0.00000000
0.93537722,0.00000000
0.94372613,0.00000000
0.93026689,0.00000000
0.94805715,0.00000000
0.94180778,0.00000000
0.95097678,0.00000000
0.97532984,0.00000000
0.94910514,0.00000000
0.95275522,0.00000000
0.94702721,0.00000000
0.92202699,0.00000000
0.94940690,0.00000000
0.95916545,0.00000000
0.97715602,0.00000000
0.94878902,0.00000000
0.94557940,0.00000000
0.93643641,0.00000000
0.92964527,0.00000000
0.92853029,0.00000000
0.92451910,0.00000000
0.95045256,0.00000000
0.96379843,0.00000000
0.97117947,0.00000000
0.92183103,0.00000000
0.98915749,0.00000000
0.97289639,0.00000000
0.97280946,0.00000000
0.98819981,0.00000000
0.96399721,0.00000000
0.97404802,0.00000000
0.97137504,0.00000000
0.91639914,0.00000000
0.98225776,0.00000000
0.95624417,0.00000000
0.96284771,0.00000000
0.94740711,0.00000000
0.89873983,0.00000000
0.92243744,0.00000000
0.90138196,0.00000000
0.93640181,0.00000000
0.86702420,0.00000000
0.92282997,0.00000000
0.91366758,0.00000000
0.90502249,0.00000000
0.80903847,0.00000000
0.91660245,0.00000000
0.89847888,0.00000000
0.89403962,0.00000000
0.92963517,0.00000000
0.84861516,0.00000000
0.90213794,0.00000000
0.94017823,0.00000000
0.94223187,0.00000000
0.91127047,0.00000000
0.93770662,0.00000000
0.90276331,0.00000000
0.89864615,0.00000000
0.90492711,0.00000000
0.90513758,0.00000000
0.95485799,0.00000000
0.89613867,0.00000000
0.88765437,0.00000000
0.88699472,0.00000000
0.90348089,0.00000000
0.89089588,0.00000000
0.89672379,0.00000000
0.83710359,0.00000000
0.85563273,0.00000000
0.87813030,0.00000000
0.87965781,0.00000000
0.87723990,0.00000000
0.87516267,0.00000000
0.89484572,0.00000000
0.91055697,0.00000000
0.89091528,0.00000000
0.84844889,0.00000000
0.89284101,0.00000000
0.90165334,0.00000000
0.85774504,0.00000000
0.87504486,0.00000000
0.87543627,0.00000000
0.86470210,0.00000000
0.86913826,0.00000000
0.85016709,0.00000000
0.82370706,0.00000000
0.82984785,0.00000000
0.82326654,0.00000000
0.81631978,0.00000000
0.81970332,0.00000000
0.82959216,0.00000000
0.86760630,0.00000000
0.85464261,0.00000000
0.83473225,0.00000000
0.86153451,0.00000000
0.82453732,0.00000000
0.87125265,0.00000000
0.82903718,0.00000000
0.83970944,0.00000000
0.82349443,0.00000000
0.91225883,0.00000000
0.88454443,0.00000000
0.93067592,0.00000000
0.93154873,0.00000000
0.88664861,0.00000000
0.93960722,0.00000000
0.85432057,0.00000000
0.92292001,0.00000000
0.92351045,0.00000000
0.90249865,0.00000000
0.91925474,0.00000000
0.94695257,0.00000000
0.90826108,0.00000000
0.92175893,0.00000000
0.90412710,0.00000000
0.90983265,0.00000000
0.87615652,0.00000000
0.90507802,0.00000000
0.96562656,0.00000000
0.95187750,0.00000000
0.92500412,0.00000000
0.95740359,0.00000000
0.94018776,0.00000000
0.91660148,0.00000000
0.93642037,0.00000000
0.91441089,0.00000000
0.88132487,0.00000000
0.91887825,0.00000000
0.94215160,0.00000000
0.95542901,0.00000000
0.95719321,0.00000000
0.94264184,0.00000000
0.93784674,0.00000000
0.88907535,0.00000000
0.84594176,0.00000000
0.78816803,0.00000000
0.79401680,0.00000000
0.78455406,0.00000000
0.76818631,0.00000000
0.75330702,0.00000000
0.75761922,0.00000000
0.77343630,0.00000000
0.76678688,0.00000000
0.76173920,0.00000000
0.75040887,0.00000000
0.81693888,0.00000000
0.85786395,0.00000000
0.77931666,0.00000000
0.82372553,0.00000000
0.87007437,0.00000000
0.93006425,0.00000000
0.90707536,0.00000000
0.92022998,0.00000000
0.89747416,0.00000000
0.90268498,0.00000000
0.93157048,0.00000000
0.87718666,0.00000000
0.88343474,0.00000000
0.93901820,0.00000000
0.93695920,0.00000000
0.91537415,0.00000000
0.88251770,0.00000000
0.97904194,0.00000000
0.92913490,0.00000000
0.94243064,0.00000000
0.95634713,0.00000000
0.94522044,0.00000000
0.94077186,0.00000000
0.93070486,0.00000000
0.96530419,0.00000000
0.95426068,0.00000000
0.97034045,0.00000000
0.97257173,0.00000000
0.97153481,0.00000000
0.95750181,0.00000000
0.97840182,0.00000000
0.96086874,0.00000000
0.91326571,0.00000000
0.91568366,0.00000000
0.90771362,0.00000000
0.93674718,0.00000000
0.95329168,0.00000000
0.94677099,0.00000000
0.95035790,0.00000000
0.94320595,0.00000000
0.94063826,0.00000000
0.92333998,0.00000000
0.92717923,0.00000000
0.94634196,0.00000000
0.94041983,0.00000000
0.93801665,0.00000000
0.95474908,0.00000000
0.93967865,0.00000000
0.93363733,0.00000000
0.94759768,0.00000000
0.94575027,0.00000000
0.95725801,0.00000000
0.95035123,0.00000000
0.94706024,0.00000000
0.96989825,0.00000000
0.98264580,0.00000000
0.96326347,0.00000000
0.95786818,0.00000000
0.96777821,0.00000000
0.95301199,0.00000000
0.94798070,0.00000000
0.95108517,0.00000000
0.92758775,0.00000000
0.93311278,0.00000000
0.97595722,0.00000000
0.97244378,0.00000000
0.96243164,0.00000000
0.98173239,0.00000000
0.97773091,0.00000000
0.95758557,0.00000000
0.97648310,0.00000000
0.95574615,0.00000000
0.94232320,0.00000000
0.93612748,0.00000000
0.95838652,0.00000000
0.94282714,0.00000000
0.94582849,0.00000000
0.91519763,0.00000000
0.93761120,0.00000000
0.90890020,0.00000000
0.91134683,0.00000000
0.89976685,0.00000000
0.87029823,0.00000000
0.89714562,0.00000000
0.90834874,0.00000000
0.93372374,0.00000000
0.94294679,0.00000000
0.92073279,0.00000000
0.92527702,0.00000000
0.88659679,0.00000000
0.89238250,0.00000000
0.97809982,0.00000000
0.99012810,0.00000000
0.94263454,0.00000000
0.95333903,0.00000000
0.92126172,0.00000000
0.92926177,0.00000000
0.90456792,0.00000000
0.88649721,0.00000000
0.91143969,0.00000000
0.96132709,0.00000000
0.95549349,0.00000000
0.95780721,0.00000000
0.94067082,0.00000000
0.94492390,0.00000000
0.92991974,0.00000000
0.94796454,0.00000000
0.92091345,0.00000000
0.98481755,0.00000000
0.96582316,0.00000000
0.93995149,0.00000000
0.94121002,0.00000000
0.93468894,0.00000000
0.96505298,0.00000000
0.94340019,0.00000000
0.94656149,0.00000000
0.95214619,0.00000000
0.94280447,0.00000000
0.92627163,0.00000000
0.92757266,0.00000000
0.92313710,0.00000000
0.91816403,0.00000000
0.92632717,0.00000000
0.88237010,0.00000000
0.92847848,0.00000000
0.87745151,0.00000000
0.89354463,0.00000000
0.89168631,0.00000000
0.87144464,0.00000000
0.92645133,0.00000000
0.90969114,0.00000000
0.88883063,0.00000000
0.89667324,0.00000000
0.87824616,0.00000000
0.95827868,0.00000000
0.93793185,0.00000000
0.93369777,0.00000000
0.92030612,0.00000000
0.92691402,0.00000000
0.92688505,0.00000000
0.90852487,0.00000000
0.88741527,0.00000000
0.89978652,0.00000000
0.92496173,0.00000000
0.88582509,0.00000000
0.88359147,0.00000000
0.93376179,0.00000000
0.87914530,0.00000000
0.90594317,0.00000000
0.90050752,0.00000000
0.93995911,0.00000000
0.91962115,0.00000000
0.95751403,0.00000000
0.92961329,0.00000000
0.89827168,0.00000000
0.91259202,0.00000000
0.89796330,0.00000000
0.91836673,0.00000000
0.89698684,0.00000000
0.87808679,0.00000000
0.88037470,0.00000000
0.91497093,0.00000000
0.89754687,0.00000000
0.91579618,0.00000000
0.93288137,0.00000000
0.91871662,0.00000000
0.90118805,0.00000000
0.87938147,0.00000000
0.94491361,0.00000000
0.96030616,0.00000000
0.97760026,0.00000000
0.94427251,0.00000000
0.95170073,0.00000000
0.94808100,0.00000000
0.90286526,0.00000000
0.94909916,0.00000000
0.90526054,0.00000000
0.95015576,0.00000000
0.96074056,0.00000000
0.98684760,0.00000000
0.95300495,0.00000000
0.92544412,0.00000000
0.91168475,0.00000000
0.90686359,0.00000000
0.89985394,0.00000000
0.91401333,0.00000000
0.91441450,0.00000000
0.89128900,0.00000000
0.92623391,0.00000000
0.94560404,0.00000000
0.94043305,0.00000000
0.93957687,0.00000000
0.94548002,0.00000000
0.95012861,0.00000000
0.93284837,0.00000000
0.96594889,0.00000000
0.95112143,0.00000000
0.92908080,0.00000000
0.95498204,0.00000000
0.96176215,0.00000000
0.97833385,0.00000000
0.97245414,0.00000000
0.96486937,0.00000000
0.98694685,0.00000000
0.95384688,0.00000000
0.94016687,0.00000000
0.95511543,0.00000000
0.93236316,0.00000000
0.93121261,0.00000000
0.92808208,0.00000000
0.93715461,0.00000000
0.95392364,0.00000000
0.95806374,0.00000000
0.95981551,0.00000000
0.99190042,0.00000000
0.94374319,0.00000000
0.95787001,0.00000000
0.92026518,0.00000000
0.96394693,0.00000000
0.95222139,0.00000000
0.95063690,0.00000000
0.93405784,0.00000000
0.95611084,0.00000000
0.94136677,0.00000000
0.93426886,0.00000000
0.94965133,0.00000000
0.92902834,0.00000000
0.93669739,0.00000000
0.97180064,0.00000000
0.95202266,0.00000000
0.93596349,0.00000000
0.93633634,0.00000000
0.93986740,0.00000000
0.93230048,0.00000000
0.97277495,0.00000000
0.91872273,0.00000000
0.93697057,0.00000000
0.89830604,0.00000000
0.94789407,0.00000000
0.90693407,0.00000000
0.86738103,0.00000000
0.94023301,0.00000000
0.89025801,0.00000000
0.86415695,0.00000000
0.88334417,0.00000000
0.90573904,0.00000000
0.91552608,0.00000000
0.90287328,0.00000000
0.82892623,0.00000000
0.86927122,0.00000000
0.87347110,0.00000000
0.91319721,0.00000000
0.90001826,0.00000000
0.88176784,0.00000000
0.57888780,0.00000000
0.88440067,0.00000000
0.90167027,0.00000000
0.47523034,0.00000000
0.89828177,0.00000000
0.50126759,0.00000000
0.88577309,0.00000000
0.45345658,0.00000000
0.94443910,0.00000000
0.44573836,0.00000000
0.89960254,0.00000000
0.93447836,0.00000000
0.49454638,0.00000000
0.87203675,0.00000000
0.96647987,0.00000000
0.95139206,0.00000000
0.92315711,0.00000000
0.93987124,0.00000000
0.87058775,0.00000000
0.84322901,0.00000000
0.82635290,0.00000000
0.92758608,0.00000000
0.93358948,0.00000000
0.89280108,0.00000000
0.90503105,0.00000000
0.87871682,0.00000000
0.92881912,0.00000000
0.92463876,0.00000000
0.95307115,0.00000000
0.92608570,0.00000000
0.95694270,0.00000000
0.90190044,0.00000000
0.93289223,0.00000000
0.91900658,0.00000000
0.89514260,0.00000000
0.91306991,0.00000000
0.95141762,0.00000000
0.91576276,0.00000000
0.95532404,0.00000000
0.94366202,0.00000000
0.95444753,0.00000000
0.92075747,0.00000000
0.93987070,0.00000000
0.98770612,0.00000000
0.94215068,0.00000000
0.97184393,0.00000000
0.91463214,0.00000000
0.91151615,0.00000000
0.95009865,0.00000000
0.94315632,0.00000000
0.88173981,0.00000000
0.88356552,0.00000000
0.89974857,0.00000000
0.90208114,0.00000000
0.89931294,0.00000000
0.87943289,0.00000000
0.86383205,0.00000000
0.87869309,0.00000000
0.90292843,0.00000000
0.87919071,0.00000000
0.84946268,0.00000000
0.88104283,0.00000000
0.89593203,0.00000000
0.89637123,0.00000000
0.88964788,0.00000000
0.89807286,0.00000000
0.91277188,0.00000000
0.90537912,0.00000000
0.94819895,0.00000000
0.89906761,0.00000000
0.87983456,0.00000000
0.89897594,0.00000000
0.86893567,0.00000000
0.85413654,0.00000000
0.85256744,0.00000000
0.87982203,0.00000000
0.85417205,0.00000000
0.89736818,0.00000000
0.90649170,0.00000000
0.89818532,0.00000000
0.91064621,0.00000000
0.84915636,0.00000000
0.84412627,0.00000000
0.83856288,0.00000000
0.93090105,0.00000000
0.92463326,0.00000000
0.88358527,0.00000000
0.89130754,0.00000000
0.91558739,0.00000000
0.91863117,0.00000000
0.80427227,0.00000000
0.83828579,0.00000000
0.86580823,0.00000000
0.94601298,0.00000000
0.92478778,0.00000000
0.78838669,0.00000000
0.83322185,0.00000000
0.85872760,0.00000000
0.93993132,0.00000000
0.92103249,0.00000000
0.89596754,0.00000000
0.88539160,0.00000000
0.92174274,0.00000000
0.92744251,0.00000000
0.93151561,0.00000000
0.91616798,0.00000000
0.91229287,0.00000000
0.91130833,0.00000000
0.93382426,0.00000000
0.91943257,0.00000000
0.92773662,0.00000000
0.88819211,0.00000000
0.89483193,0.00000000
0.90027192,0.00000000
0.91331066,0.00000000
0.87918033,0.00000000
0.89142016,0.00000000
0.90643253,0.00000000
0.90298582,0.00000000
0.89073294,0.00000000
0.87668669,0.00000000
0.92738182,0.00000000
0.92264990,0.00000000
0.89715635,0.00000000
0.92623728,0.00000000
0.91180404,0.00000000
0.90863669,0.00000000
0.89004946,0.00000000
0.90421534,0.00000000
0.93770107,0.00000000
0.90057684,0.00000000
0.92082104,0.00000000
0.87493510,0.00000000
0.88484806,0.00000000
0.90623523,0.00000000
0.90871295,0.00000000
0.93315914,0.00000000
0.95302720,0.00000000
0.88719059,0.00000000
0.91622040,0.00000000
0.93977398,0.00000000
0.88088856,0.00000000
0.87417882,0.00000000
0.86268599,0.00000000
0.91452923,0.00000000
0.91525467,0.00000000
0.92129507,0.00000000
0.91283227,0.00000000
0.92871357,0.00000000
0.92418137,0.00000000
0.94183787,0.00000000
0.90306935,0.00000000
0.95743361,0.00000000
0.94737111,0.00000000
0.92266477,0.00000000
0.94824548,0.00000000
0.91562494,0.00000000
0.90983528,0.00000000
0.94087987,0.00000000
0.92245227,0.00000000
0.94034157,0.00000000
0.94284315,0.00000000
0.92296179,0.00000000
0.91428884,0.00000000
0.91975648,0.00000000
0.92312905,0.00000000
0.91642168,0.00000000
0.92053455,0.00000000
0.93229710,0.00000000
0.95252589,0.00000000
0.94828310,0.00000000
0.93102046,0.00000000
0.94317741,0.00000000
0.96102819,0.00000000
0.93446110,0.00000000
0.92602490,0.00000000
0.95746653,0.00000000
0.89769718,0.00000000
0.91222258,0.00000000
0.92228085,0.00000000
0.90633568,0.00000000
0.92413268,0.00000000
0.90133927,0.00000000
0.93025144,0.00000000
0.90262072,0.00000000
0.90280584,0.00000000
0.87186938,0.00000000
0.90841032,0.00000000
0.89055644,0.00000000
0.87718964,0.00000000
0.90945288,0.00000000
0.89898839,0.00000000
0.86494537,0.00000000
0.88057927,0.00000000
0.94213620,0.00000000
0.94534962,0.00000000
0.95744442,0.00000000
0.94183640,0.00000000
0.95935353,0.00000000
0.94723600,0.00000000
0.94359917,0.00000000
0.95760930,0.00000000
0.96072844,0.00000000
0.93877820,0.00000000
0.95350523,0.00000000
0.96747712,0.00000000
0.96911421,0.00000000
0.98765214,0.00000000
0.95323390,0.00000000
0.97009401,0.00000000
0.97957050,0.00000000
0.95401550,0.00000000
0.96394935,0.00000000
0.95985345,0.00000000
0.91737921,0.00000000
0.92696707,0.00000000
0.95924685,0.00000000
0.92694984,0.00000000
0.94057484,0.00000000
0.95691364,0.00000000
0.95804575,0.00000000
0.95874851,0.00000000
0.95989873,0.00000000
0.94087261,0.00000000
0.90127335,0.00000000
0.92945545,0.00000000
0.92474560,0.00000000
0.92001026,0.00000000
0.89503241,0.00000000
0.89673019,0.00000000
0.94764634,0.00000000
0.93678237,0.00000000
0.93146745,0.00000000
0.96879113,0.00000000
0.93181484,0.00000000
0.92788118,0.00000000
0.92783630,0.00000000
0.92677111,0.00000000
0.92156262,0.00000000
0.92572979,0.00000000
0.90641254,0.00000000
0.91391923,0.00000000
0.90956391,0.00000000
0.91704497,0.00000000
0.91478469,0.00000000
0.92899546,0.00000000
0.91886399,0.00000000
0.92390052,0.00000000
0.91372748,0.00000000
0.91547627,0.00000000
0.92968938,0.00000000
0.91957199,0.00000000
0.92588329,0.00000000
0.92684332,0.00000000
0.92554850,0.00000000
0.94343103,0.00000000
0.93303447,0.00000000
0.93018719,0.00000000
0.91952228,0.00000000
0.92861254,0.00000000
0.92235143,0.00000000
0.93558492,0.00000000
0.90714569,0.00000000
0.92149040,0.00000000
0.89192289,0.00000000
0.89514604,0.00000000
0.90867249,0.00000000
0.89168289,0.00000000
0.90598450,0.00000000
0.82198076,0.00000000
0.83188739,0.00000000
0.82487281,0.00000000
0.82002910,0.00000000
0.80929911,0.00000000
0.83480927,0.00000000
0.91725167,0.00000000
0.89149131,0.00000000
0.92246871,0.00000000
0.91407454,0.00000000
0.90235524,0.00000000
0.88669358,0.00000000
0.91688028,0.00000000
0.89072606,0.00000000
0.90215879,0.00000000
0.92563901,0.00000000
0.90535090,0.00000000
0.91862917,0.00000000
0.91113544,0.00000000
0.90940777,0.00000000
0.91603776,0.00000000
0.89413594,0.00000000
0.86243254,0.00000000
0.87755441,0.00000000
0.91708272,0.00000000
0.91146003,0.00000000
0.86481014,0.00000000
0.89472562,0.00000000
0.90384751,0.00000000
0.83801773,0.00000000
0.85154232,0.00000000
0.82171500,0.00000000
0.84328698,0.00000000
0.88267651,0.00000000
0.86951284,0.00000000
0.88506632,0.00000000
0.83190643,0.00000000
0.87681195,0.00000000
0.88003666,0.00000000
0.89604238,0.00000000
0.91077445,0.00000000
0.94276099,0.00000000
0.90847063,0.00000000
0.90117419,0.00000000
0.87520282,0.00000000
0.91073490,0.00000000
0.87426413,0.00000000
0.92822602,0.00000000
0.90370181,0.00000000
0.93365692,0.00000000
0.93680947,0.00000000
0.89953903,0.00000000
0.90807139,0.00000000
0.92436639,0.00000000
0.94432524,0.00000000
0.89262203,0.00000000
0.92085490,0.00000000
0.93814747,0.00000000
0.94310103,0.00000000
0.93489168,0.00000000
0.92847550,0.00000000
0.91987860,0.00000000
0.92961033,0.00000000
0.97151301,0.00000000
0.92855162,0.00000000
0.92834631,0.00000000
0.96121048,0.00000000
0.93920514,0.00000000
0.89650697,0.00000000
0.92444218,0.00000000
0.92103662,0.00000000
0.92169136,0.00000000
0.91760113,0.00000000
0.94535508,0.00000000
0.92182066,0.00000000
0.91076527,0.00000000
0.91621725,0.00000000
0.87214135,0.00000000
0.90986349,0.00000000
0.86705774,0.00000000
0.85844939,0.00000000
0.91856573,0.00000000
0.89239499,0.00000000
0.84951939,0.00000000
0.84186009,0.00000000
0.82860711,0.00000000
0.82302819,0.00000000
0.79433867,0.00000000
0.75790127,0.00000000
0.76638022,0.00000000
0.74849181,0.00000000
0.77682731,0.00000000
0.80447268,0.00000000
0.81118685,0.00000000
0.82215564,0.00000000
0.85576352,0.00000000
0.86224175,0.00000000
0.85875349,0.00000000
0.83805640,0.00000000
0.86710212,0.00000000
0.89134144,0.00000000
0.87867868,0.00000000
0.87841096,0.00000000
0.94394402,0.00000000
0.94715686,0.00000000
0.91982798,0.00000000
0.93232267,0.00000000
0.92704084,0.00000000
0.92378752,0.00000000
0.92043593,0.00000000
0.89153425,0.00000000
0.90498881,0.00000000
0.95017955,0.00000000
0.92903245,0.00000000
0.93191992,0.00000000
0.93778508,0.00000000
0.92793507,0.00000000
0.93157264,0.00000000
0.93007450,0.00000000
0.91906905,0.00000000
0.91473732,0.00000000
0.91941020,0.00000000
0.89653239,0.00000000
0.91053889,0.00000000
0.93848183,0.00000000
0.92237336,0.00000000
0.93935716,0.00000000
0.95635110,0.00000000
0.90864364,0.00000000
0.93358392,0.00000000
0.96146742,0.00000000
0.98361079,0.00000000
0.91799536,0.00000000
0.94248010,0.00000000
0.93715114,0.00000000
0.92912683,0.00000000
0.93712380,0.00000000
0.91468865,0.00000000
0.92438741,0.00000000
0.93120643,0.00000000
0.93140434,0.00000000
0.90801036,0.00000000
0.91533414,0.00000000
0.94337872,0.00000000
0.93936489,0.00000000
0.93330871,0.00000000
0.91803415,0.00000000
0.96172775,0.00000000
0.96623503,0.00000000
0.94674621,0.00000000
0.96343002,0.00000000
0.95628081,0.00000000
0.91676605,0.00000000
0.91571194,0.00000000
0.91887154,0.00000000
0.91980725,0.00000000
0.91473324,0.00000000
0.93316782,0.00000000
0.95883447,0.00000000
0.96236519,0.00000000
0.97465766,0.00000000
0.96974038,0.00000000
0.98677541,0.00000000
0.97236309,0.00000000
0.97630702,0.00000000
0.97765520,0.00000000
0.97329052,0.00000000
0.96679389,0.00000000
0.96500842,0.00000000
0.95700368,0.00000000
0.96236911,0.00000000
0.91059285,0.00000000
0.91293188,0.00000000
0.91415040,0.00000000
0.90807732,0.00000000
0.90504872,0.00000000
0.89828212,0.00000000
0.89958894,0.00000000
0.88900582,0.00000000
0.86223177,0.00000000
0.90195595,0.00000000
0.90676763,0.00000000
0.92693697,0.00000000
0.89358251,0.00000000
0.97083803,0.00000000
0.89836014,0.00000000
0.92982227,0.00000000
0.85173198,0.00000000
0.93318244,0.00000000
0.90724628,0.00000000
0.91751944,0.00000000
0.92302229,0.00000000
0.91456604,0.00000000
0.90244249,0.00000000
0.91667065,0.00000000
0.88795984,0.00000000
0.98517093,0.00000000
0.95118728,0.00000000
0.96240413,0.00000000
0.97274857,0.00000000
0.99092529,0.00000000
0.96900454,0.00000000
0.97506870,0.00000000
0.95996879,0.00000000
0.96640643,0.00000000
0.93183551,0.00000000
0.95668761,0.00000000
0.95008416,0.00000000
0.93803117,0.00000000
0.91771599,0.00000000
0.92163322,0.00000000
0.90273808,0.00000000
0.93542171,0.00000000
0.96403837,0.00000000
0.93535737,0.00000000
0.98591910,0.00000000
0.97066058,0.00000000
0.97152732,0.00000000
0.97254063,0.00000000
0.97680852,0.00000000
0.97023553,0.00000000
0.97619528,0.00000000
0.96803163,0.00000000
0.96454662,0.00000000
0.96143194,0.00000000
0.92569342,0.00000000
0.94271960,0.00000000
0.95082995,0.00000000
0.95345378,0.00000000
0.97053603,0.00000000
0.96546613,0.00000000
0.95942993,0.00000000
0.95184571,0.00000000
0.95231550,0.00000000
0.98879133,0.00000000
0.97116712,0.00000000
0.95497661,0.00000000
0.98135887,0.00000000
0.97445155,0.00000000
0.97727936,0.00000000
0.97293208,0.00000000
0.98232787,0.00000000
0.97328289,0.00000000
0.97485205,0.00000000
0.98663746,0.00000000
0.98669267,0.00000000
0.97527759,0.00000000
0.97986129,0.00000000
0.95207327,0.00000000
0.95205214,0.00000000
0.95954588,0.00000000
0.96854799,0.00000000
0.96871392,0.00000000
0.94660038,0.00000000
0.94871520,0.00000000
0.98755480,0.00000000
0.96948138,0.00000000
0.94681526,0.00000000
0.95930862,0.00000000
0.96580955,0.00000000
0.96735402,0.00000000
0.91803140,0.00000000
0.97604139,0.00000000
0.93728286,0.00000000
0.94571614,0.00000000
0.96726813,0.00000000
0.95327544,0.00000000
0.91979346,0.00000000
0.95308730,0.00000000
0.87446780,0.00000000
0.86399110,0.00000000
0.95242669,0.00000000
0.93870405,0.00000000
0.93928896,0.00000000
0.94567247,0.00000000
0.87643714,0.00000000
0.88522819,0.00000000
0.89482014,0.00000000
0.91651943,0.00000000
0.90050754,0.00000000
0.92266898,0.00000000
0.94152371,0.00000000
0.91349399,0.00000000
0.92845289,0.00000000
0.94790559,0.00000000
0.93771507,0.00000000
0.93746453,0.00000000
0.96269880,0.00000000
0.94003979,0.00000000
0.89411013,0.00000000
0.93517767,0.00000000
0.92563053,0.00000000
0.91900378,0.00000000
0.95516983,0.00000000
0.92866372,0.00000000
0.95695613,0.00000000
0.93731180,0.00000000
0.93885531,0.00000000
0.91071168,0.00000000
0.90843698,0.00000000
0.89977095,0.00000000
0.86592460,0.00000000
0.88979472,0.00000000
0.90207186,0.00000000
0.92005303,0.00000000
0.86055065,0.00000000
0.86098720,0.00000000
0.84891482,0.00000000
0.86921699,0.00000000
0.74628931,0.00000000
0.83453977,0.00000000
0.78409001,0.00000000
0.83094368,0.00000000
0.83841154,0.00000000
0.80722607,0.00000000
0.83559822,0.00000000
0.83121433,0.00000000
0.85317400,0.00000000
0.87506455,0.00000000
0.84113070,0.00000000
0.87091734,0.00000000
0.90721433,0.00000000
0.92269985,0.00000000
0.92495335,0.00000000
0.84168712,0.00000000
0.92596082,0.00000000
0.92485537,0.00000000
0.89708025,0.00000000
0.87724600,0.00000000
0.90648962,0.00000000
0.91940830,0.00000000
0.87613100,0.00000000
0.88805772,0.00000000
0.80761380,0.00000000
0.83377431,0.00000000
0.81821824,0.00000000
0.80872469,0.00000000
0.80839854,0.00000000
0.80312227,0.00000000
0.90923773,0.00000000
0.91465059,0.00000000
0.92519217,0.00000000
0.90422278,0.00000000
0.89685159,0.00000000
0.90399168,0.00000000
0.90416169,0.00000000
0.92695962,0.00000000
0.85145459,0.00000000
0.86297282,0.00000000
0.92510062,0.00000000
0.87124157,0.00000000
0.89181565,0.00000000
0.64232938,0.00000000
0.50012278,0.00000000
0.52700386,0.00000000
0.86667580,0.00000000
0.83427916,0.00000000
0.62224246,0.00000000
0.47433594,0.00000000
0.40397814,0.00000000
0.55810900,0.00000000
0.37237139,0.00000000
0.51120649,0.00000000
0.35348560,0.00000000
0.32180571,0.00000000
0.34496590,0.00000000
0.31291165,0.00000000
0.31039965,0.00000000
0.33873177,0.00000000
0.34676871,0.00000000
0.34642724,0.00000000
0.35593175,0.00000000
0.36400275,0.00000000
0.35163499,0.00000000
0.34557866,0.00000000
0.40403848,0.00000000
0.44326042,0.00000000
0.34063338,0.00000000
0.30764080,0.00000000
0.25763862,0.00000000
0.65757450,0.00000000
0.63502669,0.00000000
0.61535701,0.00000000
0.51668666,0.00000000
0.68057281,0.00000000
0.47801734,0.00000000
0.84514120,0.00000000
0.84494305,0.00000000
0.82182951,0.00000000
0.89309479,0.00000000
0.73894162,0.00000000
0.59248715,0.00000000
0.51692295,0.00000000
0.51041966,0.00000000
0.48097350,0.00000000
0.50078062,0.00000000
0.48944627,0.00000000
0.48320267,0.00000000
0.56508985,0.00000000
0.57839137,0.00000000
0.44921110,0.00000000
0.59507810,0.00000000
0.72205084,0.00000000
0.70679421,0.00000000
0.67183225,0.00000000
0.66121411,0.00000000
0.70521797,0.00000000
0.71894852,0.00000000
0.70406396,0.00000000
0.70852397,0.00000000
0.84798199,0.00000000
0.81730829,0.00000000
0.87359278,0.00000000
0.85017240,0.00000000
0.67903080,0.00000000
0.86752321,0.00000000
0.91117357,0.00000000
0.91195970,0.00000000
0.92507636,0.00000000
0.92550730,0.00000000
0.97297964,0.00000000
0.96248199,0.00000000
0.94745015,0.00000000
0.93901166,0.00000000
0.95889100,0.00000000
0.89430928,0.00000000
0.64093533,0.00000000
0.64683403,0.00000000
0.64283738,0.00000000
0.65627478,0.00000000
0.91549198,0.00000000
0.89199822,0.00000000
0.92810820,0.00000000
0.85757686,0.00000000
0.86268530,0.00000000
0.89621215,0.00000000
0.85810806,0.00000000
0.70921323,0.00000000
0.73848053,0.00000000
0.96581800,0.00000000
0.86660675,0.00000000
0.88732525,0.00000000
0.88007930,0.00000000
0.90499503,0.00000000
0.91680130,0.00000000
0.90990961,0.00000000
0.91387001,0.00000000
0.88605367,0.00000000
0.95113148,0.00000000
0.92654977,0.00000000
0.91334022,0.00000000
0.93437580,0.00000000
0.93717312,0.00000000
0.90135279,0.00000000
0.92916637,0.00000000
0.89941881,0.00000000
0.90935054,0.00000000
0.90652284,0.00000000
0.95018047,0.00000000
0.94084852,0.00000000
0.90812476,0.00000000
0.91154564,0.00000000
0.91811854,0.00000000
0.88714234,0.00000000
0.85834063,0.00000000
0.88550847,0.00000000
0.81803612,0.00000000
0.81056250,0.00000000
0.92850093,0.00000000
0.93027026,0.00000000
0.93116472,0.00000000
0.93894066,0.00000000
0.97202208,0.00000000
0.95698165,0.00000000
0.95634177,0.00000000
0.93896970,0.00000000
0.93379424,0.00000000
0.92387444,0.00000000
0.92934292,0.00000000
0.95444847,0.00000000
0.93729257,0.00000000
0.97319344,0.00000000
0.95579933,0.00000000
0.93130049,0.00000000
0.95214242,0.00000000
0.94369648,0.00000000
0.86059437,0.00000000
0.87575764,0.00000000
0.93137708,0.00000000
0.95512799,0.00000000
0.95746127,0.00000000
0.95523956,0.00000000
0.91150990,0.00000000
0.90229280,0.00000000
0.89634787,0.00000000
0.90502283,0.00000000
0.91489173,0.00000000
0.90130882,0.00000000
0.91387731,0.00000000
0.92183210,0.00000000
0.92373881,0.00000000
0.94822898,0.00000000
0.93396769,0.00000000
0.93709054,0.00000000
0.95748577,0.00000000
0.91705406,0.00000000
0.92977519,0.00000000
0.94792445,0.00000000
0.97088146,0.00000000
0.96848579,0.00000000
0.93743050,0.00000000
0.93872337,0.00000000
0.95204594,0.00000000
0.95816230,0.00000000
0.98368048,0.00000000
0.95047786,0.00000000
0.95938904,0.00000000
0.96887120,0.00000000
0.95326271,0.00000000
0.92273541,0.00000000
0.89912956,0.00000000
0.92034679,0.00000000
0.89660657,0.00000000
0.92234027,0.00000000
0.91172581,0.00000000
0.92075443,0.00000000
0.95030649,0.00000000
0.93857202,0.00000000
0.97534495,0.00000000
0.95163530,0.00000000
0.97377136,0.00000000
0.93658042,0.00000000
0.92520572,0.00000000
0.92711864,0.00000000
0.92203548,0.00000000
0.92171677,0.00000000
0.91883176,0.00000000
0.90596488,0.00000000
0.88850901,0.00000000
0.86681666,0.00000000
0.93592377,0.00000000
0.92081835,0.00000000
0.92695854,0.00000000
0.89791854,0.00000000
0.84635361,0.00000000
0.82444796,0.00000000
0.82282379,0.00000000
0.89188903,0.00000000
0.88591771,0.00000000
0.90158615,0.00000000
0.90530243,0.00000000
0.93834455,0.00000000
0.90623271,0.00000000
0.95623067,0.00000000
0.95157338,0.00000000
0.92373641,0.00000000
0.91806123,0.00000000
0.88661247,0.00000000
0.92453903,0.00000000
0.94113145,0.00000000
0.87596064,0.00000000
0.88582466,0.00000000
0.87776570,0.00000000
0.91571213,0.00000000
0.93347213,0.00000000
0.91987909,0.00000000
0.88279266,0.00000000
0.92708467,0.00000000
0.87704088,0.00000000
0.89742783,0.00000000
0.92468286,0.00000000
0.89912932,0.00000000
0.83654117,0.00000000
0.85916055,0.00000000
0.82375696,0.00000000
0.91746879,0.00000000
0.88890449,0.00000000
0.96611381,0.00000000
0.93622057,0.00000000
0.92015022,0.00000000
0.93166388,0.00000000
0.95916003,0.00000000
0.94957547,0.00000000
0.98320316,0.00000000
0.96468316,0.00000000
0.96268657,0.00000000
0.96439459,0.00000000
0.95856144,0.00000000
0.95716849,0.00000000
0.94832154,0.00000000
0.97090495,0.00000000
0.94244165,0.00000000
0.90765992,0.00000000
0.95434653,0.00000000
0.92595359,0.00000000
0.89878053,0.00000000
0.90868647,0.00000000
0.90608563,0.00000000
0.94206084,0.00000000
0.98283690,0.00000000
0.94587692,0.00000000
0.93136734,0.00000000
0.95362933,0.00000000
0.95871795,0.00000000
0.98045118,0.00000000
0.93989637,0.00000000
0.93406116,0.00000000
0.97169730,0.00000000
0.89344563,0.00000000
0.94878173,0.00000000
0.96521405,0.00000000
0.93269467,0.00000000
0.95550832,0.00000000
0.96141952,0.00000000
0.94233893,0.00000000
0.93486093,0.00000000
0.92935463,0.00000000
0.94094959,0.00000000
0.94215558,0.00000000
0.96705377,0.00000000
0.95964476,0.00000000
0.97621483,0.00000000
0.94457427,0.00000000
0.97470084,0.00000000
0.96982795,0.00000000
0.95374860,0.00000000
0.98166695,0.00000000
0.92327102,0.00000000
0.92078446,0.00000000
0.90733188,0.00000000
0.88306499,0.00000000
0.90526665,0.00000000
0.90306070,0.00000000
0.94938115,0.00000000
0.94604605,0.00000000
0.96888323,0.00000000
0.97235724,0.00000000
0.97260267,0.00000000
0.97059730,0.00000000
0.94630541,0.00000000
0.95762098,0.00000000
0.96844979,0.00000000
0.91963704,0.00000000
0.99027947,0.00000000
0.91737884,0.00000000
0.90361907,0.00000000
