877.000,298.000,107.000,23.000
879.033,297.156,97.459,24.788
878.488,297.330,97.564,25.327
875.902,297.649,97.360,24.788
875.307,296.049,97.564,26.313
873.314,296.613,97.692,25.286
872.385,296.912,97.957,25.584
871.088,297.236,96.729,25.841
869.828,296.750,98.649,26.713
868.039,297.328,98.723,25.660
867.280,297.628,96.806,25.162
866.158,296.936,97.465,26.446
864.273,297.505,97.765,25.411
863.531,297.804,98.649,25.713
862.734,296.311,96.806,26.981
860.272,297.598,98.244,26.971
859.517,297.275,97.487,26.690
857.395,297.903,98.244,26.356
857.125,297.406,96.540,26.431
855.026,298.030,98.707,26.099
854.987,297.404,98.785,27.248
854.018,297.085,98.225,27.782
852.527,298.012,97.129,26.870
851.457,297.192,96.808,27.894
849.500,298.236,98.225,26.741
848.736,296.974,97.487,28.339
847.130,296.999,98.481,28.183
845.283,296.946,99.220,29.344
844.432,298.220,98.545,27.770
842.859,297.817,99.170,29.415
841.749,297.979,99.001,28.984
840.484,298.058,98.627,28.717
840.037,298.139,98.988,29.622
838.837,299.489,99.001,29.093
838.110,297.794,98.089,29.685
836.693,298.158,99.734,30.039
835.398,297.620,99.914,31.333
836.610,298.271,98.609,31.152
834.052,298.077,99.062,31.762
833.045,298.876,98.374,31.291
833.923,297.751,97.729,31.540
831.249,298.573,99.954,31.570
829.225,298.375,99.837,32.191
829.746,298.346,98.681,32.477
829.690,299.140,97.659,31.796
828.430,299.197,98.504,31.905
828.720,299.167,97.811,32.191
827.088,299.279,98.374,32.191
827.887,299.999,96.437,32.221
825.348,299.265,98.169,32.909
825.616,299.523,99.572,32.620
825.787,299.637,97.177,32.620
825.196,299.894,97.229,32.899
824.413,300.218,97.659,33.045
823.628,300.088,97.291,33.077
822.876,300.502,96.864,33.045
821.910,299.877,97.659,33.499
820.907,300.360,99.550,33.909
819.980,300.763,99.424,33.336
819.424,301.021,98.571,33.050
818.877,301.279,100.810,33.222
820.654,300.945,97.953,33.657
821.421,300.975,98.144,33.942
825.079,301.537,98.571,33.627
828.950,300.902,96.953,34.090
830.599,301.608,99.295,34.057
832.807,302.086,99.424,33.918
834.264,302.027,98.841,33.802
834.012,302.448,98.997,33.773
833.837,302.854,101.435,35.050
835.894,302.325,98.637,35.270
837.162,303.196,98.225,34.355
836.388,302.773,98.608,34.967
836.435,302.506,101.688,35.150
837.574,303.032,98.689,35.538
837.243,302.899,101.131,37.228
839.445,302.930,98.080,36.303
838.390,303.028,100.072,37.183
840.455,303.189,98.991,36.496
840.883,303.835,100.306,37.253
841.154,303.955,99.397,37.381
841.173,303.482,99.480,37.351
841.235,303.726,101.555,37.961
843.059,303.898,99.276,38.739
843.744,303.711,99.774,37.992
843.342,304.666,101.938,38.181
845.161,304.122,100.175,38.269
844.756,304.523,101.111,38.955
846.020,304.965,100.724,39.206
846.840,304.776,100.976,38.575
848.178,305.179,100.175,38.894
849.116,304.992,99.675,38.269
848.460,305.393,101.111,38.583
849.866,305.050,100.175,38.269
849.460,305.451,101.111,38.955
850.473,305.893,102.111,38.449
850.424,305.405,102.334,39.050
850.080,305.819,103.149,39.741
851.386,306.276,102.723,39.212
852.811,305.933,101.778,38.881
850.880,306.968,105.389,38.953
853.048,307.032,105.166,38.569
853.713,307.055,105.240,38.907
854.211,306.530,105.653,39.060
853.169,306.647,106.323,39.984
853.190,307.576,107.064,39.953
855.213,306.975,105.639,39.975
854.185,307.323,108.084,40.450
856.129,307.530,106.186,41.228
857.123,308.127,106.186,40.433
856.669,308.477,107.884,40.128
856.860,307.938,107.634,40.280
856.926,308.797,109.879,40.412
859.373,308.166,109.258,40.070
857.264,308.184,110.295,41.626
859.209,308.451,109.943,40.820
859.615,308.617,109.265,40.890
861.559,308.818,109.667,41.695
859.590,309.194,111.572,41.348
861.901,309.322,111.304,40.820
860.960,309.337,111.161,41.196
861.364,309.464,114.013,42.162
863.716,309.546,111.395,41.026
862.610,309.588,112.792,41.348
865.138,310.250,112.122,41.943
865.209,309.623,111.568,41.958
867.125,309.905,111.163,40.984
864.898,311.217,112.916,41.196
865.772,310.374,114.717,42.473
868.084,310.459,112.196,41.881
866.540,310.627,116.108,42.784
867.179,310.717,114.972,43.027
867.249,310.929,116.383,43.027
869.891,310.990,114.935,43.332
868.041,311.278,117.079,42.471
868.961,311.137,117.787,44.029
871.327,310.453,116.959,44.239
871.169,310.818,117.419,43.942
873.258,311.034,115.402,43.942
875.213,311.477,116.338,44.340
874.745,311.027,117.419,44.806
872.459,311.449,120.389,45.273
874.461,311.726,118.607,44.422
874.516,312.684,121.117,44.545
875.215,312.748,119.865,44.122
874.153,312.828,121.844,45.273
874.402,312.954,122.986,45.468
874.814,313.027,122.311,45.023
875.500,313.103,124.951,45.315
875.638,313.777,125.279,46.076
876.382,313.851,123.942,44.862
875.681,313.697,126.241,45.620
875.082,313.543,125.767,46.383
875.663,313.621,128.737,46.688
875.623,314.873,127.263,46.985
878.308,314.948,126.853,46.523
877.177,314.944,127.422,46.993
875.910,315.024,129.800,47.299
879.078,314.955,125.820,46.338
876.472,315.009,130.574,47.607
877.421,314.943,128.834,47.424
877.014,315.011,131.369,47.756
878.157,316.371,130.828,46.939
876.341,315.180,132.888,47.281
878.040,314.799,132.354,47.724
877.563,316.072,133.150,47.088
877.693,316.463,132.731,47.574
877.404,317.024,134.263,47.724
878.056,317.441,134.727,47.371
878.345,316.955,136.388,47.224
876.470,316.244,137.402,48.324
878.796,317.248,136.988,49.251
878.331,317.844,136.110,47.729
878.683,318.118,139.767,47.666
878.554,318.723,138.390,47.602
878.164,317.974,140.145,48.774
877.367,318.186,140.083,48.019
878.449,318.167,140.224,47.729
877.185,318.731,141.111,48.568
878.151,318.767,141.503,48.164
878.033,319.337,142.732,48.185
878.316,319.181,143.164,48.994
876.781,318.297,143.208,49.585
877.539,319.080,144.060,50.049
876.772,319.272,145.083,49.325
878.258,319.853,144.486,50.197
877.490,320.046,145.509,49.470
878.979,319.098,147.124,50.175
880.437,319.750,142.315,50.937
882.166,319.460,141.927,50.323
886.822,320.540,137.194,49.349
877.500,320.287,148.079,49.525
878.101,319.140,146.363,50.618
878.969,319.942,147.044,50.223
877.633,320.617,149.371,50.077
877.026,320.385,148.854,50.195
877.372,320.904,151.278,51.234
875.489,321.446,149.570,50.504
875.590,321.281,152.326,51.356
874.720,321.812,152.296,51.533
874.860,321.651,155.213,51.501
874.562,321.970,154.017,52.115
873.449,320.910,154.447,52.979
873.166,321.684,155.919,52.697
872.134,321.521,156.168,52.661
872.497,322.066,156.350,52.843
871.462,321.902,158.055,53.717
873.146,322.548,157.273,52.793
872.355,323.017,158.489,53.134
871.519,321.786,158.319,54.307
871.245,322.585,158.311,54.008
871.181,321.640,161.771,54.602
871.562,322.232,160.444,53.795
870.834,322.704,158.551,55.084
868.724,323.679,162.584,53.509
869.940,323.866,163.520,54.444
866.796,324.237,163.756,54.081
869.653,323.742,163.134,54.692
868.208,324.237,165.080,55.027
866.857,323.850,165.107,56.373
866.764,324.617,168.766,55.226
865.191,323.578,165.912,54.401
865.238,323.714,167.914,55.463
864.981,323.954,166.493,55.369
863.678,324.290,170.448,55.083
861.752,324.270,169.641,56.482
862.642,324.665,168.840,56.084
861.415,325.003,172.661,55.798
862.225,324.985,169.075,56.227
860.895,325.324,173.104,55.941
858.950,325.306,173.841,56.370
858.905,326.550,172.742,55.468
859.189,326.438,173.547,56.084
857.240,326.421,176.851,56.513
857.822,326.263,174.487,55.028
855.841,325.931,176.684,57.065
856.704,327.516,177.170,55.906
855.669,327.126,178.642,57.086
854.246,326.970,180.880,55.578
854.393,326.203,179.985,57.515
852.968,327.677,182.224,56.601
852.662,327.677,182.224,57.619
851.683,327.363,183.567,58.659
852.109,327.141,184.172,57.229
850.646,328.205,185.248,57.158
850.730,327.517,184.462,58.945
849.073,327.924,184.430,56.876
849.197,328.469,185.618,57.429
847.175,327.845,186.976,59.089
848.207,328.747,186.386,58.969
845.802,328.397,189.305,57.779
845.084,329.199,188.854,58.270
843.914,329.130,189.305,59.460
844.169,329.308,189.220,60.168
842.869,329.059,191.178,58.742
841.950,330.008,191.108,60.026
841.145,329.547,192.074,58.802
837.661,330.392,196.697,59.244
838.977,329.974,193.417,58.781
839.776,330.742,193.314,59.383
837.928,329.959,194.220,59.017
836.534,330.281,196.366,60.090
837.010,330.731,194.760,58.537
834.402,330.881,198.477,59.950
833.299,331.562,197.841,58.369
831.764,331.492,199.835,60.230
833.077,332.179,198.747,58.636
830.448,332.539,200.548,60.078
828.811,331.322,202.281,60.530
828.232,332.335,202.774,61.165
827.211,333.020,201.916,59.571
824.733,333.378,204.457,61.052
826.559,333.940,203.263,59.704
822.960,333.789,203.403,59.344
821.870,333.966,204.482,61.191
820.347,332.738,206.855,59.838
817.350,333.652,209.502,61.133
817.406,333.852,208.031,60.506
816.527,334.007,208.665,59.971
815.303,333.962,209.097,62.303
817.204,334.479,206.896,61.040
813.273,334.834,211.381,62.581
815.417,334.761,210.091,62.036
812.785,335.144,216.498,61.040
811.269,334.829,212.166,61.441
810.589,335.829,212.383,62.640
808.850,336.180,213.320,61.477
808.279,337.069,213.312,60.389
806.602,336.830,213.260,60.639
804.660,336.194,215.095,61.228
802.443,335.973,218.609,61.441
803.349,336.518,215.636,61.047
800.034,337.191,218.593,60.389
801.867,338.851,217.459,59.140
800.673,338.896,218.483,59.731
799.266,339.042,221.984,58.297
799.851,338.536,219.446,58.169
800.135,338.225,217.521,57.659
811.406,339.265,204.614,57.597
816.660,338.469,198.894,60.930
791.683,339.372,222.816,58.903
791.958,340.351,222.956,59.011
792.302,340.007,222.956,58.552
786.244,340.873,225.907,58.882
783.640,339.344,228.804,59.859
784.488,340.181,227.813,58.420
782.837,340.733,228.111,59.397
780.334,341.525,230.785,59.911
781.687,339.907,228.785,61.025
781.557,341.079,229.756,58.918
776.846,339.301,233.117,60.377
780.060,340.025,229.777,59.167
779.075,340.640,230.346,60.040
780.209,341.443,226.664,58.669
770.126,339.808,236.662,59.859
772.965,340.149,232.415,61.325
773.439,341.160,232.185,59.541
772.665,341.714,231.612,58.669
763.720,342.080,239.224,58.171
769.050,341.887,232.104,58.793
764.064,342.253,235.053,58.295
764.282,342.308,232.271,58.420
759.896,342.612,238.478,58.046
757.321,342.418,239.388,58.669
754.403,342.288,236.193,55.603
757.693,342.765,235.814,56.026
752.718,342.244,241.161,53.847
751.258,342.706,239.292,54.976
748.060,342.870,240.866,56.026
748.463,343.201,239.595,56.758
743.275,343.780,241.560,52.097
744.112,343.773,241.907,54.132
741.344,343.575,241.487,55.904
737.637,343.845,244.015,56.758
738.066,343.008,245.749,58.669
736.781,343.709,244.230,58.711
730.938,343.351,247.527,59.665
732.891,342.975,243.378,60.662
728.871,343.097,247.276,60.662
729.948,344.258,244.877,59.810
722.827,344.078,250.628,60.413
724.829,343.703,246.377,61.409
724.706,343.827,246.377,61.409
720.637,343.950,250.323,61.409
717.766,343.887,251.846,61.783
718.877,345.073,249.375,60.908
715.074,344.946,251.556,63.136
714.538,345.189,252.374,62.904
710.628,345.377,255.908,62.779
711.519,345.255,251.586,63.278
710.998,345.568,252.374,62.904
707.088,345.756,255.908,62.779
704.675,345.634,257.177,63.278
705.449,345.575,255.372,63.651
705.572,347.041,254.872,62.251
702.911,346.903,255.908,62.779
703.801,346.781,253.873,63.278
703.924,346.970,253.373,63.153
699.998,347.159,260.720,63.029
702.044,346.851,256.372,65.697
700.164,346.403,259.870,65.813
703.228,346.805,257.675,65.271
706.405,347.247,255.216,64.648
701.334,346.658,260.986,65.054
701.262,346.805,260.869,65.022
701.381,346.997,260.370,64.897
701.501,347.190,259.870,64.772
700.842,347.382,264.044,64.648
700.741,348.572,262.677,62.530
699.659,348.015,264.327,63.900
697.595,347.709,267.934,64.772
699.747,347.405,263.368,64.063
697.203,348.481,267.934,63.472
696.427,347.836,268.965,65.022
698.593,348.856,268.337,62.982
698.277,348.029,268.449,63.333
697.758,348.621,268.965,63.716
696.980,349.286,273.403,62.649
698.160,348.106,270.257,61.601
698.543,349.681,273.371,61.554
699.961,348.264,272.092,63.090
699.176,349.344,271.823,63.294
698.257,349.738,275.238,62.506
700.096,349.738,276.551,60.405
700.263,349.164,276.733,63.106
700.756,349.225,277.335,60.865
700.514,348.703,275.998,62.171
702.991,348.594,273.665,62.387
700.113,348.654,277.590,62.530
702.610,348.547,277.604,60.635
702.770,347.969,277.804,63.350
704.340,348.033,277.321,63.221
701.420,348.093,277.859,62.041
704.310,347.801,277.078,62.888
701.535,347.754,277.335,61.924
704.685,347.462,276.288,62.769
702.049,347.475,279.713,63.008
704.315,347.309,274.383,62.275
701.796,347.312,279.945,62.530
699.923,347.027,283.957,63.102
703.276,346.669,276.446,61.671
701.788,347.941,279.945,62.268
700.447,347.583,283.157,60.865
699.934,346.704,283.130,62.625
703.916,346.287,280.498,61.326
700.506,347.798,282.066,61.981
700.225,347.297,283.157,60.865
697.871,346.417,284.971,60.520
698.266,347.470,283.130,60.520
698.280,346.536,282.053,60.290
696.468,346.390,285.677,61.366
696.135,347.113,285.283,59.390
698.035,347.878,285.651,60.206
697.202,346.728,286.268,60.405
696.403,346.407,284.971,61.836
695.447,345.715,285.821,59.767
690.797,346.557,287.794,61.745
690.442,347.778,287.436,61.441
688.585,348.425,288.222,61.743
686.574,349.111,289.306,59.838
687.021,349.239,285.513,59.054
683.064,349.892,286.143,61.391
682.694,350.570,283.430,61.627
681.507,352.010,284.744,60.865
679.673,353.179,285.513,60.635
680.069,354.234,285.513,60.635
678.619,355.288,285.513,60.635
680.596,356.343,284.986,60.635
680.998,356.927,286.024,58.941
681.719,358.564,286.403,60.350
680.987,359.005,286.813,61.047
682.813,360.098,285.548,60.980
684.277,359.949,285.791,62.335
693.605,362.534,279.689,61.975
689.243,363.731,288.413,62.744
702.946,365.174,277.993,62.286
697.737,367.053,288.413,62.217
703.586,370.544,285.027,61.135
713.783,371.737,282.627,62.453
722.030,375.552,289.287,62.807
735.928,376.971,287.964,65.643
746.744,380.353,289.445,66.033
751.764,383.769,296.833,66.393
768.887,386.883,294.916,67.474
773.612,390.378,303.274,67.834
781.677,393.570,306.669,68.914
794.097,396.875,304.829,69.875
800.439,399.384,308.506,71.284
810.872,402.043,309.035,75.773
820.649,405.890,309.107,74.823
827.751,407.963,310.745,75.858
837.911,411.742,310.115,78.452
845.631,413.822,314.653,82.097
851.134,416.592,317.158,81.059
859.730,419.867,315.059,83.502
864.019,421.360,320.117,86.036
868.956,423.189,317.883,89.020
870.673,425.952,321.182,86.524
873.773,427.840,319.986,85.752
877.220,429.589,318.068,88.886
875.663,430.266,318.152,88.544
873.042,429.491,322.385,89.757
870.373,430.082,323.296,91.981
870.825,431.200,322.736,90.780
870.795,432.729,320.055,89.437
871.310,431.388,318.011,91.102
869.859,434.696,317.845,87.552
867.045,433.026,318.127,89.891
866.257,432.590,316.656,90.425
864.733,432.420,316.656,90.086
863.783,432.149,315.512,90.291
862.261,431.980,313.483,90.291
857.065,429.318,315.458,89.890
857.337,429.083,311.207,90.024
862.450,429.183,303.327,89.490
876.104,432.987,284.932,84.852
964.740,436.830,192.294,79.967
972.626,437.779,182.490,79.560
896.533,436.087,254.141,80.775
903.291,435.700,244.646,82.123
906.768,433.932,239.394,80.554
917.156,434.713,224.180,79.548
933.701,436.483,203.669,77.881
931.155,436.596,201.953,76.394
962.020,435.759,166.330,76.079
955.365,435.079,171.986,75.413
965.624,435.831,157.855,74.137
973.937,436.943,145.994,72.997
984.127,437.906,132.846,69.212
991.576,438.126,119.676,68.194
1012.118,442.162,96.521,63.744
1018.438,445.132,87.493,58.119
1023.984,447.294,78.117,53.938
1028.316,447.210,70.235,32.776
1049.890,448.998,45.719,29.967
1053.668,453.472,37.492,21.541
1068.651,453.122,23.610,10.000
1051.859,460.604,90.441,10.000
1101.559,481.644,116.218,41.705
1072.856,482.259,85.277,40.894
1085.143,483.025,83.110,40.547
1074.946,483.134,106.884,28.557
1084.498,485.583,195.502,24.212
1139.309,483.054,56.056,56.056
1132.332,445.574,68.772,85.318
1071.194,448.149,159.720,60.049
759.250,424.443,460.046,67.850
868.315,421.939,394.350,115.299
919.554,419.422,357.159,117.346
916.225,420.327,363.775,127.008
945.386,379.289,332.556,126.913
948.416,411.494,327.731,86.764
902.251,427.187,142.159,72.936
944.552,429.774,90.009,24.696
982.371,432.384,51.906,16.546
987.251,431.685,39.137,17.709
992.661,432.479,32.611,17.022
1002.266,434.289,20.768,14.732
1003.685,430.239,14.147,13.237
999.836,429.677,21.571,14.362
1002.523,430.820,27.384,15.344
1032.828,432.256,65.182,88.030
974.777,430.950,117.320,26.374
983.906,428.408,114.233,12.829
1057.278,432.511,48.226,11.941
1067.031,433.343,45.863,12.246
1077.274,432.765,43.864,12.641
1082.953,434.001,45.290,12.119
1094.877,435.029,40.534,11.991
1103.746,434.747,39.625,11.843
1115.855,436.272,35.296,11.359
1119.038,436.239,40.156,12.966
1129.129,436.233,38.107,13.301
1139.305,438.012,36.691,12.155
1147.956,438.094,35.675,12.289
1156.675,439.742,35.760,10.715
1165.979,439.093,35.212,11.856
1168.490,439.934,40.446,12.142
1177.093,439.727,41.628,12.867
1185.997,441.183,42.429,11.863
1197.441,442.297,39.305,12.021
1213.830,442.171,30.857,12.578
1218.706,442.888,34.698,12.646
1232.904,444.000,30.717,13.531
1238.910,443.956,34.416,12.921
1270.000,444.422,10.000,12.289
1268.989,448.562,10.265,16.883
1267.202,450.084,11.586,14.874
1270.000,451.476,10.000,18.586
1270.000,449.846,10.000,65.785
1244.188,440.900,34.522,144.581
1229.171,428.531,49.833,50.541
1234.480,429.368,44.443,49.169
1233.970,430.004,45.277,34.425
1255.027,430.302,23.317,10.000
1269.291,430.929,10.000,13.678
1270.000,428.434,10.000,56.217
1270.000,444.376,10.000,106.928
497.000,371.000,430.000,77.000
692.334,378.545,231.620,65.553
489.000,369.000,427.000,81.000
486.000,368.000,429.000,82.000
495.000,372.000,415.000,77.000
685.307,377.906,227.444,64.830
683.060,380.174,226.832,62.482
680.985,378.247,225.495,64.666
678.241,376.925,225.899,64.404
677.145,376.750,225.191,64.513
675.695,376.146,224.224,64.754
672.793,375.731,224.965,62.932
671.693,375.765,223.832,63.102
668.359,375.408,224.784,62.149
667.885,374.776,222.421,61.284
665.783,374.983,221.709,61.573
662.388,373.929,221.943,61.105
662.163,374.176,220.295,61.310
657.165,373.195,221.218,60.713
655.430,371.984,220.975,60.350
654.058,372.114,220.022,60.552
652.209,371.421,220.022,59.859
650.844,370.975,217.919,59.140
649.638,370.045,216.688,58.952
648.302,370.061,218.002,57.786
646.120,369.754,215.179,58.848
642.031,368.495,219.521,58.659
641.868,367.846,215.077,58.141
640.936,367.782,216.940,56.924
639.214,366.414,213.262,57.434
638.585,367.651,214.519,55.624
636.540,366.170,214.237,56.401
633.604,366.637,215.268,55.028
633.274,365.796,214.183,55.400
632.401,366.014,214.183,54.527
628.373,364.253,215.092,54.802
628.202,364.670,214.345,53.097
625.794,363.022,215.102,53.829
626.620,363.201,212.374,53.471
626.003,363.450,212.325,52.974
623.099,362.298,214.095,53.152
623.343,362.387,212.325,52.120
621.465,361.068,213.133,52.651
623.038,361.092,210.833,52.602
620.158,360.794,213.639,51.932
621.425,359.317,209.839,52.565
621.041,359.484,209.342,51.388
618.589,359.020,210.718,51.071
617.447,358.812,210.095,50.655
616.507,358.521,211.149,50.411
615.474,358.108,209.702,50.205
617.524,356.482,208.481,51.401
615.264,356.440,210.095,50.448
613.962,356.107,209.195,50.289
614.730,355.756,208.481,49.961
613.396,355.367,207.671,49.718
612.173,354.979,206.656,49.679
610.700,354.228,209.195,49.760
609.723,353.737,207.671,48.082
610.307,352.965,206.103,48.824
609.591,353.447,208.742,48.867
609.678,352.820,207.154,47.494
610.777,351.940,204.557,48.458
610.062,351.419,205.588,48.503
609.605,350.858,206.103,47.024
610.953,350.915,203.012,48.092
609.249,350.397,205.033,46.553
607.316,350.398,207.529,47.726
607.888,349.510,205.787,45.908
610.175,349.307,204.911,47.482
609.681,348.546,204.515,45.448
607.667,348.291,203.524,47.116
608.242,347.533,206.295,46.083
606.940,347.298,204.986,46.748
607.267,346.356,205.511,46.083
605.840,347.742,204.462,46.043
607.659,346.633,204.716,44.757
607.705,345.254,205.008,45.983
609.796,345.088,200.435,46.314
609.411,345.267,204.103,45.378
608.616,345.037,204.345,46.031
610.440,343.984,202.637,44.642
609.981,343.624,202.222,44.790
609.314,342.386,203.937,45.743
611.193,343.381,202.115,44.334
611.006,342.986,202.866,44.555
613.902,341.629,200.697,44.790
615.971,342.924,195.988,44.862
612.394,342.031,200.696,44.202
612.033,341.690,201.796,44.320
611.688,342.425,204.952,45.124
611.317,341.105,201.841,44.297
613.459,339.744,200.402,45.503
614.099,340.901,200.268,45.481
615.436,339.946,199.504,43.952
613.888,339.598,201.851,45.773
615.433,339.566,200.878,44.297
614.896,339.212,200.629,44.437
617.449,341.198,199.117,43.870
615.977,339.933,201.313,43.967
614.792,339.474,202.927,46.017
616.360,339.444,199.405,43.559
616.421,339.019,200.961,43.849
616.460,338.561,201.261,44.766
618.050,338.323,200.930,43.722
617.215,337.860,200.163,45.773
618.433,338.521,199.834,43.492
618.709,338.063,199.655,45.529
619.740,337.132,199.504,44.907
618.248,338.540,201.160,44.744
620.549,338.291,200.170,43.722
620.459,337.828,199.037,44.085
622.054,338.110,198.474,45.210
622.323,337.205,196.420,46.261
621.736,337.595,199.504,45.481
622.692,337.595,199.504,45.672
623.647,337.691,197.020,46.627
626.109,337.185,194.785,45.143
626.257,336.432,196.370,46.835
625.128,336.991,200.548,46.871
625.054,337.329,200.114,44.642
625.385,337.088,197.179,46.261
624.919,336.461,200.026,46.749
624.842,337.378,199.598,46.657
625.326,337.669,198.824,44.527
626.481,337.490,199.344,46.017
626.071,337.639,198.819,46.871
626.165,337.069,198.824,45.495
627.039,337.136,198.981,46.505
626.958,336.506,198.567,46.223
627.696,336.758,197.283,46.871
630.039,337.275,195.293,46.994
629.140,336.952,197.283,46.871
631.483,337.469,195.293,46.994
630.008,337.146,197.859,46.871
632.389,336.637,195.800,48.081
629.877,337.521,197.516,47.482
631.587,338.164,196.814,47.360
633.196,337.838,196.307,47.238
631.518,338.479,199.083,47.116
630.905,337.968,199.920,47.360
633.317,337.456,197.829,47.604
631.819,338.101,197.516,47.482
633.529,337.774,193.903,48.330
635.761,337.871,194.485,48.330
634.984,337.968,200.308,48.330
636.589,338.678,195.128,48.092
633.999,338.656,197.009,48.330
634.704,338.567,198.336,48.704
635.323,338.479,196.901,49.078
635.224,338.578,196.901,49.078
635.126,338.676,196.901,49.078
637.393,338.775,194.536,49.078
636.862,339.060,195.402,48.704
636.764,338.766,198.336,49.095
637.133,338.812,197.401,49.202
639.405,338.910,195.030,49.202
638.871,339.195,195.902,48.828
638.773,339.293,195.902,48.828
638.675,339.391,198.843,48.828
636.729,339.303,199.970,49.202
640.592,340.271,195.223,48.458
639.679,339.918,198.804,48.970
637.713,339.901,199.970,49.202
642.172,339.875,194.627,49.451
644.332,340.223,193.256,48.953
639.314,340.507,199.000,48.579
640.264,340.357,196.901,49.078
640.166,340.455,199.858,49.078
640.795,340.368,198.401,49.451
640.696,340.467,198.401,49.451
640.597,340.567,198.401,49.451
640.497,340.666,198.401,49.451
643.576,340.765,195.223,49.451
642.638,341.051,196.901,50.654
643.440,341.565,197.499,51.226
643.808,342.180,197.166,50.199
642.841,342.591,198.900,49.576
645.927,342.690,195.715,49.576
644.985,342.976,200.365,49.202
644.623,342.889,198.104,49.576
644.375,343.050,198.401,49.451
644.276,343.150,198.401,49.451
644.971,343.249,197.606,50.841
645.881,343.795,197.992,49.949
645.327,342.887,198.900,50.770
645.032,343.336,200.095,50.074
645.582,343.499,199.597,49.949
647.731,343.661,197.499,51.226
645.680,343.872,199.585,50.602
647.336,344.237,198.486,50.074
646.779,344.523,199.400,49.700
646.679,344.623,199.400,49.700
646.579,344.723,199.400,49.700
647.278,344.823,198.602,49.700
646.034,344.985,199.896,49.576
646.980,345.022,201.596,49.700
647.478,344.998,200.400,49.949
648.180,345.098,199.597,49.949
647.929,345.261,199.900,49.825
648.629,345.361,199.100,49.825
648.379,345.523,199.400,49.700
648.279,345.623,199.400,49.700
648.179,345.723,202.394,49.700
648.826,345.636,200.899,50.074
648.726,345.737,202.709,50.074
649.280,346.783,201.399,49.191
650.180,346.628,202.394,49.700
648.212,346.542,206.530,50.074
649.676,346.333,203.398,49.679
647.954,346.174,207.044,50.199
649.425,345.964,206.959,50.821
650.104,345.880,205.397,51.195
650.001,345.983,205.397,51.195
649.898,347.114,205.397,50.167
649.778,346.951,207.470,50.697
651.534,346.805,204.575,50.167
649.021,347.719,209.195,48.541
649.334,346.929,208.164,50.323
650.865,347.684,207.974,50.045
651.528,348.358,208.490,49.923
650.198,347.949,210.740,48.082
651.542,349.209,207.649,47.981
651.915,349.388,208.904,46.023
654.726,349.004,205.249,46.987
653.939,349.102,207.018,47.970
653.457,348.337,206.586,49.700
651.746,349.018,209.398,49.557
654.394,349.509,206.959,49.801
652.612,349.162,209.913,50.697
649.721,349.925,210.942,45.246
654.264,349.272,207.920,47.726
669.602,349.383,193.811,45.908
674.986,350.969,188.716,45.005
683.878,350.582,180.347,45.963
689.511,350.922,174.009,45.465
670.197,349.791,193.583,46.125
570.897,350.351,293.286,43.492
681.136,351.069,184.734,43.640
579.186,350.557,284.182,44.842
689.395,349.689,175.238,45.901
581.261,350.370,283.213,44.718
704.367,349.942,161.539,45.348
721.135,351.340,143.274,45.470
735.411,351.131,131.688,43.142
649.877,351.249,218.606,43.812
653.288,350.407,214.531,43.142
654.625,350.600,213.012,45.453
652.727,350.463,215.429,42.573
653.444,350.427,215.148,45.335
653.450,350.709,215.136,42.195
654.577,350.595,214.983,45.099
655.635,351.266,213.458,42.376
654.869,351.298,213.467,44.981
655.709,352.022,214.923,43.534
655.918,353.848,217.216,44.140
653.927,352.583,219.630,43.730
657.579,351.052,212.916,45.218
657.873,351.839,226.285,46.397
655.338,350.630,258.634,47.174
656.411,351.443,263.343,44.885
657.517,351.472,272.446,45.045
656.920,351.117,167.694,45.089
656.509,350.333,167.298,48.396
656.776,350.399,168.564,46.643
657.236,351.700,192.329,47.594
657.602,351.739,192.745,45.983
656.472,351.345,196.892,46.960
658.620,351.906,203.382,46.994
658.928,352.067,210.413,47.848
656.747,351.055,219.200,45.851
657.752,352.462,217.792,46.655
657.514,351.740,221.503,46.483
658.590,352.437,219.959,47.932
658.778,351.937,222.257,47.289
658.881,352.759,225.341,46.672
659.086,351.628,224.929,48.317
658.905,352.632,222.581,49.231
658.266,351.256,226.583,49.257
658.349,352.396,226.630,49.939
657.865,350.941,226.106,50.080
657.119,352.326,226.106,49.228
657.174,351.758,226.418,49.727
659.616,352.598,224.725,48.687
658.791,351.998,225.535,50.096
657.760,351.686,228.024,50.080
657.439,351.248,227.168,50.315
660.329,353.496,225.455,49.673
658.519,353.092,226.317,48.784
659.215,352.422,225.348,49.492
658.891,352.622,226.418,49.093
659.370,352.680,225.883,50.876
657.711,352.580,229.630,49.360
658.727,353.178,226.106,50.719
659.970,351.927,224.908,50.433
658.358,351.724,226.637,52.120
659.173,351.889,224.355,53.097
658.329,351.329,225.386,51.373
658.690,351.359,225.957,52.608
658.648,353.397,225.386,51.592
659.613,352.396,225.617,50.785
657.821,353.967,224.908,50.647
658.986,352.803,225.782,50.198
658.079,352.543,226.106,51.998
658.887,351.620,223.839,51.021
656.473,353.365,227.168,50.529
658.246,352.018,224.908,53.437
657.162,353.262,226.418,51.828
658.126,353.340,223.839,51.021
655.712,352.301,224.384,53.313
653.748,352.883,226.778,51.491
654.285,352.852,227.006,52.852
653.371,353.145,227.296,50.510
652.418,352.862,227.698,52.364
652.372,351.936,226.261,52.466
651.868,352.869,225.743,52.564
651.104,353.196,225.743,52.128
648.040,353.424,227.530,52.975
648.008,352.618,226.933,51.726
648.361,351.559,227.530,54.060
647.294,352.158,228.996,52.862
646.855,352.337,225.023,52.726
645.731,351.654,225.743,54.309
644.030,352.437,225.157,52.965
642.713,351.812,226.261,54.434
641.012,351.487,228.996,53.973
640.420,351.983,226.173,53.204
639.968,351.354,226.418,54.683
637.828,351.029,226.681,55.555
637.740,352.751,225.511,54.132
636.181,352.400,227.965,53.951
635.332,352.944,225.665,54.195
633.592,352.119,225.157,54.516
631.339,352.945,228.996,54.195
630.488,352.377,226.681,55.555
627.704,352.303,228.206,54.805
625.942,351.916,227.698,55.804
627.887,352.970,224.485,55.050
625.039,352.891,224.170,55.430
621.775,352.494,226.681,56.001
618.699,352.518,226.966,56.178
617.996,352.569,227.018,56.302
617.518,352.620,227.067,56.427
613.892,352.733,228.200,56.427
611.483,352.785,227.795,56.551
612.732,352.898,225.978,56.551
609.468,352.621,227.293,56.880
606.349,352.837,228.297,56.676
610.332,352.951,221.696,56.676
605.055,352.538,226.185,56.827
600.957,352.790,228.476,58.141
603.335,352.740,225.107,58.010
597.436,351.960,226.823,58.424
603.151,352.576,219.315,57.423
596.684,351.189,223.489,58.175
595.036,351.928,222.670,56.925
594.467,351.061,221.777,59.336
594.222,350.879,217.445,58.552
589.888,350.760,222.495,59.468
589.518,350.514,219.546,60.421
590.441,349.823,215.625,59.729
585.605,348.800,220.073,59.277
587.736,350.090,214.897,58.754
583.754,350.202,217.909,59.205
582.543,349.304,216.688,60.773
582.273,348.855,214.927,61.211
581.358,348.692,214.001,61.307
579.981,348.118,213.083,61.766
578.144,347.774,214.001,61.766
576.530,347.362,213.547,61.901
575.840,348.167,212.396,63.282
572.479,346.847,212.850,61.975
570.290,346.999,214.697,63.972
571.122,347.547,211.390,62.643
569.120,347.504,212.858,62.036
567.165,345.846,210.785,61.441
566.029,345.543,210.549,61.363
566.146,345.724,208.949,63.277
564.077,346.067,211.476,60.060
563.551,345.413,210.497,60.690
562.065,346.299,210.977,62.092
561.473,345.498,210.556,62.090
560.671,344.008,208.036,62.777
558.839,344.696,210.327,63.694
558.849,344.348,208.686,63.000
560.094,344.620,205.735,64.292
559.416,344.019,208.707,63.419
559.070,343.673,207.554,62.727
557.913,342.574,206.896,65.384
557.857,343.562,207.474,62.708
555.974,343.138,207.582,62.183
557.566,342.592,203.487,64.415
556.437,342.265,204.828,63.007
556.653,342.130,203.714,64.415
555.413,341.732,205.505,63.144
555.742,342.280,204.162,63.872
555.176,340.838,204.610,63.783
554.833,340.953,201.638,64.698
554.147,340.838,203.467,62.869
554.131,340.094,202.819,64.811
554.740,339.894,200.224,63.144
554.902,340.851,200.350,63.032
555.127,340.401,200.350,61.906
555.125,339.672,199.685,61.356
555.464,339.546,198.120,62.716
554.347,339.222,196.784,61.356
555.010,338.644,196.338,62.951
556.343,338.509,195.898,61.218
557.884,337.934,194.355,62.808
558.878,338.603,191.924,62.574
559.310,338.706,190.621,60.393
555.241,338.357,195.103,61.521
557.262,335.956,193.257,62.369
556.161,335.885,193.036,62.951
556.714,335.152,194.137,63.977
556.729,335.459,193.661,63.810
558.059,333.749,191.891,63.222
558.039,334.033,191.490,63.095
558.036,332.344,191.055,64.932
558.072,333.128,190.314,63.810
558.808,331.721,189.945,65.080
560.506,332.651,187.884,63.667
560.670,333.370,188.653,62.665
559.466,331.844,189.755,64.195
559.708,330.554,188.607,65.228
560.947,331.628,187.462,63.524
561.113,330.380,186.474,64.490
560.357,330.562,187.327,63.687
562.423,329.395,186.255,64.490
563.534,330.455,185.351,62.808
565.661,328.579,182.395,64.400
563.936,327.996,181.503,64.047
564.138,328.467,182.395,62.671
564.554,327.473,181.777,63.162
565.522,326.648,181.129,63.309
566.166,327.828,181.129,61.378
566.377,326.640,180.073,62.276
567.541,325.750,179.018,62.571
569.238,326.917,177.957,61.723
568.291,325.422,179.220,63.662
566.263,325.993,180.920,63.162
565.942,324.602,181.777,63.804
566.491,323.947,181.973,64.682
567.594,324.156,182.154,63.396
566.605,323.373,183.487,63.457
568.880,323.117,181.315,64.184
567.043,322.577,182.611,63.752
568.880,323.765,183.044,61.807
569.192,321.850,181.780,61.162
571.629,322.454,179.862,61.432
571.421,321.369,179.646,59.812
570.936,320.964,180.200,60.205
573.631,321.445,177.731,59.661
572.842,320.772,181.577,60.182
573.919,321.099,180.470,57.641
573.533,319.713,181.651,59.598
573.615,319.890,181.068,57.366
574.549,318.366,180.630,59.598
574.339,318.614,180.634,59.518
574.348,318.893,180.200,59.375
575.601,317.308,181.008,58.817
575.406,317.379,180.158,59.089
575.613,317.586,182.018,59.089
576.314,316.405,180.200,58.337
576.977,316.377,181.136,59.830
576.802,316.671,181.068,57.366
577.736,316.371,180.426,58.373
578.511,316.362,180.930,56.541
578.009,315.863,181.126,57.944
577.506,315.711,182.336,56.403
578.497,315.681,180.557,57.478
579.991,315.438,179.610,58.373
580.576,315.500,178.029,56.403
579.521,315.216,179.337,58.375
579.970,315.279,180.490,58.659
580.561,313.487,178.897,58.533
579.969,313.629,181.516,58.659
580.855,313.621,179.332,59.089
580.866,313.074,181.371,59.770
582.060,313.337,179.817,59.661
583.114,311.820,181.238,61.243
581.902,312.464,179.862,60.376
583.385,311.153,181.277,61.538
581.975,311.874,186.213,60.519
582.598,311.093,179.227,61.656
583.967,312.015,177.751,60.233
582.753,310.859,179.973,61.096
583.655,309.681,180.060,61.981
585.022,310.624,180.500,60.519
584.094,310.281,180.260,58.480
584.787,310.325,183.192,58.802
583.985,308.303,185.004,59.102
585.309,308.718,177.745,60.366
583.873,308.591,180.200,60.205
586.568,309.072,180.234,59.661
586.378,307.554,178.539,61.243
586.775,306.526,177.954,59.528
586.097,307.641,178.897,60.388
586.477,305.163,178.969,60.350
587.726,306.411,176.680,60.974
587.830,306.516,178.345,58.061
588.218,306.564,179.610,58.373
588.804,306.626,177.824,56.403
587.646,306.342,179.537,57.372
589.066,306.187,178.932,55.853
588.687,305.700,178.889,57.229
588.177,305.545,180.113,55.715
588.163,304.917,179.537,57.372
589.583,302.935,178.932,57.681
588.650,304.492,178.559,57.619
589.580,304.462,179.136,55.853
590.081,303.100,178.534,58.174
591.789,302.389,178.589,56.944
591.351,302.162,179.870,57.801
592.501,302.080,179.610,56.128
593.017,301.588,178.778,57.515
594.057,301.505,178.932,58.087
591.882,300.750,178.385,55.312
594.466,300.731,177.398,58.336
594.598,300.987,176.930,55.991
593.443,300.639,178.642,57.086
594.850,300.484,177.849,55.578
594.379,300.001,178.393,56.942
595.661,299.774,178.051,55.578
595.291,299.290,178.194,54.752
596.432,298.536,178.289,56.656
597.881,298.237,177.610,55.440
597.515,298.948,177.746,55.608
599.780,297.683,177.398,55.549
599.083,298.380,178.194,55.748
598.560,297.911,178.642,53.293
600.057,297.370,177.016,55.354
598.430,296.917,178.487,54.477
598.952,296.096,178.827,54.340
599.643,296.393,177.049,55.328
599.221,295.926,179.280,54.477
598.726,296.223,178.685,53.289
600.245,296.267,177.798,54.767
600.423,295.591,178.827,54.340
601.114,295.295,178.827,53.747
600.289,294.251,177.725,54.065
600.879,293.956,177.921,53.475
602.016,294.484,177.016,54.376
602.252,293.755,177.921,53.868
603.164,292.843,177.469,53.731
604.075,293.498,177.016,52.225
602.641,292.262,177.766,55.083
601.389,292.267,178.883,52.298
602.744,292.087,178.690,52.078
603.458,291.865,178.035,51.943
602.533,291.643,179.115,53.927
602.410,290.619,180.345,52.625
603.033,290.789,179.295,52.091
603.239,290.505,180.045,52.078
603.588,288.982,179.540,51.824
604.148,289.405,181.511,51.171
603.955,288.729,180.352,51.943
604.458,288.304,180.510,52.212
604.809,288.334,180.976,51.957
605.624,288.303,179.540,51.824
606.183,287.954,181.511,51.943
605.284,288.239,181.754,51.568
606.488,287.626,179.540,50.659
606.061,286.967,181.541,49.876
607.061,287.890,181.256,49.174
607.491,286.759,178.694,49.354
607.117,286.984,181.887,47.964
608.068,285.521,181.668,48.831
608.943,286.551,181.239,46.960
607.942,285.229,181.761,47.939
608.269,285.999,181.668,48.083
609.859,284.970,180.919,49.767
610.594,284.381,180.590,50.565
610.456,283.989,180.100,49.623
610.069,284.154,182.201,49.674
609.493,284.213,180.875,48.602
610.210,283.310,181.887,47.776
610.096,282.941,182.488,48.887
612.087,283.937,181.909,48.597
611.008,281.455,182.182,49.412
612.374,282.589,181.731,48.854
611.205,281.367,183.314,48.092
611.825,282.089,183.204,46.835
612.857,281.380,182.252,47.326
613.914,281.968,181.255,46.337
612.746,280.168,183.408,47.917
613.654,280.865,182.716,46.711
613.392,281.269,182.316,47.569
614.239,278.557,181.742,48.887
614.911,279.553,182.287,47.085
614.187,280.082,182.809,46.213
614.465,279.256,182.067,48.232
613.953,278.610,183.467,48.024
614.649,279.298,183.204,45.895
614.455,278.379,183.408,46.816
616.332,278.773,182.438,47.512
617.240,278.272,181.742,46.648
615.815,278.707,182.746,45.963
616.310,278.923,182.490,45.714
616.009,277.246,182.908,46.505
616.090,277.609,183.485,45.963
616.707,277.764,182.988,45.655
616.655,276.789,182.908,45.773
616.313,276.910,183.408,45.714
616.222,277.002,183.408,45.714
616.864,277.094,185.428,45.714
617.282,277.062,184.408,45.779
618.360,277.124,182.988,44.918
618.151,277.066,182.317,45.216
615.897,276.002,186.097,45.523
616.649,275.874,184.408,45.779
616.807,275.936,183.908,44.918
617.169,276.726,185.187,44.430
616.606,276.424,186.494,45.035
617.139,276.176,184.326,45.531
616.588,276.176,184.326,44.796
616.796,274.538,185.551,45.705
616.721,275.424,184.961,44.856
615.532,276.124,184.782,44.370
617.128,275.792,184.133,44.308
615.752,275.490,186.523,44.186
615.601,275.004,187.008,44.430
614.888,274.578,185.330,44.552
615.961,275.185,185.187,44.248
614.853,274.792,187.039,44.308
614.703,275.218,187.521,44.552
614.538,274.791,188.035,44.674
614.373,274.362,187.631,44.796
613.455,274.913,188.182,44.796
613.107,274.484,188.142,44.918
614.579,274.116,187.222,45.839
612.424,274.022,188.377,45.099
613.763,274.605,187.730,45.041
612.636,274.298,188.694,44.918
612.288,274.791,189.576,45.041
612.123,274.359,190.090,45.163
611.403,273.927,188.377,45.285
612.489,273.618,188.239,45.163
611.359,273.310,190.130,45.963
612.878,274.028,189.713,44.715
612.484,273.496,187.361,45.041
611.174,274.109,189.615,44.918
610.473,273.617,190.645,45.163
609.772,274.053,191.676,45.221
611.380,273.526,190.139,45.529
610.167,273.153,189.392,45.529
608.839,273.772,191.676,45.407
610.195,274.211,190.648,45.651
608.979,273.837,189.900,45.464
608.463,273.494,191.118,44.662
608.329,273.799,193.237,45.163
608.220,274.116,192.893,44.715
608.457,273.398,191.862,46.337
607.382,273.119,194.200,45.950
607.477,273.592,194.200,45.194
607.591,272.927,193.409,45.773
606.981,274.502,194.252,44.885
607.380,273.745,192.893,45.651
606.582,273.247,193.925,45.707
606.041,273.658,194.441,45.074
606.275,272.933,193.409,45.773
605.665,274.509,196.704,44.885
606.773,273.628,193.925,45.895
605.973,273.128,194.956,46.139
605.172,273.576,195.988,46.383
604.370,273.072,197.020,46.436
604.016,273.490,197.344,45.791
604.341,273.705,196.313,46.505
603.634,274.157,197.344,45.791
603.768,273.419,196.504,46.505
602.965,273.872,197.535,46.749
602.353,273.365,198.374,46.801
601.709,272.821,199.083,47.116
603.231,274.446,197.785,46.195
603.069,273.786,197.535,46.749
602.264,274.242,198.567,46.031
602.493,273.499,197.535,47.707
600.653,274.196,200.630,46.509
600.879,273.444,202.115,48.206
599.975,274.033,202.144,47.226
599.923,274.370,201.661,46.748
600.342,274.587,202.965,47.482
600.183,273.949,202.693,47.773
599.629,274.381,203.209,47.107
599.851,274.599,204.726,46.867
600.831,274.697,202.177,46.867
597.738,273.939,204.462,48.579
599.171,274.476,203.392,47.704
598.906,274.814,206.096,47.226
599.795,274.913,203.724,48.214
598.982,274.394,204.756,48.260
597.629,274.831,206.068,47.585
597.193,274.990,205.550,48.458
596.516,275.407,206.303,48.824
595.699,274.883,207.335,48.264
595.656,274.140,206.819,48.946
594.837,275.833,207.850,47.981
594.511,275.011,207.104,49.825
593.004,275.695,209.710,49.679
592.079,275.163,210.945,49.105
592.031,275.428,210.429,49.801
591.413,275.921,213.922,50.045
591.508,275.263,213.317,49.705
591.818,276.825,212.286,49.053
592.181,275.981,210.945,49.923
591.357,276.476,211.976,50.167
590.531,275.941,213.008,50.411
589.704,275.403,216.738,51.693
588.627,277.282,218.469,50.481
588.136,276.408,214.817,50.545
586.862,276.856,218.617,50.899
587.029,277.185,217.650,51.510
586.195,276.638,218.681,51.754
585.360,276.090,219.713,51.998
584.737,277.895,220.530,50.957
584.234,277.011,220.048,51.876
583.565,277.470,220.744,52.242
579.069,276.918,225.433,51.626
580.058,277.014,225.617,52.730
579.845,277.364,225.386,53.341
578.122,276.803,227.296,52.706
578.490,278.397,225.902,52.148
578.937,277.488,227.184,54.185
577.698,278.149,227.442,52.862
577.002,278.446,227.296,53.585
576.557,277.821,227.744,55.057
574.563,278.680,231.060,54.683
573.709,278.108,232.091,54.927
573.081,277.533,232.896,55.172
572.111,278.774,234.154,54.734
572.029,278.041,233.638,56.427
570.109,278.871,237.019,56.148
569.363,278.287,238.049,56.392
568.615,279.557,239.080,55.940
568.410,278.807,238.796,57.672
566.487,278.489,245.228,58.544
567.840,279.187,241.081,57.149
566.825,279.782,242.406,57.369
565.955,280.368,243.438,57.613
565.083,279.772,240.912,59.043
562.871,280.838,245.576,58.345
564.651,280.298,244.173,58.228
563.371,279.823,246.017,59.416
561.203,279.508,245.995,59.078
559.524,280.294,248.869,58.955
558.766,281.628,249.900,58.472
558.540,280.841,249.627,58.109
558.935,281.202,251.489,58.833
558.727,282.358,251.174,58.713
558.620,281.568,250.658,59.322
556.762,282.910,252.666,58.833
555.907,282.056,252.666,60.786
553.960,282.923,255.816,60.542
553.071,282.302,256.847,62.032
551.897,281.993,259.447,61.641
551.008,282.691,260.720,61.763
551.001,282.061,260.988,63.278
548.558,283.042,261.493,61.573
548.938,282.317,260.988,63.278
546.496,284.071,268.707,62.089
547.396,283.045,262.509,62.071
546.747,283.661,263.297,62.373
545.718,284.309,260.734,62.617
544.692,283.857,263.044,63.776
543.023,284.849,266.640,63.350
542.897,284.268,267.154,64.772
541.230,285.282,266.795,63.008
540.659,284.592,267.419,64.648
541.487,284.288,268.131,65.520
538.486,285.437,267.227,64.814
536.065,285.154,271.541,65.644
534.540,286.128,270.845,65.303
535.565,285.779,271.190,66.267
532.545,285.602,272.664,66.890
532.206,285.488,271.718,67.388
528.159,285.562,275.203,67.513
525.641,285.449,276.414,68.011
526.529,285.400,274.363,68.385
525.271,285.599,275.234,67.986
522.256,285.599,276.056,68.260
521.340,285.612,276.238,70.435
518.493,286.216,280.256,69.506
517.403,286.294,278.242,71.867
514.953,287.118,279.461,70.502
509.615,287.508,282.827,72.253
512.535,286.436,277.845,71.536
506.720,287.218,282.987,72.510
504.892,286.210,282.057,75.101
504.764,287.596,282.313,74.661
500.598,287.143,284.251,74.115
497.400,286.416,285.995,76.440
497.062,286.729,284.895,74.925
493.186,286.148,286.208,76.966
492.471,286.002,282.885,78.150
491.935,286.382,281.278,78.282
485.485,285.111,289.126,79.933
486.252,287.301,284.545,78.296
480.147,286.362,288.380,79.873
482.298,287.367,285.903,79.384
478.044,286.035,285.965,81.144
478.520,285.716,283.792,81.476
475.097,286.240,286.069,80.733
473.051,285.850,285.903,81.209
471.970,287.395,285.318,79.645
468.630,285.288,287.172,82.049
468.775,286.997,285.653,83.546
465.681,284.870,286.895,84.708
463.351,285.395,289.369,83.346
462.726,285.373,289.064,83.079
460.865,284.731,287.824,83.432
458.384,284.886,289.375,86.223
454.793,283.104,292.446,86.944
454.522,283.170,289.159,85.854
451.373,282.220,291.668,85.859
449.328,282.717,292.276,88.031
451.264,281.128,287.118,88.319
447.603,281.950,289.661,89.225
446.172,280.816,289.623,88.594
445.404,280.541,288.915,90.747
440.098,279.883,294.015,92.710
440.290,279.284,290.324,90.933
439.455,278.577,290.695,92.996
437.007,278.334,290.323,94.141
436.787,278.379,288.776,94.713
435.794,278.711,292.750,94.713
434.021,278.687,292.626,95.429
433.415,278.878,291.830,95.715
432.411,279.213,291.830,95.715
431.407,276.535,291.830,98.727
429.565,277.666,294.494,98.844
430.235,278.571,289.054,97.718
426.965,277.603,293.575,98.307
425.778,277.091,292.546,100.350
428.262,278.536,289.637,101.579
425.989,276.400,290.403,104.133
425.306,276.936,287.940,105.149
423.181,276.861,288.354,104.602
421.683,276.663,287.526,108.127
417.465,275.278,292.077,108.072
418.742,275.607,289.877,110.616
417.699,276.754,289.096,109.397
414.789,276.601,289.573,109.703
414.407,275.454,289.266,110.927
413.058,276.757,289.096,111.549
411.216,276.062,289.902,111.860
412.255,275.726,283.495,113.975
410.291,276.165,287.424,114.177
406.391,274.499,287.969,112.794
406.465,276.434,287.823,113.254
406.065,276.277,288.621,114.653
407.252,276.426,284.062,115.446
404.574,277.208,285.068,114.970
402.398,277.752,285.068,116.058
399.623,278.605,286.247,115.446
403.629,279.151,280.056,116.538
399.346,278.828,284.281,116.461
402.369,279.882,278.235,116.538
397.575,278.278,280.609,118.664
400.206,278.451,276.078,118.684
399.701,279.039,276.001,117.871
399.730,279.463,277.748,117.384
400.442,278.116,273.069,121.886
399.303,278.439,273.887,120.145
399.327,278.223,269.481,122.392
396.959,276.866,270.579,124.743
397.309,279.673,267.306,122.439
394.420,278.597,273.809,124.228
