732.000,317.000,424.000,222.000
727.764,309.439,414.657,232.822
728.651,311.437,407.286,230.070
725.166,311.877,405.065,232.254
721.459,309.539,404.499,232.633
719.759,310.980,402.371,232.822
717.493,312.797,408.742,232.254
717.083,313.580,399.692,230.070
715.470,310.289,393.209,234.833
710.118,309.086,394.181,239.064
706.944,308.828,394.385,234.051
705.830,311.492,390.531,234.805
703.440,310.059,389.247,235.246
700.572,308.945,388.925,238.686
696.238,308.766,384.787,232.945
698.654,307.777,383.552,239.121
692.775,308.502,381.971,238.883
692.038,309.402,382.840,238.292
691.736,307.588,382.840,237.083
691.909,307.882,374.650,237.701
684.515,303.689,377.493,241.309
686.532,306.504,370.437,237.491
684.704,302.928,374.686,242.863
680.642,306.014,365.904,237.898
681.038,306.804,369.247,239.863
680.369,304.001,361.649,240.702
675.093,302.648,365.702,243.408
676.365,307.282,358.379,238.919
673.373,304.897,355.576,237.832
670.069,302.696,353.451,241.069
669.170,302.866,355.834,240.728
669.006,302.557,351.476,241.347
667.423,301.906,349.975,241.483
665.546,301.634,349.074,240.861
663.675,301.365,338.309,243.722
663.267,299.647,339.699,241.985
658.686,301.292,340.256,240.991
659.694,298.530,338.812,244.793
653.909,297.025,341.739,246.075
653.593,295.881,333.087,247.204
653.593,296.011,336.532,245.221
652.149,294.934,330.215,245.648
649.022,295.147,337.038,246.363
650.273,294.319,328.193,246.289
646.430,295.067,326.769,244.223
650.405,295.643,322.776,244.202
645.921,291.231,322.749,245.717
640.980,292.876,323.611,245.245
643.799,294.286,321.919,245.245
638.886,292.082,322.749,245.155
641.415,293.554,316.001,246.717
634.576,292.864,315.152,246.981
634.717,292.416,313.195,248.992
633.597,291.074,308.163,251.116
635.122,291.358,307.899,247.766
626.002,292.524,311.766,246.538
625.438,290.969,311.230,249.095
628.359,290.129,301.488,250.218
624.066,293.188,301.826,245.749
621.212,295.012,305.898,247.554
618.843,294.864,303.477,247.298
615.968,295.152,302.099,246.175
613.110,292.711,306.179,248.327
610.598,298.243,302.925,242.230
609.140,297.347,300.960,238.057
603.176,295.828,305.923,246.989
605.363,295.510,301.000,247.073
606.321,296.248,296.355,245.052
606.739,297.439,298.216,246.446
602.786,298.538,299.067,243.704
604.285,300.450,293.367,240.960
600.870,301.171,293.279,245.375
600.297,302.973,291.737,241.234
600.599,301.398,287.415,241.195
599.836,303.361,286.304,243.068
598.244,303.395,285.791,240.360
597.355,305.504,277.074,241.915
593.889,309.853,281.415,238.917
595.954,306.247,283.516,239.379
594.749,305.931,283.316,243.141
592.486,306.691,277.339,234.267
591.345,306.466,277.069,243.392
591.103,307.058,277.552,237.530
588.973,307.544,279.242,239.130
590.486,306.588,277.251,240.525
587.519,306.446,272.848,240.293
587.038,305.069,267.146,234.842
586.777,307.202,261.152,242.605
582.851,306.093,262.455,241.297
579.576,304.330,262.455,241.297
582.347,302.567,256.410,248.350
581.712,303.966,257.174,242.016
577.000,303.656,260.109,246.130
577.832,303.580,257.937,240.708
579.620,302.738,253.863,247.878
578.477,300.612,255.646,242.587
579.119,300.710,253.863,247.878
577.977,298.584,255.646,238.067
573.969,297.637,257.242,245.392
576.400,298.164,250.370,247.856
574.404,296.907,253.863,248.377
575.145,294.905,250.370,250.370
577.022,296.782,247.117,248.620
574.037,296.534,249.117,248.620
573.535,295.784,236.170,249.623
573.463,296.603,241.663,247.498
573.817,297.426,244.872,247.321
572.574,295.436,245.388,248.837
575.045,295.673,233.521,249.847
574.256,297.243,240.420,246.225
574.604,296.108,240.211,248.007
575.944,295.482,239.485,246.816
575.948,294.770,239.964,247.752
575.822,294.144,240.704,246.563
576.189,295.002,240.458,244.360
578.504,293.445,237.769,247.474
577.896,293.317,239.471,247.243
577.770,292.692,228.517,248.007
576.181,295.127,236.939,248.858
576.493,291.674,241.663,249.443
577.831,292.967,232.104,246.365
581.379,294.071,234.104,250.860
580.517,295.764,237.769,247.474
581.366,295.636,229.271,249.186
579.667,292.406,237.933,256.604
581.379,294.547,227.584,249.847
582.065,297.775,246.255,249.119
583.239,295.919,227.053,250.353
580.796,293.673,233.847,254.845
582.865,296.466,223.845,246.816
580.399,294.187,233.955,252.314
579.219,296.352,226.589,245.553
577.761,289.736,234.701,255.480
578.923,292.464,225.513,247.574
576.683,289.896,235.199,252.708
578.569,291.748,224.592,249.005
575.868,286.584,231.886,256.021
579.630,284.367,223.874,254.602
578.343,286.023,224.060,247.469
579.633,283.937,227.136,245.985
578.204,288.147,223.368,239.458
577.323,284.193,226.984,241.807
576.790,285.442,224.294,243.064
578.203,282.222,226.141,243.896
577.007,286.141,226.653,244.522
578.650,282.583,219.596,245.985
578.188,281.358,225.173,242.851
576.994,283.384,229.435,242.545
576.958,278.570,222.895,246.507
580.481,282.168,223.825,245.879
578.248,279.689,221.715,245.202
578.490,277.672,225.899,243.635
577.294,279.707,230.170,246.141
579.392,275.488,225.021,248.857
582.943,279.114,222.183,248.238
582.588,274.389,221.951,248.754
582.118,278.856,221.951,246.403
583.059,277.039,225.689,244.418
581.636,275.577,223.362,250.165
584.473,274.305,225.734,253.655
587.114,278.926,221.409,244.412
587.440,276.782,218.429,249.633
589.076,276.713,223.109,250.705
588.828,275.578,221.709,244.922
586.267,279.022,225.899,244.568
588.123,275.620,224.541,245.724
589.418,278.572,227.124,246.403
591.651,280.971,222.656,241.606
592.956,277.824,221.903,246.043
590.249,281.573,223.577,245.093
591.416,278.967,223.586,246.554
592.704,278.573,226.653,250.165
590.183,282.087,226.451,243.137
592.551,278.236,221.245,251.778
592.081,277.905,220.768,246.768
592.665,278.406,225.207,250.437
593.112,281.014,222.411,243.797
594.287,278.428,222.393,249.901
590.851,278.368,224.075,249.077
594.159,282.359,225.495,247.714
595.223,279.862,221.475,247.030
595.457,283.977,223.348,245.355
596.510,281.502,221.243,248.429
596.392,280.431,223.825,248.694
596.857,282.941,228.090,246.035
595.662,281.235,225.263,245.655
597.200,282.612,227.365,248.078
598.727,280.713,222.411,247.124
595.908,284.620,224.294,248.694
596.017,282.747,223.132,246.768
599.544,282.591,224.064,249.899
596.457,282.947,226.446,249.186
600.261,284.800,221.218,245.956
597.332,283.961,223.338,249.503
597.435,288.165,222.659,247.714
597.319,286.469,224.772,249.225
597.429,286.489,223.604,249.186
597.193,285.806,223.132,249.605
596.839,286.411,222.895,248.396
599.902,289.030,221.952,248.341
599.433,287.648,221.951,249.225
596.019,288.457,225.482,250.431
601.720,288.553,218.839,248.335
597.723,289.970,223.099,249.702
600.543,290.492,219.822,248.659
596.673,289.803,223.816,248.164
600.082,292.177,222.188,248.605
600.082,290.793,227.365,247.607
604.460,293.411,220.986,246.173
601.537,291.880,223.099,250.169
598.211,294.998,225.968,246.296
602.581,293.948,225.257,248.396
602.934,295.922,223.604,246.817
603.760,295.659,221.481,250.165
602.818,294.921,222.423,249.755
605.530,298.091,222.188,248.605
605.530,296.707,221.716,249.490
602.000,295.766,223.599,249.490
605.070,298.545,225.495,249.132
605.305,296.356,221.228,249.712
604.825,297.408,221.716,247.607
604.475,295.926,221.479,251.510
603.649,295.460,222.659,250.550
603.412,296.406,223.132,251.496
605.904,295.533,220.995,251.346
605.071,296.195,222.188,251.907
609.574,296.609,218.393,250.133
608.385,296.790,220.770,252.109
607.323,296.758,222.423,250.285
607.087,295.813,222.895,253.119
609.115,295.351,221.694,252.141
608.278,296.013,223.368,252.708
612.921,295.346,218.839,252.141
610.895,295.863,222.421,252.046
610.186,295.265,221.943,251.346
612.428,294.718,220.295,250.550
611.600,294.440,221.481,252.046
613.496,294.109,220.528,253.655
611.958,291.132,221.709,257.239
612.817,292.062,222.859,253.467
611.497,291.774,224.548,254.996
613.546,291.314,221.409,253.997
612.213,288.235,224.076,254.934
614.141,287.879,223.093,259.477
617.295,288.992,222.082,255.323
615.350,289.364,223.590,255.532
617.035,285.956,221.178,257.083
614.995,287.075,223.348,255.800
618.953,285.236,220.220,258.519
616.317,286.940,225.493,257.501
618.147,283.556,224.724,258.963
616.583,285.111,225.923,260.680
620.252,285.758,221.984,257.444
617.783,283.306,224.529,259.956
621.206,284.124,223.005,259.286
619.135,285.276,225.221,257.945
623.129,285.357,220.613,258.749
623.440,283.694,220.947,259.684
623.573,285.445,221.640,257.141
621.169,283.115,225.493,259.412
624.961,284.497,221.299,260.038
622.274,282.930,231.956,260.770
625.035,287.793,225.941,259.414
623.607,280.803,238.008,264.185
624.080,284.821,242.587,260.166
623.205,286.702,238.807,260.425
624.286,283.615,241.637,264.602
625.629,286.822,238.951,262.239
626.809,284.108,239.097,265.663
627.236,288.227,237.738,264.490
627.574,286.371,237.062,266.193
627.456,285.233,239.812,266.458
630.924,289.368,235.408,265.277
630.569,284.938,236.118,268.634
632.650,284.619,234.981,270.279
634.047,284.990,235.215,270.547
632.415,285.361,236.458,267.784
634.781,290.797,234.748,265.477
634.215,290.102,235.882,267.866
638.924,289.667,231.999,269.743
639.751,290.838,233.350,269.904
640.908,288.174,234.049,269.709
639.283,288.793,233.779,272.491
642.491,290.137,232.921,270.815
643.319,291.310,234.282,270.983
647.003,292.166,232.460,270.279
644.820,293.338,233.314,270.444
648.358,290.806,231.768,272.994
645.357,289.275,234.245,275.049
649.647,287.538,232.780,277.507
649.023,286.892,233.518,277.780
651.088,286.110,231.429,279.855
649.673,286.502,233.748,279.581
651.402,286.071,232.337,280.954
652.538,286.464,232.110,280.679
651.120,286.857,234.437,280.405
652.855,286.427,233.018,278.698
654.557,285.966,231.656,280.130
655.690,287.887,229.390,276.797
656.928,288.121,230.443,276.834
652.793,285.433,233.152,280.187
654.224,285.306,232.337,277.884
655.922,284.849,230.974,277.780
657.278,284.751,230.293,276.961
658.630,284.655,229.612,277.658
659.754,282.519,229.385,279.910
660.314,285.008,230.293,276.961
659.138,280.866,230.118,281.704
659.502,282.045,231.429,278.326
660.859,277.881,230.747,280.048
661.763,278.506,228.939,281.341
661.875,277.374,228.714,280.048
662.213,278.548,230.066,279.728
660.463,275.225,233.059,282.819
661.397,275.865,233.246,282.053
662.537,273.693,230.965,284.344
662.537,275.233,233.018,281.778
663.676,273.063,232.791,284.067
664.252,274.053,233.700,282.602
665.394,274.447,233.473,282.327
666.535,274.841,233.246,283.594
667.337,275.595,233.700,282.602
668.479,271.875,233.473,286.441
670.273,274.783,231.438,282.696
670.735,275.773,232.564,283.278
671.422,276.642,231.191,280.511
672.322,277.225,231.429,281.895
673.004,278.089,233.644,280.679
674.456,277.933,232.791,281.503
675.594,278.326,232.564,281.229
676.731,276.161,231.825,283.513
677.161,277.285,233.018,283.318
677.962,275.466,236.558,283.356
679.633,278.769,233.217,282.970
680.534,276.776,236.558,283.356
682.205,276.451,235.290,286.597
682.904,277.335,233.892,283.789
685.351,277.912,235.701,283.151
686.819,277.759,234.835,283.975
687.966,274.021,234.608,286.284
688.549,272.429,235.517,287.393
690.699,274.999,234.863,286.418
691.297,273.335,235.744,287.670
691.885,274.344,236.652,286.172
693.040,274.742,234.342,285.897
693.603,271.542,236.844,288.670
691.675,269.887,238.084,289.887
692.421,270.772,238.696,288.644
693.585,271.172,236.368,286.793
691.879,269.137,239.259,288.778
693.099,269.330,236.818,288.918
691.043,270.278,238.312,287.545
693.813,270.403,238.015,287.820
692.355,270.802,238.312,287.545
690.931,268.306,240.636,290.441
692.164,268.508,240.286,290.566
693.336,270.496,241.645,288.705
692.542,269.967,240.588,290.292
693.752,270.095,241.874,288.979
692.958,269.565,244.520,290.566
695.121,268.596,240.195,291.437
696.021,269.159,240.513,289.252
697.418,269.041,239.832,290.017
695.949,269.442,240.133,289.742
697.156,271.154,239.832,288.432
692.755,271.037,242.838,287.613
695.090,269.824,241.874,288.979
696.942,269.295,240.286,290.566
692.297,269.697,243.760,288.705
691.986,268.483,245.445,290.071
690.224,267.129,246.831,291.710
692.755,269.534,243.920,289.588
689.100,268.487,247.504,290.617
692.079,266.721,245.303,294.686
690.929,270.346,244.913,291.742
692.950,265.271,244.617,291.721
689.053,268.349,248.667,289.844
692.501,269.820,245.532,289.588
689.298,268.362,249.803,291.437
686.696,266.047,249.065,293.367
689.443,264.422,247.361,293.910
685.737,263.480,250.993,294.714
688.773,265.517,248.732,291.730
685.332,267.397,251.300,290.666
686.489,264.422,250.067,293.910
683.429,266.457,252.389,290.926
684.901,264.964,252.156,289.573
684.980,261.579,251.458,293.638
682.379,263.212,256.117,291.462
684.679,262.954,252.609,293.071
682.417,261.856,256.588,294.177
684.263,262.155,252.347,291.381
682.343,262.925,255.645,290.926
681.363,258.846,257.059,293.080
680.264,258.730,255.413,294.411
684.496,259.413,252.436,294.143
678.213,260.897,257.369,292.266
680.564,256.529,255.962,292.763
679.270,256.655,258.001,293.607
678.288,256.401,259.415,295.216
677.304,256.150,260.829,293.502
677.028,257.258,259.168,294.609
679.358,256.838,257.274,293.237
678.248,256.666,259.494,294.679
677.303,256.148,260.829,293.502
680.349,255.040,258.060,296.824
678.570,253.243,259.402,299.310
676.635,253.971,261.041,295.623
675.873,254.369,262.007,297.053
675.123,253.835,262.949,295.888
674.844,252.718,262.949,295.888
674.565,251.602,262.949,299.238
673.460,251.225,264.599,297.744
673.179,250.102,264.599,301.115
672.072,249.729,266.248,299.600
671.789,248.598,266.248,299.600
671.506,252.555,262.856,297.904
670.708,251.912,267.254,296.948
671.283,249.857,266.105,298.804
671.165,248.596,266.341,299.070
671.047,247.334,266.577,299.335
668.667,246.070,269.075,302.992
667.691,244.899,270.455,300.759
668.213,245.163,268.840,300.233
668.400,243.414,268.466,301.456
666.005,244.420,270.979,302.859
662.186,243.929,274.604,300.402
667.287,245.835,270.725,299.464
664.192,243.434,272.927,297.428
666.068,239.882,272.026,302.251
664.372,240.102,272.549,301.812
665.115,237.673,271.063,304.372
664.997,241.564,271.300,302.913
664.659,237.524,274.270,301.812
663.605,241.604,274.075,298.258
661.577,237.933,276.986,303.312
663.122,239.874,276.798,302.331
660.754,236.369,277.480,307.023
661.601,240.887,278.707,300.326
661.925,236.379,278.638,307.023
663.115,235.959,275.673,307.864
660.962,236.486,275.314,306.811
661.316,239.789,277.514,303.113
658.941,236.275,278.199,307.819
659.793,239.050,279.423,305.198
661.494,235.509,276.022,309.940
659.034,239.474,278.599,308.449
657.504,237.025,279.314,311.000
657.969,240.358,281.332,307.283
655.558,239.146,281.444,309.706
656.852,243.346,278.855,303.669
656.530,237.380,285.323,310.944
656.080,240.796,281.453,308.882
653.365,237.628,282.751,312.856
654.250,237.493,283.957,313.127
652.997,241.873,284.076,309.142
652.644,238.034,285.376,314.447
653.779,242.308,283.105,308.297
653.420,238.581,284.413,313.387
650.362,241.042,286.346,311.453
650.063,237.157,287.541,316.833
651.218,239.663,285.231,310.007
649.176,241.080,288.124,310.150
652.040,237.606,285.389,315.902
648.618,237.415,288.023,316.284
645.784,236.625,292.482,317.863
647.993,238.098,288.064,315.528
647.233,235.987,290.188,318.543
648.649,238.187,290.400,314.752
646.760,236.368,289.940,318.389
643.913,235.579,291.378,315.102
646.396,236.575,294.906,316.145
645.302,233.874,290.370,316.656
643.034,231.399,293.693,320.392
642.446,233.104,292.410,323.740
643.321,230.553,293.740,321.452
642.517,234.376,292.886,318.729
640.292,230.388,296.114,319.363
643.018,226.880,293.740,325.147
641.374,231.657,294.553,320.543
639.131,227.642,294.732,321.191
636.856,229.359,303.593,320.836
638.697,230.449,297.411,318.654
639.489,225.222,301.991,326.643
637.682,228.196,298.687,320.695
638.392,223.188,297.888,323.280
638.221,226.394,304.442,321.839
636.246,227.476,302.124,319.675
636.086,226.757,301.199,324.224
639.112,221.911,303.902,326.413
637.896,225.648,301.921,322.721
637.027,222.683,302.409,326.152
635.430,226.669,304.346,324.468
634.801,223.525,304.346,325.726
635.699,225.657,308.854,321.461
636.838,220.483,309.100,326.762
636.762,222.876,307.978,325.795
636.612,222.120,312.718,325.405
635.945,222.051,307.670,325.543
635.884,223.326,312.225,325.525
636.885,224.594,314.691,324.266
638.876,221.783,309.431,327.971
638.602,224.400,314.445,324.012
640.591,221.591,314.938,327.714
641.733,222.688,311.368,326.807
642.305,221.405,314.691,327.458
641.517,221.215,318.839,330.410
643.029,222.014,314.515,330.111
643.595,223.929,317.897,327.570
645.609,225.613,318.391,326.786
645.932,222.384,314.516,328.078
645.056,223.789,318.839,329.125
646.933,224.325,319.624,329.349
647.011,223.422,316.221,331.156
645.757,223.805,321.321,330.390
645.945,222.656,317.683,332.686
646.636,224.341,320.857,330.619
646.715,221.480,317.439,334.387
646.919,223.634,321.597,331.382
647.000,222.727,324.050,333.197
649.172,222.895,318.389,334.177
647.771,223.512,323.802,332.942
647.970,222.364,320.119,331.951
647.557,225.911,323.554,331.382
648.123,222.527,325.043,332.906
648.696,222.423,326.531,334.431
645.967,220.999,325.375,333.972
648.316,222.368,325.296,333.874
645.347,221.049,330.575,336.513
646.347,221.679,325.235,334.585
646.523,220.587,327.524,336.768
643.413,219.439,327.097,339.065
644.921,221.596,328.749,337.418
645.254,220.262,324.748,336.751
644.818,219.871,328.268,337.534
641.702,220.056,331.834,338.497
644.606,220.925,328.709,339.443
641.084,220.093,329.066,341.106
640.591,219.583,332.734,342.126
642.851,219.786,330.916,343.072
642.422,219.365,328.402,343.912
641.106,219.748,331.708,343.147
640.827,219.110,328.889,344.422
639.508,219.493,332.202,343.657
639.230,218.855,329.377,344.933
637.908,219.238,332.695,344.167
637.630,218.600,329.864,345.443
638.334,218.983,327.106,344.677
636.492,214.497,333.479,348.270
635.375,214.635,332.300,347.994
636.081,216.380,335.654,345.867
636.175,209.989,332.056,353.194
635.665,214.565,331.706,346.783
631.130,212.816,340.099,353.675
632.453,212.595,336.064,350.645
631.398,214.020,334.736,349.171
632.471,214.098,337.381,349.015
626.017,211.400,340.674,352.351
627.871,213.545,341.820,350.833
630.297,214.932,335.580,350.833
631.184,213.143,338.614,352.351
630.420,215.791,340.833,349.821
630.766,214.408,340.833,352.586
627.027,213.770,341.373,353.862
628.623,213.260,343.053,354.883
628.355,214.019,340.096,354.761
629.434,215.477,342.806,353.237
631.625,217.311,343.300,352.352
628.491,217.312,342.603,359.316
629.122,217.870,346.259,354.687
631.823,219.174,339.454,354.883
632.702,219.430,342.560,354.372
632.434,218.792,345.885,355.648
634.827,220.452,339.696,355.137
635.705,220.706,342.806,364.362
635.222,216.853,342.359,366.409
634.150,219.300,349.465,361.516
636.023,220.085,344.296,361.369
636.649,220.777,347.986,359.985
638.512,221.556,342.843,359.844
639.141,216.628,346.506,364.077
639.656,220.242,350.452,369.645
639.834,221.373,345.052,363.782
639.987,216.703,349.712,367.446
640.525,220.369,347.202,362.983
639.255,222.015,352.584,361.115
641.959,221.840,352.178,362.893
644.216,223.732,352.671,361.971
644.574,213.717,354.817,369.840
645.719,220.923,351.076,362.681
645.525,222.960,354.321,361.465
646.462,217.439,355.314,365.343
646.664,220.492,357.795,363.566
644.374,218.200,361.652,368.149
647.722,218.953,360.070,369.565
644.435,217.492,359.340,368.834
646.991,218.965,359.330,368.805
647.356,217.507,361.517,371.721
647.583,219.167,363.998,371.337
648.558,217.189,364.991,375.293
648.800,215.913,360.804,374.140
650.507,218.406,362.536,372.096
650.875,219.877,364.742,372.096
651.854,217.895,365.735,376.058
648.386,219.589,361.535,371.928
650.824,218.417,361.796,383.079
650.596,217.651,360.760,378.649
648.969,218.308,366.975,377.334
649.218,220.012,362.753,376.905
648.463,217.450,367.224,379.810
648.221,219.764,363.971,378.171
647.460,217.189,368.464,381.093
647.223,219.517,365.189,379.437
646.579,217.058,369.457,382.120
646.346,216.389,366.164,383.457
647.208,216.900,367.439,382.436
646.335,216.772,365.433,382.691
641.210,218.779,374.935,380.174
644.999,216.117,370.380,385.498
644.121,217.503,368.356,384.240
643.091,217.639,373.427,383.967
639.577,214.090,372.876,388.792
640.757,215.604,368.992,387.290
641.331,207.162,373.141,395.091
641.185,210.306,371.898,390.339
635.650,213.993,375.338,386.018
635.897,206.627,377.893,394.654
637.032,212.278,374.077,398.037
641.015,205.070,373.835,399.324
630.718,207.518,379.733,394.427
636.937,210.235,377.370,388.219
630.194,208.916,380.126,390.855
632.810,207.641,380.293,393.407
632.458,206.875,377.126,394.938
633.331,208.930,378.469,392.372
635.119,202.242,373.351,399.578
627.800,204.945,380.260,394.172
629.633,204.435,382.020,404.491
629.427,199.727,376.922,420.988
624.120,202.898,381.954,421.824
619.871,199.302,388.846,418.572
628.591,200.278,380.287,419.850
624.359,196.629,383.152,427.147
623.988,193.958,383.085,422.770
624.650,203.187,380.955,418.809
620.874,199.152,386.909,417.287
618.859,202.673,385.309,419.898
615.922,192.079,389.573,421.769
624.085,199.301,382.172,410.571
622.497,187.333,383.762,435.300
615.626,199.688,388.507,425.313
622.796,195.165,383.115,424.598
618.154,197.539,385.939,427.117
613.587,194.051,388.569,434.092
608.148,199.044,393.695,424.106
616.876,192.716,390.143,432.674
622.793,199.338,379.954,430.944
615.963,192.896,384.705,434.109
609.564,191.569,391.778,438.399
603.905,199.267,401.437,434.613
601.496,193.384,400.405,438.857
608.747,198.888,395.131,430.366
605.737,193.686,395.373,440.770
600.417,201.040,404.342,437.759
587.898,195.126,413.383,442.008
605.540,197.997,395.208,443.112
589.602,195.962,411.173,442.995
598.670,199.580,407.562,441.739
585.848,193.653,416.218,445.948
599.910,196.707,407.068,442.427
594.485,194.522,408.573,446.797
590.903,192.944,414.027,445.678
588.954,199.940,416.206,441.144
588.702,191.579,410.708,450.150
590.134,190.361,411.286,448.284
592.092,195.348,410.807,445.185
589.505,189.408,414.269,452.786
591.176,194.733,414.394,448.205
588.803,188.566,417.417,452.776
591.337,194.861,415.829,448.017
589.316,188.199,418.143,453.564
597.957,192.766,410.446,450.532
593.974,188.163,412.386,455.432
594.585,184.275,414.633,458.873
595.016,191.112,412.899,452.181
591.287,186.266,414.303,457.549
598.008,182.367,410.446,461.861
591.472,186.725,417.418,455.761
593.295,181.531,412.899,462.656
598.509,182.751,412.096,465.467
591.582,181.476,416.308,464.512
585.790,182.176,420.850,463.112
586.839,181.386,417.868,464.690
592.927,181.781,415.394,463.901
587.163,182.702,419.894,462.059
582.920,178.387,422.210,467.164
589.568,174.621,414.248,471.141
581.772,184.658,422.763,463.448
577.870,173.634,428.796,474.866
578.269,180.814,426.193,467.729
579.618,176.128,427.067,472.633
574.586,180.387,427.239,467.714
582.367,178.873,421.520,469.848
576.628,175.914,425.872,472.201
571.484,175.986,429.878,472.058
572.779,173.130,436.302,475.966
581.180,178.564,421.324,472.393
574.856,176.344,427.721,473.262
569.907,176.157,431.316,473.637
565.783,171.486,437.755,479.360
561.840,177.342,439.223,474.985
571.126,170.674,436.196,480.090
566.647,178.982,435.080,478.130
551.383,167.897,448.262,485.693
548.560,176.318,457.644,479.125
549.577,167.451,449.047,486.546
546.782,174.051,458.379,482.701
547.194,170.619,450.023,487.682
550.026,175.406,456.547,485.609
549.279,170.340,450.501,491.027
551.401,168.247,450.023,490.506
547.878,177.443,450.485,483.402
546.167,173.510,457.644,486.597
545.482,175.968,451.458,484.514
543.771,172.066,458.624,492.319
547.702,168.119,449.811,495.458
548.649,174.880,446.972,489.496
544.573,163.036,453.251,508.502
543.446,172.237,450.700,492.983
539.533,166.821,456.640,500.040
547.863,172.939,445.719,495.456
542.188,169.562,450.485,498.449
536.951,158.905,459.062,515.022
535.884,168.304,459.250,499.142
545.059,161.961,451.444,507.994
537.870,163.878,458.153,509.911
544.426,160.516,450.847,511.799
536.210,166.430,459.588,508.623
530.905,162.424,463.425,507.929
539.291,168.787,457.334,502.971
534.683,163.958,464.630,514.549
529.225,159.976,467.718,517.621
536.536,167.613,458.022,516.136
529.111,159.083,470.925,517.629
524.491,165.959,472.261,517.709
533.038,160.619,464.073,519.485
514.539,158.036,482.403,526.615
523.669,166.065,475.241,515.601
520.478,159.270,479.642,520.273
517.299,164.407,482.000,518.000
515.299,156.407,484.000,525.000
512.111,161.610,488.358,522.664
510.616,165.136,489.327,518.646
510.212,155.189,494.167,529.465
508.461,158.798,490.502,525.318
506.822,150.183,497.844,533.404
505.086,157.975,494.096,525.041
510.510,152.365,496.501,531.165
508.953,157.859,497.559,525.315
509.141,154.534,495.138,529.920
507.632,145.816,505.331,534.031
521.208,151.912,489.614,529.115
515.461,151.658,496.014,532.680
513.418,143.251,498.043,536.116
511.173,151.771,506.668,530.451
512.391,139.979,502.159,544.697
509.165,145.464,512.797,532.680
511.380,145.069,512.551,532.426
513.593,144.673,506.033,536.353
513.277,134.497,510.836,544.196
512.202,141.657,510.875,537.264
512.848,130.333,513.777,550.475
511.055,138.374,515.234,541.847
511.693,139.627,521.362,538.282
514.665,138.333,513.297,539.810
515.306,122.732,519.389,561.530
526.361,137.561,502.684,540.520
511.605,129.201,523.848,559.328
510.228,132.562,519.016,551.523
509.475,135.209,528.021,545.157
512.495,133.908,519.834,546.685
500.318,135.157,538.852,547.388
492.548,133.829,548.957,551.131
486.259,128.627,552.728,556.031
493.001,134.801,543.682,549.230
485.987,130.562,548.961,552.241
492.669,136.680,540.005,545.515
485.603,132.369,545.445,548.704
479.088,140.625,549.714,539.858
485.671,132.465,537.639,547.454
490.583,133.595,535.419,544.108
482.882,139.959,535.700,535.700
490.227,138.728,532.802,537.090
493.276,138.569,521.351,536.338
496.729,136.813,518.679,534.557
496.778,139.531,513.311,528.068
487.718,142.018,523.095,530.389
499.462,138.435,503.825,532.284
496.391,144.411,514.113,523.442
501.087,145.464,502.643,520.298
500.625,144.618,504.591,516.874
492.308,142.442,506.917,520.204
502.127,144.512,497.559,515.035
492.590,147.765,502.451,507.516
498.263,147.886,498.179,510.305
502.164,145.743,494.412,509.547
502.263,148.386,489.193,507.273
504.589,147.789,488.529,503.484
495.767,150.414,492.278,501.210
500.365,151.526,487.059,497.993
504.419,149.222,482.892,497.674
504.541,151.831,483.628,495.400
505.401,153.679,477.011,494.642
504.798,153.143,482.105,490.853
506.373,154.225,474.088,487.717
509.534,156.500,474.503,486.053
501.736,154.477,476.646,489.139
502.304,152.593,479.376,488.074
503.868,153.666,471.408,484.960
495.543,155.945,483.274,479.446
503.054,153.834,474.997,482.704
504.766,159.400,466.779,475.406
506.185,156.646,467.714,476.201
507.702,157.684,468.458,476.958
504.492,158.724,465.419,473.932
508.788,159.757,463.405,470.925
502.074,160.543,463.744,468.419
507.236,165.243,459.953,466.483
509.179,162.109,456.993,468.117
505.259,163.750,455.574,463.907
506.736,164.794,456.300,464.580
508.206,170.405,448.751,457.044
501.437,167.781,457.759,457.759
507.617,171.212,451.814,454.563
502.251,170.849,458.012,458.011
505.685,169.698,446.559,459.396
505.977,176.409,449.601,449.601
501.290,175.322,454.475,450.875
505.663,173.365,449.353,453.882
499.831,173.414,453.784,452.880
503.490,172.084,450.097,454.634
505.797,179.376,449.105,446.388
501.883,177.687,452.454,448.870
506.230,175.733,447.368,449.172
501.064,182.238,450.519,442.442
502.069,183.672,447.617,440.469
507.197,180.782,440.916,442.694
502.122,180.134,446.643,443.106
506.395,185.308,441.661,430.975
507.992,185.931,441.959,433.225
513.491,187.062,434.465,434.465
509.018,186.067,439.065,432.979
505.951,190.433,444.325,430.358
515.382,185.877,435.968,430.715
512.171,190.448,442.391,427.645
519.240,185.791,436.088,428.254
516.726,189.740,436.791,426.412
522.594,186.099,432.830,427.646
519.472,190.716,439.075,424.439
526.482,193.000,432.830,418.143
525.783,188.364,434.227,426.564
523.232,192.318,439.330,416.932
532.215,192.673,441.061,414.511
534.484,191.938,432.244,421.973
532.600,188.337,431.738,420.624
530.972,191.388,434.993,420.493
537.910,193.644,428.820,414.269
544.839,195.827,429.302,415.807
543.779,198.172,427.191,409.427
543.961,199.514,426.828,405.069
545.109,199.771,424.532,410.381
544.343,195.272,426.063,411.025
543.833,199.804,422.897,402.798
544.673,200.507,421.216,407.175
543.908,196.037,422.746,407.826
543.398,200.530,419.612,404.656
542.851,199.929,420.705,401.732
543.362,200.828,419.685,398.289
544.510,201.099,417.389,403.476
543.744,203.234,425.491,402.491
545.244,203.176,422.491,400.952
546.392,203.441,420.195,403.717
546.265,204.968,420.450,399.015
547.413,205.237,424.713,404.216
548.269,199.162,423.002,408.072
537.782,201.164,429.842,409.888
538.523,202.008,435.079,414.081
535.212,202.638,437.454,411.121
537.463,201.910,432.952,410.879
538.611,202.155,437.411,416.300
539.565,202.801,431.233,413.301
539.727,204.135,437.670,416.547
536.410,197.948,435.758,420.378
535.900,200.025,443.630,419.650
537.540,202.626,436.033,415.311
538.316,203.263,434.482,420.000
537.550,202.951,442.852,416.350
529.509,202.285,448.622,423.699
531.349,202.132,444.943,422.259
532.625,202.475,449.331,427.645
533.543,203.080,443.107,424.680
533.646,197.444,442.902,432.480
531.732,200.831,446.728,431.837
530.967,200.531,448.259,428.043
531.477,201.456,454.254,432.331
521.790,202.094,458.550,429.281
524.639,200.964,459.955,429.765
527.681,199.590,453.872,438.743
522.451,199.297,459.867,434.865
524.173,199.257,456.423,441.209
523.280,194.351,465.397,442.037
519.910,197.461,467.596,444.898
520.905,198.061,461.043,441.871
521.046,197.651,460.760,439.078
511.006,198.380,477.239,443.922
514.653,196.426,469.945,445.987
504.931,196.720,478.391,443.566
509.027,194.467,477.576,443.463
505.602,192.405,477.058,454.034
506.607,193.076,475.048,450.829
507.883,193.360,479.908,456.746
508.910,192.176,477.854,455.367
498.601,193.027,487.270,451.798
502.799,190.756,486.386,454.461
494.753,189.331,491.187,455.430
498.996,187.053,490.273,458.093
490.890,185.621,495.104,467.598
492.881,185.415,491.121,466.083
494.285,185.789,488.314,463.420
484.264,181.409,504.547,474.084
486.896,180.557,494.390,473.831
486.999,182.009,494.182,468.988
488.402,182.377,491.376,474.997
477.840,179.097,502.831,473.822
480.123,178.599,498.264,478.724
479.996,177.500,498.519,476.037
480.634,178.596,497.244,480.669
469.956,176.265,508.814,478.481
472.552,175.545,511.522,486.834
473.568,176.205,504.495,478.521
463.223,173.527,513.383,487.812
464.532,174.068,510.765,484.726
465.935,171.416,507.959,485.051
454.651,172.522,518.605,480.852
459.081,170.070,509.745,483.758
460.485,170.407,506.939,481.095
450.026,170.751,515.994,478.431
454.426,168.303,507.194,481.337
455.829,168.646,504.387,487.574
454.937,171.257,506.173,480.368
444.496,171.602,510.276,477.705
447.695,170.371,503.877,478.189
449.098,170.721,501.071,475.526
438.778,171.075,509.988,472.862
443.109,168.640,509.190,475.768
446.531,173.080,502.346,470.826
437.783,171.936,503.293,471.168
440.935,167.796,504.784,474.575
431.804,170.006,506.396,471.135
435.742,168.044,498.519,468.217
426.817,167.175,512.501,476.723
430.746,168.058,504.642,475.947
421.143,170.594,512.077,466.951
427.667,166.297,499.030,468.696
418.730,165.425,505.288,477.216
420.711,165.166,501.326,470.853
423.390,170.113,503.748,470.683
415.076,168.655,508.682,466.779
420.668,170.854,504.327,466.283
413.712,168.167,506.593,460.981
410.758,171.416,502.831,468.987
414.317,169.717,503.489,467.525
406.809,170.444,506.854,458.305
414.293,171.014,499.602,469.703
405.242,170.281,506.071,464.383
399.158,172.467,506.593,459.039
394.804,175.216,517.231,465.122
403.139,172.219,500.560,456.393
398.040,173.731,506.933,465.805
393.798,170.319,513.473,455.124
392.216,172.457,512.766,464.392
387.877,170.296,516.562,464.808
396.006,174.129,500.305,462.047
382.438,171.270,516.852,461.028
391.732,174.146,511.942,463.092
380.694,176.687,515.504,458.983
378.525,177.410,521.789,458.512
378.029,176.603,518.864,461.104
376.072,177.093,518.864,457.188
375.182,176.565,516.743,464.094
373.856,178.314,517.435,453.735
373.588,177.235,519.912,456.863
373.089,176.427,517.008,459.455
371.138,176.915,517.008,459.455
369.187,177.402,517.008,459.455
367.236,177.890,522.862,464.332
367.379,178.348,520.604,456.515
367.092,179.200,523.130,459.690
366.599,180.358,520.190,456.393
359.548,181.383,529.418,457.269
361.264,180.514,527.956,458.022
355.628,183.207,528.404,450.668
359.108,179.066,526.327,459.926
359.278,182.481,527.956,455.067
354.465,181.443,532.678,456.161
350.505,182.630,535.666,455.760
347.354,187.987,537.024,451.971
345.704,182.264,538.352,460.459
348.815,183.299,534.123,460.382
343.932,185.216,538.926,458.533
347.731,182.648,536.304,454.714
345.035,187.594,539.718,451.742
344.047,186.111,539.718,456.685
341.688,182.969,542.449,455.022
347.382,186.718,536.034,454.485
344.689,186.722,545.373,456.453
343.786,190.286,542.185,447.328
339.927,184.331,548.919,458.254
331.258,187.557,556.217,450.797
341.832,187.506,547.093,450.900
343.023,189.307,542.722,454.257
334.078,184.834,556.638,453.263
328.845,185.227,563.081,452.476
333.507,184.102,557.799,454.727
336.214,184.664,553.394,453.602
338.088,185.790,553.657,458.372
338.587,188.063,550.643,452.818
340.046,184.587,552.724,454.772
341.448,186.185,553.933,451.576
344.140,186.748,549.549,450.450
346.011,187.874,550.787,455.171
353.871,181.993,547.093,453.907
354.103,184.509,544.634,455.857
353.105,188.001,551.617,448.874
356.010,183.358,550.787,460.151
355.348,186.746,557.150,448.339
359.785,180.800,553.277,462.231
359.134,179.155,559.639,458.439
361.116,180.223,560.746,456.303
364.062,180.560,559.916,455.628
367.005,180.898,559.086,454.953
369.944,181.236,558.256,454.277
372.879,176.534,567.506,458.642
368.707,176.127,572.787,459.455
373.699,174.777,566.911,462.156
368.243,175.340,574.751,461.031
373.257,173.989,569.875,461.671
368.718,173.859,575.874,461.931
373.746,172.509,570.982,464.632
368.490,172.847,578.400,468.081
372.313,172.545,575.961,460.352
369.689,170.855,578.119,470.946
372.549,171.311,577.621,467.946
376.257,171.167,575.408,466.153
371.663,171.027,581.487,473.689
374.563,166.250,580.941,475.888
376.641,167.376,582.047,471.532
371.981,167.224,588.222,469.739
369.421,165.388,590.187,472.360
366.573,163.849,592.712,473.325
372.481,162.005,586.197,474.893
367.780,161.845,592.432,473.100
365.208,160.001,594.396,476.788
370.451,158.651,589.240,478.424
365.437,158.793,596.080,477.076
362.432,160.339,598.887,476.120
360.549,157.979,610.133,478.703
360.621,153.984,606.744,485.612
357.588,155.577,609.551,484.598
355.677,153.179,610.112,489.395
352.353,151.829,613.480,489.909
349.725,149.947,615.444,492.575
337.852,148.273,627.067,490.413
338.351,154.818,633.841,487.314
341.531,148.150,624.144,486.187
333.863,154.195,638.377,484.020
330.410,145.880,644.170,495.088
333.817,150.460,645.267,487.058
325.443,152.746,655.284,492.585
332.431,143.198,649.266,496.899
336.552,147.285,637.615,494.407
323.909,145.058,656.160,499.985
328.656,148.538,654.693,495.320
325.527,139.794,659.811,507.109
328.996,136.366,660.978,511.650
321.901,141.914,662.363,506.376
326.222,134.309,661.835,506.518
321.151,138.473,670.818,503.982
313.303,140.294,679.532,506.158
322.118,129.317,670.118,512.857
311.116,133.532,673.352,510.293
316.982,124.734,669.833,518.504
319.254,131.554,673.546,515.481
314.091,135.790,682.693,503.471
315.097,135.205,679.507,501.122
310.266,135.796,682.161,503.444
305.286,135.304,685.083,510.293
314.055,135.979,675.831,505.394
306.943,129.028,683.038,507.600
300.778,137.681,696.546,504.436
299.006,134.782,692.971,506.675
295.594,133.110,700.981,506.462
300.231,133.510,698.861,505.661
298.732,138.905,694.724,499.630
298.262,135.216,696.842,503.471
296.933,133.235,700.685,505.063
296.050,138.122,703.642,500.050
297.678,132.922,701.572,490.270
291.694,133.951,714.714,498.775
296.497,134.758,706.303,485.210
293.487,133.673,702.951,494.409
296.836,135.419,709.234,495.638
301.408,136.427,701.277,481.757
298.470,135.384,708.317,488.494
305.387,134.797,695.659,484.960
299.792,135.460,708.012,481.309
309.065,133.049,690.633,490.806
310.683,136.115,688.564,473.024
318.053,135.076,685.243,479.670
311.812,136.215,680.511,475.096
306.095,143.873,693.084,471.161
315.284,141.591,686.143,450.567
312.195,148.715,685.643,458.579
313.910,151.349,673.237,435.360
330.883,157.738,651.209,441.002
330.436,155.151,643.522,422.579
344.358,162.954,616.721,424.713
341.267,174.507,614.707,403.658
338.554,168.960,615.148,404.781
351.571,175.645,599.100,393.409
355.789,181.938,591.635,382.765
355.387,186.636,586.725,375.276
363.303,184.602,572.771,375.588
367.435,191.345,566.363,364.886
373.990,184.518,564.172,369.442
378.234,191.017,556.600,364.669
390.458,197.471,542.073,354.467
394.753,203.604,535.238,344.833
400.953,207.474,524.557,338.812
406.679,211.472,523.232,337.569
406.613,215.338,519.157,331.520
413.745,218.337,514.857,322.201
417.582,220.433,503.107,325.348
422.924,225.175,502.141,308.574
428.960,231.338,494.010,310.430
433.742,233.694,482.093,298.663
435.584,234.187,479.169,309.827
440.667,237.909,478.259,294.669
443.113,238.726,474.118,295.291
444.277,240.341,472.540,289.814
447.173,246.705,467.489,285.235
450.695,246.804,461.176,287.230
450.391,247.660,461.055,286.975
443.635,248.486,472.384,282.411
441.564,248.635,474.332,285.768
438.511,247.830,478.228,289.589
441.500,252.588,476.718,287.521
438.336,251.138,485.270,283.012
434.670,249.464,485.925,285.620
434.478,252.050,493.022,287.907
435.062,248.900,494.117,287.418
436.194,250.786,501.661,291.190
437.673,247.228,508.647,291.420
449.167,248.783,511.097,296.791
445.958,251.433,508.941,290.712
456.376,246.661,511.973,293.326
459.423,247.457,522.948,299.493
469.707,249.026,526.943,295.564
475.673,249.097,532.389,299.370
481.427,249.388,538.458,297.990
484.425,248.428,534.066,308.732
486.450,250.780,547.899,303.214
494.414,248.997,549.922,305.150
497.165,248.248,562.458,305.826
497.883,239.328,569.322,316.198
500.535,241.133,582.705,314.287
502.415,244.976,579.802,312.596
500.105,241.112,588.681,318.620
501.422,240.907,599.918,320.765
504.638,239.749,607.534,324.837
498.163,235.935,624.928,331.576
498.170,234.107,640.402,342.519
496.819,232.873,647.791,346.863
495.216,231.693,667.129,351.120
497.559,226.147,692.466,361.245
501.450,222.585,715.715,370.370
496.566,218.156,738.879,381.291
495.183,213.296,767.147,393.136
497.386,213.134,770.434,387.964
500.781,205.812,769.115,404.797
492.310,199.414,781.591,416.476
497.085,194.085,782.915,425.992
492.008,181.646,783.821,440.466
488.753,181.951,787.979,445.738
488.960,183.020,789.938,442.413
478.128,173.524,801.872,464.955
473.323,167.690,806.677,465.624
469.426,161.312,810.574,482.059
459.339,149.615,819.487,500.450
451.268,139.667,828.732,513.938
454.196,141.936,825.804,513.318
442.271,131.449,836.623,532.989
436.858,123.927,843.142,545.361
428.204,108.885,851.796,564.586
422.529,102.538,854.820,574.505
423.518,92.418,854.245,594.746
416.919,93.034,856.028,590.659
425.086,83.797,853.927,606.288
414.223,77.294,864.132,617.854
401.771,57.219,877.339,638.995
398.456,54.593,881.544,651.738
391.784,31.608,885.787,682.541
395.808,39.835,884.192,675.425
389.340,10.962,890.660,700.688
376.241,23.017,899.470,692.386
380.616,0.000,899.384,707.178
359.400,4.000,916.275,705.564
342.793,0.000,937.207,715.657
349.250,0.000,930.750,708.536
320.530,0.000,959.470,719.963
294.612,0.000,985.388,715.935
276.331,0.000,996.739,717.667
241.453,0.000,1034.329,707.560
226.231,2.850,1053.769,703.573
217.150,1.347,1062.850,708.302
201.619,0.000,1078.285,713.190
194.995,0.000,1082.759,704.061
192.941,0.000,1087.059,711.989
188.837,0.000,1086.463,704.649
187.546,0.000,1092.454,713.005
184.428,0.000,1095.572,706.247
212.902,0.000,1067.098,715.762
202.551,0.000,1077.449,704.158
226.981,0.000,1047.766,711.214
241.292,1.497,1038.146,709.946
253.448,0.000,1026.552,710.453
235.115,0.000,1037.578,707.353
253.312,2.234,1025.185,704.601
264.154,0.000,1015.846,704.909
272.540,0.239,1000.768,711.206
274.862,0.000,997.811,713.771
275.559,0.000,998.107,691.277
269.263,0.000,1010.737,698.053
263.656,0.000,1008.504,691.918
274.717,0.000,1004.773,690.357
270.386,0.000,1009.614,675.212
287.757,0.000,992.243,715.989
286.260,0.000,993.740,691.989
278.542,0.000,995.898,716.137
286.290,0.000,990.542,692.757
292.502,0.000,979.777,716.074
296.252,0.000,982.334,713.421
293.194,0.000,986.806,715.233
299.008,0.000,980.992,714.061
295.427,0.000,978.105,715.446
298.922,0.000,981.078,712.682
304.193,0.000,968.862,711.089
298.532,0.000,981.468,707.747
305.594,0.000,974.406,694.112
307.279,0.000,972.681,695.971
307.807,0.000,972.193,697.112
307.943,0.000,972.057,701.083
306.535,0.000,973.465,714.054
301.109,0.000,974.307,710.714
305.316,0.000,974.684,708.408
310.437,0.000,962.780,696.747
308.228,0.000,968.838,695.910
307.867,0.000,971.203,696.339
307.950,0.000,972.050,683.918
320.749,0.000,956.244,678.113
