0.00000000,0.00000000
0.89396883,0.00000000
0.91648066,0.00000000
0.86112138,0.00000000
0.89904509,0.00000000
0.92516604,0.00000000
0.91471652,0.00000000
0.83786290,0.00000000
0.79868805,0.00000000
0.86802534,0.00000000
0.90475440,0.00000000
0.91106606,0.00000000
0.86375607,0.00000000
0.88943229,0.00000000
0.84952197,0.00000000
0.91164832,0.00000000
0.93694825,0.00000000
0.94393972,0.00000000
0.93336291,0.00000000
0.94696840,0.00000000
0.93027358,0.00000000
0.96602646,0.00000000
0.95002970,0.00000000
0.88299822,0.00000000
0.94909371,0.00000000
0.90710734,0.00000000
0.92687390,0.00000000
0.89888873,0.00000000
0.87472618,0.00000000
0.89781503,0.00000000
0.92770801,0.00000000
0.95615137,0.00000000
0.97204435,0.00000000
0.95309319,0.00000000
0.94404993,0.00000000
0.96752470,0.00000000
0.93667930,0.00000000
0.93988172,0.00000000
0.92648603,0.00000000
0.91789119,0.00000000
0.96371621,0.00000000
0.90628092,0.00000000
0.96378757,0.00000000
0.95925171,0.00000000
0.95457967,0.00000000
0.94998783,0.00000000
0.94847271,0.00000000
0.90352825,0.00000000
0.90819597,0.00000000
0.94790780,0.00000000
0.97169081,0.00000000
0.91873980,0.00000000
0.93971156,0.00000000
0.96498085,0.00000000
0.93290435,0.00000000
0.94331757,0.00000000
0.90971675,0.00000000
0.93704065,0.00000000
0.94450296,0.00000000
0.94223925,0.00000000
0.03158780,0.00000000
0.00000000,0.00000000
0.00000000,0.00000000
0.00000000,0.00000000
0.00000000,0.00000000
0.00000000,0.00000000
0.00000000,0.00000000
0.00000000,0.00000000
0.00000000,0.00000000
0.00000000,0.00000000
0.00000000,0.00000000
0.00000000,0.00000000
0.00000000,0.00000000
0.00000000,0.00000000
0.00000000,0.00000000
0.00000000,0.00000000
0.00000000,0.00000000
0.00000000,0.00000000
0.00000000,0.00000000
0.00000000,0.00000000
0.00000000,0.00000000
0.00000000,0.00000000
0.00000000,0.00000000
0.00000000,0.00000000
0.00000000,0.00000000
0.00000000,0.00000000
0.00000000,0.00000000
0.00000000,0.00000000
0.00000000,0.00000000
0.00000000,0.00000000
0.00000000,0.00000000
0.00000000,0.00000000
0.00000000,0.00000000
0.00000000,0.00000000
0.00000000,0.00000000
0.06384239,0.00000000
0.11596551,0.00000000
0.00000000,0.00000000
0.00000000,0.00000000
0.00000000,0.00000000
0.00000000,0.00000000
0.00000000,0.00000000
0.00000000,0.00000000
0.00000000,0.00000000
0.00000000,0.00000000
0.00000000,0.00000000
0.00000000,0.00000000
0.00000000,0.00000000
0.00000000,0.00000000
0.00000000,0.00000000
0.00000000,0.00000000
0.00000000,0.00000000
0.00000000,0.00000000
0.00000000,0.00000000
0.00000000,0.00000000
0.00000000,0.00000000
0.00000000,0.00000000
0.00000000,0.00000000
0.00000000,0.00000000
0.00000000,0.00000000
0.00000000,0.00000000
0.00000000,0.00000000
0.00000000,0.00000000
0.00000000,0.00000000
0.00000000,0.00000000
0.00000000,0.00000000
0.00000000,0.00000000
0.00000000,0.00000000
0.00000000,0.00000000
0.00000000,0.00000000
0.00000000,0.00000000
0.00000000,0.00000000
0.00000000,0.00000000
0.00000000,0.00000000
0.00000000,0.00000000
0.00000000,0.00000000
0.00000000,0.00000000
0.00000000,0.00000000
0.00000000,0.00000000
0.00000000,0.00000000
0.00000000,0.00000000
0.00000000,0.00000000
0.00000000,0.00000000
0.00000000,0.00000000
0.00000000,0.00000000
0.00000000,0.00000000
0.00000000,0.00000000
0.00000000,0.00000000
0.00000000,0.00000000
0.00000000,0.00000000
0.00000000,0.00000000
0.00000000,0.00000000
0.00000000,0.00000000
0.00000000,0.00000000
0.00000000,0.00000000
0.00000000,0.00000000
0.00000000,0.00000000
0.00000000,0.00000000
0.00000000,0.00000000
0.00000000,0.00000000
0.00000000,0.00000000
0.00000000,0.00000000
0.00000000,0.00000000
0.00000000,0.00000000
0.00000000,0.00000000
0.00000000,0.00000000
0.00000000,0.00000000
0.00000000,0.00000000
0.00000000,0.00000000
0.00000000,0.00000000
0.00000000,0.00000000
0.00000000,0.00000000
0.00000000,0.00000000
0.00000000,0.00000000
0.00000000,0.00000000
0.00000000,0.00000000
0.00000000,0.00000000
0.00000000,0.00000000
0.00000000,0.00000000
0.00000000,0.00000000
0.00000000,0.00000000
0.00000000,0.00000000
0.00000000,0.00000000
0.00000000,0.00000000
0.00000000,0.00000000
0.00000000,0.00000000
0.00000000,0.00000000
0.00000000,0.00000000
0.00000000,0.00000000
0.00000000,0.00000000
0.00000000,0.00000000
0.00000000,0.00000000
0.00000000,0.00000000
0.00000000,0.00000000
0.00000000,0.00000000
0.00000000,0.00000000
0.00000000,0.00000000
0.00000000,0.00000000
0.00000000,0.00000000
0.00000000,0.00000000
0.00000000,0.00000000
0.00000000,0.00000000
0.00000000,0.00000000
0.00000000,0.00000000
0.00000000,0.00000000
0.00000000,0.00000000
0.00000000,0.00000000
0.00000000,0.00000000
0.00000000,0.00000000
0.00000000,0.00000000
0.00000000,0.00000000
0.00000000,0.00000000
0.00000000,0.00000000
0.00000000,0.00000000
0.00000000,0.00000000
0.00000000,0.00000000
0.00000000,0.00000000
0.00000000,0.00000000
0.00000000,0.00000000
0.00000000,0.00000000
0.00000000,0.00000000
0.00000000,0.00000000
0.00000000,0.00000000
0.00000000,0.00000000
0.00000000,0.00000000
0.00000000,0.00000000
0.00000000,0.00000000
0.00000000,0.00000000
0.00000000,0.00000000
0.00000000,0.00000000
0.00000000,0.00000000
0.00000000,0.00000000
0.00000000,0.00000000
0.00000000,0.00000000
0.00000000,0.00000000
0.00000000,0.00000000
0.00000000,0.00000000
0.00000000,0.00000000
0.00000000,0.00000000
0.00000000,0.00000000
0.00000000,0.00000000
0.00000000,0.00000000
0.00000000,0.00000000
0.00000000,0.00000000
0.00000000,0.00000000
0.00000000,0.00000000
0.00000000,0.00000000
0.00000000,0.00000000
0.00000000,0.00000000
0.00000000,0.00000000
0.00000000,0.00000000
0.00000000,0.00000000
0.00000000,0.00000000
0.00000000,0.00000000
0.00000000,0.00000000
0.00000000,0.00000000
0.00000000,0.00000000
0.00000000,0.00000000
0.00000000,0.00000000
0.00000000,0.00000000
0.00000000,0.00000000
0.00000000,0.00000000
0.00000000,0.00000000
0.00000000,0.00000000
0.00000000,0.00000000
0.00000000,0.00000000
0.00000000,0.00000000
0.00000000,0.00000000
0.00000000,0.00000000
0.00000000,0.00000000
0.00000000,0.00000000
0.00000000,0.00000000
0.00000000,0.00000000
0.00000000,0.00000000
0.00000000,0.00000000
0.00000000,0.00000000
0.00000000,0.00000000
0.00000000,0.00000000
0.00000000,0.00000000
0.00000000,0.00000000
0.00000000,0.00000000
0.00000000,0.00000000
0.00000000,0.00000000
0.00000000,0.00000000
0.00000000,0.00000000
0.00000000,0.00000000
0.00000000,0.00000000
0.00000000,0.00000000
0.00000000,0.00000000
0.00000000,0.00000000
0.00000000,0.00000000
0.00000000,0.00000000
0.00000000,0.00000000
0.00000000,0.00000000
0.00000000,0.00000000
0.00000000,0.00000000
0.00000000,0.00000000
0.00000000,0.00000000
0.00000000,0.00000000
0.00000000,0.00000000
0.00000000,0.00000000
0.00000000,0.00000000
0.00000000,0.00000000
0.00000000,0.00000000
0.00000000,0.00000000
0.00000000,0.00000000
0.00000000,0.00000000
0.00000000,0.00000000
0.00000000,0.00000000
0.00000000,0.00000000
0.00000000,0.00000000
0.00000000,0.00000000
0.00000000,0.00000000
0.00000000,0.00000000
0.00000000,0.00000000
0.00000000,0.00000000
0.00000000,0.00000000
0.00000000,0.00000000
0.00000000,0.00000000
0.00000000,0.00000000
0.00000000,0.00000000
0.00000000,0.00000000
0.00000000,0.00000000
0.00000000,0.00000000
0.00000000,0.00000000
0.00000000,0.00000000
0.10832901,0.00000000
0.78948436,0.00000000
0.92398768,0.00000000
0.92047576,0.00000000
0.92931119,0.00000000
0.91879650,0.00000000
0.95533538,0.00000000
0.98339603,0.00000000
0.85249693,0.00000000
0.78296007,0.00000000
0.81742177,0.00000000
0.73407006,0.00000000
0.72671812,0.00000000
0.84008312,0.00000000
0.87747426,0.00000000
0.66765997,0.00000000
0.91899527,0.00000000
0.90247832,0.00000000
0.95131380,0.00000000
0.88328104,0.00000000
0.93741355,0.00000000
0.93929425,0.00000000
0.97646515,0.00000000
0.92552494,0.00000000
0.97473195,0.00000000
0.93045779,0.00000000
0.95153258,0.00000000
0.92529709,0.00000000
0.95954011,0.00000000
0.93945835,0.00000000
0.95095005,0.00000000
0.91536587,0.00000000
0.91233626,0.00000000
0.87073033,0.00000000
0.89256317,0.00000000
0.89361879,0.00000000
0.92797979,0.00000000
0.93730442,0.00000000
0.92986974,0.00000000
0.94313558,0.00000000
0.92371293,0.00000000
0.95857742,0.00000000
0.94908306,0.00000000
0.93382275,0.00000000
0.95983487,0.00000000
0.93863434,0.00000000
0.93349753,0.00000000
0.90595345,0.00000000
0.93276401,0.00000000
0.88891719,0.00000000
0.91169444,0.00000000
0.88615368,0.00000000
0.91493919,0.00000000
0.85648596,0.00000000
0.78865220,0.00000000
0.88700072,0.00000000
0.89368286,0.00000000
0.92040425,0.00000000
0.85140447,0.00000000
0.94310043,0.00000000
0.90507182,0.00000000
0.97572554,0.00000000
0.93721215,0.00000000
0.90843578,0.00000000
0.95309583,0.00000000
0.74439011,0.00000000
0.88990647,0.00000000
0.93316299,0.00000000
0.94032467,0.00000000
0.92601541,0.00000000
0.81843862,0.00000000
0.91059021,0.00000000
0.93964765,0.00000000
0.92131945,0.00000000
0.96226855,0.00000000
0.95607051,0.00000000
0.95487004,0.00000000
0.92257149,0.00000000
0.89065635,0.00000000
0.94268088,0.00000000
0.92172664,0.00000000
0.92757704,0.00000000
0.93325501,0.00000000
0.92973986,0.00000000
0.94765714,0.00000000
0.94129131,0.00000000
0.95327301,0.00000000
0.85039237,0.00000000
0.93447399,0.00000000
0.95305575,0.00000000
0.94034408,0.00000000
0.93351448,0.00000000
0.90567794,0.00000000
0.95826352,0.00000000
0.94642079,0.00000000
0.95817184,0.00000000
0.93222157,0.00000000
0.65237080,0.00000000
0.94165005,0.00000000
0.93337783,0.00000000
0.93429629,0.00000000
0.97148461,0.00000000
0.83129510,0.00000000
0.90970347,0.00000000
0.91046933,0.00000000
0.94344868,0.00000000
0.93095369,0.00000000
0.92167208,0.00000000
0.92992088,0.00000000
0.96723446,0.00000000
0.88289029,0.00000000
0.96284954,0.00000000
0.89389558,0.00000000
0.90890750,0.00000000
0.92827522,0.00000000
0.93914116,0.00000000
0.90268897,0.00000000
0.93940633,0.00000000
0.84080459,0.00000000
0.95402262,0.00000000
0.91343214,0.00000000
0.94107883,0.00000000
0.93456399,0.00000000
0.93579415,0.00000000
0.91410276,0.00000000
0.85152292,0.00000000
0.95812435,0.00000000
0.91404120,0.00000000
0.96143868,0.00000000
0.92735338,0.00000000
0.91122974,0.00000000
0.96720005,0.00000000
0.92937894,0.00000000
0.95090020,0.00000000
0.90422795,0.00000000
0.92188556,0.00000000
0.91550848,0.00000000
0.86381108,0.00000000
0.95669625,0.00000000
0.94371285,0.00000000
0.93508222,0.00000000
0.93516834,0.00000000
0.90415321,0.00000000
0.93368629,0.00000000
0.94279070,0.00000000
0.90981399,0.00000000
0.90348811,0.00000000
0.89667705,0.00000000
0.95714684,0.00000000
0.92645975,0.00000000
0.93040325,0.00000000
0.85545647,0.00000000
0.78784748,0.00000000
0.94387645,0.00000000
0.89848152,0.00000000
0.92925656,0.00000000
0.81384707,0.00000000
0.82027522,0.00000000
0.91278573,0.00000000
0.90231514,0.00000000
0.90035767,0.00000000
0.89885035,0.00000000
0.88118904,0.00000000
0.91009011,0.00000000
0.90504667,0.00000000
0.93950370,0.00000000
0.93384695,0.00000000
0.93120322,0.00000000
0.93567941,0.00000000
0.90554778,0.00000000
0.93196958,0.00000000
0.93168618,0.00000000
0.92923638,0.00000000
0.93159385,0.00000000
0.93672849,0.00000000
0.98298750,0.00000000
0.89859460,0.00000000
0.89835689,0.00000000
0.92400384,0.00000000
0.94513898,0.00000000
0.93813483,0.00000000
0.90201905,0.00000000
0.93181909,0.00000000
0.93892687,0.00000000
0.92680111,0.00000000
0.92912407,0.00000000
0.83274117,0.00000000
0.93120645,0.00000000
0.89418450,0.00000000
0.84036942,0.00000000
0.92843322,0.00000000
0.88970674,0.00000000
0.93088376,0.00000000
0.84332124,0.00000000
0.93658720,0.00000000
0.92867930,0.00000000
0.89556335,0.00000000
0.92660038,0.00000000
0.92246547,0.00000000
0.93809279,0.00000000
0.87733684,0.00000000
0.95413412,0.00000000
0.93902935,0.00000000
0.91542635,0.00000000
0.95130637,0.00000000
0.92779685,0.00000000
0.94013255,0.00000000
0.84981622,0.00000000
0.90385430,0.00000000
0.98327766,0.00000000
0.95430133,0.00000000
0.97003372,0.00000000
0.92611363,0.00000000
0.95036396,0.00000000
0.83982837,0.00000000
0.95468613,0.00000000
0.81969633,0.00000000
0.93964668,0.00000000
0.90899845,0.00000000
0.95671654,0.00000000
0.93022892,0.00000000
0.96012993,0.00000000
0.93044251,0.00000000
0.93395698,0.00000000
0.96977754,0.00000000
0.85715709,0.00000000
0.87495312,0.00000000
0.89968912,0.00000000
0.18826924,0.00000000
0.00000000,0.00000000
0.00000000,0.00000000
0.00000000,0.00000000
0.00000000,0.00000000
0.00000000,0.00000000
0.00000000,0.00000000
0.00000000,0.00000000
0.00000000,0.00000000
0.00000000,0.00000000
0.00000000,0.00000000
0.90595146,0.00000000
0.90966518,0.00000000
0.94137828,0.00000000
0.97399562,0.00000000
0.94989027,0.00000000
0.91662317,0.00000000
0.93329669,0.00000000
0.93521251,0.00000000
0.89715062,0.00000000
0.94297911,0.00000000
0.87574558,0.00000000
0.86959632,0.00000000
0.91728286,0.00000000
0.94325369,0.00000000
0.95999438,0.00000000
0.91281998,0.00000000
0.90581772,0.00000000
0.92422476,0.00000000
0.92811156,0.00000000
0.91030359,0.00000000
0.94537502,0.00000000
0.91919952,0.00000000
0.96623197,0.00000000
0.93962872,0.00000000
0.94686054,0.00000000
0.94519902,0.00000000
0.96861349,0.00000000
0.91399447,0.00000000
0.92362659,0.00000000
0.96808689,0.00000000
0.91388213,0.00000000
0.89881578,0.00000000
0.93891244,0.00000000
0.93517779,0.00000000
0.93774112,0.00000000
0.92902248,0.00000000
0.93806384,0.00000000
0.91743875,0.00000000
0.96598513,0.00000000
0.95155291,0.00000000
0.96125350,0.00000000
0.90368025,0.00000000
0.88288907,0.00000000
0.83766569,0.00000000
0.91005640,0.00000000
0.93824230,0.00000000
0.85499853,0.00000000
0.91358793,0.00000000
0.93111495,0.00000000
0.93605226,0.00000000
0.94017466,0.00000000
0.93105697,0.00000000
0.84331021,0.00000000
0.81579950,0.00000000
0.93887806,0.00000000
0.92566562,0.00000000
0.94118667,0.00000000
0.92903905,0.00000000
0.85852483,0.00000000
0.90188773,0.00000000
0.96153438,0.00000000
0.94937367,0.00000000
0.95957565,0.00000000
0.90223639,0.00000000
0.72920216,0.00000000
0.10735848,0.00000000
0.00000000,0.00000000
0.00000000,0.00000000
0.00000000,0.00000000
0.00000000,0.00000000
0.00000000,0.00000000
0.00000000,0.00000000
0.00000000,0.00000000
0.00000000,0.00000000
0.00000000,0.00000000
0.00000000,0.00000000
0.92519828,0.00000000
0.89997391,0.00000000
0.88847353,0.00000000
0.90218892,0.00000000
0.91145638,0.00000000
0.88689843,0.00000000
0.91018347,0.00000000
0.89471264,0.00000000
0.94824739,0.00000000
0.92660506,0.00000000
0.94884310,0.00000000
0.90312949,0.00000000
0.90023048,0.00000000
0.92957891,0.00000000
0.98153588,0.00000000
0.92328309,0.00000000
0.94834186,0.00000000
0.94142196,0.00000000
0.96015430,0.00000000
0.93021041,0.00000000
0.93747560,0.00000000
0.93971934,0.00000000
0.94502302,0.00000000
0.94860125,0.00000000
0.95041151,0.00000000
0.92089350,0.00000000
0.90983087,0.00000000
0.93298062,0.00000000
0.95439295,0.00000000
0.93734763,0.00000000
0.93501221,0.00000000
0.92362242,0.00000000
0.93246912,0.00000000
0.93045325,0.00000000
0.92854894,0.00000000
0.89960739,0.00000000
0.93534828,0.00000000
0.92907995,0.00000000
0.90898360,0.00000000
0.94758624,0.00000000
0.93424472,0.00000000
0.92908639,0.00000000
0.91225714,0.00000000
0.95706055,0.00000000
0.93674181,0.00000000
0.86350174,0.00000000
0.91667510,0.00000000
0.88042762,0.00000000
0.93547343,0.00000000
0.94208429,0.00000000
0.91294373,0.00000000
0.93200347,0.00000000
0.94620348,0.00000000
0.94295135,0.00000000
0.95100952,0.00000000
0.91315465,0.00000000
0.96500701,0.00000000
0.92866688,0.00000000
0.93525301,0.00000000
0.88632135,0.00000000
0.94876603,0.00000000
0.93344435,0.00000000
0.90253427,0.00000000
0.87545712,0.00000000
0.89291473,0.00000000
0.93294207,0.00000000
0.89564367,0.00000000
0.86197136,0.00000000
0.93389927,0.00000000
0.90342415,0.00000000
0.92094852,0.00000000
0.93080613,0.00000000
0.89683241,0.00000000
0.87573528,0.00000000
0.92112329,0.00000000
0.92223551,0.00000000
0.87685316,0.00000000
0.87545137,0.00000000
0.86509322,0.00000000
0.88924617,0.00000000
0.84576569,0.00000000
0.87514009,0.00000000
0.88764125,0.00000000
0.89070476,0.00000000
0.89556764,0.00000000
0.98160551,0.00000000
0.90645640,0.00000000
0.93720992,0.00000000
0.89991352,0.00000000
0.90411511,0.00000000
0.93222629,0.00000000
0.89468786,0.00000000
0.89514371,0.00000000
0.91868070,0.00000000
0.92578836,0.00000000
0.94767609,0.00000000
0.91433215,0.00000000
0.90101178,0.00000000
0.88851929,0.00000000
0.76273634,0.00000000
0.86872734,0.00000000
0.65280730,0.00000000
0.65048305,0.00000000
0.79734813,0.00000000
0.79284388,0.00000000
0.92368466,0.00000000
0.93138934,0.00000000
0.88926762,0.00000000
0.73959944,0.00000000
0.81095603,0.00000000
0.42829555,0.00000000
0.34363223,0.00000000
0.39444070,0.00000000
0.56247283,0.00000000
0.21353954,0.00000000
0.29550640,0.00000000
0.73634557,0.00000000
0.80020764,0.00000000
0.80705938,0.00000000
0.91273836,0.00000000
0.93716531,0.00000000
0.90064493,0.00000000
0.93379194,0.00000000
0.87469051,0.00000000
0.89180231,0.00000000
0.95497038,0.00000000
0.84680224,0.00000000
0.93540073,0.00000000
0.96767041,0.00000000
0.96988027,0.00000000
0.95411141,0.00000000
0.93370483,0.00000000
0.87651986,0.00000000
0.92338534,0.00000000
0.92469312,0.00000000
0.93762245,0.00000000
0.96658947,0.00000000
0.93935406,0.00000000
0.95198879,0.00000000
0.93841956,0.00000000
0.89908545,0.00000000
0.93472364,0.00000000
0.93136722,0.00000000
0.92134976,0.00000000
0.92261235,0.00000000
0.91052022,0.00000000
0.88856494,0.00000000
0.85857822,0.00000000
0.87013267,0.00000000
0.90245097,0.00000000
0.89354028,0.00000000
0.91264738,0.00000000
0.93100061,0.00000000
0.88255834,0.00000000
0.91112476,0.00000000
0.93157644,0.00000000
0.93055544,0.00000000
0.88347777,0.00000000
0.95375491,0.00000000
0.89070199,0.00000000
0.92516005,0.00000000
0.92939125,0.00000000
0.92679270,0.00000000
0.95456820,0.00000000
0.96404279,0.00000000
0.95849388,0.00000000
0.97229808,0.00000000
0.94229143,0.00000000
0.96924693,0.00000000
0.90757741,0.00000000
0.93666950,0.00000000
0.93677000,0.00000000
0.89060515,0.00000000
0.89986268,0.00000000
0.92421225,0.00000000
0.93419098,0.00000000
0.96167979,0.00000000
0.96524080,0.00000000
0.94678833,0.00000000
0.92817733,0.00000000
0.88840946,0.00000000
0.94250747,0.00000000
0.93405537,0.00000000
0.94196942,0.00000000
0.91401762,0.00000000
0.94464721,0.00000000
0.91548448,0.00000000
0.95901768,0.00000000
0.94774057,0.00000000
0.92712871,0.00000000
0.91886178,0.00000000
0.94349994,0.00000000
0.90455447,0.00000000
0.94274622,0.00000000
0.94554066,0.00000000
0.93599966,0.00000000
0.93424200,0.00000000
0.96119642,0.00000000
0.96844000,0.00000000
0.94399895,0.00000000
0.96798797,0.00000000
0.92946806,0.00000000
0.91234275,0.00000000
0.92755634,0.00000000
0.91443138,0.00000000
0.96682901,0.00000000
0.96086656,0.00000000
0.94445799,0.00000000
0.93461417,0.00000000
0.90512588,0.00000000
0.94510280,0.00000000
0.90361683,0.00000000
0.92701365,0.00000000
0.91727185,0.00000000
0.88914425,0.00000000
0.92818258,0.00000000
0.91261085,0.00000000
0.91167409,0.00000000
0.85130016,0.00000000
0.88514700,0.00000000
0.89611490,0.00000000
0.83479780,0.00000000
0.88806432,0.00000000
0.93908179,0.00000000
0.88046854,0.00000000
0.91191838,0.00000000
0.93113193,0.00000000
0.94215056,0.00000000
0.92514219,0.00000000
0.93146762,0.00000000
0.82716638,0.00000000
0.86882590,0.00000000
0.87108380,0.00000000
0.84173343,0.00000000
0.82206970,0.00000000
0.83771697,0.00000000
0.83502698,0.00000000
0.81324858,0.00000000
0.91646600,0.00000000
0.93705587,0.00000000
0.86862797,0.00000000
0.93328631,0.00000000
0.94081844,0.00000000
0.95168863,0.00000000
0.96340468,0.00000000
0.94712279,0.00000000
0.94247453,0.00000000
0.94933202,0.00000000
0.93732731,0.00000000
0.97211651,0.00000000
0.96400545,0.00000000
0.80189865,0.00000000
0.77120514,0.00000000
0.77423611,0.00000000
0.83604001,0.00000000
0.89763581,0.00000000
0.88514523,0.00000000
0.95603360,0.00000000
0.92092140,0.00000000
0.93681807,0.00000000
0.89905396,0.00000000
0.90034672,0.00000000
0.94642390,0.00000000
0.94564667,0.00000000
0.88268748,0.00000000
0.88848579,0.00000000
0.89374476,0.00000000
0.94790057,0.00000000
0.89552434,0.00000000
0.90114705,0.00000000
0.90806750,0.00000000
0.91191354,0.00000000
0.92080637,0.00000000
0.92750637,0.00000000
0.96218839,0.00000000
0.96249692,0.00000000
0.95718261,0.00000000
0.95644088,0.00000000
0.97506214,0.00000000
0.94755644,0.00000000
0.94917367,0.00000000
0.93741445,0.00000000
0.93383933,0.00000000
0.87314076,0.00000000
0.83347687,0.00000000
0.92820487,0.00000000
0.89200042,0.00000000
0.94469892,0.00000000
0.96493584,0.00000000
0.96747780,0.00000000
0.94109376,0.00000000
0.96481777,0.00000000
0.90542450,0.00000000
0.94502129,0.00000000
0.92105984,0.00000000
0.94262273,0.00000000
0.93193913,0.00000000
0.96335297,0.00000000
0.97395849,0.00000000
0.94198636,0.00000000
0.94000724,0.00000000
0.91698102,0.00000000
0.89668665,0.00000000
0.92634063,0.00000000
0.87729699,0.00000000
0.92375258,0.00000000
0.93512079,0.00000000
0.91288445,0.00000000
0.93155700,0.00000000
0.94032540,0.00000000
0.97795293,0.00000000
0.94636593,0.00000000
0.97658325,0.00000000
0.92901410,0.00000000
0.94771598,0.00000000
0.93314344,0.00000000
0.92163007,0.00000000
0.95137133,0.00000000
0.94898823,0.00000000
0.97455231,0.00000000
0.97798157,0.00000000
0.96044992,0.00000000
0.94912002,0.00000000
0.94699465,0.00000000
0.95274765,0.00000000
0.92652876,0.00000000
0.94620403,0.00000000
0.92653060,0.00000000
0.94089951,0.00000000
0.91925952,0.00000000
0.95410627,0.00000000
0.96181425,0.00000000
0.93636804,0.00000000
0.93851789,0.00000000
0.93231644,0.00000000
0.90295884,0.00000000
0.92953420,0.00000000
0.92685981,0.00000000
0.92016788,0.00000000
0.93315619,0.00000000
0.92827506,0.00000000
0.92273347,0.00000000
0.91834886,0.00000000
0.91380297,0.00000000
0.92871118,0.00000000
0.95968852,0.00000000
0.94282124,0.00000000
0.91427313,0.00000000
0.92005936,0.00000000
0.94701541,0.00000000
0.87096480,0.00000000
0.90130227,0.00000000
0.89290837,0.00000000
0.87002590,0.00000000
0.92453468,0.00000000
0.94602500,0.00000000
0.93008960,0.00000000
0.90894497,0.00000000
0.94292977,0.00000000
