0.00000000,0.00000000
0.95176879,0.00000000
0.95572139,0.00000000
0.91347214,0.00000000
0.95829755,0.00000000
0.97190770,0.00000000
0.96272351,0.00000000
0.96810190,0.00000000
0.97158054,0.00000000
0.96036024,0.00000000
0.95730616,0.00000000
0.98245623,0.00000000
0.93293860,0.00000000
0.93564134,0.00000000
0.93650579,0.00000000
0.94024447,0.00000000
0.87300617,0.00000000
0.90552273,0.00000000
0.94272187,0.00000000
0.94868595,0.00000000
0.94093313,0.00000000
0.95830651,0.00000000
0.92890430,0.00000000
0.95044999,0.00000000
0.94832368,0.00000000
0.92851510,0.00000000
0.94106948,0.00000000
0.91811922,0.00000000
0.90316516,0.00000000
0.88936456,0.00000000
0.91519239,0.00000000
0.90003318,0.00000000
0.91602171,0.00000000
0.92183384,0.00000000
0.82528420,0.00000000
0.85069330,0.00000000
0.85765208,0.00000000
0.84580456,0.00000000
0.88901033,0.00000000
0.87726620,0.00000000
0.89201915,0.00000000
0.91176264,0.00000000
0.94124222,0.00000000
0.95265166,0.00000000
0.97231936,0.00000000
0.96779506,0.00000000
0.95934530,0.00000000
0.96801835,0.00000000
0.96437176,0.00000000
0.94358865,0.00000000
0.95158938,0.00000000
0.94554771,0.00000000
0.96286143,0.00000000
0.92877930,0.00000000
0.95927682,0.00000000
0.94247068,0.00000000
0.94753694,0.00000000
0.96854811,0.00000000
0.96460240,0.00000000
0.96084758,0.00000000
0.95828030,0.00000000
0.93960523,0.00000000
0.93632762,0.00000000
0.96612989,0.00000000
0.89877225,0.00000000
0.96097239,0.00000000
0.86932244,0.00000000
0.85585316,0.00000000
0.97574194,0.00000000
0.96138447,0.00000000
0.95209775,0.00000000
0.93468640,0.00000000
0.89136607,0.00000000
0.95256884,0.00000000
0.97461435,0.00000000
0.98181795,0.00000000
0.95788078,0.00000000
0.93555544,0.00000000
0.93839071,0.00000000
0.95439008,0.00000000
0.97302578,0.00000000
0.94563209,0.00000000
0.95472505,0.00000000
0.96676428,0.00000000
0.96409880,0.00000000
0.96016168,0.00000000
0.96537312,0.00000000
0.94717626,0.00000000
0.97270370,0.00000000
0.97351517,0.00000000
0.98408376,0.00000000
0.97910772,0.00000000
0.95758706,0.00000000
0.95396613,0.00000000
0.96324076,0.00000000
0.94978717,0.00000000
0.94982522,0.00000000
0.88629809,0.00000000
0.96165755,0.00000000
0.95901969,0.00000000
0.97608752,0.00000000
0.92124301,0.00000000
0.96466266,0.00000000
0.96719558,0.00000000
0.96834000,0.00000000
0.96225870,0.00000000
0.94857768,0.00000000
0.95963986,0.00000000
0.97375371,0.00000000
0.95344141,0.00000000
0.96339324,0.00000000
0.96274393,0.00000000
0.97846297,0.00000000
0.96832734,0.00000000
0.97364841,0.00000000
0.96373909,0.00000000
0.92867807,0.00000000
0.95083861,0.00000000
0.97107351,0.00000000
0.95695090,0.00000000
0.94477944,0.00000000
0.94239155,0.00000000
0.94204763,0.00000000
0.94698538,0.00000000
0.93814505,0.00000000
0.95366911,0.00000000
0.95271874,0.00000000
0.94882271,0.00000000
0.97115095,0.00000000
0.94894901,0.00000000
0.94035795,0.00000000
0.95318626,0.00000000
0.95952818,0.00000000
0.95015482,0.00000000
0.95428627,0.00000000
0.94397930,0.00000000
0.94006928,0.00000000
0.94785276,0.00000000
0.94133181,0.00000000
0.95347478,0.00000000
0.96322666,0.00000000
0.85159216,0.00000000
0.91209553,0.00000000
0.94152746,0.00000000
0.94496481,0.00000000
0.93576817,0.00000000
0.94372306,0.00000000
0.95450648,0.00000000
0.93308421,0.00000000
0.94454271,0.00000000
0.92993592,0.00000000
0.94890159,0.00000000
0.92911345,0.00000000
0.95943813,0.00000000
0.96472890,0.00000000
0.97574232,0.00000000
0.97583406,0.00000000
0.95010642,0.00000000
0.94517767,0.00000000
0.92872398,0.00000000
0.94669967,0.00000000
0.97766925,0.00000000
0.95379316,0.00000000
0.93719527,0.00000000
0.95840126,0.00000000
0.91743667,0.00000000
0.95398257,0.00000000
0.94787190,0.00000000
0.98236229,0.00000000
0.94992224,0.00000000
0.98424714,0.00000000
0.97802622,0.00000000
0.95532746,0.00000000
0.94546956,0.00000000
0.95487258,0.00000000
0.96171339,0.00000000
0.94957260,0.00000000
0.97378753,0.00000000
0.97357433,0.00000000
0.95069418,0.00000000
0.95794980,0.00000000
0.98250583,0.00000000
0.96139265,0.00000000
0.91145449,0.00000000
0.91568406,0.00000000
0.94711982,0.00000000
0.91764128,0.00000000
0.93268203,0.00000000
0.97589660,0.00000000
0.95228359,0.00000000
0.97321406,0.00000000
0.95949770,0.00000000
0.94836740,0.00000000
0.95594657,0.00000000
0.93888748,0.00000000
0.95383736,0.00000000
0.96290378,0.00000000
0.95736857,0.00000000
0.95679228,0.00000000
0.95826209,0.00000000
0.96536284,0.00000000
0.94276126,0.00000000
0.97701423,0.00000000
0.95447052,0.00000000
0.95388772,0.00000000
0.95293628,0.00000000
0.93812219,0.00000000
0.95381886,0.00000000
0.95136035,0.00000000
0.96611500,0.00000000
0.96832041,0.00000000
0.95086540,0.00000000
0.95775323,0.00000000
0.95433924,0.00000000
0.98738730,0.00000000
0.96470302,0.00000000
0.98371078,0.00000000
0.97461298,0.00000000
0.96674797,0.00000000
0.97116802,0.00000000
0.95568467,0.00000000
0.64274673,0.00000000
0.62530228,0.00000000
0.58079937,0.00000000
0.93046950,0.00000000
0.95425152,0.00000000
0.96120688,0.00000000
0.95512102,0.00000000
0.95591388,0.00000000
0.94700921,0.00000000
0.93736099,0.00000000
0.94141278,0.00000000
0.94005529,0.00000000
0.91160053,0.00000000
0.96030862,0.00000000
0.95908880,0.00000000
0.96093458,0.00000000
0.93522754,0.00000000
0.88100543,0.00000000
0.85988200,0.00000000
0.94974876,0.00000000
0.95674567,0.00000000
0.95040152,0.00000000
0.89886412,0.00000000
0.91660996,0.00000000
0.59248060,0.00000000
0.91256243,0.00000000
0.96252913,0.00000000
0.94783977,0.00000000
0.90969923,0.00000000
0.63559145,0.00000000
0.65235490,0.00000000
0.88785920,0.00000000
0.62828308,0.00000000
0.78531370,0.00000000
0.79936725,0.00000000
0.79818010,0.00000000
0.89699449,0.00000000
0.68937964,0.00000000
0.97789115,0.00000000
0.93413534,0.00000000
0.94737305,0.00000000
0.93651684,0.00000000
0.89751260,0.00000000
0.92446438,0.00000000
0.84562384,0.00000000
0.93027206,0.00000000
0.93795160,0.00000000
0.96720003,0.00000000
0.98315689,0.00000000
0.96434396,0.00000000
0.89972378,0.00000000
0.96902823,0.00000000
0.94981247,0.00000000
0.93783257,0.00000000
0.75767347,0.00000000
0.92713520,0.00000000
0.94189601,0.00000000
0.94653496,0.00000000
0.96975974,0.00000000
0.95278092,0.00000000
0.94094673,0.00000000
0.94702223,0.00000000
0.97108042,0.00000000
0.92684345,0.00000000
0.98209443,0.00000000
0.94221152,0.00000000
0.95606364,0.00000000
0.95859032,0.00000000
0.93529354,0.00000000
0.89570112,0.00000000
0.89558251,0.00000000
0.94724218,0.00000000
0.93175927,0.00000000
0.91950449,0.00000000
0.93667381,0.00000000
0.92133895,0.00000000
0.92361486,0.00000000
0.95992364,0.00000000
0.94026599,0.00000000
0.94800426,0.00000000
0.97574677,0.00000000
0.97192275,0.00000000
0.95608909,0.00000000
0.95553075,0.00000000
0.97335885,0.00000000
0.95872746,0.00000000
0.95213468,0.00000000
0.94312242,0.00000000
0.90294395,0.00000000
0.95856802,0.00000000
0.95102503,0.00000000
0.92380376,0.00000000
0.96087585,0.00000000
0.89431564,0.00000000
0.34853130,0.00000000
0.89640783,0.00000000
0.87687443,0.00000000
0.88909097,0.00000000
0.93681634,0.00000000
0.95632513,0.00000000
0.41986585,0.00000000
0.45883732,0.00000000
0.51165519,0.00000000
0.53091295,0.00000000
0.97784735,0.00000000
0.97405648,0.00000000
0.96619706,0.00000000
0.94997429,0.00000000
0.94351396,0.00000000
0.36342478,0.00000000
0.84687802,0.00000000
0.81963857,0.00000000
0.87162193,0.00000000
0.92827878,0.00000000
0.94801671,0.00000000
0.91221508,0.00000000
0.84067801,0.00000000
0.65097978,0.00000000
0.47497419,0.00000000
0.84771561,0.00000000
0.83712904,0.00000000
0.85929249,0.00000000
0.89866121,0.00000000
0.91733623,0.00000000
0.89494062,0.00000000
0.80156504,0.00000000
0.88418545,0.00000000
0.77103497,0.00000000
0.91770471,0.00000000
0.93729940,0.00000000
0.93187218,0.00000000
0.90160670,0.00000000
0.72784474,0.00000000
0.85244630,0.00000000
0.53631183,0.00000000
0.91217270,0.00000000
0.57650963,0.00000000
0.93299829,0.00000000
0.92928166,0.00000000
0.74519793,0.00000000
0.83026431,0.00000000
0.76279522,0.00000000
0.86480113,0.00000000
0.86894530,0.00000000
0.80224350,0.00000000
0.88481767,0.00000000
0.91231891,0.00000000
0.88986676,0.00000000
0.35111562,0.00000000
0.39858056,0.00000000
0.21172970,0.00000000
0.37294319,0.00000000
0.23146049,0.00000000
0.21414063,0.00000000
0.36316580,0.00000000
0.21384003,0.00000000
0.44620473,0.00000000
0.93980017,0.00000000
0.88025005,0.00000000
0.85015750,0.00000000
0.97958508,0.00000000
0.96476239,0.00000000
0.96815972,0.00000000
0.97220139,0.00000000
0.46141357,0.00000000
0.73110298,0.00000000
0.75773767,0.00000000
0.76226412,0.00000000
0.78956501,0.00000000
0.85846977,0.00000000
0.86837181,0.00000000
0.51225997,0.00000000
0.79313224,0.00000000
0.92783779,0.00000000
0.96123327,0.00000000
0.97201185,0.00000000
0.93252909,0.00000000
0.95753074,0.00000000
0.97626117,0.00000000
0.96235502,0.00000000
0.96046080,0.00000000
0.95580594,0.00000000
0.96712572,0.00000000
0.94095559,0.00000000
0.94353192,0.00000000
0.90026107,0.00000000
0.94713694,0.00000000
0.93875585,0.00000000
0.96711074,0.00000000
0.96166571,0.00000000
0.94380300,0.00000000
0.94549484,0.00000000
0.95495607,0.00000000
0.96527775,0.00000000
0.94311830,0.00000000
0.93331856,0.00000000
0.96067922,0.00000000
0.96070511,0.00000000
0.97861903,0.00000000
0.96977921,0.00000000
0.98206053,0.00000000
0.95497365,0.00000000
0.94112599,0.00000000
0.97157862,0.00000000
0.96388879,0.00000000
0.93847233,0.00000000
0.94654614,0.00000000
0.93498181,0.00000000
0.96619094,0.00000000
0.97121224,0.00000000
0.96062375,0.00000000
0.95381795,0.00000000
0.94311563,0.00000000
0.96446560,0.00000000
0.94236393,0.00000000
0.95779477,0.00000000
0.96399099,0.00000000
0.97959262,0.00000000
0.95535985,0.00000000
0.96887956,0.00000000
0.96740325,0.00000000
0.96077348,0.00000000
0.95878827,0.00000000
0.97657979,0.00000000
0.97147604,0.00000000
0.98421034,0.00000000
0.95518895,0.00000000
0.94043644,0.00000000
0.97485341,0.00000000
0.98154345,0.00000000
0.96372864,0.00000000
0.96877476,0.00000000
0.96233426,0.00000000
0.95091151,0.00000000
0.97248563,0.00000000
0.94431804,0.00000000
0.93609523,0.00000000
0.97793731,0.00000000
0.96165478,0.00000000
0.97765518,0.00000000
0.94905217,0.00000000
0.97492779,0.00000000
0.96951114,0.00000000
0.97403106,0.00000000
0.97329213,0.00000000
0.95996824,0.00000000
0.96683400,0.00000000
0.95584787,0.00000000
0.96178925,0.00000000
0.95121618,0.00000000
0.73146969,0.00000000
0.78702189,0.00000000
0.81247255,0.00000000
0.82511026,0.00000000
0.85516353,0.00000000
0.79644220,0.00000000
0.85957214,0.00000000
0.97003990,0.00000000
0.95533878,0.00000000
0.96637275,0.00000000
0.95453410,0.00000000
0.95337779,0.00000000
0.97364411,0.00000000
0.94005330,0.00000000
0.94624521,0.00000000
0.96115858,0.00000000
0.96436246,0.00000000
0.96797679,0.00000000
0.94242920,0.00000000
0.97600762,0.00000000
0.94223882,0.00000000
0.95494118,0.00000000
0.93943282,0.00000000
0.94882648,0.00000000
0.95709492,0.00000000
0.92763467,0.00000000
0.95680806,0.00000000
0.91533134,0.00000000
0.95894903,0.00000000
0.95404846,0.00000000
0.95455366,0.00000000
0.96452276,0.00000000
0.95520395,0.00000000
0.95965251,0.00000000
0.93527785,0.00000000
0.96571508,0.00000000
0.93919453,0.00000000
0.93529354,0.00000000
0.95391372,0.00000000
0.93983231,0.00000000
0.93038905,0.00000000
0.93226415,0.00000000
0.93678435,0.00000000
0.95210525,0.00000000
0.95948485,0.00000000
0.95972915,0.00000000
0.95299237,0.00000000
0.96838773,0.00000000
0.94858747,0.00000000
0.98308687,0.00000000
0.96908539,0.00000000
0.99157530,0.00000000
0.98023862,0.00000000
0.97664735,0.00000000
0.96869328,0.00000000
0.97001775,0.00000000
0.98118202,0.00000000
0.98485220,0.00000000
0.97219575,0.00000000
0.95845612,0.00000000
0.95849202,0.00000000
0.96663004,0.00000000
0.95561118,0.00000000
0.93919917,0.00000000
0.95053683,0.00000000
0.93484355,0.00000000
0.95418918,0.00000000
0.95998539,0.00000000
0.95036841,0.00000000
0.97490192,0.00000000
0.95218893,0.00000000
0.95818395,0.00000000
0.95967244,0.00000000
0.96321114,0.00000000
0.97177332,0.00000000
0.95293064,0.00000000
0.95585865,0.00000000
0.97911933,0.00000000
0.97568314,0.00000000
0.98529090,0.00000000
0.97876036,0.00000000
0.96797297,0.00000000
0.96301905,0.00000000
0.95963778,0.00000000
0.95995301,0.00000000
0.96422166,0.00000000
0.96563604,0.00000000
0.98000165,0.00000000
0.96298297,0.00000000
0.94175951,0.00000000
0.94982162,0.00000000
0.97705049,0.00000000
0.98443259,0.00000000
0.95689767,0.00000000
0.96476886,0.00000000
0.97284307,0.00000000
0.97401047,0.00000000
0.97438349,0.00000000
0.93960488,0.00000000
0.97855788,0.00000000
0.97318948,0.00000000
0.94582981,0.00000000
0.97328279,0.00000000
0.96542127,0.00000000
0.95948597,0.00000000
0.96895660,0.00000000
0.95327730,0.00000000
0.95748244,0.00000000
0.97290224,0.00000000
0.95251530,0.00000000
0.95690842,0.00000000
0.96273773,0.00000000
0.95642924,0.00000000
0.97969046,0.00000000
0.96435724,0.00000000
0.97565464,0.00000000
0.96728840,0.00000000
0.95906346,0.00000000
0.94454992,0.00000000
0.92997022,0.00000000
0.94117889,0.00000000
0.95349719,0.00000000
0.97487152,0.00000000
0.96361022,0.00000000
0.94399953,0.00000000
0.93723296,0.00000000
0.95222655,0.00000000
0.94140276,0.00000000
0.94024829,0.00000000
0.91961958,0.00000000
0.94247466,0.00000000
0.94529245,0.00000000
0.94480162,0.00000000
0.92540155,0.00000000
0.89968999,0.00000000
0.94069394,0.00000000
0.93620679,0.00000000
0.91018790,0.00000000
0.92230618,0.00000000
0.96322301,0.00000000
0.93099726,0.00000000
0.91518587,0.00000000
0.88304379,0.00000000
0.93979796,0.00000000
0.93243706,0.00000000
0.97406784,0.00000000
0.90470200,0.00000000
0.84622882,0.00000000
0.82455315,0.00000000
0.82705650,0.00000000
0.81098585,0.00000000
0.93684112,0.00000000
0.93261807,0.00000000
0.89060090,0.00000000
0.91973382,0.00000000
0.76972117,0.00000000
0.80018043,0.00000000
0.77847228,0.00000000
0.83571663,0.00000000
0.89961479,0.00000000
0.92007548,0.00000000
0.89009088,0.00000000
0.92962956,0.00000000
0.92827694,0.00000000
0.93048811,0.00000000
0.93907951,0.00000000
0.91356699,0.00000000
0.89568511,0.00000000
0.97841105,0.00000000
0.81359174,0.00000000
0.75759232,0.00000000
0.94730000,0.00000000
0.86087799,0.00000000
0.95323304,0.00000000
0.57378890,0.00000000
0.54446484,0.00000000
0.80789162,0.00000000
0.95199372,0.00000000
0.39217168,0.00000000
0.97451925,0.00000000
0.95645066,0.00000000
0.94567296,0.00000000
0.87231696,0.00000000
0.82562504,0.00000000
0.86929613,0.00000000
0.54290301,0.00000000
0.57687988,0.00000000
0.78775367,0.00000000
0.94223825,0.00000000
0.91540640,0.00000000
0.93681440,0.00000000
0.97272844,0.00000000
0.90243474,0.00000000
0.94747178,0.00000000
0.95885508,0.00000000
0.95036033,0.00000000
0.96198723,0.00000000
0.93058094,0.00000000
0.96151951,0.00000000
0.95809935,0.00000000
0.95727175,0.00000000
0.95299001,0.00000000
0.94092251,0.00000000
0.94144154,0.00000000
0.98504660,0.00000000
0.96673621,0.00000000
0.95290946,0.00000000
0.95230711,0.00000000
0.95669363,0.00000000
0.95044869,0.00000000
0.94998596,0.00000000
0.96025466,0.00000000
0.94502123,0.00000000
0.95233936,0.00000000
0.92929262,0.00000000
0.94784047,0.00000000
0.90700694,0.00000000
0.95303801,0.00000000
0.95215476,0.00000000
0.93848755,0.00000000
0.97668003,0.00000000
0.94797766,0.00000000
0.95129719,0.00000000
0.95510964,0.00000000
0.96700565,0.00000000
0.97010293,0.00000000
0.94989489,0.00000000
0.95939562,0.00000000
0.96164226,0.00000000
0.97590416,0.00000000
0.96017756,0.00000000
0.97513721,0.00000000
0.95701226,0.00000000
0.96108356,0.00000000
0.94873682,0.00000000
0.94088908,0.00000000
0.93696992,0.00000000
0.94818488,0.00000000
0.95988403,0.00000000
0.95331528,0.00000000
0.93629305,0.00000000
0.96555273,0.00000000
0.94146338,0.00000000
0.93949777,0.00000000
0.93864463,0.00000000
0.94913797,0.00000000
0.93974911,0.00000000
0.95459718,0.00000000
0.94496602,0.00000000
0.93704389,0.00000000
0.96745240,0.00000000
0.96261750,0.00000000
0.98067078,0.00000000
0.94637159,0.00000000
0.95935074,0.00000000
0.94039007,0.00000000
0.93471841,0.00000000
0.94964387,0.00000000
0.95646048,0.00000000
0.93113651,0.00000000
0.94642400,0.00000000
0.82898913,0.00000000
0.91450296,0.00000000
0.91241301,0.00000000
0.92867932,0.00000000
0.92995133,0.00000000
0.93792054,0.00000000
0.95736415,0.00000000
0.93685683,0.00000000
0.96257830,0.00000000
0.96310823,0.00000000
0.95298547,0.00000000
0.96248940,0.00000000
0.93853127,0.00000000
0.94040106,0.00000000
0.94287620,0.00000000
0.95713573,0.00000000
0.89486845,0.00000000
0.91634431,0.00000000
0.90735855,0.00000000
0.96550399,0.00000000
0.91671808,0.00000000
0.87672345,0.00000000
0.93436691,0.00000000
0.80241139,0.00000000
0.79712907,0.00000000
0.96856239,0.00000000
0.89911914,0.00000000
0.95945578,0.00000000
0.96489999,0.00000000
0.93331198,0.00000000
0.94784359,0.00000000
0.95301761,0.00000000
0.94578594,0.00000000
0.98094682,0.00000000
0.94162269,0.00000000
0.95380353,0.00000000
0.93953438,0.00000000
0.96401780,0.00000000
0.94442596,0.00000000
0.94268692,0.00000000
0.98117199,0.00000000
0.95279913,0.00000000
0.94317025,0.00000000
0.95829191,0.00000000
0.95119867,0.00000000
0.97250369,0.00000000
0.93644351,0.00000000
0.96836250,0.00000000
0.93887492,0.00000000
0.95151357,0.00000000
0.95098114,0.00000000
0.96570873,0.00000000
0.96246737,0.00000000
0.95655627,0.00000000
0.95761240,0.00000000
0.95235547,0.00000000
0.98105782,0.00000000
0.95770473,0.00000000
0.94434179,0.00000000
0.96922169,0.00000000
0.96676063,0.00000000
0.95618809,0.00000000
0.93948564,0.00000000
0.96116414,0.00000000
0.97190084,0.00000000
0.96084858,0.00000000
0.93323981,0.00000000
0.92850831,0.00000000
0.92199218,0.00000000
0.95796710,0.00000000
0.92243192,0.00000000
0.96011585,0.00000000
0.77366890,0.00000000
0.91871229,0.00000000
0.95443506,0.00000000
0.96430750,0.00000000
0.79890541,0.00000000
0.87414305,0.00000000
0.91866033,0.00000000
0.92646294,0.00000000
0.94854327,0.00000000
0.94575386,0.00000000
0.97381488,0.00000000
0.94332005,0.00000000
0.95094619,0.00000000
0.92055654,0.00000000
0.56227348,0.00000000
0.61926406,0.00000000
0.90587127,0.00000000
0.79398836,0.00000000
0.92471476,0.00000000
0.76559166,0.00000000
0.89523206,0.00000000
0.75763968,0.00000000
0.83753168,0.00000000
0.79385530,0.00000000
0.94347277,0.00000000
0.95112575,0.00000000
0.94268280,0.00000000
0.93561771,0.00000000
0.96185674,0.00000000
0.96228634,0.00000000
0.64667645,0.00000000
0.67534651,0.00000000
0.88571142,0.00000000
0.90650069,0.00000000
0.93407371,0.00000000
0.93507060,0.00000000
0.94368533,0.00000000
0.95898315,0.00000000
0.97276958,0.00000000
0.97809618,0.00000000
0.86173381,0.00000000
0.93821548,0.00000000
0.75575810,0.00000000
0.84942127,0.00000000
0.85636327,0.00000000
0.84352531,0.00000000
0.81370878,0.00000000
0.87169966,0.00000000
0.88591380,0.00000000
0.90261913,0.00000000
0.91398339,0.00000000
0.90716294,0.00000000
0.87228592,0.00000000
0.92215616,0.00000000
0.86705228,0.00000000
0.87126548,0.00000000
0.91326050,0.00000000
0.92955967,0.00000000
0.93043505,0.00000000
0.94457100,0.00000000
0.85358070,0.00000000
0.95573186,0.00000000
0.93570599,0.00000000
0.95975689,0.00000000
0.96324100,0.00000000
0.96845448,0.00000000
0.97369135,0.00000000
0.97449325,0.00000000
0.73138231,0.00000000
0.93659241,0.00000000
0.94835148,0.00000000
0.90566183,0.00000000
0.94565491,0.00000000
0.91388790,0.00000000
0.94875179,0.00000000
0.93930907,0.00000000
0.96827819,0.00000000
0.95182562,0.00000000
0.95768107,0.00000000
0.97975749,0.00000000
0.99147341,0.00000000
0.97652284,0.00000000
0.93261170,0.00000000
0.97472085,0.00000000
0.97609679,0.00000000
0.97343721,0.00000000
0.97430659,0.00000000
0.95515350,0.00000000
0.95973783,0.00000000
0.96893577,0.00000000
0.94558376,0.00000000
0.94990909,0.00000000
0.95671665,0.00000000
0.96439312,0.00000000
0.97806408,0.00000000
0.95245850,0.00000000
0.95704567,0.00000000
0.95966473,0.00000000
0.95279745,0.00000000
0.95581976,0.00000000
0.93024242,0.00000000
0.94176472,0.00000000
0.95738389,0.00000000
0.97265147,0.00000000
0.96915133,0.00000000
0.93003609,0.00000000
0.96200778,0.00000000
0.96133089,0.00000000
0.97667495,0.00000000
0.95124226,0.00000000
0.97479581,0.00000000
0.98569581,0.00000000
0.93571982,0.00000000
0.93240316,0.00000000
0.96146067,0.00000000
0.97080086,0.00000000
0.94643785,0.00000000
0.93061948,0.00000000
0.91812332,0.00000000
0.96917350,0.00000000
0.94973919,0.00000000
0.94521711,0.00000000
0.95890910,0.00000000
0.97828405,0.00000000
0.95882367,0.00000000
0.98347454,0.00000000
0.96257689,0.00000000
0.98511735,0.00000000
0.97006347,0.00000000
0.93025912,0.00000000
0.95075496,0.00000000
0.93952450,0.00000000
0.94679742,0.00000000
0.94864467,0.00000000
0.98362412,0.00000000
0.92641698,0.00000000
0.97229078,0.00000000
0.96941768,0.00000000
0.93509836,0.00000000
0.93802611,0.00000000
0.95870291,0.00000000
0.94328989,0.00000000
0.97189005,0.00000000
0.96684126,0.00000000
0.95996952,0.00000000
0.97767706,0.00000000
0.96121589,0.00000000
0.94597602,0.00000000
0.95565760,0.00000000
0.94390160,0.00000000
0.96205789,0.00000000
0.93245578,0.00000000
0.91446605,0.00000000
0.94337853,0.00000000
0.93435899,0.00000000
0.92760038,0.00000000
0.93526428,0.00000000
0.94751565,0.00000000
0.96251015,0.00000000
0.83980217,0.00000000
0.89617712,0.00000000
0.90039437,0.00000000
0.93644760,0.00000000
0.94310171,0.00000000
0.94459325,0.00000000
0.96815497,0.00000000
0.92904847,0.00000000
0.90261579,0.00000000
0.98389338,0.00000000
0.93872608,0.00000000
0.96571934,0.00000000
0.85127922,0.00000000
0.89427515,0.00000000
0.88146460,0.00000000
0.89577523,0.00000000
0.91089657,0.00000000
0.98311211,0.00000000
0.94999236,0.00000000
0.97779643,0.00000000
0.92406063,0.00000000
0.94395293,0.00000000
0.92998585,0.00000000
0.95826496,0.00000000
0.96097018,0.00000000
0.92763086,0.00000000
0.95576704,0.00000000
0.91100041,0.00000000
0.95563178,0.00000000
0.92549857,0.00000000
0.93043610,0.00000000
0.93089292,0.00000000
0.97883881,0.00000000
0.99560326,0.00000000
0.96308361,0.00000000
0.95826509,0.00000000
0.92927523,0.00000000
0.95736107,0.00000000
0.95085081,0.00000000
0.97111454,0.00000000
0.92896580,0.00000000
0.94148301,0.00000000
0.94789337,0.00000000
0.94389932,0.00000000
0.96070663,0.00000000
0.92875918,0.00000000
0.94161170,0.00000000
0.92246599,0.00000000
0.92992148,0.00000000
0.92393227,0.00000000
0.93868848,0.00000000
0.90076985,0.00000000
0.93203671,0.00000000
0.95026364,0.00000000
0.95531725,0.00000000
0.97027078,0.00000000
0.96903015,0.00000000
0.88847658,0.00000000
0.96991569,0.00000000
0.98261421,0.00000000
0.96692151,0.00000000
0.96465190,0.00000000
0.92917616,0.00000000
0.93650304,0.00000000
0.86829131,0.00000000
0.95579919,0.00000000
0.93591543,0.00000000
0.96243943,0.00000000
0.88153109,0.00000000
0.90614157,0.00000000
0.89639908,0.00000000
0.89226140,0.00000000
0.94792800,0.00000000
0.95961889,0.00000000
0.93668773,0.00000000
0.92698053,0.00000000
0.97129843,0.00000000
0.97181220,0.00000000
0.93897925,0.00000000
0.96693074,0.00000000
0.96366983,0.00000000
0.83435636,0.00000000
0.94776212,0.00000000
0.95205601,0.00000000
0.96099714,0.00000000
0.96642245,0.00000000
0.95037569,0.00000000
0.95989627,0.00000000
0.95591616,0.00000000
0.95308201,0.00000000
0.95258198,0.00000000
0.93915212,0.00000000
0.93184212,0.00000000
0.94826829,0.00000000
0.95882570,0.00000000
0.95833979,0.00000000
0.95760548,0.00000000
0.97776477,0.00000000
0.95122750,0.00000000
0.97286649,0.00000000
0.96994031,0.00000000
0.95492419,0.00000000
0.93721338,0.00000000
0.97919917,0.00000000
0.95447554,0.00000000
0.94019886,0.00000000
0.95366873,0.00000000
0.95670510,0.00000000
0.93252968,0.00000000
0.93939496,0.00000000
0.97313765,0.00000000
0.93893850,0.00000000
0.96430762,0.00000000
0.97427512,0.00000000
0.96282742,0.00000000
0.93063039,0.00000000
0.92628700,0.00000000
0.96607633,0.00000000
0.97160225,0.00000000
0.95863113,0.00000000
0.96564719,0.00000000
0.96603938,0.00000000
0.97137140,0.00000000
0.96519826,0.00000000
0.94203555,0.00000000
0.98228590,0.00000000
0.96002574,0.00000000
0.97515910,0.00000000
0.88075242,0.00000000
0.96263674,0.00000000
0.92058079,0.00000000
0.95333665,0.00000000
0.93143366,0.00000000
0.94585796,0.00000000
0.95257580,0.00000000
0.94326098,0.00000000
0.92864911,0.00000000
0.93368318,0.00000000
0.97222608,0.00000000
0.93279652,0.00000000
0.93288844,0.00000000
0.91326098,0.00000000
0.86090880,0.00000000
0.97056083,0.00000000
0.94465233,0.00000000
0.97290497,0.00000000
0.97115402,0.00000000
0.93611251,0.00000000
0.95444413,0.00000000
0.95099152,0.00000000
0.97587690,0.00000000
0.99117777,0.00000000
0.98892729,0.00000000
0.98475979,0.00000000
0.98479521,0.00000000
0.97744596,0.00000000
0.96002251,0.00000000
0.98253672,0.00000000
0.95221615,0.00000000
0.96395907,0.00000000
0.95098477,0.00000000
0.95586977,0.00000000
0.95620723,0.00000000
0.94691317,0.00000000
0.95974247,0.00000000
0.94402549,0.00000000
0.93270261,0.00000000
0.96875764,0.00000000
0.96670880,0.00000000
0.97383695,0.00000000
0.95838057,0.00000000
0.97337626,0.00000000
0.95632968,0.00000000
0.95834646,0.00000000
0.95332654,0.00000000
0.97011540,0.00000000
0.95157905,0.00000000
0.95678870,0.00000000
0.95478110,0.00000000
0.97094093,0.00000000
0.97231592,0.00000000
0.97573402,0.00000000
0.95789121,0.00000000
0.95753380,0.00000000
0.98059996,0.00000000
0.96886696,0.00000000
0.95866994,0.00000000
0.94507473,0.00000000
0.96544378,0.00000000
0.97014181,0.00000000
0.97489422,0.00000000
0.96636379,0.00000000
0.94578725,0.00000000
0.98282581,0.00000000
0.98484487,0.00000000
0.96592447,0.00000000
0.95371518,0.00000000
0.97630040,0.00000000
0.97232755,0.00000000
0.97566738,0.00000000
0.96392759,0.00000000
0.96889293,0.00000000
0.95859731,0.00000000
0.96207034,0.00000000
0.94721551,0.00000000
0.94520817,0.00000000
0.95558562,0.00000000
0.96249445,0.00000000
0.95063963,0.00000000
0.95509544,0.00000000
0.96007340,0.00000000
0.96356627,0.00000000
0.95794850,0.00000000
0.97441639,0.00000000
0.98403904,0.00000000
0.97429084,0.00000000
0.97263289,0.00000000
0.93292827,0.00000000
0.94639727,0.00000000
0.94636492,0.00000000
0.93717053,0.00000000
0.95816065,0.00000000
0.95604683,0.00000000
0.95881178,0.00000000
0.97619420,0.00000000
0.96645083,0.00000000
0.83593216,0.00000000
0.81445160,0.00000000
0.80241351,0.00000000
0.82109351,0.00000000
0.80694795,0.00000000
0.82450158,0.00000000
0.78977883,0.00000000
0.82006845,0.00000000
0.71030004,0.00000000
0.69884354,0.00000000
0.69379411,0.00000000
0.97627110,0.00000000
0.93856894,0.00000000
0.95692407,0.00000000
0.93433055,0.00000000
0.96449409,0.00000000
0.96743695,0.00000000
0.95708153,0.00000000
0.95119496,0.00000000
0.95397944,0.00000000
0.95690442,0.00000000
0.95729087,0.00000000
0.97030858,0.00000000
0.95140244,0.00000000
0.93480774,0.00000000
0.99018666,0.00000000
0.93791812,0.00000000
0.96713693,0.00000000
0.80496207,0.00000000
0.84662369,0.00000000
0.86009853,0.00000000
0.82740168,0.00000000
0.82234023,0.00000000
0.80783683,0.00000000
0.80285523,0.00000000
0.96218048,0.00000000
0.62730977,0.00000000
0.89924080,0.00000000
0.93488409,0.00000000
0.92499138,0.00000000
0.95659404,0.00000000
0.96391086,0.00000000
0.86310321,0.00000000
0.94888961,0.00000000
0.85374542,0.00000000
0.92461302,0.00000000
0.92831746,0.00000000
0.95571388,0.00000000
0.87957796,0.00000000
0.85639443,0.00000000
0.93931693,0.00000000
0.96964896,0.00000000
0.90647343,0.00000000
0.95907831,0.00000000
0.93731364,0.00000000
0.94003728,0.00000000
0.81431225,0.00000000
0.91323144,0.00000000
0.88478478,0.00000000
0.86998490,0.00000000
0.78491066,0.00000000
0.95159959,0.00000000
0.92067767,0.00000000
0.86886107,0.00000000
0.87630775,0.00000000
0.95781360,0.00000000
0.93174016,0.00000000
0.82490582,0.00000000
0.64028344,0.00000000
0.96512412,0.00000000
0.88471919,0.00000000
0.86563952,0.00000000
0.81447035,0.00000000
0.79434169,0.00000000
0.96193088,0.00000000
0.94139010,0.00000000
0.92939464,0.00000000
0.91530436,0.00000000
0.93594408,0.00000000
0.92890179,0.00000000
0.95863519,0.00000000
0.91898010,0.00000000
0.94210423,0.00000000
0.91903935,0.00000000
0.95437734,0.00000000
0.94686437,0.00000000
0.93949914,0.00000000
0.96101434,0.00000000
0.96196131,0.00000000
0.96032986,0.00000000
0.95101698,0.00000000
0.97017749,0.00000000
0.96391146,0.00000000
0.96568624,0.00000000
0.92313132,0.00000000
0.97665913,0.00000000
0.93730927,0.00000000
0.95952530,0.00000000
0.95146726,0.00000000
0.93612002,0.00000000
0.93744525,0.00000000
0.95436199,0.00000000
0.95181967,0.00000000
0.94519943,0.00000000
0.95696154,0.00000000
0.95877386,0.00000000
0.98758475,0.00000000
0.97426390,0.00000000
0.96862673,0.00000000
0.93191670,0.00000000
0.91564647,0.00000000
0.94663896,0.00000000
0.93247465,0.00000000
0.92378554,0.00000000
0.91701158,0.00000000
0.95533701,0.00000000
0.92948472,0.00000000
0.96280061,0.00000000
0.94463392,0.00000000
0.92979434,0.00000000
0.90910342,0.00000000
0.92816749,0.00000000
0.95081631,0.00000000
0.95273734,0.00000000
0.95912763,0.00000000
0.91619062,0.00000000
0.91577214,0.00000000
0.92335426,0.00000000
0.93900771,0.00000000
0.94198444,0.00000000
0.95922212,0.00000000
0.94390596,0.00000000
0.95776857,0.00000000
0.96068080,0.00000000
0.96242285,0.00000000
0.96906246,0.00000000
0.95340806,0.00000000
0.94555535,0.00000000
0.96916125,0.00000000
0.93463794,0.00000000
0.96981808,0.00000000
0.96222141,0.00000000
0.95841708,0.00000000
0.94095156,0.00000000
0.96690887,0.00000000
0.95695157,0.00000000
0.95754967,0.00000000
0.96775690,0.00000000
0.96642679,0.00000000
0.94816214,0.00000000
0.95425137,0.00000000
0.97103545,0.00000000
0.97675418,0.00000000
0.95476553,0.00000000
0.96402383,0.00000000
0.97303268,0.00000000
0.93644859,0.00000000
0.95258769,0.00000000
0.99173439,0.00000000
0.93440430,0.00000000
0.93577532,0.00000000
0.91029912,0.00000000
0.91350545,0.00000000
0.91880720,0.00000000
0.93386682,0.00000000
0.93396559,0.00000000
0.92206247,0.00000000
0.93598443,0.00000000
0.89915231,0.00000000
0.86023957,0.00000000
0.89822068,0.00000000
0.96477403,0.00000000
0.96160089,0.00000000
0.96829266,0.00000000
0.96235401,0.00000000
0.95888684,0.00000000
0.96727967,0.00000000
0.96539988,0.00000000
0.91372942,0.00000000
0.93991224,0.00000000
0.89868447,0.00000000
0.96111361,0.00000000
0.98439843,0.00000000
0.94673065,0.00000000
0.97495032,0.00000000
0.91840759,0.00000000
0.95074515,0.00000000
0.96764789,0.00000000
0.95717034,0.00000000
0.96125439,0.00000000
0.97206598,0.00000000
0.96936022,0.00000000
0.91414241,0.00000000
0.94069594,0.00000000
0.94130652,0.00000000
0.96727443,0.00000000
0.93410568,0.00000000
0.88087471,0.00000000
0.91586714,0.00000000
0.96261616,0.00000000
0.93362977,0.00000000
0.94684901,0.00000000
0.96323215,0.00000000
0.90317430,0.00000000
0.92664561,0.00000000
0.93905529,0.00000000
0.92786861,0.00000000
0.92858347,0.00000000
0.92431276,0.00000000
0.95834163,0.00000000
0.94185434,0.00000000
0.96654299,0.00000000
0.97729805,0.00000000
0.96299517,0.00000000
0.98157901,0.00000000
0.95911108,0.00000000
0.96912488,0.00000000
0.96256781,0.00000000
0.94528931,0.00000000
0.96149307,0.00000000
0.95234621,0.00000000
0.95598915,0.00000000
0.92592797,0.00000000
0.92382913,0.00000000
0.89826447,0.00000000
0.85664896,0.00000000
0.95870222,0.00000000
0.95678153,0.00000000
0.97054269,0.00000000
0.96110235,0.00000000
0.95136354,0.00000000
0.96608549,0.00000000
0.95622259,0.00000000
0.94214533,0.00000000
0.95819479,0.00000000
0.93204461,0.00000000
0.93984402,0.00000000
0.95100735,0.00000000
0.95256531,0.00000000
0.96467673,0.00000000
0.95638751,0.00000000
0.97351363,0.00000000
0.95827341,0.00000000
0.95717421,0.00000000
0.95871269,0.00000000
0.96285672,0.00000000
0.94625972,0.00000000
0.94238694,0.00000000
0.96791896,0.00000000
0.96948131,0.00000000
0.94382666,0.00000000
0.94452571,0.00000000
0.95617528,0.00000000
0.93340418,0.00000000
0.94625955,0.00000000
0.96375227,0.00000000
0.92694226,0.00000000
0.94159735,0.00000000
0.97215460,0.00000000
0.93484010,0.00000000
0.96404754,0.00000000
0.95073188,0.00000000
0.95591286,0.00000000
0.96396241,0.00000000
0.96003802,0.00000000
0.95247503,0.00000000
0.96460411,0.00000000
0.96013345,0.00000000
0.95529796,0.00000000
0.93964490,0.00000000
0.94452031,0.00000000
0.95792147,0.00000000
0.96020947,0.00000000
0.94796970,0.00000000
0.96095315,0.00000000
0.96325406,0.00000000
0.97054904,0.00000000
0.96819986,0.00000000
0.97286719,0.00000000
0.96263776,0.00000000
0.95342521,0.00000000
0.96829120,0.00000000
0.95846077,0.00000000
0.94678867,0.00000000
0.95609265,0.00000000
0.92124670,0.00000000
0.93914736,0.00000000
0.95593550,0.00000000
0.96402173,0.00000000
0.93489524,0.00000000
0.88899010,0.00000000
0.89022537,0.00000000
0.89792058,0.00000000
0.88131542,0.00000000
0.88647649,0.00000000
0.84343637,0.00000000
0.97089229,0.00000000
0.92279031,0.00000000
0.92291233,0.00000000
0.89439444,0.00000000
0.94237399,0.00000000
0.93143770,0.00000000
0.88486895,0.00000000
0.95808825,0.00000000
0.94060652,0.00000000
0.95355868,0.00000000
0.94231643,0.00000000
0.96059894,0.00000000
0.96305830,0.00000000
0.96797228,0.00000000
0.97122315,0.00000000
0.96287267,0.00000000
0.96307603,0.00000000
0.76309605,0.00000000
0.75312748,0.00000000
0.81172873,0.00000000
0.82153433,0.00000000
0.84388460,0.00000000
0.88638172,0.00000000
0.73235017,0.00000000
0.94681304,0.00000000
0.95429220,0.00000000
0.96011551,0.00000000
0.96208387,0.00000000
0.94164274,0.00000000
0.95907506,0.00000000
0.93609928,0.00000000
0.96755107,0.00000000
0.96229140,0.00000000
0.95586829,0.00000000
0.94890183,0.00000000
0.94997191,0.00000000
0.95011743,0.00000000
0.96142909,0.00000000
0.81310627,0.00000000
0.91291600,0.00000000
0.91390338,0.00000000
0.88171233,0.00000000
0.82394208,0.00000000
0.92645834,0.00000000
0.93297206,0.00000000
0.95093639,0.00000000
0.94522501,0.00000000
0.54019781,0.00000000
0.54676429,0.00000000
0.58005130,0.00000000
0.54864875,0.00000000
0.50485386,0.00000000
0.48595977,0.00000000
0.53380394,0.00000000
0.56821598,0.00000000
0.55673182,0.00000000
0.61147995,0.00000000
0.63279217,0.00000000
0.67821475,0.00000000
0.74346816,0.00000000
0.77520389,0.00000000
0.81119521,0.00000000
0.86240481,0.00000000
0.87931691,0.00000000
0.88090520,0.00000000
0.88852010,0.00000000
0.94273572,0.00000000
0.95333874,0.00000000
0.96160005,0.00000000
0.78964889,0.00000000
0.79403464,0.00000000
0.77166201,0.00000000
0.77462180,0.00000000
0.94283341,0.00000000
0.93558456,0.00000000
0.86730499,0.00000000
0.91042530,0.00000000
0.97074973,0.00000000
0.94336708,0.00000000
0.93260132,0.00000000
0.93205932,0.00000000
0.94291537,0.00000000
0.92385714,0.00000000
0.94648030,0.00000000
0.96824650,0.00000000
0.95020912,0.00000000
0.96207390,0.00000000
0.96482232,0.00000000
0.93717450,0.00000000
0.95291558,0.00000000
0.96318470,0.00000000
0.96531455,0.00000000
0.97029521,0.00000000
0.97121490,0.00000000
0.95572521,0.00000000
0.95436536,0.00000000
0.98203964,0.00000000
0.96983929,0.00000000
0.95606004,0.00000000
0.96006373,0.00000000
0.95224363,0.00000000
0.95305724,0.00000000
0.95030028,0.00000000
0.94420184,0.00000000
0.93927368,0.00000000
0.93445415,0.00000000
0.89892752,0.00000000
0.92035065,0.00000000
0.93532187,0.00000000
0.95717598,0.00000000
0.96540566,0.00000000
0.95244643,0.00000000
0.96162341,0.00000000
0.94991735,0.00000000
0.96545972,0.00000000
0.96476972,0.00000000
0.94385005,0.00000000
0.96074050,0.00000000
0.96227108,0.00000000
0.95204745,0.00000000
0.95988638,0.00000000
0.89610959,0.00000000
0.95803958,0.00000000
0.94174801,0.00000000
0.95565348,0.00000000
0.93884337,0.00000000
0.93978603,0.00000000
0.95573129,0.00000000
0.93815358,0.00000000
0.94543309,0.00000000
0.92612522,0.00000000
0.95159091,0.00000000
0.96059864,0.00000000
0.95603297,0.00000000
0.89639243,0.00000000
0.88121249,0.00000000
0.87791673,0.00000000
0.94994805,0.00000000
0.93783852,0.00000000
0.90371278,0.00000000
0.94634098,0.00000000
0.95072926,0.00000000
0.95562676,0.00000000
0.96760011,0.00000000
0.88125769,0.00000000
0.93483900,0.00000000
0.96137415,0.00000000
0.96082100,0.00000000
0.95783034,0.00000000
0.96855353,0.00000000
0.95478567,0.00000000
0.92898281,0.00000000
0.94424734,0.00000000
0.94368640,0.00000000
0.95577917,0.00000000
0.95412145,0.00000000
0.89795994,0.00000000
0.85014121,0.00000000
0.95551378,0.00000000
0.97002694,0.00000000
0.98983555,0.00000000
0.97101373,0.00000000
0.96675094,0.00000000
0.96383660,0.00000000
0.96553184,0.00000000
0.96931792,0.00000000
0.95135419,0.00000000
0.95954199,0.00000000
0.95635039,0.00000000
0.96424888,0.00000000
0.95602096,0.00000000
0.96291583,0.00000000
0.96426456,0.00000000
0.96155717,0.00000000
0.97147645,0.00000000
0.96340176,0.00000000
0.97459488,0.00000000
0.96367573,0.00000000
0.94646652,0.00000000
0.93152092,0.00000000
0.94433348,0.00000000
0.92621125,0.00000000
0.93501893,0.00000000
0.90849095,0.00000000
0.92978803,0.00000000
0.97559796,0.00000000
0.96296612,0.00000000
0.92623180,0.00000000
0.95663551,0.00000000
0.94924569,0.00000000
0.93012104,0.00000000
0.93091580,0.00000000
0.92229074,0.00000000
0.90306558,0.00000000
0.91893510,0.00000000
0.89891382,0.00000000
0.93263480,0.00000000
0.98017672,0.00000000
0.92782052,0.00000000
0.96776153,0.00000000
0.95722179,0.00000000
0.95307649,0.00000000
0.95945739,0.00000000
0.95061099,0.00000000
0.94994913,0.00000000
0.96013426,0.00000000
0.95231170,0.00000000
0.92403907,0.00000000
0.94170405,0.00000000
0.95578870,0.00000000
0.92670559,0.00000000
0.92392717,0.00000000
0.93216718,0.00000000
0.89849483,0.00000000
0.93429554,0.00000000
0.91262689,0.00000000
0.92624171,0.00000000
0.90667414,0.00000000
0.92151182,0.00000000
0.93763971,0.00000000
0.93450044,0.00000000
0.89270069,0.00000000
0.89238217,0.00000000
0.90535141,0.00000000
0.92845103,0.00000000
0.92241887,0.00000000
0.91234682,0.00000000
0.95232493,0.00000000
0.92727830,0.00000000
0.93895816,0.00000000
0.95948389,0.00000000
0.94043583,0.00000000
0.93999391,0.00000000
0.94027328,0.00000000
0.90696002,0.00000000
0.92861935,0.00000000
0.92548445,0.00000000
0.91474564,0.00000000
0.91853693,0.00000000
0.95662699,0.00000000
0.95642711,0.00000000
0.90597377,0.00000000
0.92354762,0.00000000
0.96123990,0.00000000
0.91837058,0.00000000
0.94950418,0.00000000
0.93310179,0.00000000
0.94726980,0.00000000
0.93696747,0.00000000
0.95506348,0.00000000
0.94594505,0.00000000
0.96894798,0.00000000
0.95186841,0.00000000
0.97672520,0.00000000
0.94428576,0.00000000
0.95161227,0.00000000
0.98050155,0.00000000
0.94131190,0.00000000
0.95794514,0.00000000
0.91680658,0.00000000
0.94348889,0.00000000
0.93631548,0.00000000
0.95035992,0.00000000
0.95771330,0.00000000
0.93909799,0.00000000
0.96263666,0.00000000
0.94137134,0.00000000
0.93043807,0.00000000
0.83862488,0.00000000
0.89172121,0.00000000
0.92383060,0.00000000
0.90979495,0.00000000
0.96321214,0.00000000
0.95848807,0.00000000
0.94365509,0.00000000
0.93181840,0.00000000
0.92446442,0.00000000
0.93669371,0.00000000
0.90612188,0.00000000
0.92359423,0.00000000
0.94849476,0.00000000
0.96764826,0.00000000
0.91035165,0.00000000
0.83320266,0.00000000
0.80733730,0.00000000
0.80375405,0.00000000
0.84304944,0.00000000
0.73522339,0.00000000
0.75606461,0.00000000
0.80361852,0.00000000
0.83816642,0.00000000
0.93941169,0.00000000
0.82380041,0.00000000
0.96956635,0.00000000
0.96217891,0.00000000
0.96723628,0.00000000
0.94932333,0.00000000
0.94720509,0.00000000
0.93605842,0.00000000
0.92961592,0.00000000
0.90237946,0.00000000
0.94178577,0.00000000
0.95659231,0.00000000
0.92581654,0.00000000
0.93483083,0.00000000
0.95938131,0.00000000
0.95550171,0.00000000
0.95090557,0.00000000
0.95486139,0.00000000
0.92512496,0.00000000
0.85605495,0.00000000
0.93355150,0.00000000
0.93221723,0.00000000
0.93808173,0.00000000
0.91110839,0.00000000
0.94661706,0.00000000
0.91874416,0.00000000
0.80691187,0.00000000
0.76441322,0.00000000
0.90761729,0.00000000
0.86133110,0.00000000
0.89394967,0.00000000
0.92294603,0.00000000
0.95456183,0.00000000
0.94624358,0.00000000
0.99187926,0.00000000
0.97126863,0.00000000
0.92028573,0.00000000
0.92523778,0.00000000
0.54551015,0.00000000
0.50458049,0.00000000
0.79860304,0.00000000
0.91246355,0.00000000
0.82581588,0.00000000
0.91498403,0.00000000
0.87605940,0.00000000
0.91672025,0.00000000
0.92866938,0.00000000
0.87243839,0.00000000
0.75218777,0.00000000
0.92157763,0.00000000
0.70933291,0.00000000
0.71749085,0.00000000
0.67717534,0.00000000
0.94954086,0.00000000
0.78073467,0.00000000
0.94371242,0.00000000
0.96326626,0.00000000
0.95058891,0.00000000
0.91745566,0.00000000
0.91634364,0.00000000
0.92277305,0.00000000
0.95696011,0.00000000
0.93373442,0.00000000
0.97164059,0.00000000
0.97197044,0.00000000
0.92108458,0.00000000
0.93771172,0.00000000
0.48279427,0.00000000
0.91575441,0.00000000
0.90797504,0.00000000
0.76157630,0.00000000
0.85311958,0.00000000
0.91351396,0.00000000
0.91008846,0.00000000
0.85774368,0.00000000
0.91312101,0.00000000
0.95678461,0.00000000
0.97395082,0.00000000
0.96904733,0.00000000
0.94239067,0.00000000
0.97683143,0.00000000
0.93668215,0.00000000
0.95762480,0.00000000
0.96493047,0.00000000
0.94786097,0.00000000
0.96328300,0.00000000
0.93255411,0.00000000
0.88983180,0.00000000
0.84740793,0.00000000
0.93296147,0.00000000
0.91656138,0.00000000
0.89087956,0.00000000
0.93570283,0.00000000
0.91393591,0.00000000
0.96420976,0.00000000
0.94310857,0.00000000
0.96226691,0.00000000
0.94615539,0.00000000
0.91971656,0.00000000
0.97737938,0.00000000
0.93975568,0.00000000
0.92718492,0.00000000
0.93196395,0.00000000
0.95966382,0.00000000
0.91930716,0.00000000
0.93806679,0.00000000
0.92573025,0.00000000
0.95263128,0.00000000
0.95684937,0.00000000
0.95935038,0.00000000
0.93359500,0.00000000
0.95223424,0.00000000
0.91251590,0.00000000
0.98953218,0.00000000
0.94124887,0.00000000
0.95030693,0.00000000
0.95911466,0.00000000
0.94680984,0.00000000
0.96893651,0.00000000
0.96259408,0.00000000
0.92959728,0.00000000
0.97994785,0.00000000
0.97005103,0.00000000
0.93374495,0.00000000
0.96478713,0.00000000
0.95948643,0.00000000
0.97340131,0.00000000
0.96482906,0.00000000
0.94746765,0.00000000
0.95868189,0.00000000
0.95755824,0.00000000
0.97735445,0.00000000
0.97263463,0.00000000
0.96074192,0.00000000
0.96113740,0.00000000
0.97035566,0.00000000
0.95467959,0.00000000
0.94970718,0.00000000
0.94652559,0.00000000
0.96036849,0.00000000
0.96569725,0.00000000
0.97502021,0.00000000
0.95648931,0.00000000
0.96316083,0.00000000
0.95830489,0.00000000
0.96651634,0.00000000
0.97114408,0.00000000
0.96325968,0.00000000
0.98480145,0.00000000
0.96253837,0.00000000
0.96720926,0.00000000
0.96537384,0.00000000
0.97354717,0.00000000
0.96109558,0.00000000
0.95671978,0.00000000
0.95339803,0.00000000
0.93637652,0.00000000
0.94174229,0.00000000
0.94855904,0.00000000
0.97016624,0.00000000
0.97586884,0.00000000
0.96690587,0.00000000
0.98582830,0.00000000
0.98101849,0.00000000
0.96882265,0.00000000
0.99006132,0.00000000
0.97934828,0.00000000
0.97477550,0.00000000
0.96982811,0.00000000
0.98052289,0.00000000
0.98049674,0.00000000
0.98412011,0.00000000
0.98203411,0.00000000
0.95955293,0.00000000
0.96171980,0.00000000
0.97864453,0.00000000
0.97182914,0.00000000
0.95892666,0.00000000
0.95742741,0.00000000
0.93645055,0.00000000
0.90818041,0.00000000
0.93489593,0.00000000
0.97339439,0.00000000
0.98809412,0.00000000
0.97946885,0.00000000
0.97145208,0.00000000
0.98114274,0.00000000
0.96591567,0.00000000
0.98760162,0.00000000
0.95139800,0.00000000
0.95685031,0.00000000
0.96962083,0.00000000
0.97292606,0.00000000
0.96136389,0.00000000
0.95488299,0.00000000
0.96550835,0.00000000
0.96649531,0.00000000
0.98831831,0.00000000
0.95165006,0.00000000
0.88696424,0.00000000
0.94939572,0.00000000
0.92059208,0.00000000
0.95954559,0.00000000
0.93817318,0.00000000
0.95653797,0.00000000
0.95116880,0.00000000
0.95762750,0.00000000
0.94098588,0.00000000
0.94060471,0.00000000
0.94819995,0.00000000
0.93257063,0.00000000
0.92143794,0.00000000
0.95859339,0.00000000
0.96810167,0.00000000
0.96327248,0.00000000
0.97618767,0.00000000
0.97329025,0.00000000
0.93203479,0.00000000
0.93195124,0.00000000
0.94023979,0.00000000
0.89435200,0.00000000
0.83512470,0.00000000
0.81827868,0.00000000
0.98684228,0.00000000
0.82843777,0.00000000
0.92762130,0.00000000
0.92179877,0.00000000
0.92285672,0.00000000
0.90565806,0.00000000
0.95706600,0.00000000
0.94551215,0.00000000
0.93518872,0.00000000
0.96919561,0.00000000
0.92632335,0.00000000
0.95170535,0.00000000
0.93634565,0.00000000
0.96190517,0.00000000
0.95922360,0.00000000
0.93448525,0.00000000
0.94012086,0.00000000
0.95140050,0.00000000
0.95002700,0.00000000
0.93969020,0.00000000
0.95592944,0.00000000
0.94852478,0.00000000
0.94155376,0.00000000
0.93180088,0.00000000
0.93198692,0.00000000
0.95728471,0.00000000
0.93076560,0.00000000
0.89218121,0.00000000
0.94280128,0.00000000
0.93965575,0.00000000
0.64286664,0.00000000
0.60612533,0.00000000
0.97717123,0.00000000
0.96914241,0.00000000
0.96454053,0.00000000
0.91444858,0.00000000
0.92771054,0.00000000
0.88141167,0.00000000
0.85108016,0.00000000
0.91659846,0.00000000
0.77859365,0.00000000
0.85979808,0.00000000
0.26724082,0.00000000
0.22774540,0.00000000
0.23879808,0.00000000
0.30093727,0.00000000
0.35526040,0.00000000
0.41712449,0.00000000
0.52026728,0.00000000
0.69577262,0.00000000
0.73182733,0.00000000
0.77020474,0.00000000
0.87178907,0.00000000
0.84069753,0.00000000
0.92903266,0.00000000
0.81285488,0.00000000
0.92812212,0.00000000
0.95992579,0.00000000
0.96332340,0.00000000
0.93401498,0.00000000
0.94160418,0.00000000
0.92244253,0.00000000
0.87077387,0.00000000
0.95374162,0.00000000
0.96195464,0.00000000
0.88761577,0.00000000
0.95497606,0.00000000
0.92505206,0.00000000
0.78364708,0.00000000
0.96328333,0.00000000
0.95422229,0.00000000
0.94913695,0.00000000
0.93251793,0.00000000
0.93203725,0.00000000
0.96076264,0.00000000
0.92705210,0.00000000
0.96090186,0.00000000
0.96574744,0.00000000
0.94244631,0.00000000
0.96205383,0.00000000
0.97392187,0.00000000
0.95279738,0.00000000
0.92164366,0.00000000
0.93114107,0.00000000
0.94308213,0.00000000
0.95580759,0.00000000
0.87909201,0.00000000
0.94107737,0.00000000
0.95823289,0.00000000
0.95482533,0.00000000
0.94483572,0.00000000
0.97739392,0.00000000
0.94291737,0.00000000
0.95527106,0.00000000
0.93651570,0.00000000
0.92912118,0.00000000
0.94018163,0.00000000
0.92129694,0.00000000
0.95388114,0.00000000
0.95369395,0.00000000
0.97698145,0.00000000
0.96606715,0.00000000
0.92875554,0.00000000
0.96305380,0.00000000
0.94005084,0.00000000
0.97303122,0.00000000
0.95995749,0.00000000
0.97976926,0.00000000
0.94963685,0.00000000
0.94455926,0.00000000
0.93741528,0.00000000
0.98404807,0.00000000
0.95436357,0.00000000
0.94997309,0.00000000
0.93009245,0.00000000
0.92859804,0.00000000
0.97359602,0.00000000
0.88438838,0.00000000
0.94807828,0.00000000
0.92191924,0.00000000
0.90685834,0.00000000
0.91837836,0.00000000
0.94423866,0.00000000
0.97079827,0.00000000
0.96294449,0.00000000
0.97775596,0.00000000
0.91564662,0.00000000
0.96042378,0.00000000
0.94666984,0.00000000
0.93581188,0.00000000
0.96242428,0.00000000
0.95953612,0.00000000
0.96622538,0.00000000
0.98748603,0.00000000
0.98582370,0.00000000
0.96533163,0.00000000
0.96141286,0.00000000
0.95771454,0.00000000
0.93928185,0.00000000
0.97874481,0.00000000
0.94244336,0.00000000
0.95695296,0.00000000
0.97592223,0.00000000
0.95882554,0.00000000
0.91660835,0.00000000
0.97678138,0.00000000
0.95359864,0.00000000
0.97136562,0.00000000
0.96959768,0.00000000
0.95534584,0.00000000
0.94918478,0.00000000
0.88154185,0.00000000
0.89509019,0.00000000
0.94633077,0.00000000
0.94809298,0.00000000
0.95529563,0.00000000
0.94558382,0.00000000
0.94336350,0.00000000
0.95337140,0.00000000
0.94258990,0.00000000
0.98072696,0.00000000
0.95033519,0.00000000
0.95344748,0.00000000
0.95859204,0.00000000
0.95081744,0.00000000
0.98439367,0.00000000
0.94013674,0.00000000
0.96844448,0.00000000
0.93200382,0.00000000
0.95424512,0.00000000
0.92394652,0.00000000
0.95529193,0.00000000
0.96871916,0.00000000
0.96095824,0.00000000
0.93587631,0.00000000
0.93357534,0.00000000
0.91672751,0.00000000
0.91434938,0.00000000
0.95053925,0.00000000
0.97174114,0.00000000
0.96253123,0.00000000
0.97219439,0.00000000
0.98414500,0.00000000
0.96872491,0.00000000
0.97619157,0.00000000
0.97679176,0.00000000
0.98776951,0.00000000
0.96693805,0.00000000
0.96628464,0.00000000
0.96522593,0.00000000
0.98192388,0.00000000
0.96558186,0.00000000
0.97814346,0.00000000
0.96801782,0.00000000
0.96045282,0.00000000
0.98598162,0.00000000
0.97211906,0.00000000
0.96412359,0.00000000
0.97850992,0.00000000
0.98088477,0.00000000
0.98268092,0.00000000
0.98285447,0.00000000
0.97622689,0.00000000
0.96109694,0.00000000
0.95765961,0.00000000
0.96678685,0.00000000
0.96136124,0.00000000
0.93573466,0.00000000
0.95846099,0.00000000
0.95709724,0.00000000
0.96018740,0.00000000
0.96823486,0.00000000
0.96379157,0.00000000
0.96976934,0.00000000
0.97291448,0.00000000
0.96139352,0.00000000
0.96728782,0.00000000
0.94976272,0.00000000
0.95500088,0.00000000
0.95778342,0.00000000
0.95603049,0.00000000
0.96332262,0.00000000
0.95907861,0.00000000
0.96229513,0.00000000
0.94822864,0.00000000
0.96584620,0.00000000
0.94078526,0.00000000
0.96038585,0.00000000
0.97865477,0.00000000
0.95997155,0.00000000
0.96789988,0.00000000
0.97127426,0.00000000
0.95200923,0.00000000
0.96082182,0.00000000
0.94223885,0.00000000
0.97859407,0.00000000
0.97218543,0.00000000
0.95621833,0.00000000
0.97150208,0.00000000
0.94911618,0.00000000
0.95642721,0.00000000
0.98080594,0.00000000
0.96996562,0.00000000
0.97520864,0.00000000
0.94898032,0.00000000
0.97984461,0.00000000
0.95488275,0.00000000
0.84982394,0.00000000
0.96581487,0.00000000
0.96523172,0.00000000
0.95030972,0.00000000
0.96389370,0.00000000
0.95515035,0.00000000
0.96814071,0.00000000
0.96933006,0.00000000
0.96827415,0.00000000
0.94548715,0.00000000
0.92723262,0.00000000
0.91514723,0.00000000
0.97177307,0.00000000
0.95405550,0.00000000
0.96254878,0.00000000
0.93103128,0.00000000
0.94506560,0.00000000
0.95197676,0.00000000
0.92303873,0.00000000
0.92259200,0.00000000
0.92147048,0.00000000
0.92510943,0.00000000
0.86903724,0.00000000
0.96308012,0.00000000
0.97122853,0.00000000
0.96773044,0.00000000
0.96984137,0.00000000
0.94732235,0.00000000
0.96381115,0.00000000
0.95881557,0.00000000
0.96169512,0.00000000
0.97249681,0.00000000
0.97704984,0.00000000
0.95158487,0.00000000
0.95153550,0.00000000
0.98133690,0.00000000
0.96073414,0.00000000
0.92985943,0.00000000
0.94281880,0.00000000
0.97262073,0.00000000
0.95549584,0.00000000
0.94047097,0.00000000
0.95219442,0.00000000
0.95430669,0.00000000
0.97368335,0.00000000
0.99072334,0.00000000
0.95123536,0.00000000
0.94383750,0.00000000
0.93835620,0.00000000
0.92275319,0.00000000
0.96301034,0.00000000
0.96148308,0.00000000
0.97367307,0.00000000
0.97794039,0.00000000
0.97704411,0.00000000
0.98257584,0.00000000
0.96554963,0.00000000
0.96662766,0.00000000
0.96523941,0.00000000
0.93957427,0.00000000
0.96071888,0.00000000
0.98104643,0.00000000
0.97800422,0.00000000
0.93615280,0.00000000
0.94962474,0.00000000
0.96867826,0.00000000
0.97570732,0.00000000
0.96154185,0.00000000
0.95215838,0.00000000
0.96241624,0.00000000
0.96673162,0.00000000
0.96465537,0.00000000
0.97048430,0.00000000
0.96584416,0.00000000
0.97621263,0.00000000
0.97749976,0.00000000
0.95091469,0.00000000
0.98211720,0.00000000
0.98023890,0.00000000
0.97456677,0.00000000
0.95325307,0.00000000
0.96484014,0.00000000
0.96253384,0.00000000
0.97471255,0.00000000
0.94269292,0.00000000
0.94792522,0.00000000
0.93310204,0.00000000
0.94007649,0.00000000
0.94284834,0.00000000
0.96765776,0.00000000
0.96174488,0.00000000
0.95634085,0.00000000
0.94898804,0.00000000
0.95054776,0.00000000
0.98294742,0.00000000
0.95951486,0.00000000
0.97133004,0.00000000
0.89483168,0.00000000
0.95705948,0.00000000
0.95783504,0.00000000
0.97050714,0.00000000
0.96871826,0.00000000
0.98518755,0.00000000
0.97789803,0.00000000
0.96212452,0.00000000
0.91793668,0.00000000
0.96144920,0.00000000
0.95240838,0.00000000
0.95849393,0.00000000
0.93142785,0.00000000
0.93658082,0.00000000
0.91567880,0.00000000
0.94329514,0.00000000
0.93302207,0.00000000
0.95630964,0.00000000
0.94606826,0.00000000
0.95950566,0.00000000
0.96460401,0.00000000
0.96792324,0.00000000
0.94537749,0.00000000
0.95704767,0.00000000
0.95642552,0.00000000
0.93410355,0.00000000
0.88954972,0.00000000
0.94926356,0.00000000
0.96467155,0.00000000
0.90332560,0.00000000
0.92557468,0.00000000
0.91754585,0.00000000
0.94272858,0.00000000
0.95599422,0.00000000
0.97563214,0.00000000
0.95817827,0.00000000
0.97522342,0.00000000
0.94367027,0.00000000
0.97215738,0.00000000
0.95006210,0.00000000
0.93454884,0.00000000
0.94735653,0.00000000
0.92825647,0.00000000
0.93688674,0.00000000
0.95270762,0.00000000
0.95134253,0.00000000
0.94451418,0.00000000
0.94674877,0.00000000
0.95005582,0.00000000
0.94386682,0.00000000
0.93625948,0.00000000
0.93782131,0.00000000
0.94400957,0.00000000
0.97824453,0.00000000
0.92327474,0.00000000
0.93615910,0.00000000
0.94450665,0.00000000
0.92875480,0.00000000
0.94123604,0.00000000
0.98723682,0.00000000
0.98043858,0.00000000
0.93993931,0.00000000
0.96258875,0.00000000
0.97401246,0.00000000
0.97241919,0.00000000
0.97693032,0.00000000
0.98175114,0.00000000
0.94925895,0.00000000
0.93249930,0.00000000
0.96413703,0.00000000
0.97367703,0.00000000
0.95386900,0.00000000
0.98457203,0.00000000
0.97390092,0.00000000
0.97239336,0.00000000
0.96533858,0.00000000
0.96509892,0.00000000
0.97792725,0.00000000
0.97312189,0.00000000
0.95800556,0.00000000
0.97943253,0.00000000
0.95329662,0.00000000
0.97608573,0.00000000
0.96334430,0.00000000
0.96774033,0.00000000
0.95244756,0.00000000
0.98214516,0.00000000
0.97414729,0.00000000
0.95790588,0.00000000
0.95307526,0.00000000
0.96825230,0.00000000
0.97921010,0.00000000
0.90602485,0.00000000
0.58183873,0.00000000
0.59835122,0.00000000
0.81670383,0.00000000
0.67886882,0.00000000
0.00000000,0.00000000
0.00000000,0.00000000
0.00000000,0.00000000
0.00000000,0.00000000
0.00000000,0.00000000
0.00000000,0.00000000
0.83961249,0.00000000
0.86453040,0.00000000
0.85380357,0.00000000
0.85941838,0.00000000
0.86931538,0.00000000
0.90956207,0.00000000
0.87760178,0.00000000
0.94593149,0.00000000
0.93899936,0.00000000
0.96486097,0.00000000
0.94454970,0.00000000
0.96510536,0.00000000
0.97115711,0.00000000
0.94527156,0.00000000
0.96118594,0.00000000
0.96518973,0.00000000
0.97397075,0.00000000
0.97054386,0.00000000
0.97869170,0.00000000
0.96173198,0.00000000
0.97783484,0.00000000
0.96497028,0.00000000
0.96834838,0.00000000
0.97368672,0.00000000
0.98444004,0.00000000
0.97358524,0.00000000
0.96960135,0.00000000
0.97030473,0.00000000
0.97063836,0.00000000
0.94397558,0.00000000
0.97115279,0.00000000
0.96029737,0.00000000
0.98458440,0.00000000
0.97727139,0.00000000
0.97373918,0.00000000
0.97741383,0.00000000
0.94228810,0.00000000
0.92813022,0.00000000
0.96341503,0.00000000
0.94258898,0.00000000
0.96446218,0.00000000
0.97526999,0.00000000
0.96775876,0.00000000
0.97629496,0.00000000
0.97656191,0.00000000
0.97216167,0.00000000
0.96773725,0.00000000
0.94279564,0.00000000
0.96719273,0.00000000
0.97347524,0.00000000
0.96811826,0.00000000
0.96823034,0.00000000
0.96529629,0.00000000
0.98178698,0.00000000
0.96140245,0.00000000
0.95509197,0.00000000
0.94166376,0.00000000
0.90301902,0.00000000
0.96435874,0.00000000
0.94719313,0.00000000
0.96676111,0.00000000
0.96427467,0.00000000
0.96159731,0.00000000
0.96320373,0.00000000
0.95260777,0.00000000
0.95591942,0.00000000
0.95828579,0.00000000
0.96056186,0.00000000
0.95791990,0.00000000
0.96696046,0.00000000
0.95286586,0.00000000
0.96224443,0.00000000
0.94731145,0.00000000
0.96668811,0.00000000
0.94059108,0.00000000
0.95228450,0.00000000
0.95097011,0.00000000
0.94487426,0.00000000
0.97058750,0.00000000
0.96911923,0.00000000
0.95668227,0.00000000
0.95258950,0.00000000
0.96153075,0.00000000
0.96715094,0.00000000
0.96740408,0.00000000
0.95613190,0.00000000
0.94530939,0.00000000
0.94220996,0.00000000
0.94956162,0.00000000
0.91291195,0.00000000
0.92393865,0.00000000
0.93726365,0.00000000
0.94471951,0.00000000
0.93116654,0.00000000
0.95626069,0.00000000
0.96873853,0.00000000
0.95198746,0.00000000
0.95386313,0.00000000
0.97902393,0.00000000
0.95783831,0.00000000
0.95107420,0.00000000
0.95021962,0.00000000
0.96577775,0.00000000
0.96745357,0.00000000
0.93962572,0.00000000
0.95407873,0.00000000
0.96584724,0.00000000
0.95770070,0.00000000
0.96451851,0.00000000
0.96333348,0.00000000
0.94816400,0.00000000
0.94652066,0.00000000
0.94829571,0.00000000
0.93548457,0.00000000
0.96424427,0.00000000
0.96045336,0.00000000
0.93202753,0.00000000
0.94087729,0.00000000
0.95919311,0.00000000
0.97848858,0.00000000
0.96087466,0.00000000
0.95077632,0.00000000
0.96556964,0.00000000
0.94512498,0.00000000
0.96440399,0.00000000
0.96152035,0.00000000
0.95526093,0.00000000
0.95562628,0.00000000
0.95921805,0.00000000
0.95229105,0.00000000
0.95080032,0.00000000
0.95177103,0.00000000
0.95398056,0.00000000
0.93561239,0.00000000
0.95726947,0.00000000
0.94684193,0.00000000
0.97199548,0.00000000
0.95940050,0.00000000
0.93782993,0.00000000
0.96596448,0.00000000
0.94230450,0.00000000
0.97704236,0.00000000
0.97340895,0.00000000
0.95961119,0.00000000
0.95179911,0.00000000
0.95246960,0.00000000
0.96868411,0.00000000
0.95773423,0.00000000
0.96005741,0.00000000
0.95008997,0.00000000
0.95034184,0.00000000
0.97585937,0.00000000
0.97104339,0.00000000
0.95349677,0.00000000
0.95614648,0.00000000
0.95143086,0.00000000
0.97191207,0.00000000
0.95714289,0.00000000
0.94827519,0.00000000
0.96397943,0.00000000
0.96378276,0.00000000
0.96239392,0.00000000
0.96469078,0.00000000
0.95187581,0.00000000
0.94392109,0.00000000
0.96685976,0.00000000
0.96093511,0.00000000
0.96166261,0.00000000
0.95501425,0.00000000
0.96053738,0.00000000
0.96819371,0.00000000
0.95073955,0.00000000
0.94019988,0.00000000
0.96568881,0.00000000
0.95160356,0.00000000
0.95666836,0.00000000
0.97238896,0.00000000
0.97663734,0.00000000
0.97060614,0.00000000
0.95587834,0.00000000
0.96871369,0.00000000
0.97086425,0.00000000
0.96968632,0.00000000
0.96921338,0.00000000
0.96241461,0.00000000
0.94567717,0.00000000
0.96069642,0.00000000
0.96761305,0.00000000
0.94837552,0.00000000
0.97036777,0.00000000
0.96593580,0.00000000
0.94992538,0.00000000
0.94276228,0.00000000
0.94378927,0.00000000
0.95283805,0.00000000
0.95844552,0.00000000
0.94894999,0.00000000
0.96433342,0.00000000
0.96089848,0.00000000
0.93860057,0.00000000
0.95737433,0.00000000
0.96193253,0.00000000
0.96343663,0.00000000
0.95614154,0.00000000
0.95808595,0.00000000
0.95223796,0.00000000
0.96519678,0.00000000
0.95964755,0.00000000
0.95292368,0.00000000
0.96069996,0.00000000
0.93816274,0.00000000
0.94812702,0.00000000
0.96912300,0.00000000
0.95614872,0.00000000
0.95160262,0.00000000
0.95799085,0.00000000
0.95646834,0.00000000
0.96303702,0.00000000
0.94241728,0.00000000
0.94676533,0.00000000
0.94389149,0.00000000
0.94490671,0.00000000
0.96508655,0.00000000
0.95884733,0.00000000
0.95768494,0.00000000
0.97396634,0.00000000
0.95890913,0.00000000
0.96469157,0.00000000
0.94101907,0.00000000
0.96630384,0.00000000
0.94284373,0.00000000
0.94820035,0.00000000
0.95100844,0.00000000
0.97163160,0.00000000
0.93296853,0.00000000
0.95828855,0.00000000
0.94415014,0.00000000
0.95653090,0.00000000
0.94999219,0.00000000
0.96314665,0.00000000
0.97930408,0.00000000
0.95386957,0.00000000
0.95677511,0.00000000
0.94226513,0.00000000
0.95655923,0.00000000
0.96196562,0.00000000
0.95453340,0.00000000
0.96033361,0.00000000
0.95556126,0.00000000
0.93574093,0.00000000
0.96861010,0.00000000
0.95749732,0.00000000
0.96974413,0.00000000
0.96924107,0.00000000
0.96521718,0.00000000
0.93609507,0.00000000
0.94753544,0.00000000
0.97292822,0.00000000
0.98264222,0.00000000
0.98441973,0.00000000
0.97107268,0.00000000
0.98046833,0.00000000
0.97802221,0.00000000
0.96778985,0.00000000
0.97098108,0.00000000
0.95287673,0.00000000
0.95802296,0.00000000
0.95169526,0.00000000
0.95193379,0.00000000
0.96301132,0.00000000
0.95889928,0.00000000
0.95472286,0.00000000
0.96414158,0.00000000
0.95683955,0.00000000
0.96180318,0.00000000
0.95537910,0.00000000
0.98466355,0.00000000
0.97513085,0.00000000
0.97614193,0.00000000
0.96177664,0.00000000
0.98089128,0.00000000
0.97439713,0.00000000
0.94875039,0.00000000
0.98242391,0.00000000
0.96260168,0.00000000
0.97103603,0.00000000
0.95706120,0.00000000
0.95572431,0.00000000
0.96454529,0.00000000
0.97010105,0.00000000
0.96087846,0.00000000
0.96126221,0.00000000
0.97964720,0.00000000
0.97338887,0.00000000
0.94879233,0.00000000
0.96867848,0.00000000
0.97486277,0.00000000
0.96907939,0.00000000
0.96623093,0.00000000
0.96359208,0.00000000
0.97083233,0.00000000
0.95307207,0.00000000
0.96952660,0.00000000
0.95637096,0.00000000
0.95070644,0.00000000
0.97345873,0.00000000
0.97171429,0.00000000
0.93139212,0.00000000
0.95229415,0.00000000
0.97946754,0.00000000
0.96298230,0.00000000
0.97440581,0.00000000
0.96553957,0.00000000
0.97534420,0.00000000
0.96767423,0.00000000
0.96735868,0.00000000
0.96595907,0.00000000
0.96783669,0.00000000
0.96392149,0.00000000
0.96539812,0.00000000
0.96705372,0.00000000
0.96131122,0.00000000
0.96745868,0.00000000
0.98378865,0.00000000
0.95964338,0.00000000
0.98077564,0.00000000
0.96510300,0.00000000
0.97417014,0.00000000
0.95923146,0.00000000
0.95933890,0.00000000
0.95862034,0.00000000
0.96887497,0.00000000
0.95652527,0.00000000
0.97238942,0.00000000
0.96828363,0.00000000
0.98181588,0.00000000
0.97247699,0.00000000
0.96378982,0.00000000
0.96459474,0.00000000
0.96325425,0.00000000
0.94206740,0.00000000
0.98074565,0.00000000
0.96051975,0.00000000
0.98688065,0.00000000
0.98150165,0.00000000
0.97362444,0.00000000
0.97353937,0.00000000
0.96049220,0.00000000
0.97275462,0.00000000
0.95894984,0.00000000
0.96942261,0.00000000
0.94444903,0.00000000
0.96716225,0.00000000
0.95547895,0.00000000
0.95831672,0.00000000
0.96494906,0.00000000
0.96846751,0.00000000
0.96862870,0.00000000
0.97328575,0.00000000
0.99056275,0.00000000
0.97250298,0.00000000
0.94840346,0.00000000
0.97359008,0.00000000
0.96985754,0.00000000
0.97389394,0.00000000
0.98110080,0.00000000
0.96846956,0.00000000
0.97118941,0.00000000
0.97306707,0.00000000
0.97963023,0.00000000
0.95675800,0.00000000
0.96588437,0.00000000
0.95965429,0.00000000
0.96583976,0.00000000
0.96892356,0.00000000
0.97895362,0.00000000
0.97931409,0.00000000
0.97380830,0.00000000
0.96308054,0.00000000
0.97374553,0.00000000
0.98067394,0.00000000
0.99036278,0.00000000
0.97277400,0.00000000
0.97588994,0.00000000
0.98007414,0.00000000
0.94483858,0.00000000
0.96152525,0.00000000
0.98845807,0.00000000
0.98021497,0.00000000
0.97252590,0.00000000
0.96989373,0.00000000
0.95038012,0.00000000
0.95142509,0.00000000
0.97873577,0.00000000
0.96055404,0.00000000
0.97677751,0.00000000
0.97098906,0.00000000
0.96101185,0.00000000
0.96997051,0.00000000
0.95772669,0.00000000
0.97673088,0.00000000
0.94346493,0.00000000
0.94846654,0.00000000
0.93728649,0.00000000
0.95670891,0.00000000
0.95965865,0.00000000
0.95752768,0.00000000
0.96204233,0.00000000
0.94819034,0.00000000
0.97576549,0.00000000
0.94558807,0.00000000
0.96646393,0.00000000
0.96584521,0.00000000
0.97247914,0.00000000
0.95108386,0.00000000
0.96512866,0.00000000
0.96096908,0.00000000
0.98313691,0.00000000
0.97046629,0.00000000
0.94176174,0.00000000
0.94999854,0.00000000
0.97425426,0.00000000
0.97062430,0.00000000
0.94693686,0.00000000
0.97966122,0.00000000
0.96716980,0.00000000
0.95838571,0.00000000
0.96514940,0.00000000
0.96553309,0.00000000
0.95656080,0.00000000
0.95994587,0.00000000
0.96953296,0.00000000
0.97568654,0.00000000
0.95554925,0.00000000
0.93984296,0.00000000
0.95219315,0.00000000
0.96498140,0.00000000
0.96110268,0.00000000
0.96743073,0.00000000
0.96357447,0.00000000
0.97733318,0.00000000
0.96783169,0.00000000
0.96720308,0.00000000
0.96349869,0.00000000
0.97637966,0.00000000
0.96518261,0.00000000
0.96594750,0.00000000
0.97039324,0.00000000
0.96945653,0.00000000
0.96652848,0.00000000
0.97451159,0.00000000
0.95462585,0.00000000
0.96908518,0.00000000
0.97013048,0.00000000
0.95852015,0.00000000
0.97460855,0.00000000
0.98808844,0.00000000
0.97837287,0.00000000
0.97515454,0.00000000
0.97824420,0.00000000
0.97173219,0.00000000
0.97205932,0.00000000
0.96877524,0.00000000
0.95870940,0.00000000
0.95571317,0.00000000
0.98189567,0.00000000
0.96289603,0.00000000
0.95942776,0.00000000
0.95835847,0.00000000
0.97940151,0.00000000
0.94959084,0.00000000
0.93349380,0.00000000
0.95510745,0.00000000
0.95451468,0.00000000
0.95656456,0.00000000
0.95830195,0.00000000
0.96678611,0.00000000
0.97331051,0.00000000
0.95233662,0.00000000
0.95282092,0.00000000
0.94124960,0.00000000
0.96771637,0.00000000
0.94787728,0.00000000
0.92820509,0.00000000
0.96028675,0.00000000
0.95639265,0.00000000
0.96706569,0.00000000
0.96414149,0.00000000
0.93035962,0.00000000
0.94545911,0.00000000
0.98219988,0.00000000
0.97984412,0.00000000
0.97687131,0.00000000
0.97835771,0.00000000
0.98365576,0.00000000
0.95846714,0.00000000
0.96962152,0.00000000
0.96176384,0.00000000
0.95280701,0.00000000
0.97144952,0.00000000
0.95688110,0.00000000
0.96247188,0.00000000
0.95789582,0.00000000
0.96747363,0.00000000
0.98372366,0.00000000
0.96419968,0.00000000
0.97051183,0.00000000
0.96923943,0.00000000
0.96836879,0.00000000
0.96724798,0.00000000
0.95231072,0.00000000
0.96286504,0.00000000
0.96002990,0.00000000
0.96469021,0.00000000
0.97391437,0.00000000
0.97528756,0.00000000
0.98408945,0.00000000
0.96568181,0.00000000
